0.0
0.0
0.0
0.0
-3.8594301333095045
-39.317035299005354
-7.298612377648542
40.17454677151063
26.13439099175947
-24.432304563104317
18.277043237948757
40.17454677151063
-8.384252226425623
-18.006390638548
-35.955443366880516
41.07699717522283
34.717361875596076
20.56778876140381
-7.680530372210167
41.07699717522282
20.898615785723983
17.063637388248438
-27.83851622708298
38.7672909603251
27.735122076985753
-14.135230959317708
-23.105434371678616
38.7672909603251
27.802319600893206
-25.121327561209725
16.101861513331738
40.78382053979641
-25.39729885178566
-31.89751284325358
0.9197299983577807
40.78382053979641
-25.980183115930863
-17.01466754905179
23.514878484467406
38.954054175160294
29.352751018035846
-23.824046781373188
-9.39410130419406
38.954054175160294
-30.230023551196474
2.640166540382186
-24.43558631301554
38.96052722599733
-28.026350043863864
21.555054963585768
-16.365390018673185
38.96052722599733
-35.99414799451324
-8.234417545963623
-17.78520203079396
40.98411562359682
-23.43527213829665
-33.41063338795421
3.7703222498943703
40.984115623596814
-17.864472120085093
-34.174828767234885
5.156976676031109
38.905689736030276
35.73736844749163
8.336921322196392
12.922419787020825
38.90568973603026
-11.103323747143637
16.827474027281184
-34.89638940425242
40.30143513357716
30.69131125678239
18.333424783368667
18.604693571187703
40.30143513357716
-29.435931322269813
15.006703010240074
23.690222790595737
40.655895561591
-31.542418226743305
-10.057133951236946
23.59728274634781
40.655895561591
2.966689783926297
-22.3627361761797
33.55677322830544
40.434518014382036
-31.969037663195433
19.87792251183483
14.758017297661205
40.434518014382036
2.26197585602511
-3.0935374798655637
-41.36363855084176
41.540788426283584
-16.789982397083378
-3.8328832171169083
37.80267980483435
41.54078842628359
-38.97931731133669
12.894634028691188
7.745177389966328
41.7809350971684
-39.4812661660087
13.566379604738573
1.6821129399384525
41.7809350971684
-32.37981497651779
-21.551196615759746
-0.8671491802597675
38.90576359854007
-37.31832343466075
10.938230382390405
1.1646000658113227
38.90576359854007
2.709995865868546
-9.32058136580085
-39.32483195583274
40.50505799210788
-34.61895862778039
-20.51858538736487
-4.601638857349663
40.50505799210789
-20.529509461215657
-14.773459096688152
-30.259835411666117
39.438223737140895
29.679464000842017
25.601384882215804
-4.3671501320836965
39.438223737140895
21.04820976238807
13.270747188478932
32.13411977789053
40.641622987299925
1.8999138834400418
1.108003404398394
-40.582067156974375
40.64162298729992
38.260412977176905
-7.707849196914052
1.7958092861773185
39.07038611811785
22.11950715331135
31.270103869610146
7.707339274822211
39.07038611811785
25.24789819873017
18.12570599374046
-24.337025132057686
39.475161475329884
-19.985362782001317
20.557424387111617
-27.13422102333792
39.475161475329884
-29.05925342064322
20.64000800987913
-19.333002051658447
40.548922406674
-28.70112283971039
16.376189208271086
-23.50066133318867
40.548922406674
0.07523429008098148
13.907508863555508
37.33428602225231
39.84059959111588
13.38108913345225
36.82874501582733
-7.201622729732733
39.84059959111589
29.327679284730884
-21.6687567620736
-16.21622403587781
39.907564619050916
-3.2890603031499204
2.3590054749173124
-39.70177438497275
39.90756461905092
6.102969383741517
38.61091538579062
-3.061514731894169
39.20997187809721
-15.748390018001494
27.728482263082782
22.81537590985494
39.20997187809722
-25.009704749160555
-22.772291267742066
-20.80040712919279
39.707927646293
7.527740658758784
24.57697778310687
-30.265901631809697
39.707927646292994
-4.866872610602238
38.09352594474471
7.705950370085566
39.16867165244426
34.170320938231576
-17.587294037063376
7.5671060815293565
39.16867165244427
-16.21442896570293
1.0404855743615578
-36.02587111240519
39.52029486633306
0.5697005227812069
-7.478664374485724
38.80204539467027
39.52029486633307
2.5708198748086204
-6.328524209225007
39.756219914253364
40.338769879186124
36.208746784780665
-2.169889866744372
17.647509444898166
40.33876987918613
3.44291945309494
12.988050302416067
-38.617151207269345
40.887987384850504
20.613967198778706
19.333680763163215
29.548276715562658
40.887987384850504
2.4109710621583194
40.84259563762249
2.134489381224043
40.96933542052473
27.2463225384596
-29.824863796926024
6.826554945541849
40.96933542052473
32.59744686601628
22.90439925703949
5.645362987755984
40.23773317139213
2.6998651924242467
5.076287919320702
39.82483144565768
40.23773317139212
39.32887311615184
-14.28732975083501
-8.42012297772038
42.68239125160868
2.895028594599381
-41.545273158078224
9.348561954253611
42.68239125160868
-6.867148573495674
25.235087159478415
32.771802367423135
41.92801430888871
-23.778857006805996
23.791095642531104
-25.030144056001493
41.928014308888706
8.557107972149357
39.56656174809081
-2.0913263288912614
40.535300063357354
-29.99565772119743
-23.474360835975542
13.868145241581683
40.53530006335735
36.5347188633772
-8.532809183627542
17.142154338995734
41.24861173872593
-9.062347576907111
30.066354702260014
26.745768668807635
41.248611738725934
2.540584976964052
-40.205123114361484
11.915108631063944
42.010430970845725
-34.68921332918603
17.969081823300517
15.448200134188696
42.01043097084573
-13.83447496722604
25.85168853744871
26.834850436801815
39.74684510526066
-19.034000958884594
-23.060681275143306
26.18632243070833
39.746845105260654
35.55597443595493
-8.004255640381283
-5.325851687155314
36.83286742354485
20.039138536220864
27.691391174736154
-13.721512459431116
36.83286742354484
26.721368901689043
5.803022367319357
-25.042275003048495
37.078594389540584
11.22873211224299
32.321067154416916
-14.285879568833906
37.07859438954059
-18.906492744760598
-21.005137634012048
-24.802036663867586
37.60069544047432
-32.83840353957041
14.740512956234104
10.87054866907511
37.60069544047432
-13.491900981832712
-25.39613509629187
21.68760003212261
36.01870437822564
-14.181650717581304
27.95573383701265
-17.739920902998477
36.01870437822564
31.328792182377082
10.170438269109638
18.355899344565096
37.70769251678159
-14.312049266642347
-21.72279834571012
-27.2975338219584
37.7076925167816
14.347785435982306
-25.449535332610864
-22.58019638417676
36.924288270876445
-24.372381717585412
-27.70793968918417
1.2884688213629882
36.924288270876445
-12.570776632343447
34.40150633845023
-1.6483690775944098
36.663403880581974
28.81493927682422
-21.01067229088718
8.512115393282208
36.663403880581974
-17.15187781773128
-10.116323606271049
30.385218628747378
36.32889245625245
-24.35076957746876
25.161789024182216
9.680538269410473
36.32889245625244
-1.091560076084316
18.480495608012003
31.475193055085285
36.51585955680547
23.881985864712952
22.53318302036907
-15.978561052251944
36.51585955680546
-20.480933002601546
-21.561443569327942
-21.357080997846694
36.61269416744622
-21.837407419851335
-23.16710715675581
18.08043576260723
36.61269416744622
-15.577082583825376
-20.784370298819482
24.565587086260322
35.75057509235908
2.119245796816375
-16.74734421635368
31.514106022320327
35.75057509235908
12.737073132130627
-19.928225177492127
27.62554228682699
36.36671249012401
21.80682585160999
-14.890772669491124
-25.005299696712928
36.366712490124
25.975369761436582
8.142313539005997
-22.70628164999303
35.44844609259543
-5.096558175289987
32.682043540731065
-12.747605859426617
35.448446092595425
-22.354771578022714
0.3866759316586066
-28.332245406770536
36.09157048912067
19.035731730803676
-23.35880943826166
19.864752690910063
36.09157048912068
-0.6282873688007395
0.9956800239208157
37.248224352317834
37.26682628194187
12.940241669855427
18.59339348310907
29.59142114594105
37.26682628194187
-30.928371683482915
17.38997027694459
8.640038436532087
36.51883767878485
26.40663534662329
-24.997609723562665
3.3815119677959284
36.518837678784855
9.011744252535532
31.353334757806564
-15.267741489094663
36.01870437822564
-25.30899946767703
-22.951730381429577
-11.402617398180881
36.01870437822564
11.47152067762145
-16.247182946264
-32.901012429910736
38.44532948564245
-17.429821908074597
20.43628399850894
27.506416775812504
38.44532948564245
24.39818850671756
17.384464015130398
-24.003783452584138
38.38844632882712
34.7754843817503
-16.208183969067015
-1.2779945151527166
38.38844632882712
7.239548605921547
32.11713696706648
20.08099683627497
38.56381704288742
13.189540557886962
16.605113095786386
32.2098466911175
38.56381704288742
-4.2954487408340345
30.982254777422526
21.648941286653784
38.0398166374555
28.89977229175251
-22.374619383783727
-10.54548333301511
38.0398166374555
31.868923427697542
-16.75310572945676
-13.345333116132911
38.39782217787045
12.859616616905724
-12.140573068440425
34.08268613298284
38.397822177870445
28.379121643194974
-23.240188701886176
-11.046962235657077
38.308175247257196
9.74287656485647
-3.468541874049807
36.88579488481307
38.308175247257196
26.19168460057856
14.09807124077956
21.63427797304972
36.780455928950424
-25.714337801474482
-9.940468199355125
-24.34670124987644
36.78045592895043
-35.05352750764201
15.457443906646134
-7.26748067840822
38.99357175570306
-31.837693747796052
21.324597519314242
-7.219517693583734
38.993571755703066
-33.25039022012204
19.743179599290663
-6.2292253560740765
39.16867165244426
-2.370982789375187
20.193707518934303
-33.47801452101384
39.16867165244426
-14.951614899153281
-0.1364392045607623
-35.35680143610444
38.38844632882712
28.61468886701457
18.630561713472403
-17.54350486150612
38.388446328827115
25.46918123198978
21.018549521926793
-18.889805057865658
38.043177466633836
-12.36296095246491
33.52852175702418
-13.049091042458873
38.043177466633836
0.5134604384278267
37.566988255390946
-6.995309565413518
38.216182490124226
35.11741726682631
-2.1322131704397655
14.923045118939047
38.21618249012423
33.92507113234671
1.566708559731131
14.852753204080017
37.06709193863511
-3.1652957013661336
36.23975096702645
7.115522310979438
37.06709193863511
-4.844217238204713
-16.428857229676378
34.71170563012386
38.70757417194188
-18.245579121995757
4.329345218655963
-33.86195373508556
38.70757417194187
15.655469519530282
-21.584083053814947
-27.77437191486018
38.50171557756741
14.820768074937249
-4.011340264143145
-35.30773407300562
38.50171557756741
19.610768802164728
-12.181127519280853
30.343320382089857
38.12714534899103
-14.789194045206802
-29.351431601481174
-19.324916944190996
38.12714534899103
-32.80757239033752
-18.19450202022189
-10.334414600501313
38.912425201292066
27.651789626075782
20.131201700109806
-18.55505547366791
38.91242520129206
22.598240703031
-5.725467753178423
-31.527036622180326
39.209890359973116
1.564647999811589
-0.07972115394280799
39.17857862678804
39.209890359973116
22.551257029394506
26.8976325164153
19.261581820364853
40.038111379241485
14.342050549997523
-28.465975264717372
-24.228995048626363
40.03811137924148
-36.21319415226348
12.725703055951433
5.330538496165026
38.75246559429321
28.652265773140478
-20.522156919203724
16.113420837481407
38.752465594293206
16.86048378704206
-18.75390253703532
29.88032754018257
39.10011186442209
-3.9727595888767553
-23.115757158540035
-31.284144547145818
39.10011186442208
-34.8486434488635
-13.152465680415824
-12.478284695141939
39.282602925895155
-12.500240577795246
37.130659948102185
2.860239491578879
39.28260292589514
-20.088291275448864
33.98892864478671
8.669155992701976
40.42203585191471
8.421984061412441
-27.593228528734315
-28.31298123200444
40.42203585191471
29.074724955802363
10.909772519613597
21.087829451045774
37.53743889294615
27.414917621586103
16.22906409462893
-19.851929101619813
37.53743889294614
27.414917621586103
16.22906409462893
-19.851929101619813
37.53743889294614
-8.074191034131832
36.65471492234748
-0.5464720921037536
37.53743889294615
