37.84337059017189
18.956395772885553
6.387691059936437
42.805002457663186
-23.107514682693008
-28.315176746437
22.283665910431168
42.80500245766319
1.0254068267442262
41.738915115321106
4.058490631099367
41.94829961234467
-18.86785109156586
-37.46544086345986
-0.06911193908988977
41.94829961234467
-11.518764920323152
-41.59952629937661
0.28804217035899526
43.165790875577606
9.46017534232894
-32.069131800077216
27.30130711148766
43.165790875577606
-26.210595892960953
-28.434786314898872
-16.985287804940217
42.237807846226026
36.8849831311863
10.522392327503018
-17.686426738403657
42.23780784622602
28.91043604487112
2.1103389409103954
-32.319102597075506
43.41418242268762
-15.580482193418808
-39.52694397797791
8.925273654782522
43.41418242268763
10.938017496694005
-3.0837435995080424
41.923363526672944
43.436368526098754
-15.654767103111872
39.99416265769498
6.489478483840211
43.43636852609875
-38.404820213721706
12.17609141408368
-12.564574099533544
42.202558454139705
-22.899604192987912
-15.920490530147486
31.673364980043615
42.202558454139705
27.695603760464124
-25.330143376948318
-21.421306756499742
43.214985992239484
-41.71986308852433
-8.779789047331883
-7.0642297859420875
43.214985992239484
-25.186430131016767
5.132147751560934
34.29081813541518
42.855051180515
-16.44818412692093
-20.735412519198256
-33.70541971656995
42.855051180515
-24.787053207628524
9.43825670853014
32.472567877922174
41.92787093330861
32.29728071549158
-12.22178885155295
23.77940067901157
41.927870933308604
42.05089534443715
-13.861630441839427
-4.88352330411176
44.54516132686847
24.76463334216043
10.987063279204902
35.35913988721785
44.54516132686846
17.728611810947413
-7.875273632492073
38.79704711474399
43.37665819716353
42.31322104720999
6.530073479505726
6.963041096802092
43.37665819716352
10.58562536291069
23.353719689414916
-34.67591067493605
43.12621556306335
18.435486401431337
35.6527979499794
-15.775972498467146
43.12621556306335
21.662526815804593
-23.34690869620753
29.88196208405929
43.67235821097437
-38.689861565311226
1.3256207990238522
-20.214158732480303
43.67235821097438
14.964684549770833
-39.58341128152989
8.340526472734162
43.131805134949744
-21.73615163346819
17.812102283939062
32.72035052673867
43.13180513494974
-9.861160274471107
18.927261425828114
38.48337641441141
44.00515841686886
10.207067609248172
34.8383388181486
-24.87086420906683
44.00515841686886
34.116553936490995
18.020774633151127
-15.027894889017116
41.40682547208454
-13.004025775204827
-33.85260102398402
19.98554260520423
41.406825472084535
-5.940431747187049
42.13472714687389
8.18777822725336
43.33201672416348
1.8261245094331442
15.958739483720638
40.24484534384456
43.33201672416348
-32.9928941157462
22.01749584853557
14.934460559046588
42.38324312464585
-42.30044802338788
-1.148094848832578
-2.386058046566271
42.383243124645844
-12.33604283919276
-37.626661529518145
16.516800159699184
42.90394268948669
35.396571972034884
-7.174424951856874
-23.15941746982178
42.90394268948669
-25.023321819082234
-33.90642971834152
-8.0582682504722
42.90394268948669
-25.439111577910634
1.3108299092733269
-31.791677901349725
40.73791178629068
27.199762553633256
29.628834490818498
-6.471672152485368
40.737911786290674
27.199762553633256
29.628834490818498
-6.471672152485368
40.737911786290674
-36.07857262311425
13.883891981571427
12.851132153640311
40.73791178629067
-35.78137315058377
19.903587381338856
-4.888758297517058
41.2354145472002
-27.215256232132425
30.93662346392992
-1.6169631256922834
41.23541454720021
-22.72578567786263
34.17052392036676
13.607634298201305
43.23486730478177
31.363843738521012
-29.20732196936382
5.700473680812964
43.23486730478177
9.386918453309633
-20.96261705833487
-37.47920570614569
43.95721115297308
-38.12577514886665
-3.480658556693953
21.599692073194873
43.957211152973095
-27.996160456588072
-28.055283333525573
-14.611908862879352
42.24206202178719
16.735867545949233
-38.274704514060204
-6.2729208267232295
42.24206202178719
-18.860919963599166
14.134025824557703
34.88197889801235
42.09818808124569
-35.99220529082565
-14.118418200818367
-16.65799704447685
42.098188081245695
25.25083860004827
-8.877638823089836
33.167635227065915
42.620527303573134
25.865211210128372
-33.86674520661049
0.7374047739185237
42.62052730357313
-39.18730867918877
1.6770679598188085
9.475093860854788
40.3513955413178
19.51109871141876
-25.61360161888084
-24.32068176088862
40.3513955413178
-12.630935568729306
-40.69343665718768
1.158463216024419
42.62438688517196
-37.767320633671176
-0.8361391977069488
19.742561149262098
42.624386885171965
32.748106517714575
12.535344640019058
23.477701816740925
42.19923966537116
-9.186706659259869
26.73093000635138
31.3342884088292
42.19923966537115
7.615201834524756
40.35119981199071
3.761487422776001
41.23541454720021
41.029949287385165
-0.027582855645240656
4.1111936879848106
41.2354145472002
-32.88703006294127
20.00963055422386
15.573385315105627
41.52676716829856
-2.1979691827687233
-10.754084953113722
40.04985617630719
41.526767168298555
26.070801955153954
7.263539029984743
-28.982274198970362
39.65372531767065
-25.81173888653103
-14.127625841644107
-26.58161498670323
39.653725317670656
14.370600539461957
-14.116577940865117
-35.441071597378844
40.765935394589405
19.90405235308414
7.049551916869434
34.87110560754973
40.76593539458942
-33.91638972095479
20.453335440202935
-5.307805138697006
39.960395615202906
20.93866756575469
-23.559334605291006
24.563451940846548
39.96039561520291
-28.799376058127876
-26.88857158321512
-6.450573630940452
39.92504531357901
-31.07723736369789
-24.946874370268787
2.4223996957031737
39.925045313579005
-6.162824743153135
38.9491368111509
1.0512004199554035
39.44769561674655
10.400858304101066
-3.7796922761901914
-37.86366018106022
39.44769561674655
20.352999364334856
-13.04338289800979
-29.637249930235786
38.24579720669933
28.80836432226687
-20.470050385061604
14.621770969501302
38.24579720669933
-0.886891716873393
-15.197019086936317
-34.88442211436164
38.0612515860833
-7.489069740192951
1.417470610124564
37.29025990516946
38.06125158608331
36.69916251675724
5.632039061360057
4.393065363365756
37.38779769800368
-7.060444418052341
-20.026419740033845
30.772391095305306
37.38779769800367
-25.22951589619751
-25.300250231738406
12.90300768204472
37.98840272225153
-33.648934315316055
0.7500490156470025
17.615487143580214
37.98840272225153
-29.43640521327214
-8.642694197544918
23.875597589254916
38.87469967879195
26.015609595466415
-26.746549725504497
10.911114071150479
38.87469967879195
30.31194925653542
7.704711141188736
-22.195372535428998
38.35115908921674
30.36168570508316
-13.915517964552738
-18.85040594815854
38.35115908921674
15.875054204052176
-23.638818843843488
25.046156979497255
37.922566919385396
35.24176447976504
11.855196265578817
7.456100831710968
37.922566919385396
16.20564047983517
19.396355034749273
30.18079131369367
39.366502718890885
21.408663428888197
-16.443889786046224
28.65290832026294
39.366502718890885
1.5450844017884227
-14.07803374136892
36.117776096982205
38.795258344590394
-14.051834687504856
-2.8733468076488133
36.04666267578069
38.7952583445904
24.119440260515333
-19.61957192404963
21.39742467533685
37.74287725783819
25.65821149974864
14.892213774914485
-23.33244383292614
37.74287725783819
-14.600076272954428
18.490971951525225
28.982259329741797
37.35036314073245
-13.041560642389893
-26.893383782257306
-22.39895603584398
37.35036314073244
36.46800818837664
3.441142975457767
7.489347802165457
37.38779769800367
-14.014680328206492
19.329259566230363
28.771789597213495
37.387797698003666
18.424530692486083
23.84245179575457
24.562500610585733
38.87469967879195
5.927970132894812
-30.285566957503192
23.640767315854294
38.87469967879195
-5.532337258219345
-4.558778669934185
-36.58431812003609
37.28004225866877
-4.17985834690011
36.352126212663805
-7.131146810053782
37.28004225866877
6.260217396727285
15.401700356432698
33.92671410490204
37.7812734787935
9.844542033020272
11.546816544162311
-34.6002983445944
37.7812734787935
23.38725546315426
26.46618140915698
-18.462381424865917
39.85325588152716
-30.01023308468342
24.272654116701048
-9.92502779303152
39.85325588152717
-8.892573146560203
10.647230015076534
37.16589865948337
39.670459882989235
14.626334413543546
-25.6731474509178
-26.47083732930415
39.67045988298922
17.59050465630998
-24.485113929304894
-24.47738506512611
38.83412208124657
13.12434406928293
-35.64190592113576
-8.092908802226082
38.83412208124657
-32.89393337107695
-7.537323909804457
19.48361431319895
38.96708009394148
29.159876135954935
-23.784969535104747
10.119791450299534
38.96708009394148
4.699844092107768
-4.393349402980355
37.19915795773622
37.7513894609377
33.25040552107287
-15.63157758812708
8.6736221396812
37.751389460937695
-36.29765030446133
-18.54996535682664
-5.071286677325068
41.07722703552474
20.491013811509408
13.2744561101814
-33.03400897383547
41.07722703552473
24.372051454836516
11.220945490813637
-29.51991045704714
39.891498132021695
8.444876559615569
10.203494589415353
-37.62850490351322
39.8914981320217
-34.92532864877392
19.714945211257984
-3.8304216156324142
40.288084785222495
6.293191393995507
36.41749396763485
-16.040313302959426
40.2880847852225
15.82810860965459
-29.92352048886427
-18.838816166413316
38.7407678700154
-6.271442235788114
-30.617646549804732
-22.89270248775405
38.7407678700154
7.098948824870215
-33.51285457032659
-20.44077120235695
39.8914981320217
-18.39636995566931
29.577821528949826
-19.44370513232575
39.8914981320217
-25.892154786818537
-5.2314788780124895
-26.78871846391211
37.62190170225857
-12.4452345728564
27.343759189482803
-22.646025203301384
37.621901702258576
1.3504317448006908
-20.035146066585035
-32.29509739185442
38.02898972305372
-23.28210784058144
20.83412144841083
-21.68148743348872
38.02898972305371
-17.482191412229376
-11.49869285946392
34.77450965082588
40.58464580978249
-4.906331691908385
-10.177138863934909
38.980344141357406
40.584645809782494
-26.082494823704018
27.79250821802474
-13.344974610557635
40.38326877103867
7.875285718947799
-23.861954494502974
-31.613215578000812
40.38326877103867
4.7794124244089
35.89752146161308
-16.062657499049692
39.61671107173516
26.94477898301196
19.210973883020955
21.780752148717607
39.61671107173516
37.9507770634733
12.50019175605495
0.229301445020484
39.95708764177244
6.977559461927443
-39.33677263628864
0.7076972011284717
39.95708764177246
27.68595235523459
28.14365967472761
-4.75860311893065
39.7645802360179
-7.182236764932126
12.984824751792198
-36.892162346010664
39.7645802360179
19.412924232379698
-34.65192805840372
-4.912164239647037
40.02183282827223
-8.1723158487051
2.3384509621387117
-39.10872030252134
40.02183282827223
-29.25711212738475
-2.6329291613522408
-26.972485121409115
39.8801439268679
-6.710293532810114
-22.89871521317259
-31.95382108476612
39.8801439268679
