6.090434490600678
10.881715507400276
-39.16495826847234
41.10230018915576
-6.515793226584727
-25.761320458413024
-31.357581024479828
41.10230018915577
31.24812532313943
-4.362103637291764
29.67916320902166
43.316578963958435
-11.930579588208252
0.5393876392857653
-41.637679387843654
43.31657896395843
1.7894893158333431
-41.32473696400688
-15.512407788509107
44.17658828557086
13.326147539441315
-38.75995308497147
-16.481831850880205
44.17658828557086
-23.374109042391602
14.080932442716344
-29.859883557627093
40.450392804730626
-23.89000942743506
-16.82033615853792
-27.974595960046482
40.450392804730626
35.54040381936541
-18.874608768281227
16.486748896368837
43.48774596333042
-3.844028990368503
42.83660392953318
6.436835703718852
43.48774596333042
-36.4869197549415
21.230847246060726
-9.534986997005749
43.27770979409809
10.9375481582135
19.60882176775181
36.997625791251494
43.277709794098094
40.72090078318006
16.607076052965354
-2.106470061256844
44.02753628970785
22.673067568981196
35.55905644933647
-12.645531352491945
44.02753628970784
15.713704071895927
-1.0831740557662428
-42.028620524784145
44.883167278062174
-41.658481888165426
-1.6473807866964307
-16.623950439878225
44.883167278062174
15.96635819682694
33.45156781810882
-23.350626685110296
43.808489475743194
19.847632454430027
-12.832202314021323
36.886173830748334
43.80848947574319
13.176604625766988
37.64976021520651
-18.526394836069148
43.98129897295282
5.142509778203223
-42.91239836433449
-8.150786412979237
43.981298972952814
-34.47488610396104
15.261994504254236
21.938210610880535
43.62030872124043
-30.1543065588306
5.532764028585536
31.029625377957437
43.62030872124044
-35.610979509824745
6.650509255634965
-27.78650748234658
45.65589921439448
25.537067776239592
-17.825811182440226
-33.385022961721646
45.65589921439449
-33.352629192789294
25.25920340133898
18.276649105704024
45.65589921439449
36.11302775367904
26.29606175331498
7.9259147067693805
45.370185818565155
-41.98931809312915
11.773089178160891
-12.519796263846269
45.37018581856516
35.5017978020825
4.894682940316075
-22.864249725814595
42.51011037142322
41.97673429444785
4.8647638906033475
-4.625725246119929
42.51011037142322
-24.663547886091393
-32.01516054879454
-21.873370006459204
45.95329601599958
39.65618644491859
4.231707946931959
22.829475229006253
45.95329601599957
38.511865221593865
-8.819477460224153
17.098468108633398
43.050023892903546
-7.998438503018422
-12.093021274297293
-40.53502652216219
43.05002389290355
-39.7344719964425
-13.074920950846105
10.422464450417422
43.10927496406269
23.30208391941336
-29.636119067421305
20.90748477367394
43.1092749640627
-10.534212873064844
-28.036341211573838
-30.0750558296514
42.44425818109544
-2.1594430673848173
-22.483193633381582
-35.93546802569964
42.44425818109545
-32.441654754586445
26.637253260533633
1.555583191354545
42.00504807218789
-4.876538765938429
-24.844919115301632
-33.51676337842357
42.0050480721879
-23.864423142758845
-12.727016391467663
31.90556852798645
41.826462213046064
-23.624507884535017
-6.806730300688109
-33.83790760503087
41.82646221304605
-17.30624784186048
-6.945779009337306
-37.164409655392305
41.580565237190655
36.3138983738927
3.3891254978544065
-19.96892632803914
41.58056523719066
8.455800570506295
-10.698071119567292
-39.31710473369419
41.61470910156374
40.13375679599824
8.860505523681944
-6.52357424363658
41.61470910156373
38.753370408675494
4.57967258194668
12.91133923017547
41.10352539267779
-16.479651452458477
-24.339699909088033
-28.731513988085126
41.10352539267779
27.865457953549985
-31.478803961032988
7.845637655878962
42.76625861594108
-26.651985215934435
-31.697235196049615
10.672855334046305
42.76625861594108
-6.332260522026401
-39.553851999034805
-4.172904429294136
40.274282894377976
22.97289301591943
32.83605495861477
4.007186530514643
40.27428289437798
25.015610560220377
33.628573772972516
1.556375858345337
41.941435973477404
22.43926680176347
-35.1394831942476
-4.558517056869473
41.9414359734774
17.242162841012544
32.14213388719315
-17.117708704093232
40.29174731302221
-11.720530194783585
-38.455375964733044
-2.690377836035557
40.29174731302221
-11.911901243186328
37.624715667687276
-12.887638323276748
41.51630814334685
39.052415009790735
12.276497069005096
6.913779246628304
41.51630814334685
-5.454362642918825
23.304244007274633
33.153697602016166
40.890164162998865
39.97557632219771
0.024615876969928063
8.599896339127742
40.89016416299886
-6.403955663251407
39.711009428028994
10.094516183690796
41.47136572278146
-0.3017195288667702
21.56019318471057
-35.42514940090659
41.47136572278145
38.688861188096645
10.550216403728964
-7.991900842707754
40.89016416299885
2.0610706805962558
40.329959501709574
-6.422762607869675
40.890164162998865
21.814945138597217
-34.21250081063408
-13.541152029431442
42.7755752901328
36.35326251545808
17.377412348677172
14.36021190470573
42.77557529013279
-0.5666520824187664
23.14428487616022
-31.29198037597122
38.92514679306343
15.491517558411276
31.73732437171858
16.36832851342156
38.925146793063426
12.472554442770798
33.62145409780803
18.56386726404463
40.38048981594901
-9.919468316062567
-39.09598881911573
-1.921396460434524
40.38048981594901
1.3701488575957903
2.937368376816044
-40.310723157868374
40.440819012272684
-40.31828216310382
-0.8716091334134095
3.0226252361632255
40.440819012272684
-17.1539540645352
12.729220923802673
34.67203898609965
40.72396705662126
-39.18333070440457
-10.041123012541657
4.720586445034708
40.72396705662125
-10.070961951149892
32.37613043878313
-22.685437470945715
40.79543074976407
12.517283419960352
-32.397864444934285
21.400073954331198
40.79543074976407
15.817982501073626
-29.49421801921408
26.587698914281116
42.74369193840969
7.642566535272675
27.25399777698418
32.02864315658316
42.74369193840969
5.420182424869436
19.48394838902716
36.06208251117367
41.345814992425
35.70070170062444
-17.987207516112825
10.55446262218786
41.345814992425
-25.19507830352902
-3.9005617214496544
32.51930097356927
41.322043612016344
-3.4070601055805163
38.59760030104434
-14.357175234396383
41.32204361201635
-1.283155637515442
15.130076680641793
-40.567971410814444
43.316578963958435
-3.3603150664460046
-38.798217053157344
-18.966619342707162
43.31657896395844
-38.473222577888706
-18.60291230949536
-4.813675109669093
43.004984245828844
10.171909432380119
37.966342291687184
-17.4504378590879
43.004984245828844
-33.73281963615928
-15.633672448743477
-15.893714347852429
40.43420570026551
14.212499451429604
-22.36462885052062
-30.541008927881826
40.43420570026551
3.728629473664352
-2.926269025672953
-41.312346312156336
41.58335828162546
-21.185042068767018
15.648410545175937
32.17913805452575
41.583358281625465
-14.739188225116047
-3.754187379743499
-36.783169748750886
39.803758229381394
-29.428826353461254
1.4475157826527543
-26.761689907400143
39.803758229381394
-35.68421431397458
16.111420675394477
-10.545921711566823
40.54821194740519
-32.38740467890026
-18.593679320456683
-15.795208122239613
40.54821194740519
-36.468560256601705
-15.17422784391951
0.17006610285217238
39.49989873819819
-37.824640755072686
10.327867416130095
-4.782646413069216
39.49989873819819
13.132644334335785
-14.610973025068661
35.29596565120515
40.394951060776144
31.749223889190464
-16.931289593989703
-18.359474020815885
40.394951060776144
35.637043726477906
-18.19996553725615
7.6654816113367295
40.74306369744366
25.361950110773954
11.253071598739142
29.835165587377162
40.74306369744365
28.578872167321972
10.041529700459233
24.57603054580429
39.00724971681086
-29.32637282292334
18.831678060216607
17.518484208312692
39.00724971681087
-4.800044724593769
17.97408300431631
34.606124566823134
39.289845338695756
-30.566538681454013
-19.04399362254061
15.706844580578242
39.28984533869575
3.533942015172538
-17.40239747738485
-33.50088463188511
37.91624263091437
14.494789352784641
32.6743563838442
12.646302691550183
37.916242630914375
2.044990850501174
-18.22677410222831
34.74614604508446
39.289845338695756
33.30889327193202
6.715242843138508
19.726000337000674
39.28984533869575
-14.0453201910328
-33.35267477779598
-14.967131080038929
39.16231539208489
-34.08174093331091
7.4346322114386645
-17.800228248661522
39.1623153920849
5.10323777611803
-29.514387676110108
26.016379644824326
39.67359481467425
3.5395476270481208
-30.806989684054052
-24.746618248184795
39.673594814674246
-19.82201350041757
-28.792024067739817
15.486325555297924
38.23243581479891
32.21993155585554
-19.004361493614166
7.901227948157054
38.23243581479891
28.99774976570133
-19.800604986698623
-18.12678678045995
39.515994841301456
-19.125530121625868
24.606179143976753
-24.295347163583997
39.51599484130146
-28.335601959889825
12.426291636773644
-19.715530980950284
36.68816190724568
-1.0021815228294013
25.35890824287211
-26.4941999135125
36.688161907245686
25.280545024848607
-4.031732253259008
-26.63696006180687
36.94439691008179
25.510936042146582
23.324419729913743
-13.040400667386647
36.94439691008179
30.316446128111096
17.20136965421308
-14.557253869769601
37.774166622818655
-9.158792324672486
24.787930694886224
-26.991900249287834
37.774166622818655
-9.045639025402707
8.49126367176481
35.47165491575581
37.57876323914592
-15.946414412343325
-0.9641046756934575
34.01390621713273
37.57876323914593
-15.87404238913304
28.644642508904866
-17.1340773173299
36.96048392203748
15.765452136768337
-26.122136614266147
-20.86053377505173
36.96048392203748
-26.235779351171914
-27.563580386649146
-6.684302436707009
38.636083923710686
-23.875211392265072
26.908274787478295
-14.094893043093002
38.636083923710686
-19.995572193150668
14.645401899825973
30.377784082163203
39.20612796338673
31.92498738584645
18.384705737222724
-13.413360699344857
39.20612796338672
-20.10429084295927
15.498439116989058
32.23034381336781
41.026566852336174
6.069941865935511
-33.43996399965568
22.98050915743828
41.026566852336174
11.654664345127738
37.989869866859266
7.176443465163027
40.38022726913724
19.80313003281828
33.71578195259598
-10.081906691468095
40.38022726913725
-15.708695160050269
11.518097131763387
-35.72115497584087
40.686982905791425
-19.53445180469507
-4.699162272545141
35.38013064705241
40.68698290579142
-36.26460224604725
7.781226545623352
-17.55959781318022
41.036670649298195
-25.023475598352555
22.524678719432366
23.462157947298387
41.036670649298195
1.385372640096345
-28.87610587194801
28.03517259687829
40.27058045542221
25.561083572437802
-26.14015940417147
-16.883208319036687
40.27058045542221
-27.263368001617426
-28.457704726498882
3.525366105782462
39.56716314410238
29.9766620049846
25.82322377272746
-0.3482072580655551
39.56716314410238
-26.685020488158482
3.849267712152213
-27.678764070140545
38.63963199648463
-3.4908476078639534
-38.42544447117969
-2.0785478091002965
38.63963199648463
-24.712101588038923
-21.94843047756074
-23.123870642967738
40.33776095470073
26.68234134515324
11.696363009839452
-27.899510954878103
40.33776095470072
