22.040762548467033
30.394756510697675
22.64696785452972
43.84656873766302
-9.770492361902857
-16.441793808814015
-39.45537334028219
43.84656873766302
-39.81003238235815
14.648435156885586
4.759645131930153
42.68570665470812
-19.173754052287197
7.890616885905274
-37.311859687156556
42.6857066547081
-15.584435272097735
2.705805812511903
-40.17304015312681
43.174867260826254
34.70854733938516
-23.070841299690855
-11.274847506911309
43.17486726082625
23.42322922266211
-17.270609220534933
30.22124622184055
41.95527777606662
-22.412973193612615
13.89861534521754
-32.63023838979721
41.95527777606662
-17.188779616053104
36.72370533093222
12.198867114856533
42.34261490281759
2.1200530097822607
15.096688944160254
39.50306817156476
42.34261490281759
10.264571011221376
-13.986920668208603
37.07059059659612
40.929501035360886
25.196545654735914
31.742631563636046
5.723939507688106
40.92950103536088
6.1721973610309995
27.329601704224096
-29.8299475212596
40.92467371520692
-13.217709802185915
6.748815593868535
38.138885069719905
40.92467371520692
-33.99875560357014
16.285402014519498
19.620898960416824
42.49834558404237
-30.24851020576758
12.92948745596284
-26.90660442787918
42.49834558404237
-9.00791341226747
-36.374504200910565
-22.367199073067425
43.64102031666075
0.40443849491132866
-37.84453846620652
-21.72938084858484
43.64102031666076
-11.660516379001837
-12.632627668817719
-40.10060937787114
43.63037699264763
-17.89386233195982
12.80954923821522
37.67406184205739
43.630376992647626
-15.449221876551572
-34.981929668928245
15.95038147260312
41.43462958775332
-13.543361758129508
38.98988853175793
3.6324198055633907
41.434629587753314
-38.86681073002764
13.936118617354834
-0.6180334656475335
41.29438634736489
32.758419065397405
24.20868451700433
6.786156356686686
41.2943863473649
5.278215980001875
7.723963674062601
-40.91514453620371
41.97104038725066
39.00129439467729
2.389983054472826
15.321724698194801
41.97104038725065
-15.768762631126963
-7.233194063210065
37.66735462028353
41.470502472999755
32.91625016654353
-19.873040452440083
-15.536579852473402
41.47050247299976
-25.116279305408582
-32.474350291225676
-11.521265846031712
42.639775793025244
26.35643125990287
33.435824849603364
-2.3525789143241767
42.639775793025244
-5.276044864909508
11.245713926190605
39.91144225729452
41.79983198750457
37.741626443347926
2.9414098462505582
-17.7240992919463
41.79983198750457
38.154091209248925
14.241969908770432
-9.660143679581788
41.855546332549196
-21.210226968096464
-0.32792442806194444
-36.08192755837035
41.855546332549196
-22.579876616376342
-32.30332609290424
-10.00013664254702
40.66151051725574
-25.936257701147614
20.389221666091252
-23.76864770775895
40.661510517255735
-2.545341409508039
8.640337750810204
-39.93142711064351
40.93474160699769
-24.140243496373692
-28.955479817037013
15.952488925951904
40.9347416069977
22.12435434455406
-35.33434907638533
3.7260540764905006
41.855546332549196
34.96256796189439
-14.811770094241664
17.610141026732755
41.855546332549196
-7.669511522339942
-33.233978599523105
21.781422869988035
40.46911319495527
-9.867470043863841
-11.614177287266948
-37.48990589024578
40.46911319495528
-15.333305651888416
35.758373640281235
-16.58803231117163
42.29579605077397
-28.68663885545543
29.652989738757984
-9.311891016246669
42.295796050773966
19.962589321323755
33.07299624888424
-12.17463952733343
40.50370231115978
5.23868343680784
4.2480349078766135
-39.93820597099257
40.50370231115978
21.239039471218277
13.576013988996644
-29.932558797894593
39.13263381985446
-28.81603192810041
-26.369661045372283
-2.3749336726930537
39.132633819854476
15.127475750772302
-35.08474292804668
5.2408140581275084
38.5648264732151
-5.827752836369992
19.239434920149627
-32.91089913297266
38.5648264732151
24.742473785707883
29.413060227865373
3.2850234111200436
38.576022343109514
7.200310290844368
-12.554277463297485
-35.75828783521641
38.576022343109514
20.08978859994934
21.353982217004443
-25.97187400026847
39.16797673611209
-19.90466741303107
16.607374828612905
29.362045536358522
39.16797673611209
-6.871980078219432
22.672145039372857
33.28569604700041
40.855695223739644
39.03015384096138
5.230842022989846
10.884540187647481
40.855695223739644
24.70208651019245
31.768183555715773
-3.088227850318237
40.36022442507181
25.462171545769092
30.458334241288803
7.2742979772569445
40.36022442507182
-14.226995585386371
20.135689002763804
28.459483506363085
37.65362633866198
-36.12847491979143
-7.843321948788297
7.142210948245424
37.65362633866199
-7.0523897556007515
24.70428643107659
29.463859213736622
39.09164832928473
-0.7640759141349243
-36.24480129229646
14.624894405767646
39.09164832928474
33.12448533605318
2.223469317283463
21.111630202449547
39.34305878281814
8.052481977456864
-28.09980426781957
26.33315037175091
39.34305878281814
-19.313470710629108
-29.67988925702326
21.36131613419696
41.35470715873341
3.9152180515082655
-41.13223733985751
1.7383679735235784
41.35470715873342
36.82635253473788
-0.9102369999855284
-21.313837330488816
42.55923441698025
-22.320528327692077
12.240189556681708
-34.106600665394254
42.55923441698025
8.790997292058618
38.815232672279734
5.33203008086134
40.153884812996665
-35.184062867661744
-0.09189547448818303
-19.349618624706768
40.153884812996665
-26.385608768826504
-13.913749140776478
-25.536186205612207
39.26690172628509
-17.03166278988577
-34.989843386124406
-5.246226606603844
39.2669017262851
32.433764134480015
-20.177701978568876
9.11367125223659
39.27018865196433
-23.441578564696673
3.4326630686818778
-31.318635593092637
39.27018865196433
-10.72736878436462
-33.82279162039765
-15.878766031053392
38.87406442220233
3.1343470571972656
-22.628344862288923
-31.45356517185132
38.87406442220233
7.313023362879008
-27.550063752932076
-30.22539162645242
41.54588574659416
-10.72334511542932
37.43124329022706
-14.490428487532267
41.54588574659417
8.074558898132699
-18.486849314534012
-38.859702233416385
43.78399886542442
-12.294922207203117
-25.387905407771967
33.486231552271356
43.78399886542442
-1.1720173016442228
-2.440506166186477
43.09561589715115
43.180572071909076
12.024266111234207
41.03968325505138
-5.9768911039615595
43.18057207190908
-21.66119340878908
37.9667165221384
-11.61003945629483
45.22689332180696
-27.431141077101714
-34.925972384168595
-8.55457957883043
45.22689332180696
-40.05213752612292
-11.352848787952594
10.590528618457032
42.9560262644479
7.586298431254072
39.449470352792
-15.212085899970297
42.9560262644479
38.0399931156273
15.963016942450718
-14.187304728733189
43.624976809253155
-31.318171365651008
-29.828076502904075
5.70934287431529
43.624976809253155
-11.014220291638875
-38.89979957478958
18.51137139665599
44.46547342125667
-35.54564912310005
-19.28749425097802
18.48452651577608
44.46547342125666
-41.04769279775927
-3.418893150300617
-16.607544196106446
44.41185020484983
29.919871983719386
30.45160875756762
12.24390555222858
44.41185020484982
32.61434222479354
29.54704523805459
-10.565525309376813
45.25873977607725
-0.5203200209733758
-31.23129989373344
32.75192666305506
45.25873977607725
-28.575234496681418
-27.263938729357214
17.118170325876854
43.0453033080754
-8.130259654170821
-30.402606921915996
-29.36798439102409
43.0453033080754
-13.690713538019759
-11.717332743186638
-38.147914305106454
42.1899856556555
-31.925497312301648
-19.11245449214622
-19.886467616755798
42.189985655655505
7.633844730956432
-40.93759672020928
4.034324494530569
41.838238308155496
-20.25734183965413
34.96795621037569
-10.831450724194639
41.838238308155496
-20.97715395131879
35.576174387697456
-12.11868556108922
43.04146502722395
22.56338147759897
-36.63077237293609
-1.2837614062697789
43.04146502722394
-15.702616843989823
-17.75444433562139
35.634436878388826
42.797261139653656
1.083227543396983
24.073243920083325
35.368221701254726
42.79726113965365
-24.612681553848965
6.0332084044720204
34.26525083826422
42.61796700843596
2.9614897384264935
-31.41951775987168
28.641483798826464
42.61796700843596
24.572399663962855
-31.240782606137707
-12.366589691834003
41.62597582874969
-12.663668096629909
-23.156824628461486
32.18873789325594
41.625975828749695
-21.5000438079088
-15.918627939043505
34.08162551299924
43.32680229156099
-15.243700395645806
-6.0006730880285435
40.110264491155036
43.32680229156099
-42.555426172863164
9.530370375729943
-10.461849211333163
44.84687887883916
-35.79374060764529
26.99693617447584
-1.102776349561804
44.84687887883917
-34.89200860052963
-8.461330508811105
-25.909705996990166
44.27594429268832
26.45765084260475
-35.477828130918816
-1.2944751882679704
44.27594429268832
-16.26435160748213
-39.77783492845733
2.9978978558490468
43.07891220030412
16.700793594412474
-39.30717399781527
-5.641120631914998
43.07891220030412
15.188386887069683
-5.965376835032195
41.44344800505332
44.540231247298294
-38.485227877517474
3.5902936435000967
22.13208590105778
44.54023124729827
-1.4431934361981398
43.04001645380123
0.0703209655524919
43.064263243157455
-10.164033889913092
41.59541258701803
-4.587465038166773
43.06426324315746
11.293903731189555
15.795876221204932
38.158017763865686
42.814673731706684
-39.99873990704911
-7.3483736499117285
-13.386504297314303
42.814673731706684
-24.300825562330587
-30.557536247139097
-20.65796327919756
44.17063041604358
32.14943827713333
25.59402210739243
-16.19889632604073
44.17063041604357
21.784930127017137
36.76231522162695
-11.694413553731824
44.303615083410406
-23.95281715160797
-27.722965532010864
-24.9100389817351
44.3036150834104
13.2191481761547
-38.287439574958235
15.959771283266242
43.53605640297915
-37.694447199465536
1.0426826081794829
21.75843906231986
43.53605640297915
-36.72435268187465
14.565247123033055
-22.647299517587772
45.538167278636365
11.169212761129787
-44.05997937112223
2.7733703701393075
45.538167278636365
-30.89232335383896
-33.61780926569434
0.7654542271696592
45.662661575916054
1.8567044495884186
-41.640994861590585
-18.645612291381195
45.662661575916054
-1.02919813331593
-39.76756628493669
-17.45876323189581
43.443376832514424
19.05672367633107
-9.583460362112904
37.846077218433415
43.443376832514424
-29.275973910966574
20.107201029753284
26.26882711536314
44.17503208491585
-12.328567657782251
-36.97585871606358
20.790039716665653
44.17503208491585
-23.11855877618522
-35.670173986723505
-7.249869738917534
43.1206410360784
13.506417444381412
21.119398705578227
35.08471703598676
43.12064103607842
-25.173610759956603
33.66742833915829
7.4086162179581
42.68599306483514
3.398253948139672
4.446239402669601
42.317571163870625
42.68599306483514
42.037234854285785
-7.722546684258814
7.176729068177199
43.33903877110054
-5.40230691312781
42.512200490291896
6.465305181702803
43.33903877110055
-24.28542611764993
35.38683586262286
3.762118889900929
43.08321729659699
3.1259202707513865
42.52957268831203
-6.134140692573256
43.08321729659699
0.9744067984175651
34.111632074967176
-25.39867401824486
42.53992892932237
-19.94078330418034
25.798413315965114
27.321284466623368
42.53992892932238
-41.024265162717555
-7.8412611430330275
14.19451015073838
44.11303465953817
-33.844369958641444
2.4299956987595
28.188890894822986
44.113034659538165
-38.91629347286323
14.56371288326286
-9.155604271660318
42.548850985559866
12.718145751511932
-14.06485033642484
-38.089808004880354
42.54885098555986
-9.254228062521232
-30.75692407211582
-29.830469748919693
43.83475836425092
