31.44074207432701
-25.990470734611396
-4.831295914849495
41.07756384460853
28.174261008303844
27.205177429686824
12.387719284158727
41.07756384460853
24.912545103048497
31.126912093286347
-3.762019812518786
40.045878103050576
36.48046412178796
-5.275192040724573
15.653128742740293
40.04587810305057
33.00240095424616
-12.115892710303186
-19.625596550876327
40.26310177929881
5.009238446573042
32.39480930113184
-23.379504387793407
40.26310177929881
23.26393754006271
28.242824526126817
-15.553489062748849
39.759010917106295
-10.858194668034395
-38.13916353037831
2.8779789541808185
39.759010917106295
-28.93606809387637
-13.297553743178355
24.075669196851337
39.92190901700948
-26.99274677428733
21.064234106663626
20.529210472915242
39.92190901700948
16.570987434244415
-9.998798947493084
33.497614994427686
38.686739527300325
1.9743523835437955
31.665762132682957
-22.136965837149376
38.686739527300325
-24.43542061154486
-4.80118032393916
-31.183039308711642
39.90642872388793
2.087914481798583
17.772736739559768
35.669223364095636
39.906428723887934
-10.197267590329258
17.162801814709994
34.36547306642182
39.74332360936558
10.76894070515833
-19.45512633178221
32.94024509656742
39.74332360936558
-2.4529078210430146
-33.16461272410533
21.095714403757583
39.381943325886404
31.446611304655583
-20.6647297412018
-11.619683399315404
39.381943325886404
27.325873093224523
-10.218736334538825
-22.76084864162157
37.002461316358975
13.532415088087005
-31.688708107962434
13.486351018741642
37.002461316358975
11.835876330699715
-34.91458417601174
-10.810758576744824
38.418597810228434
-0.052372365189071735
27.31067016536898
27.020607135256565
38.418597810228434
11.440254777717536
30.544082947965183
-18.307845735510448
37.40317697718356
-22.26200556342205
-23.36160377762046
18.911272437838484
37.40317697718356
1.720383826881287
-32.983382534920196
-20.35963427600713
38.799200401676295
-0.8735603486779873
33.339871546310526
-19.825937793763234
38.799200401676295
30.004581585234238
24.769373541302173
3.4147765774331
39.05710538182935
19.205033260665594
6.279117456366935
33.42449494357692
39.057105381829345
-4.826095504053644
37.472922477503516
11.666322640253762
39.54256188925716
22.945821276343857
-10.297426648112511
30.513382164987227
39.54256188925716
33.70582677872504
15.407134898393023
4.762239772625443
37.36497681341009
-5.0504330564075595
31.233434119328543
19.877303924903465
37.36497681341008
-18.77565244454086
26.44727313337669
-20.639605603415408
38.444462545003255
-0.9688270079083425
-3.2000131080096885
-38.29879881551733
38.444462545003255
16.99934875825227
-1.236687909144944
-33.61510991709957
37.689293836950625
-3.5353360024634473
34.25306226289652
15.320313146010566
37.689293836950625
10.232586300210697
37.100495783869405
10.363751471453366
39.8567428970585
13.53667078546449
8.263792431025589
36.56539666221467
39.8567428970585
38.74329364258513
3.2029646726815697
-3.516494643990324
39.03418398725963
14.279269220719904
3.6907374680410436
-36.14067579633003
39.03418398725963
38.847075168874795
-2.935093705432348
5.900925145177995
39.402169252528104
-13.595855160498608
36.607497708652616
-5.251168990863654
39.40216925252811
22.433575426958882
29.64449415971876
-9.41404585031542
38.34951889782314
17.072563665517546
-3.17780071094073
34.19232007663254
38.34951889782314
9.734764708457883
8.54628378019336
36.26872223461925
38.5126579569964
-17.298891583088466
32.825143819928975
-10.319065176174046
38.5126579569964
-19.185512714532848
27.85313580246168
-19.82056597607575
39.20122329420149
-12.691688468749193
-28.084232881338917
24.2266963294789
39.20122329420149
-20.67064866421051
-32.7778094773023
12.766285188568428
40.79998220398408
-26.537127670326058
9.83812540954689
29.387594173056435
40.79998220398408
-11.56278952827538
-10.312866444623191
36.07566632473311
39.26203021690692
-2.6351755168803965
0.05705022733650367
39.17345545162064
39.26203021690692
-13.083288615081646
-33.40523065428057
9.732448121088483
37.17260311682369
6.873301378970714
35.86324572126868
-6.956130890849714
37.1726031168237
-25.267934784503762
22.64150524965791
19.696419397322952
39.2307943498403
-31.74882416155029
-22.15332132352368
6.348050410569666
39.23079434984031
11.021173142690776
-31.067701970825084
-18.25667041236277
37.682547389140495
24.214230252026262
-15.882956595428059
24.111763121439786
37.682547389140495
-18.455640712174365
7.512541562518198
32.59460620582532
38.20284424670836
-7.327601251770818
34.835382806355796
13.865773442832372
38.20284424670836
-15.179683364776471
30.646370080587708
-22.569499392812382
40.975664595139534
-34.146824325291135
-7.059226254871062
-21.521310419991067
40.975664595139534
-33.262348636392474
-14.853734379148205
-16.454960354673638
39.97227766951855
16.794113303221906
-20.948098005929428
29.612800110452426
39.97227766951854
17.4839526454182
-29.826225054207306
-17.000373186992014
38.526678932766146
22.855385288922445
-23.55772108957806
20.173500686519525
38.52667893276615
-28.73212284375856
-19.49226178550839
17.27139819821409
38.778658413422406
26.43925322969404
-21.45968890275726
-18.553489946581116
38.778658413422406
15.225838544988637
-25.160969832157363
27.46107845704086
40.23694064310243
19.45146451798833
14.596614190648395
32.056056753620695
40.23694064310243
-32.20387634273265
18.986092530766797
16.186464603860173
40.73773431914044
-22.82595688831355
24.22461931577749
23.488433506630123
40.73773431914044
-42.25582334093063
-1.349359352859512
-1.5962362044259595
42.30748570765471
-22.643528280469113
-20.23503236407996
29.457383440143495
42.30748570765471
-37.459164731964165
13.68634442511433
-1.699661565417241
39.91733828270922
8.2739089552371
-12.833747957279
-36.8813128771974
39.91733828270922
6.7352201930042845
-15.835398215332985
-38.82205699663274
42.46498719105217
-12.35925832637979
12.800627463573546
-38.557331433812216
42.464987191052174
3.202755064355003
29.686555676927245
-27.465259098702894
40.56956599866993
-35.65086955465918
19.163511396506472
2.7685765788717074
40.56956599866994
-36.94452087555425
18.79102179217657
2.2226387497264355
41.50831538053675
20.94454424678016
-35.5492805477863
-4.529344826744191
41.50831538053675
11.30310756876679
-21.693084986318894
-32.614807987965946
40.76856481440884
28.846474199566707
25.21474919086829
-13.934605359391924
40.76856481440885
37.69239646969469
15.862273288387097
-11.300447999987163
42.42674381218226
-35.00852508531552
21.607328096093738
10.370879152855753
42.42674381218226
-26.69323595129417
-7.997208164388567
30.266710164970835
41.140708892608735
20.73423461070116
29.332647770664064
20.056051906019153
41.140708892608735
-20.31511030580599
35.032691213080014
8.044683338688202
41.288134983162486
-12.762535231218418
33.537246762595366
20.422557735125658
41.28813498316248
-19.749143126506237
32.860054148199985
19.533035064807287
43.02733168227905
-22.682967870069977
34.80033016650843
11.21477866942681
43.02733168227905
16.988745035525447
30.944205819672696
-22.555126380805014
41.89146760077095
35.67597227101283
-15.455630330658204
15.596267224768994
41.891467600770945
7.792948436341632
-8.21343232398256
40.78946649380033
42.331679540516475
-22.983301838772416
-32.051406643741394
15.376809209533421
42.33167954051648
23.215452974443984
-32.213655676062984
-13.08227204664936
41.80696964295676
4.852072627946185
25.425971467772133
-32.829865623548955
41.806969642956766
-9.192212177740206
39.13122676649795
-14.270486561741164
42.654383827228315
-4.871245672047369
-1.4747903841730063
42.34964484627736
42.65438382722831
-2.1631190944041485
17.593870579676512
41.69679406902341
45.30834362262131
-17.00516633459562
31.14983682547676
28.16661118246985
45.3083436226213
-22.03521394973935
27.621855148558126
21.171281640930786
41.191512499279845
-4.082294487525109
-23.80716348918513
33.36606869702603
41.191512499279845
13.754036262186958
-19.12283321431643
35.38433926828119
42.50773728507486
32.7324649840748
25.739458093172274
8.542468158154804
42.50773728507486
33.07790654163878
-28.036601534976505
-1.8432210964165656
43.40041924703852
31.192275192449763
-29.546441741819617
6.135644997427254
43.40041924703852
34.75639287441369
-23.301070742378663
-4.784080886820907
42.11691077600035
-9.82559675502199
35.11997645931983
-21.06843789221444
42.11691077600035
27.16610139327834
11.565026722379166
-31.463195994853233
43.1471854262798
-22.094457906730185
-29.863977163776852
-21.946694693709915
43.147185426279805
-33.65774837754921
-17.74722123600361
20.86203737942801
43.39392228258153
-20.156039345642355
-38.42331279830782
0.644672449417282
43.39392228258153
-7.234809247873689
-40.43974970172343
14.497566956193722
43.56483981883187
-36.94899142611588
5.6038116918891845
-22.388939134205106
43.56483981883188
-13.455348194007145
-27.241507262351917
-29.44537412539051
42.3104735299779
-0.5078638234766046
41.57458881503206
7.840396005864434
42.3104735299779
22.993395951506216
31.675531036477295
18.156103281932328
43.147185426279805
-15.508407600303896
32.96484406696681
-23.118995643262092
43.147185426279805
32.09740349504712
32.43249971723194
4.646438572874769
45.86610666323894
-10.9470120219353
15.091151615708094
-41.9060832236434
45.866106663238945
-16.35277888229136
37.598017805699634
-12.300282477090924
42.80562193342191
4.476550533453331
13.895920602124049
40.2390998289966
42.80562193342191
-4.7448903956561335
-37.21617620213127
24.800906679705037
44.973800463273164
40.987948075939926
17.536678510022732
-5.924166394562965
44.97380046327317
1.1335733721508827
28.375648268713043
-32.36418309835299
43.05697099057811
16.199066831269977
-14.38025160493458
-37.21157546326559
43.0569709905781
18.43326796417048
21.560673792022627
-35.00026663847271
45.05182223805282
36.06050428843317
-21.65869941916734
-16.130947179355708
45.05182223805282
35.329167108213355
-24.404086061368034
-10.270784451896485
44.149727952820285
19.06026355212024
37.765902412223966
-12.634929624740046
44.149727952820285
9.635839666675414
34.89616787735578
26.428917316698463
44.822757714573484
33.284111754645295
-29.608243092294657
-4.959783748433482
44.82275771457348
-22.773614540927788
-36.87273633405562
-4.94912653002657
43.62029410067928
-5.367288578806929
-23.201458386064314
36.54606134046855
43.620294100679274
1.5319258701456762
-21.680216594081354
37.98977352477337
43.76758481914982
18.57346716993206
-32.06436239481265
-23.291725191643803
43.767584819149825
-29.010942862122103
-31.505510787958638
0.9531864478219162
42.83854082673455
-7.586623791669222
41.863576258793415
5.002469633258091
42.838540826734544
31.8064165184926
17.13504352163327
-26.331012660939912
44.705481498208734
33.684005581249366
26.406425096504865
12.91001772313745
44.705481498208734
-26.694892954086303
33.13717058992778
9.370051857501391
43.57163362037699
15.532322811162208
-32.21518581507371
24.88806957838414
43.57163362037699
