11.467630570800539
-36.70242849849528
10.550380442602602
39.87336624965553
39.26065890077541
3.6285828282457526
5.943011476910842
39.87336624965554
16.149155115726252
-0.11443991995478875
-36.917108917739654
40.29492819563424
29.375610087667248
26.894734343910155
-6.117845604390601
40.29492819563424
10.056692111442363
25.653456384319625
28.44676804565009
39.60373079558989
-26.41331038239966
-2.206526776692444
-29.42658266187756
39.6037307955899
15.807463128885546
27.842507823259503
-22.05197015108845
38.8763491084726
9.000510199676832
36.07430978595802
11.358059236334581
38.8763491084726
21.054779813491685
16.625488182947915
31.982061331452126
41.74401582651965
0.2820555327333141
29.15613991393986
-29.873111778318986
41.74401582651965
-20.322275053993923
31.362220963928984
13.753453012598573
39.82136658792924
-7.85537613679104
-37.978951798704
9.035127168529469
39.82136658792924
-20.925390617767704
-35.11839603434646
5.807534851260979
41.29044893894922
-27.85857925864367
28.003374015395647
12.025463775826065
41.29044893894921
-19.767459620564903
24.832048158916624
-24.532633198864104
40.11524856320135
-28.99277038330615
-21.587892771004217
17.39584198870344
40.11524856320135
27.027701860801557
-12.724192007298583
27.34039907729851
40.49566830935035
4.314242595429971
28.61537941237226
28.327487070594206
40.49566830935035
4.476038191964938
30.042657926454375
25.143974260030106
39.43115081722745
-37.1418892268972
6.393473796294003
-11.59392997408285
39.43115081722745
-37.17233937362935
2.994152595111373
-11.609808460495579
39.058103087073775
26.642064016205175
26.676347616218067
-10.203348449190797
39.05810308707378
-23.146795170926932
24.76424274957069
-20.56415210021411
39.64752447814682
-6.311847558888946
32.66377477487585
-21.567674772556806
39.64752447814682
-3.879279233738977
13.08780883371641
-36.89734614344357
39.34150098649407
-8.970353316162527
-27.541244597874083
26.622665292070174
39.341500986494076
-12.122428913534605
19.50305464424962
30.189693990034996
37.930726943103025
-19.782736469733646
28.305336570832118
-15.690484562728656
37.93072694310303
21.377710313243846
32.57064078489498
2.599476467651537
39.04625996534765
-2.318479596968782
35.968929745823324
-15.015697205923402
39.046259965347645
-9.991353346802033
25.600223563338645
-26.39900075756762
38.10650638921951
-27.06813547209891
16.744722227671197
-20.953189465421776
38.10650638921951
1.3737615244480388
39.26194941138883
-3.094760754897749
39.40768245454894
21.729795239951194
30.027009453411658
-13.385071481060002
39.40768245454894
7.6338150755124
38.34770792110532
0.1458036918756953
39.10042319625311
-7.3736998799248195
-37.258539894053044
9.288317887009628
39.10042319625311
-14.941598459054587
-14.452344932589671
33.85234009004439
39.72533911918436
20.877042863086103
-33.128153748116446
-6.691567728733223
39.725339119184376
15.956646685974274
-35.71168526403803
6.522603137301878
39.654550678900215
22.005534703668815
-32.98512462535629
-0.47051610047525205
39.65455067890021
-9.355349352727652
-25.9257267619165
26.574502942650156
38.28668275385133
9.04570292611009
-35.870286902552735
-9.867515006077973
38.28668275385133
-28.713305978318644
-30.061792050963515
-3.0367870869047486
41.68197880776672
25.219218189120102
-28.904701893283544
16.306336183247247
41.68197880776672
19.75127962765886
-32.977533712303824
5.709477714604695
38.86166378900516
4.600551150275896
-38.187768385778604
-5.5460064260238715
38.861663789005156
-17.811687528419966
-29.568820099892974
-18.54400099173567
39.18483517244139
13.065525847925048
36.381605690705214
-6.412652273018402
39.18483517244139
-4.411814559359925
38.85536955274085
6.482927937109239
39.638771492365805
39.19133752518457
5.647231754803074
-1.8384890314046576
39.6387714923658
13.301488666423252
-30.716481028045067
-23.92117753484874
41.14188306510764
-24.95868130956891
-7.949868713224685
31.725673466025242
41.14188306510764
8.990617365247688
-36.36460054820709
8.650256227207226
38.445315793153455
12.57331736716269
33.69936202202046
-13.575971277544188
38.445315793153455
-15.409765028873814
27.853770520456315
-25.251690481884694
40.63177651351525
-16.975488624639446
22.873212747899757
28.97568268718276
40.631776513515256
3.006486119156463
-9.69741329363514
39.154083019889214
40.44899257707946
36.651117329904096
0.49255405712004574
17.104794341676467
40.44899257707946
38.04475878905817
-1.289281369514235
-12.60742505383221
40.10003845703133
36.98935841038706
8.417862019794303
12.997693936195937
40.10003845703134
-4.635518673995495
-23.153588160899446
35.20444327932034
42.39020529212364
1.289733457889664
42.31939676924921
-2.082006100578477
42.39020529212363
30.206938048406077
7.587863079166485
28.11191068451566
41.956099612602294
25.332835194231553
32.92185917379308
-5.8917691965525965
41.956099612602294
-17.40682729582174
38.036692930052205
-9.22934520152635
42.836531820521905
28.349747410565833
-29.47572693603368
-12.745265856783037
42.8365318205219
-14.031663999969869
-31.896522663717178
24.587539686897713
42.64765949615341
-29.815855088679204
-21.417403687705836
-21.70558603467253
42.64765949615341
-20.045183120512057
-34.387900379594754
-14.922812768845631
42.509144895961114
-30.675744254849683
4.923580877850366
-29.013522115319603
42.509144895961114
-5.76178290974371
40.664017327816865
-10.840528416485279
42.47678782446514
-24.136833784223303
34.771882039809036
3.550630671727559
42.47678782446514
-3.2279683002195227
20.560575263878288
-36.609458083754184
42.11186834747398
12.143796032290652
16.849104188630125
-36.6339372942875
42.11186834747397
-1.143167309282473
14.557030955392282
-39.81529178389516
42.408388811295
22.4261441472745
-23.369178718984614
-27.375554537868148
42.408388811295
-2.9567993695127583
-32.78340227367623
-24.242375031920105
40.8801525723363
26.32925353767047
-24.36544400345288
19.603122735961314
40.8801525723363
-3.5438567624614308
-38.32671575927246
-13.69353984360244
40.85350774527489
-4.879904766958392
34.914781542659824
20.643489394649176
40.85350774527489
-21.21778910928824
34.16130042373334
6.72343227775797
40.772460839645085
-30.50449272528462
17.493724818428873
20.635868735542367
40.77246083964508
-15.734961406584835
10.850475277593915
36.411747399831384
41.12343824299615
-14.439730141171786
-27.201300440647174
-27.252901143058175
41.12343824299615
-34.548454790200005
-9.424057562916124
19.606162534036212
40.82658690915388
34.86518948609536
-21.078303233130118
-2.6332287332431825
40.82658690915389
30.10764640632549
-23.341966105004303
-6.332551967143653
38.61889392761099
22.946134016194797
-29.875375360999076
-8.506224129559849
38.61889392761099
24.697353831375818
-31.698429069224314
-12.292975168810981
42.0222194824336
8.832220625248695
18.8104118058915
-36.524337321155215
42.022219482433606
20.01469615755851
28.263179994107666
-21.134937969164902
40.57192389595499
-26.46718519547852
28.768862908935304
10.85917323622257
40.57192389595499
-0.07364927284249276
31.554386991101467
-26.26980585064321
41.05834217342527
33.37141871970512
23.849118442138767
1.831781700155073
41.05834217342526
23.18827507659292
-16.613001207896808
29.719703789856588
41.194037232567254
-3.8964493113034777
10.064747771548543
-39.75509072531075
41.19403723256726
13.82407688799201
-5.04346543827203
-40.56887096753084
43.155242288884516
10.622367246147418
31.75352468002208
27.22597879774994
43.15524228888451
-16.912316607243184
1.7935623045951097
38.27624452004939
41.8845342975508
-28.41402782902206
-30.74665247077557
1.265147301945067
41.884534297550786
-12.515954723301748
-33.64325412437756
-20.966294637825705
41.5704604443264
-35.597611904862134
14.908882521621619
-15.44792640390967
41.57046044432641
-2.2563784651543664
41.273070752592076
-5.15101073925489
41.654417830074195
8.36054291613023
9.27642870477414
39.73839097642467
41.65441783007419
29.80252207675552
-28.95516340968762
2.1112884741750975
41.60588118569775
39.338139587857206
7.03432667437089
11.579221530089745
41.60588118569775
10.827666543905474
39.84189541008746
11.597589477712035
42.88495160715347
37.231087818267525
6.587324103017238
-20.23789355091469
42.88495160715347
43.026496078922406
-1.3404640018366791
-4.2675499527585075
43.25838867975822
-28.969949257599875
-29.022261552206825
-13.774562264421341
43.25838867975823
-31.579099362027247
-30.44027633849581
1.2880848420665725
43.880623316460984
-41.82864340022637
3.1647609962198757
12.878586171418204
43.88062331646099
-7.704961215009707
-33.52855522856137
26.664788837569358
43.52633004046697
35.06997406963426
2.2102912277619993
25.685656274179877
43.526330040466966
6.917167354733136
-42.91749054031582
6.758781472169375
43.99362823728026
34.23018973026748
22.88829561636419
-15.48739359246215
43.99362823728026
6.108353836536567
20.746506525889693
-39.7356937639986
45.23996992182236
43.61825050428375
-9.281603592528496
-7.612813949132363
45.239969921822365
24.040641125220155
-8.344161937980733
34.504200497884575
42.87327041592572
-32.58109554787294
27.716620402735888
2.8945608489216816
42.87327041592572
-17.672523210796864
40.71989959847534
-10.722724422544374
45.66623609394467
3.6827155698879093
7.5795556878663035
-44.881990381373846
45.666236093944676
18.75021710337714
-10.515834939472043
-39.847705360827774
45.276848923277996
5.570809025795418
44.47932666196981
6.367781004183303
45.276848923277996
-32.02282041788729
30.224017721367
-18.364520347688654
47.709620438004286
-7.457787739044594
-43.59174510769386
-17.898297205143294
47.70962043800428
36.415802544333985
-7.812462852458566
-26.34186267846142
45.61840615519009
23.631743188054465
-38.200976839693496
7.953933776875925
45.61840615519009
16.056058955366684
-41.79848107221112
-14.205098783582715
46.97547105217301
-41.99250858960783
-20.37507388512356
-5.308527771521344
46.97547105217301
0.5377048829380797
6.543976614227756
-45.43481358215379
45.90680822834192
-21.28459780315078
24.850820944156904
-32.19996329925428
45.906808228341916
-28.72238613478786
-33.35409286823015
-15.181464021901368
46.56122663962646
15.96334371375838
0.13611963614030742
43.739009535056105
46.56122663962646
-24.760753480923643
-1.1453475024133262
38.68286194399207
45.94312290237035
-9.236414982817932
6.250575201307949
-44.5689296476848
45.94312290237035
29.770171535321843
-29.9436139500788
-12.231804184032123
43.96021113723575
-38.134325889336694
10.030861270607438
-19.43335211346822
43.96021113723576
-13.284789529881204
12.06294767728396
-38.66914211593222
42.629835696379295
-24.800970834665776
0.03517985552837288
34.672950545578274
42.629835696379295
5.043115999621683
27.013632867449747
33.31319781908084
43.184934046681306
-38.50698539330858
12.747338627322494
14.820794933339652
43.18493404668131
-24.02404687878444
-22.973688949584016
-28.66059735767298
43.890489326104834
-32.10748297118282
-29.287208756161753
-6.143614067723519
43.890489326104834
-3.801941562259266
-42.27200235810449
3.661385467694714
42.60026627322266
-12.649622125862003
-4.77666252528433
40.39744102962363
42.60026627322266
-22.48239309237315
11.98247739077008
33.61144241699645
42.17542916119967
