20.132813
13.359879
-28.826859
37.613884687560024
20.132813
13.359879
-29.5253
38.15179962273241
20.132813
12.647369
-30.92218
39.00599037527762
19.415634
13.359879
-29.5253
37.77825476650721
20.850006
13.359879
-28.826859
38.002590693452234
20.850006
14.784866
-28.128418
38.00688028789985
20.132813
14.784866
-30.22374
39.20965251804634
21.5672
13.359879
-29.5253
38.92780213802052
20.132813
13.359879
-29.5253
38.15179962273241
19.415634
12.647369
-28.826859
36.985276050494065
19.415634
12.647369
-30.22374
38.08408088423397
20.132813
14.072372
-28.826859
37.87280831117492
20.132813
14.784866
-27.429993
37.098880094914925
20.132813
14.072372
-28.128418
37.34393795716297
21.5672
14.784866
-28.128418
38.405004048138046
20.850006
14.784866
-30.22374
39.58269102411984
21.5672
15.4973755
-30.22374
40.23415351880787
23.001572
15.4973755
-28.128418
39.50251704055151
20.850006
14.072372
-28.128418
37.73542473953934
22.284378
13.359879
-28.826859
38.80808713339431
22.284378
14.072372
-29.5253
39.57737242671783
20.850006
14.072372
-28.826859
38.25888377226915
21.5672
13.359879
-28.826859
38.40075892652139
20.132813
14.784866
-29.5253
38.673838334000095
18.69844
12.647369
-29.5253
37.166260675741746
20.850006
14.784866
-30.22374
39.58269102411984
21.5672
15.4973755
-28.128418
38.68488890875625
19.415634
14.072372
-30.22374
38.58073224279997
20.850006
16.922379
-29.5253
39.910310519240355
21.5672
15.4973755
-31.620605
41.29376968792099
22.284378
15.4973755
-29.5253
40.10617622129726
21.5672
14.072372
-28.128418
38.13638245812242
21.5672
15.4973755
-28.128418
38.68488890875625
20.132813
14.072372
-28.128418
37.34393795716297
21.5672
15.4973755
-28.826859
39.19566987703329
20.132813
14.784866
-28.826859
38.14328454983917
19.415634
15.4973755
-30.92218
39.66505578453943
19.415634
14.784866
-28.826859
37.76965547896883
20.132813
14.784866
-28.826859
38.14328454983917
20.850006
15.4973755
-28.826859
38.80565874187198
20.850006
14.784866
-28.826859
38.52664966455038
21.5672
14.784866
-29.5253
39.43957069147844
20.132813
14.784866
-30.22374
39.20965251804634
20.850006
13.359879
-28.826859
38.002590693452234
20.850006
14.784866
-29.5253
39.05199546258008
21.5672
14.784866
-26.731552
37.39401363666884
21.5672
15.4973755
-27.429993
38.18006397527707
21.5672
14.784866
-28.128418
38.405004048138046
21.5672
14.784866
-26.731552
37.39401363666884
20.850006
14.784866
-28.128418
38.00688028789985
23.71875
15.4973755
-28.826859
40.41949524305227
22.284378
14.784866
-28.826859
39.32141380958186
22.284378
14.784866
-28.826859
39.32141380958186
20.850006
14.072372
-28.826859
38.25888377226915
23.001572
14.784866
-28.826859
39.73225822615674
22.284378
14.072372
-28.128418
38.5465044824106
20.850006
14.784866
-29.5253
39.05199546258008
22.284378
12.647369
-29.5253
39.09338466555915
23.001572
12.647369
-28.128418
38.47383635646925
22.284378
12.647369
-29.5253
39.09338466555915
23.71875
11.9348755
-29.5253
39.708483625983504
22.284378
12.647369
-30.22374
39.6235274272906
23.001572
13.359879
-27.429993
38.209463942400774
23.001572
11.9348755
-26.731552
37.23022099677559
22.284378
13.359879
-28.128418
38.29213652600965
23.71875
13.359879
-29.5253
40.159789788049345
23.001572
13.359879
-28.826859
39.22431017607655
23.001572
13.359879
-27.429993
38.209463942400774
24.435944
12.647369
-27.429993
38.85197330996361
24.435944
11.9348755
-28.826859
39.63009504901231
23.001572
11.9348755
-28.826859
38.76211220732737
22.284378
12.647369
-28.826859
38.568604219563255
23.71875
11.222366
-30.22374
40.02493119528752
23.71875
10.509872
-28.128418
38.26544635523837
23.71875
11.9348755
-28.826859
39.19194022641565
23.71875
10.509872
-28.826859
38.781752049026714
23.001572
11.222366
-29.5253
39.073739008164104
23.71875
11.9348755
-29.5253
39.708483625983504
22.284378
10.509872
-29.5253
38.45509315361393
21.5672
11.9348755
-30.22374
39.000766844424035
23.71875
11.222366
-29.5253
39.50017615170374
23.001572
11.222366
-29.5253
39.073739008164104
22.284378
13.359879
-29.5253
39.32967226048531
23.001572
9.797379
-28.826859
38.15820787360172
22.284378
11.222366
-28.826859
38.125094454288735
23.001572
11.9348755
-30.22374
39.811908232454456
23.001572
11.9348755
-28.826859
38.76211220732737
23.001572
9.797379
-28.826859
38.15820787360172
23.001572
11.9348755
-29.5253
39.28430775688303
22.284378
12.647369
-28.826859
38.568604219563255
20.850006
12.647369
-29.5253
38.29388981378508
22.284378
11.9348755
-28.128418
37.81854936114353
23.001572
14.072372
-27.429993
38.464380209771676
20.132813
11.9348755
-28.128418
36.59206537006179
23.001572
13.359879
-27.429993
38.209463942400774
24.435944
11.9348755
-28.128418
39.124985959961535
23.71875
11.9348755
-26.731552
37.67752899814756
23.71875
12.647369
-28.128418
38.906849267473135
24.435944
13.359879
-27.429993
39.089718642062714
23.001572
11.9348755
-28.826859
38.76211220732737
23.71875
12.647369
-27.429993
38.40494047808172
22.284378
9.797379
-28.826859
37.73022589766807
22.284378
9.797379
-28.128418
37.199328475961764
23.001572
11.9348755
-27.429993
37.73483760068407
22.284378
10.509872
-28.128418
37.39329871865412
23.001572
9.797379
-28.826859
38.15820787360172
23.001572
8.3723755
-28.128418
37.28775875706396
22.284378
11.9348755
-28.128418
37.81854936114353
23.001572
9.797379
-27.429993
37.114221722967095
23.001572
9.797379
-28.826859
38.15820787360172
22.284378
10.509872
-27.429993
36.87079226522838
23.71875
8.3723755
-27.429993
37.216667264353816
24.435944
8.3723755
-26.033112
36.67335458508585
23.71875
9.797379
-27.429993
37.56290947156184
24.435944
9.084869
-27.429993
37.84249843099686
24.435944
9.084869
-26.033112
36.84254397941326
25.153137
8.3723755
-28.826859
39.16330898312619
23.001572
9.084869
-26.731552
36.416797023746476
24.435944
9.084869
-27.429993
37.84249843099686
23.001572
6.9473724
-26.731552
35.943207766841184
23.001572
9.084869
-28.826859
37.98150827314688
24.435944
9.084869
-26.731552
37.339336820821416
24.435944
9.797379
-26.731552
37.51906091096398
24.435944
8.3723755
-27.429993
37.67779790643456
25.153137
8.3723755
-28.128418
38.652100373475825
24.435944
9.084869
-26.731552
37.339336820821416
25.153137
7.6598663
-26.731552
37.49572892343873
25.153137
6.2348785
-26.033112
36.732504072942675
25.153137
7.6598663
-27.429993
37.996819614031516
24.435944
6.2348785
-28.826859
38.30113322919604
24.435944
7.6598663
-27.429993
37.52590251246464
25.870316
6.2348785
-26.033112
37.227273242165815
25.870316
6.2348785
-26.731552
37.71899919656704
25.153137
6.2348785
-26.033112
36.732504072942675
23.71875
5.5223694
-26.731552
36.16146583489288
23.71875
4.8098755
-28.128418
37.106897943643844
24.435944
6.9473724
-28.826859
38.42354929759873
24.435944
5.5223694
-26.731552
36.63588055637021
23.71875
5.5223694
-27.429993
36.68078822230208
23.71875
6.2348785
-28.826859
37.84759799284659
24.435944
6.9473724
-27.429993
37.38697485317413
24.435944
6.9473724
-28.826859
38.42354929759873
24.435944
7.6598663
-28.128418
38.03941148561417
23.71875
6.2348785
-28.826859
37.84759799284659
22.284378
6.2348785
-28.128418
36.42355074437588
25.153137
6.9473724
-28.128418
38.368661363210045
24.435944
6.2348785
-28.128418
37.77826122897102
26.58751
6.2348785
-28.826859
39.70840062352203
25.870316
7.6598663
-28.826859
39.48334548024648
24.435944
8.3723755
-28.826859
38.70658637882657
23.001572
5.5223694
-29.5253
37.83268766370392
24.435944
6.9473724
-27.429993
37.38697485317413
25.870316
6.9473724
-28.128418
38.842593506516785
23.71875
6.2348785
-27.429993
36.79479990168023
25.153137
6.2348785
-26.731552
37.2307652729903
27.304688
7.6598663
-26.731552
38.971725778521154
25.879593
6.2368317
-27.432922
38.22586395105659
24.44522
5.5243225
-27.432922
37.15712881372412
24.44522
6.2368317
-26.734482
36.75866514021728
25.162415
5.5243225
-27.432922
37.63283763882283
24.44522
5.5243225
-26.734482
36.644502726577215
26.596786
6.2368317
-27.432922
38.715013817921786
25.879593
7.6618195
-28.829788
39.49194253756866
25.879593
5.5243225
-27.432922
38.116094631033164
25.879593
6.9493256
-26.734482
37.8520680113303
25.879593
5.5243225
-26.734482
37.61653929218254
26.596786
5.5243225
-27.432922
38.60663689198238
25.879593
7.6618195
-26.734482
37.98933341248567
24.44522
9.0868225
-27.432922
37.85108116954026
25.879593
6.9493256
-26.734482
37.8520680113303
24.44522
8.374329
-28.829788
38.71504850143869
25.162415
4.8118286
-26.036041
36.526377722561676
23.728027
6.2368317
-26.734482
36.28567075780397
25.162415
6.9493256
-27.432922
37.86826498750718
25.162415
7.6618195
-26.734482
37.50444146874891
25.879593
5.5243225
-26.036041
37.12340195424242
23.010849
7.6618195
-27.432922
36.616496586451646
25.222961
7.676468
-28.16504
38.57972607046187
23.071396
10.526474
-28.16504
37.899411030322256
23.071396
8.388977
-28.16504
37.36219471270391
24.505768
7.676468
-28.86348
38.6336806335725
24.505768
9.101471
-27.466614
37.91812629545153
24.505768
7.676468
-26.069733
36.59360322344603
24.505768
9.101471
-28.86348
38.941879393567085
24.505768
8.388977
-27.466614
37.75344368088327
24.505768
7.676468
-28.86348
38.6336806335725
23.788574
7.676468
-28.86348
38.18278152109272
24.505768
6.25148
-28.16504
37.85344180706194
24.505768
5.538971
-27.466614
37.22402027652138
25.222961
7.676468
-28.86348
39.09253532785223
23.788574
7.676468
-27.466614
37.13811058484936
23.071396
8.388977
-26.768173
36.32078386847278
23.788574
6.25148
-27.466614
36.869934768639745
23.788574
6.963974
-23.974426
34.4842900429402
25.222961
9.101471
-26.768173
37.88891104370941
23.071396
9.81398
-26.768173
36.67613218259254
25.222961
7.676468
-27.466614
38.07283508598191
25.94014
9.101471
-28.16504
39.35730008921471
23.071396
7.676468
-26.069733
35.648960555279515
23.788574
9.101471
-26.069733
36.44672843578522
23.788574
9.101471
-26.768173
36.949534048567514
23.788574
10.526474
-26.768173
37.32610396370582
23.788574
8.388977
-27.466614
37.2919030776957
23.788574
9.101471
-25.371292
35.950459619801805
22.354202
6.963974
-26.768173
35.56321739720163
24.505768
9.101471
-26.069733
36.91883649685144
25.222961
9.81398
-26.069733
37.578490447807205
24.505768
9.101471
-25.371292
36.42899805668641
23.788574
11.238968
-26.768173
37.5332616160528
25.222961
11.238968
-26.069733
37.97555880308083
24.505768
10.526474
-24.672852
36.33302722300331
25.94014
11.238968
-25.371292
37.9856251079767
25.222961
11.238968
-27.466614
38.94774707159741
25.94014
10.526474
-26.069733
38.25347685127376
24.505768
11.238968
-26.069733
37.50304024134243
24.505768
11.238968
-26.768173
37.991868604717574
25.222961
11.951477
-26.768173
38.67260731629851
25.239075
12.671295
-28.17041
39.88915305255302
25.239075
10.533798
-26.075104
37.78733666851899
25.239075
11.246292
-26.075104
37.9921160098546
23.804688
10.533798
-26.773544
37.34229207405124
24.521881
11.246292
-26.075104
37.519496884744804
24.521881
11.246292
-25.376663
37.037504416448435
25.239075
11.246292
-25.376663
37.51619604677842
24.521881
11.958801
-26.075104
37.73919159217974
25.239075
11.958801
-27.471985
39.17567822831454
24.521881
10.533798
-26.773544
37.80352101553339
26.673447
10.533798
-27.471985
39.71326827091687
25.956253
8.396301
-26.075104
37.737726300455954
25.956253
10.533798
-27.471985
39.23516215359317
25.239075
9.108795
-26.773544
37.90519371982552
25.239075
11.246292
-27.471985
38.96408540145495
23.804688
10.533798
-26.773544
37.34229207405124
23.804688
9.821304
-28.86885
38.68503248391101
23.804688
9.821304
-28.86885
38.68503248391101
25.239075
11.246292
-28.17041
39.459625083352606
25.239075
9.821304
-26.075104
37.594944910353306
25.956253
8.396301
-26.773544
38.2236524605103
26.673447
9.108795
-26.075104
38.39731766551213
25.956253
9.108795
-26.773544
38.38645460915787
26.673447
9.108795
-28.17041
39.849904549172074
26.673447
8.396301
-26.773544
38.71425234924391
25.956253
7.683792
-27.471985
38.56783194752866
28.843567
8.399719
-28.178223
41.18881885691947
23.823242
9.112213
-28.876663
38.52844297358446
28.126373
9.112213
-28.876663
41.32780009324081
25.25763
6.974716
-28.178223
38.47865238613646
24.540436
9.112213
-27.479797
37.952663451804504
27.40918
8.399719
-26.781357
39.23084972712801
26.692001
9.824722
-29.575104
41.032606603620735
27.40918
8.399719
-27.479797
39.71092750958954
25.974808
9.112213
-26.781357
38.40526150579013
25.25763
8.399719
-28.178223
38.762293286896416
25.25763
8.399719
-27.479797
38.25757877838553
25.974808
11.24971
-26.781357
38.967777341008784
26.692001
10.537216
-26.082916
38.77904657318176
24.540436
10.537216
-27.479797
38.31977493889007
28.843567
11.24971
-26.781357
40.93590615933569
27.40918
9.824722
-28.178223
40.51913791172481
24.540436
9.824722
-27.479797
38.130007355592
25.974808
12.674713
-27.479797
39.88080078790263
25.242004
10.529404
-28.870804
39.768713043162144
27.393555
11.954407
-27.473938
40.59719150394289
26.676376
11.241898
-26.077057
38.96180458855666
26.676376
13.37941
-26.775497
40.09445025694018
25.959183
12.666901
-27.473938
39.86410325738715
27.393555
13.37941
-28.870804
41.987363821787206
25.242004
13.37941
-27.473938
39.635648337583994
25.242004
11.954407
-27.473938
39.17759450416542
27.393555
12.666901
-26.775497
40.34581048669273
26.676376
14.091904
-27.473938
40.804755558290935
25.242004
14.091904
-27.473938
39.881798622029635
26.676376
13.37941
-27.473938
40.5642063152279
25.959183
13.37941
-27.473938
40.09619780135019
26.676376
11.954407
-28.172363
40.5982634374997
25.242004
11.954407
-27.473938
39.17759450416542
26.676376
14.804398
-28.870804
42.00383922649958
26.676376
12.666901
-28.870804
41.29894409307731
27.393555
12.666901
-28.172363
41.28606673734645
25.959183
11.954407
-28.870804
40.624011406240705
25.242004
11.954407
-28.172363
39.67050263478993
27.393555
12.666901
-27.473938
40.81267646879919
25.959183
13.37941
-27.473938
40.09619780135019
26.676376
11.954407
-28.870804
41.08600954904312
27.393555
12.666901
-28.172363
41.28606673734645
24.52481
11.241898
-27.473938
38.50537388935959
25.959183
11.954407
-28.870804
40.624011406240705
28.110748
12.666901
-26.775497
40.836157959276726
28.110748
12.666901
-27.473938
41.29747948148213
26.676376
12.666901
-27.473938
40.33480790230226
25.959183
11.954407
-26.775497
39.16266376791085
26.676376
12.666901
-28.172363
40.813741247395775
27.393555
12.666901
-28.870804
41.76578282798462
26.676376
11.954407
-29.569244
41.57976761834188
27.393555
11.954407
-27.473938
40.59719150394289
28.110748
12.666901
-29.569244
42.72007444682403
27.393555
11.241898
-27.473938
40.393122807195624
28.827942
10.529404
-29.569244
42.61758779028325
27.393555
9.81691
-29.569244
41.48636853731672
27.393555
11.954407
-28.172363
41.073066919477476
27.393555
10.529404
-28.870804
41.167931499947564
28.827942
9.104401
-28.172363
41.323388492758404
27.393555
8.391907
-28.172363
40.18100222061572
28.80304
10.524033
-30.257431
43.07995552875345
27.368652
7.6740265
-28.16211
40.01297702093816
28.80304
10.524033
-28.16211
41.63501955704626
27.368652
10.524033
-28.16211
40.655907713778205
28.80304
8.386536
-30.257431
42.60822903666175
28.80304
9.811539
-28.86055
41.938201489103285
27.368652
9.811539
-29.55899
41.4613489533475
27.368652
6.9615326
-28.86055
40.37867630321727
28.80304
9.09903
-27.463684
40.824764260839586
28.085846
9.09903
-27.463684
40.3219677593291
27.368652
10.524033
-29.55899
41.635710017157294
28.085846
11.2365265
-29.55899
42.294304906678185
27.368652
14.086533
-28.86055
42.194844557440454
28.00528
13.331558
-30.22667
43.309095284651235
26.570908
11.194046
-28.829788
40.773477168739085
28.722473
12.619049
-28.829788
42.607247781059066
28.00528
11.906555
-27.432922
40.97105018333067
27.288086
14.756546
-29.528229
42.82886320505717
26.570908
13.331558
-28.829788
41.41135286952571
26.570908
14.044052
-26.734482
40.22413552957431
27.288086
12.619049
-27.432922
40.69945100981093
28.00528
14.756546
-29.528229
43.28934660279449
26.570908
13.331558
-30.22667
42.39569576656633
25.853714
11.906555
-29.528229
41.013374938282325
26.570908
13.331558
-28.131348
40.92818357730404
26.570908
13.331558
-28.829788
41.41135286952571
25.853714
14.044052
-29.528229
41.68412508593274
25.853714
13.331558
-28.829788
40.95487465262835
26.570908
13.331558
-28.131348
40.92818357730404
24.419342
12.619049
-28.829788
39.83342084249889
27.288086
12.619049
-29.528229
42.140199177492626
27.288086
12.619049
-28.829788
41.6537722561122
27.288086
11.906555
-28.131348
40.96069387086616
25.853714
14.756546
-28.829788
41.44064314530935
26.570908
13.331558
-29.528229
41.90059560566383
25.136536
13.331558
-28.829788
40.50595538775749
25.853714
13.331558
-30.22667
41.94993004594138
25.853714
14.756546
-30.22667
42.424306445052814
27.288086
16.18155
-30.92511
44.304002127259196
27.288086
14.044052
-29.528229
42.588629724797876
25.136536
14.756546
-29.528229
41.491171759596945
25.853714
13.331558
-28.829788
40.95487465262835
24.419342
13.331558
-28.829788
40.06484002526405
25.136536
11.906555
-29.528229
40.56510608923943
26.570908
14.044052
-30.92511
43.123206767517445
25.136536
11.906555
-28.829788
40.05955649288007
23.702148
15.469055
-28.829788
40.40099298748733
24.419342
12.619049
-28.829788
39.83342084249889
24.419342
14.044052
-29.528229
40.80999944483582
25.136536
13.331558
-28.131348
40.01185432253953
24.419342
14.044052
-29.528229
40.80999944483582
24.419342
13.331558
-29.528229
40.57032077435887
25.853714
12.619049
-27.432922
39.75198378501065
25.853714
11.194046
-28.131348
39.81323893054451
26.570908
11.906555
-28.829788
40.97481898697815
25.853714
11.194046
-28.131348
39.81323893054451
25.136536
12.619049
-28.829788
40.27707079270568
26.570908
11.906555
-28.131348
40.48644039019422
25.136536
11.194046
-28.829788
39.85359100282323
27.288086
11.906555
-28.131348
40.96069387086616
26.570908
9.769058
-29.528229
40.9067722226024
25.812698
9.7573395
-28.807816
39.8922468334622
26.529892
8.332336
-29.506256
40.544815699151044
26.529892
9.04483
-28.807816
40.193711247260126
25.09552
9.7573395
-28.807816
39.43198072016704
25.812698
9.7573395
-28.807816
39.8922468334622
25.09552
8.332336
-28.807816
39.10375009489979
22.943954
10.469833
-30.204697
39.34928475763569
25.09552
10.469833
-30.903137
41.16316914598079
22.22676
8.332336
-30.204697
38.4158888687757
24.394928
8.336243
-29.521393
39.19334180689607
24.394928
7.6237335
-30.219833
39.57868325208344
23.677734
7.6237335
-28.822952
38.072549730333925
24.394928
9.048737
-29.521393
39.35104523061856
23.677734
9.761246
-29.521393
39.082344959073275
23.677734
8.336243
-29.521393
38.75100805140429
24.394928
9.761246
-28.822952
39.002012543224936
25.112122
8.336243
-27.426086
38.10907710523177
24.394928
9.048737
-28.124512
38.314230053719925
23.677734
10.47374
-26.727646
37.211576371011546
24.394928
9.048737
-27.426086
37.80452847274881
23.677734
8.336243
-26.727646
36.667357652106595
23.677734
7.6237335
-28.822952
38.072549730333925
22.960556
8.336243
-26.727646
36.20838465246172
23.677734
9.048737
-26.727646
36.83587702142437
23.677734
9.761246
-26.727646
37.017349711824316
22.960556
9.761246
-28.124512
37.595974191269804
22.243362
9.048737
-27.426086
36.453217088932114
22.960556
9.761246
-26.029205
36.05535363008696
21.59552
7.6496124
-26.05362
34.69400628733478
20.878326
9.0746155
-26.75206
35.12728146783227
22.312698
9.0746155
-27.4505
36.52033827091248
22.312698
9.787125
-29.545807
38.29620084320947
23.029892
10.499619
-27.4505
37.33829065743034
21.59552
11.212112
-24.656738
34.64148834625542
20.878326
9.787125
-25.355179
34.272108084827885
23.029892
10.499619
-26.05362
36.32366908156271
22.312698
9.0746155
-26.75206
35.99830453906822
20.161133
10.499619
-26.75206
35.10535552203004
20.878326
8.362122
-25.355179
33.8926924219569
20.161133
8.362122
-26.75206
34.52635358384773
20.878326
9.787125
-28.148926
36.38755723168378
19.443954
11.212112
-26.75206
34.92064630109153
18.72676
10.499619
-26.75206
34.301693852809585
20.236328
11.255081
-26.106354
34.895953047058335
22.387894
11.96759
-27.503235
37.428183184391614
21.670715
11.255081
-26.804794
36.260084130788705
20.953522
10.542587
-26.106354
35.09612393183986
21.670715
11.96759
-25.407913
35.47400842077901
23.105087
12.680084
-26.106354
37.0967824029044
21.716614
10.569443
-26.119537
35.57463545139992
22.433792
12.70694
-26.119537
36.70111112237867
21.716614
10.569443
-24.024231
34.06593840157185
20.282227
11.281937
-25.421097
34.42213033268895
20.99942
9.856949
-27.516418
35.99011433821967
21.716614
9.856949
-25.421097
34.8568921404003
20.282227
10.569443
-26.119537
34.71760377270802
20.282227
9.14444
-28.214844
35.93141932252677
19.565048
11.281937
-25.421097
34.00449117281238
19.565048
9.856949
-28.214844
35.721533479143396
19.565048
10.569443
-26.817978
34.83831410793026
20.282227
9.856949
-25.421097
33.98176354908983
20.282227
9.14444
-26.817978
34.84527743288895
19.565048
11.281937
-27.516418
35.59812411391487
20.282227
11.994446
-26.817978
35.699292053554785
18.847855
12.70694
-26.817978
35.15553818723836
18.130676
11.994446
-26.119537
33.98261848908939
17.413483
11.994446
-26.817978
34.15113539588582
18.847855
13.419449
-27.516418
35.951030061738145
18.847855
14.844437
-26.817978
35.98336916473098
18.130676
11.994446
-26.817978
34.52234224756212
18.847855
11.994446
-26.119537
34.37060696360882
19.565048
12.70694
-28.214844
36.610583700170466
18.847855
12.70694
-28.214844
36.23238055097436
18.847855
13.419449
-26.119537
34.8934587966982
18.130676
12.70694
-26.817978
34.77630804962626
18.130676
12.70694
-26.119537
34.24058949185893
20.99942
11.994446
-26.119537
35.59596370146393
20.282227
11.994446
-25.421097
34.66219340098355
18.847855
11.281937
-27.516418
35.20904716053993
21.716614
12.70694
-27.516418
37.285801010991435
19.565048
10.569443
-26.817978
34.83831410793026
18.847855
12.70694
-26.119537
34.625687464971364
18.847855
12.70694
-28.214844
36.23238055097436
19.565048
11.281937
-27.516418
35.59812411391487
20.282227
12.70694
-26.817978
35.9449431830082
18.130676
13.419449
-26.817978
35.04293021435012
20.99942
11.994446
-25.421097
35.08667246920029
20.99942
13.419449
-26.119537
36.101073053109346
18.847855
10.569443
-25.421097
33.36445731191727
20.282227
11.994446
-26.817978
35.699292053554785
20.99942
13.419449
-27.516418
37.1242568843977
20.282227
11.994446
-27.516418
36.22690535879376
20.99942
11.281937
-26.817978
35.88121611542556
20.282227
10.569443
-26.817978
35.24607448499141
20.282227
10.569443
-25.421097
34.19523307193197
20.99942
10.569443
-25.421097
34.625437158792664
20.282227
9.14444
-26.817978
34.84527743288895
20.99942
12.70694
-27.516418
36.87268928141464
20.282227
9.856949
-27.516418
35.57641629625411
20.99942
11.281937
-26.119537
35.362240272773654
18.847855
11.281937
-27.516418
35.20904716053993
20.99942
9.14444
-28.214844
36.34107632039811
18.847855
10.569443
-27.516418
34.98725528283924
19.565048
11.281937
-26.817978
35.06104818184098
18.847855
11.281937
-26.817978
34.665943822905106
20.282227
8.431946
-26.119537
34.12765235514212
18.847855
11.994446
-28.214844
35.988689765197414
19.565048
10.569443
-28.913284
36.475775217730124
18.130676
10.569443
-29.611725
36.29447366141814
19.565048
11.281937
-27.516418
35.59812411391487
19.565048
10.569443
-28.913284
36.475775217730124
19.565048
9.856949
-27.516418
35.172485834322615
18.130676
9.856949
-30.310165
36.668609382719985
16.69629
11.281937
-29.611725
35.817627864227866
16.69629
8.431946
-28.913284
34.43605373551098
18.847855
10.569443
-30.310165
37.22446626443252
20.282227
9.14444
-28.913284
36.48242767822442
18.847855
9.856949
-28.913284
35.89399880746954
16.69629
9.856949
-28.214844
34.23452832576345
18.130676
10.569443
-28.913284
35.726916990642366
19.565048
9.14444
-29.611725
36.65059499218601
18.847855
9.14444
-29.611725
36.27280902831607
19.565048
9.14444
-29.611725
36.65059499218601
17.413483
9.14444
-29.611725
35.54861946268976
17.413483
10.569443
-28.913284
35.368354955052155
16.69629
11.281937
-29.611725
35.817627864227866
15.979111
11.281937
-30.310165
36.073815856236884
18.130676
11.281937
-30.310165
37.07707805095858
18.847855
11.281937
-29.611725
36.86974273964357
18.847855
11.281937
-29.611725
36.86974273964357
18.847855
11.994446
-29.611725
37.09397048691842
18.847855
11.281937
-28.913284
36.31117884322093
19.565048
11.994446
-29.611725
37.46347668010722
19.565048
9.856949
-28.913284
36.27573002528257
18.847855
12.70694
-30.310165
37.88685870456932
19.565048
11.994446
-28.913284
36.913897982437625
19.565048
9.856949
-28.913284
36.27573002528257
20.282227
10.569443
-30.310165
37.9708831062327
20.99942
10.569443
-30.310165
38.35876558833636
19.565048
9.856949
-28.913284
36.27573002528257
20.282227
10.569443
-29.611725
37.41571909179683
20.99942
9.856949
-31.008606
38.72555617640469
20.282227
9.14444
-28.913284
36.48242767822442
20.99942
10.569443
-29.611725
37.80929738503481
20.99942
9.856949
-27.516418
35.99011433821967
22.433792
7.7194366
-30.310165
38.491178220226644
22.433792
8.431946
-28.913284
37.55463793032926
22.433792
7.7194366
-29.611725
37.94362916407213
22.433792
8.431946
-28.913284
37.55463793032926
24.585358
7.0069427
-29.611725
39.120216735364274
21.716614
7.0069427
-28.913284
36.833225808195245
20.99942
5.5819397
-27.516418
35.06118918839872
22.433792
8.431946
-28.214844
37.019592046813536
23.150986
8.431946
-28.913284
37.987418250158825
22.433792
9.14444
-27.516418
36.66127483142976
21.716614
8.431946
-29.611725
37.677091613099265
22.433792
7.0069427
-29.611725
37.80511291478972
21.716614
7.7194366
-26.817978
35.36106657465064
21.716614
8.431946
-28.913284
37.130674808286884
23.150986
8.431946
-28.214844
37.45855457097718
22.433792
7.7194366
-28.214844
36.86383239262943
20.99942
9.14444
-28.214844
36.34107632039811
21.716614
8.431946
-28.913284
37.130674808286884
23.150986
7.7194366
-27.516418
36.77922214567112
21.716614
9.14444
-28.913284
37.29893034764033
21.716614
8.431946
-28.913284
37.130674808286884
21.716614
9.14444
-28.913284
37.29893034764033
23.150986
7.0069427
-30.310165
38.77849254902774
23.150986
7.7194366
-31.008606
39.45999940109446
21.716614
7.0069427
-29.611725
37.38399047908911
19.565048
7.0069427
-30.310165
36.75043513241544
20.99942
7.0069427
-28.913284
36.41498185253307
20.99942
8.431946
-30.310165
37.82564660406514
22.433792
8.431946
-29.611725
38.09497408820815
20.99942
8.431946
-29.611725
37.268319150515595
20.282227
8.431946
-31.008606
38.0
21.716614
7.7194366
-30.310165
38.077647334919476
21.716614
8.431946
-30.310165
38.228460093663365
20.282227
7.7194366
-30.310165
37.278204768755295
19.565048
7.7194366
-31.008606
37.468846108613185
20.282227
7.7194366
-29.611725
36.71256763113025
20.99942
9.14444
-32.40547
39.68262919175483
20.282227
9.856949
-32.40547
39.479650736368285
18.847855
9.856949
-29.611725
36.45895460780177
22.433792
10.569443
-29.611725
38.624375816659644
23.150986
10.569443
-30.310165
39.5776130049789
22.433792
8.431946
-30.310165
38.640378587972904
20.282227
7.7194366
-30.310165
37.278204768755295
22.433792
9.14444
-31.707031
39.902777966616874
20.99942
9.14444
-29.611725
37.435954423438304
23.150986
9.14444
-31.008606
39.76333183466584
22.433792
9.14444
-29.611725
38.25898587260253
22.433792
7.7194366
-29.611725
37.94362916407213
22.433792
7.7194366
-28.913284
37.401106580387435
21.716614
7.7194366
-28.913284
36.975384746455816
22.433792
7.0069427
-28.913284
37.26057355700359
23.868164
7.0069427
-28.913284
38.141375517503135
23.868164
8.431946
-31.707031
40.57243895471869
24.585358
7.7194366
-30.310165
39.78360963642094
23.150986
5.5819397
-30.310165
38.54649498191275
23.150986
7.7194366
-31.008606
39.45999940109446
23.150986
8.431946
-29.611725
38.521684361092326
23.868164
7.7194366
-29.611725
38.80893326002726
26.01973
8.431946
-30.310165
40.82683037078681
24.585358
6.294449
-30.310165
39.531836705132356
24.585358
7.0069427
-29.611725
39.120216735364274
24.585358
7.0069427
-29.611725
39.120216735364274
24.585358
6.294449
-28.913284
38.471261532047365
24.585358
7.0069427
-30.310165
39.651521585715976
25.302551
5.5819397
-31.008606
40.40929210802727
24.585358
5.5819397
-28.214844
37.83748528864927
24.585358
7.0069427
-28.214844
38.07380335549792
24.585358
7.0069427
-28.913284
38.59423709206791
25.302551
9.14444
-30.310165
40.52833601947917
23.868164
7.0069427
-30.310165
39.21087445825775
25.302551
7.0069427
-31.008606
40.63065315234223
23.150986
5.5819397
-30.310165
38.54649498191275
23.150986
7.7194366
-30.310165
38.913544120468195
24.585358
8.431946
-28.214844
38.36163435301441
24.585358
7.7194366
-31.008606
40.31827417464536
24.585358
7.7194366
-27.516418
37.6985790359282
25.302551
6.294449
-31.707031
41.05088365465627
26.736923
5.5819397
-30.310165
40.80106977668447
26.01973
5.5819397
-28.913284
39.29583124856408
25.302551
5.5819397
-29.611725
39.34757229248712
25.302551
4.1569366
-30.310165
39.70145239491403
26.736923
7.0069427
-29.611725
40.506967957685994
27.454102
4.869446
-28.913284
40.167365314744316
25.302551
5.5819397
-30.310165
39.87584797785653
26.736923
7.0069427
-31.707031
42.06300206331123
26.01973
5.5819397
-29.611725
39.81254292580103
26.01973
6.294449
-29.611725
39.91867495736253
25.302551
4.869446
-31.008606
40.31704643694076
24.585358
5.5819397
-30.310165
39.42466176238073
23.868164
3.4444427
-30.310165
38.73318372512612
26.736923
3.4444427
-29.611725
40.04474426149766
26.01973
6.294449
-31.707031
41.496773100258956
25.302551
5.5819397
-29.611725
39.34757229248712
28.171295
4.869446
-30.310165
41.66580793385927
25.302551
3.4444427
-30.310165
39.633185952064686
26.736923
6.294449
-30.310165
40.90463554396219
24.585358
7.0069427
-32.40547
41.275314793810175
24.585358
5.5819397
-28.913284
38.36112521465416
24.585358
6.294449
-29.611725
38.99889978666466
27.454102
6.294449
-29.611725
40.8681052456214
26.01973
7.7194366
-28.913284
39.655945255921274
24.585358
7.0069427
-29.611725
39.120216735364274
24.585358
8.431946
-30.310165
39.92798081976786
25.302551
8.431946
-30.310165
40.373542688482885
26.01973
7.7194366
-29.611725
40.16802478145708
25.302551
8.431946
-30.310165
40.373542688482885
27.454102
8.431946
-28.913284
40.752956540561264
25.302551
8.431946
-28.913284
39.33566984144289
26.736923
7.7194366
-28.214844
39.62991485440244
25.302551
9.14444
-31.008606
41.053301148095876
26.736923
9.856949
-28.214844
40.10112035237451
26.01973
8.431946
-30.310165
40.82683037078681
24.585358
8.431946
-30.310165
39.92798081976786
23.868164
9.14444
-30.310165
39.64865840455702
24.585358
9.856949
-30.310165
40.25301752566974
25.302551
7.7194366
-31.008606
40.7595697879268
27.454102
9.856949
-28.913284
41.07146496504599
24.585358
8.431946
-29.611725
39.40040413121577
26.01973
7.0069427
-28.214844
39.015393471479626
26.01973
9.14444
-31.008606
41.49916461885106
25.302551
9.856949
-32.40547
42.27875546965048
24.585358
7.0069427
-29.611725
39.120216735364274
24.585358
6.294449
-31.008606
40.06985782180135
22.433792
7.7194366
-30.310165
38.491178220226644
23.150986
8.431946
-29.611725
38.521684361092326
25.302551
7.0069427
-29.611725
39.57487402755535
24.585358
8.431946
-30.310165
39.92798081976786
23.868164
9.14444
-29.611725
39.117314665511294
23.150986
8.431946
-31.707031
40.154720909603206
24.585358
8.431946
-31.008606
40.460736115303035
20.99942
8.431946
-30.310165
37.82564660406514
23.150986
9.14444
-31.707031
40.310356047639914
23.150986
8.431946
-33.103912
41.266630762071244
23.150986
9.14444
-31.707031
40.310356047639914
21.716614
10.569443
-31.707031
39.858001434094916
22.433792
9.856949
-28.913284
37.90003265943101
22.433792
7.0069427
-31.707031
39.46780976710641
23.150986
9.14444
-31.707031
40.310356047639914
24.585358
9.856949
-31.008606
40.78152538221198
23.150986
9.856949
-33.103912
41.58120467267934
22.433792
7.0069427
-31.008606
38.90894349361162
22.433792
9.14444
-31.008606
39.35008822556024
22.433792
8.431946
-32.40547
40.30492903712274
22.433792
9.14444
-31.008606
39.35008822556024
21.716614
7.7194366
-32.40547
39.76576006853289
21.716614
7.7194366
-31.707031
39.19868448346673
20.282227
8.431946
-32.40547
39.14819350477746
23.150986
9.14444
-32.40547
40.86200696589987
21.716614
8.431946
-33.802353
41.0525042533187
21.716614
7.7194366
-32.40547
39.76576006853289
21.716614
7.7194366
-33.103912
40.33695660755004
21.716614
7.0069427
-33.103912
40.206686467784806
21.716614
8.431946
-31.707031
39.34520201847997
21.716614
9.856949
-32.40547
40.2353746841826
20.282227
9.14444
-32.40547
39.30781253105498
21.716614
9.14444
-31.008606
38.945676872668585
20.99942
10.569443
-31.707031
39.47182106519948
20.99942
9.856949
-33.103912
40.42281720007433
21.716614
9.856949
-33.802353
41.36870644638137
23.150986
12.70694
-33.103912
42.34741393281147
22.433792
11.281937
-32.40547
40.99599679151231
23.150986
11.994446
-32.40547
41.59266116625173
21.716614
10.569443
-32.40547
40.41582718334567
21.716614
11.281937
-32.40547
40.60798020882872
23.150986
12.70694
-31.707031
41.26463696280236
20.282227
10.569443
-31.008606
38.530708253490815
23.150986
11.281937
-31.707031
40.84832994836279
23.868164
10.569443
-31.707031
41.06991942103125
23.150986
11.281937
-31.008606
40.30860870269371
21.716614
11.994446
-32.40547
40.8116729792738
23.150986
9.856949
-33.103912
41.58120467267934
22.433792
11.281937
-31.008606
39.90101277301743
23.150986
11.994446
-32.40547
41.59266116625173
20.282227
11.994446
-32.40547
40.066820408615534
22.433792
10.569443
-32.40547
40.80567096866715
22.433792
12.70694
-31.008606
40.327098858506425
22.433792
7.7194366
-31.008606
39.043545401256786
24.585358
11.994446
-33.103912
42.94386495309167
23.150986
12.70694
-32.40547
41.80369687319083
22.433792
10.569443
-31.707031
40.25324800074368
23.150986
9.14444
-31.707031
40.310356047639914
23.150986
8.431946
-32.40547
40.708480933607376
23.150986
9.856949
-32.40547
41.02733463801908
25.302551
10.569443
-31.707031
41.91978132584007
21.716614
11.281937
-33.103912
41.167492651021085
23.150986
9.14444
-33.103912
41.418087930426005
21.716614
11.281937
-33.103912
41.167492651021085
22.433792
11.281937
-33.103912
41.55028456534248
23.150986
10.569443
-33.802353
42.31170518317375
21.716614
9.856949
-31.707031
39.675011876278155
21.716614
11.281937
-33.103912
41.167492651021085
21.716614
11.281937
-33.802353
41.73119401252422
23.868164
9.14444
-34.500793
42.93733652852797
24.585358
10.569443
-31.707031
41.49082753490523
24.585358
9.14444
-32.40547
41.69142949058895
23.150986
9.856949
-32.40547
41.02733463801908
23.150986
9.14444
-33.103912
41.418087930426005
23.150986
9.856949
-31.707031
40.47793693984724
23.868164
8.431946
-32.40547
41.12057406369863
23.150986
9.856949
-34.500793
42.70166709915287
22.433792
8.431946
-33.802353
41.436359924927345
23.150986
8.431946
-33.802353
41.82899758615427
23.150986
9.14444
-33.103912
41.418087930426005
22.433792
7.7194366
-34.500793
41.870867624925836
22.433792
8.431946
-34.500793
42.00806458567658
20.99942
7.7194366
-33.802353
40.535964632791675
21.716614
8.431946
-34.500793
41.62948373467566
20.99942
7.7194366
-34.500793
41.12019111321712
21.716614
8.431946
-34.500793
41.62948373467566
22.433792
8.431946
-33.802353
41.436359924927345
22.433792
7.0069427
-33.103912
40.59853705415381
20.282227
8.431946
-33.103912
39.72827015135129
21.716614
9.14444
-33.103912
40.63374304957334
20.99942
9.14444
-33.802353
40.83130608541227
22.433792
9.856949
-34.500793
42.31712723960004
24.585358
10.569443
-33.802353
43.113247096400805
22.433792
9.856949
-33.802353
41.749653523543614
22.433792
9.856949
-33.802353
41.749653523543614
21.716614
11.281937
-32.40547
40.60798020882872
22.433792
10.569443
-31.707031
40.25324800074368
22.433792
11.281937
-31.707031
40.44617342018819
22.433792
10.569443
-33.103912
41.36250932589046
23.150986
11.281937
-33.103912
41.941855737381395
23.868164
11.281937
-33.103912
42.34194530287018
21.716614
10.569443
-32.40547
40.41582718334567
22.433792
9.14444
-31.707031
39.902777966616874
22.433792
9.856949
-31.008606
39.52174107473158
20.99942
9.856949
-32.40547
39.85285128895265
21.716614
10.569443
-32.40547
40.41582718334567
20.99942
10.569443
-33.802353
41.17387329116457
23.150986
11.281937
-33.802353
42.495286388426365
21.716614
11.281937
-32.40547
40.60798020882872
21.716614
8.431946
-33.802353
41.0525042533187
23.150986
7.7194366
-33.802353
41.691209893955765
22.433792
9.14444
-33.802353
41.58719602289718
21.716614
9.14444
-33.802353
41.204748498542315
22.433792
7.7194366
-32.40547
40.161914422960315
23.150986
9.856949
-33.103912
41.58120467267934
23.150986
9.14444
-31.008606
39.76333183466584
23.868164
8.431946
-31.707031
40.57243895471869
22.433792
9.14444
-33.802353
41.58719602289718
23.868164
9.856949
-33.802353
42.53760399818319
21.716614
7.7194366
-33.103912
40.33695660755004
21.716614
6.294449
-32.40547
39.513871859587965
21.716614
7.7194366
-33.103912
40.33695660755004
23.150986
7.7194366
-33.103912
41.12696049895752
21.716614
7.7194366
-31.707031
39.19868448346673
22.433792
9.14444
-33.103912
41.02151743388005
21.716614
8.431946
-34.500793
41.62948373467566
20.99942
9.856949
-33.103912
40.42281720007433
20.99942
7.7194366
-33.103912
39.95540421735056
21.716614
8.431946
-33.802353
41.0525042533187
22.433792
7.0069427
-31.707031
39.46780976710641
23.150986
7.0069427
-33.103912
40.999199091834406
23.150986
9.14444
-31.707031
40.310356047639914
23.868164
5.5819397
-31.707031
40.07721429277177
22.433792
7.0069427
-33.103912
40.59853705415381
23.150986
7.7194366
-33.103912
41.12696049895752
20.282227
7.0069427
-33.103912
39.45041141658094
20.99942
8.431946
-34.500793
41.25988577090495
20.282227
6.294449
-31.707031
38.16182103832229
23.150986
6.294449
-32.40547
40.320005963037445
21.716614
6.294449
-33.103912
40.08865754633332
22.433792
4.869446
-34.500793
41.4402130757749
22.433792
4.1569366
-33.103912
40.2047782525403
21.716614
5.5819397
-33.103912
39.98297672428073
20.99942
6.294449
-34.500793
40.87664996908764
20.99942
4.869446
-33.103912
39.503875156036905
21.716614
6.294449
-33.802353
40.6673157020014
19.565048
4.869446
-32.40547
38.165654553538054
20.99942
7.0069427
-33.802353
40.40633610054632
20.99942
9.14444
-32.40547
39.68262919175483
21.716614
7.0069427
-31.008606
38.499898538827345
23.150986
7.0069427
-29.611725
38.235058228468475
20.99942
7.7194366
-31.707031
38.8059418523359
22.433792
6.294449
-31.707031
39.34756608776774
20.99942
7.7194366
-32.40547
39.37867356375307
22.433792
8.431946
-32.40547
40.30492903712274
21.716614
7.7194366
-31.008606
38.63592394573507
22.433792
8.431946
-33.103912
40.868590619432304
21.716614
9.14444
-32.40547
40.06677775523632
22.433792
8.431946
-31.008606
39.190641383757836
23.150986
9.14444
-30.310165
39.22110457324363
23.868164
7.7194366
-32.40547
40.98040452078896
23.150986
8.431946
-31.707031
40.154720909603206
23.868164
7.7194366
-31.008606
39.88499244164793
21.716614
9.14444
-31.707031
39.504023479814684
22.433792
9.14444
-30.310165
38.80208665408263
24.585358
8.431946
-31.008606
40.460736115303035
24.585358
7.7194366
-32.40547
41.402224155702825
24.585358
9.856949
-31.008606
40.78152538221198
23.150986
7.0069427
-31.008606
39.326822895111135
24.585358
8.431946
-31.707031
40.998454739363346
23.868164
7.7194366
-31.707031
40.43036910657322
23.868164
8.431946
-30.310165
39.49041863620212
24.585358
4.1569366
-31.008606
39.790120157011025
26.01973
6.294449
-31.707031
41.496773100258956
23.868164
7.7194366
-31.008606
39.88499244164793
24.585358
6.294449
-31.707031
40.61275356280493
24.585358
7.0069427
-31.008606
40.18794195664836
25.302551
7.0069427
-29.611725
39.57487402755535
26.01973
5.5819397
-32.40547
41.93207543391231
24.585358
4.869446
-30.310165
39.33010833795147
26.736923
5.5819397
-30.310165
40.80106977668447
25.302551
7.0069427
-30.310165
40.10015537298453
26.01973
5.5819397
-30.310165
40.33472921514876
26.01973
6.294449
-31.008606
40.965594486600885
26.736923
6.294449
-30.310165
40.90463554396219
25.302551
6.294449
-29.611725
39.45495509369276
26.736923
6.294449
-30.310165
40.90463554396219
26.01973
5.5819397
-30.310165
40.33472921514876
27.454102
5.5819397
-28.913284
40.259952428328205
28.888489
5.5819397
-28.913284
41.2514352259788
27.454102
7.0069427
-30.310165
41.49133651570379
28.888489
4.869446
-28.913284
41.16107839938113
26.01973
5.5819397
-30.310165
40.33472921514876
26.736923
5.5819397
-29.611725
40.28492728317798
27.454102
4.869446
-29.611725
40.67300649117606
28.888489
4.869446
-31.008606
42.6589957335166
27.454102
6.294449
-30.310165
41.37697373030228
28.171295
5.5819397
-29.611725
41.250868539625166
27.454102
4.1569366
-30.310165
41.1061307989187
28.171295
4.869446
-30.310165
41.66580793385927
28.171295
4.1569366
-30.310165
41.58855797328004
27.454102
4.1569366
-30.310165
41.1061307989187
28.171295
4.1569366
-28.913284
40.581770870097884
27.454102
2.0194397
-30.310165
40.94523125945957
26.736923
2.7319489
-30.310165
40.509661993699105
27.454102
3.4444427
-28.913284
40.019619517045165
28.171295
6.294449
-31.008606
42.364792396111476
26.01973
5.5819397
-29.611725
39.81254292580103
27.454102
7.0069427
-29.611725
40.98388950818053
27.454102
2.7319489
-29.611725
40.47277519798417
28.171295
4.1569366
-29.611725
41.08231185870934
27.454102
2.7319489
-28.913284
39.96460073018918
27.454102
3.4444427
-28.214844
39.517961884735875
26.736923
4.869446
-28.214844
39.17463280579347
26.736923
4.869446
-30.310165
40.709711859069174
28.171295
5.5819397
-29.611725
41.250868539625166
27.454102
3.4444427
-29.611725
40.52710410320712
26.01973
7.0069427
-28.913284
39.523430550750525
28.171295
7.0069427
-28.214844
40.482051687001515
28.171295
7.0069427
-29.611725
41.467738837050334
27.454102
5.5819397
-28.214844
39.76132712530638
26.736923
5.5819397
-27.516418
38.77079205286178
28.171295
6.294449
-28.913284
40.85608853895739
26.01973
4.869446
-27.516418
38.18234033268849
26.01973
8.431946
-27.516418
38.797903857682826
28.171295
4.869446
-27.516418
39.67980055728135
26.01973
6.294449
-27.516418
38.390097167718594
25.302551
7.0069427
-28.214844
38.54080693016332
27.454102
5.5819397
-28.913284
40.259952428328205
26.736923
6.294449
-26.817978
38.38863128217454
27.454102
4.869446
-27.516418
39.17387559709755
27.454102
4.1569366
-26.817978
38.60326141652008
27.454102
6.294449
-26.119537
38.413252959488965
26.01973
4.869446
-24.722656
36.22081597321663
28.888489
4.869446
-26.119537
39.24903275579699
28.171295
6.294449
-26.119537
38.92906585019412
25.302551
4.869446
-26.817978
37.190516553072705
27.454102
7.0069427
-26.817978
39.01318762410667
26.736923
7.7194366
-26.119537
38.16651652166382
29.605667
5.5819397
-27.516418
40.802045105185904
26.736923
6.294449
-27.516418
38.87976947731783
26.01973
5.5819397
-27.516418
38.27972892386224
26.01973
6.294449
-27.516418
38.390097167718594
27.454102
7.0069427
-26.817978
39.01318762410667
27.454102
7.0069427
-27.516418
39.496560248765654
27.454102
5.5819397
-26.119537
38.30294984458606
27.454102
7.0069427
-26.817978
39.01318762410667
27.454102
4.869446
-25.421097
37.731570159731625
28.171295
4.1569366
-25.421097
38.172428234836595
29.605667
5.5819397
-27.516418
40.802045105185904
27.454102
5.5819397
-28.214844
39.76132712530638
26.736923
4.869446
-27.516418
38.67464005266403
27.454102
4.1569366
-26.817978
38.60326141652008
27.454102
4.869446
-27.516418
39.17387559709755
27.454102
4.869446
-24.722656
37.26458004300129
28.171295
4.1569366
-27.516418
39.59867798110895
29.605667
4.869446
-28.913284
41.66755402700943
26.736923
2.7319489
-28.214844
38.966704412028164
29.605667
4.869446
-26.119537
39.77985992759873
28.888489
4.1569366
-26.817978
39.636205779485884
28.171295
5.5819397
-26.119537
38.82022838464423
28.171295
4.1569366
-28.214844
40.08714871610975
27.454102
4.1569366
-27.516418
39.09170158502313
28.171295
4.869446
-26.817978
39.19869071175241
28.171295
6.294449
-26.817978
39.40108882735666
26.736923
4.869446
-27.516418
38.67464005266403
28.888489
7.7194366
-28.214844
41.11218692872589
27.454102
7.0069427
-27.516418
39.496560248765654
28.171295
6.294449
-27.516418
39.8797600754051
29.605667
7.7194366
-26.817978
40.68524529323023
28.171295
8.431946
-27.516418
40.272481953989065
28.171295
8.431946
-26.119537
39.331283084862136
28.888489
9.14444
-26.119537
40.004946593554216
28.888489
9.14444
-24.722656
39.10722751794897
28.888489
9.14444
-24.722656
39.10722751794897
27.454102
7.7194366
-26.817978
39.147431107349654
28.171295
9.14444
-25.421097
39.03171599501648
29.605667
9.856949
-26.119537
40.692570008617665
28.888489
7.7194366
-26.119537
39.703460127471885
28.171295
7.0069427
-26.119537
39.05059974981578
28.171295
6.294449
-24.024231
37.555367654283955
28.888489
8.431946
-24.024231
38.507222080328646
28.171295
7.7194366
-24.024231
37.820302010172064
28.888489
7.7194366
-25.421097
39.24750564327305
30.32286
7.0069427
-26.817978
41.08256442347988
28.888489
8.431946
-25.421097
39.39384159814038
28.888489
7.0069427
-25.421097
39.11360719210292
30.32286
7.0069427
-26.119537
40.630079309872905
28.888489
7.0069427
-24.722656
38.6633134462196
30.32286
7.7194366
-25.421097
40.31498296616904
29.605667
5.5819397
-25.421097
39.41935745528458
28.888489
7.7194366
-24.024231
38.35750536431478
28.888489
7.0069427
-25.421097
39.11360719210292
30.32286
7.0069427
-25.421097
40.184640073684406
30.32286
7.0069427
-24.722656
39.74648206966325
29.605667
6.294449
-24.722656
39.081009677115716
30.32286
7.0069427
-24.024231
39.31585960406118
29.605667
7.7194366
-25.421097
39.77835319382264
30.32286
5.5819397
-26.817978
40.86364999146552
30.32286
5.5819397
-26.817978
40.86364999146552
27.454102
4.869446
-26.817978
38.68647136152702
29.605667
7.7194366
-26.119537
40.22829140900095
28.888489
7.7194366
-24.722656
38.79876593760748
29.605667
6.294449
-27.516418
40.905608403104395
28.171295
7.7194366
-26.119537
39.184715062524695
29.605667
8.431946
-26.119537
40.37107239507176
29.605667
6.294449
-25.421097
39.526545236338485
28.888489
7.7194366
-25.421097
39.24750564327305
29.605667
7.0069427
-26.119537
40.09766823702938
29.605667
7.0069427
-26.817978
40.55609240125798
30.32286
6.294449
-27.516418
41.42763893318234
27.454102
7.0069427
-27.516418
39.496560248765654
27.454102
7.7194366
-28.214844
40.11726281029932
26.736923
7.0069427
-28.214844
39.497311271227694
28.171295
7.0069427
-28.214844
40.482051687001515
28.888489
6.294449
-27.516418
40.38957929013838
28.171295
5.5819397
-28.214844
40.259872078841575
29.605667
6.294449
-29.611725
42.34347468775812
28.171295
5.5819397
-30.310165
41.75507255393499
26.736923
5.5819397
-29.611725
40.28492728317798
27.454102
7.0069427
-29.611725
40.98388950818053
26.01973
5.5819397
-27.516418
38.27972892386224
27.454102
6.294449
-29.611725
40.8681052456214
26.736923
7.0069427
-29.611725
40.506967957685994
26.01973
7.0069427
-30.310165
40.55649873748657
26.01973
9.14444
-29.611725
40.466051731957215
27.454102
10.569443
-32.40547
43.76705861629126
28.171295
8.431946
-29.611725
41.732168078582525
28.171295
10.569443
-30.310165
42.70879461768164
26.736923
9.14444
-29.611725
40.930894624545225
28.888489
9.14444
-28.214844
41.40341676627516
27.454102
10.569443
-29.611725
41.7408093598534
28.171295
8.431946
-30.310165
42.230626105351554
27.454102
11.281937
-29.611725
41.9268889100047
27.454102
10.569443
-28.913284
41.24825990647969
27.454102
9.856949
-29.611725
41.56610945323275
28.171295
9.856949
-29.611725
42.04325746236696
28.888489
9.14444
-28.913284
41.88249699680643
28.171295
9.14444
-29.611725
41.88194030639131
28.171295
9.856949
-28.214844
41.07138471707674
27.454102
9.14444
-29.611725
41.40293176562576
28.171295
9.14444
-31.008606
42.88095576345635
26.736923
9.856949
-31.008606
42.11361006068881
28.171295
7.7194366
-28.913284
41.09975300735547
27.454102
9.856949
-29.611725
41.56610945323275
28.888489
9.856949
-29.611725
42.52714981843584
27.454102
8.431946
-30.310165
41.755616318534024
27.454102
7.0069427
-30.310165
41.49133651570379
27.454102
7.7194366
-28.214844
40.11726281029932
28.171295
9.14444
-31.008606
42.88095576345635
26.01973
7.7194366
-29.611725
40.16802478145708
29.605667
7.0069427
-29.611725
42.455235501459356
27.454102
7.0069427
-29.611725
40.98388950818053
27.454102
7.0069427
-28.913284
40.482131595503034
27.454102
6.294449
-29.611725
40.8681052456214
27.454102
6.294449
-29.611725
40.8681052456214
28.171295
7.7194366
-28.913284
41.09975300735547
28.171295
7.0069427
-29.611725
41.467738837050334
26.736923
7.0069427
-29.611725
40.506967957685994
28.171295
5.5819397
-28.913284
40.752397899636684
26.01973
5.5819397
-31.008606
40.86218322089662
26.736923
6.294449
-29.611725
40.389818052867604
26.736923
6.294449
-31.707031
41.95019630140677
25.302551
5.5819397
-30.310165
39.87584797785653
27.454102
7.0069427
-29.611725
40.98388950818053
28.888489
6.294449
-29.611725
41.845180905799204
26.736923
5.5819397
-29.611725
40.28492728317798
27.454102
4.1569366
-28.214844
39.586427030967634
28.171295
2.7319489
-28.214844
39.96451978689191
27.454102
2.7319489
-29.611725
40.47277519798417
25.302551
3.4444427
-29.611725
39.10163040079019
26.736923
4.1569366
-30.310165
40.63064564136749
25.302551
4.1569366
-28.913284
38.64553395829685
26.736923
3.4444427
-29.611725
40.04474426149766
26.736923
4.1569366
-29.611725
40.112310286537195
25.302551
3.4444427
-31.008606
40.16985117422487
26.01973
4.1569366
-31.707031
41.22671869048487
25.302551
4.869446
-31.008606
40.31704643694076
24.585358
4.1569366
-29.611725
38.711422329204076
26.736923
2.7319489
-31.707031
41.56515792723065
25.302551
3.4444427
-30.310165
39.633185952064686
25.302551
4.1569366
-31.008606
40.23720863807994
24.585358
2.7319489
-30.310165
39.12300470401414
26.01973
4.1569366
-31.707031
41.22671869048487
26.736923
5.5819397
-31.707031
41.84921664253406
23.868164
3.4444427
-33.103912
40.95634853538048
23.868164
4.1569366
-31.008606
39.35102351601306
25.302551
4.1569366
-31.707031
40.77787492020413
23.868164
4.869446
-32.40547
40.540293300115316
26.01973
4.869446
-33.103912
42.38639889780019
23.868164
4.1569366
-33.103912
41.02241312875499
24.585358
2.0194397
-32.40547
40.726312972811265
23.868164
2.7319489
-31.707031
39.78050587236087
24.585358
4.869446
-33.103912
41.52132300001862
24.585358
4.869446
-31.707031
40.41642067955641
24.585358
2.7319489
-33.103912
41.3252037011011
23.868164
3.4444427
-31.707031
39.83577892079634
23.868164
4.869446
-31.008606
39.43265558102669
25.302551
4.1569366
-31.707031
40.77787492020413
23.868164
3.4444427
-31.707031
39.83577892079634
25.302551
4.1569366
-31.008606
40.23720863807994
25.302551
4.1569366
-32.40547
41.32328510176269
25.302551
4.869446
-31.707031
40.85665621929767
22.433792
6.294449
-32.40547
39.912526424983426
24.585358
4.869446
-31.008606
39.87085322040949
25.302551
5.5819397
-32.40547
41.49086431118376
25.302551
5.5819397
-32.40547
41.49086431118376
24.585358
4.1569366
-31.707031
40.3367795706699
25.302551
2.7319489
-31.008606
40.1150384344045
25.302551
3.4444427
-31.008606
40.16985117422487
26.01973
1.3069458
-32.40547
41.57943146669697
25.302551
2.0194397
-31.008606
40.07281884952536
26.01973
2.0194397
-33.103912
42.154162174948695
25.302551
3.4444427
-31.707031
40.711413503502
26.01973
4.1569366
-32.40547
41.766267999165606
25.302551
0.59443665
-32.40547
41.11796458628211
24.585358
1.3069458
-33.103912
41.255508332505585
26.01973
1.3069458
-31.008606
40.5002230414383
26.01973
2.0194397
-30.310165
39.99763176583084
25.302551
2.0194397
-31.707031
40.61567501151033
25.302551
2.0194397
-32.40547
41.16323438742849
26.736923
1.3069458
-33.802353
43.11809699054374
25.302551
1.3069458
-32.40547
41.13443654794833
26.736923
1.3069458
-33.802353
43.11809699054374
25.302551
0.59443665
-32.40547
41.11796458628211
26.01973
-0.11805725
-31.707031
41.01677676954273
26.01973
0.59443665
-33.103912
42.1099591216444
26.01973
1.3069458
-31.707031
41.03742575381648
27.454102
-2.2555542
-34.500793
44.1488404965238
25.302551
-0.11805725
-32.40547
41.1138377708771
25.302551
-0.83055115
-33.103912
41.67466801429332
26.01973
-0.83055115
-33.103912
42.11395499211781
25.302551
-0.11805725
-33.103912
41.666557942566484
25.302551
-2.2555542
-33.802353
42.28363467961039
25.302551
-2.2555542
-33.802353
42.28363467961039
23.868164
1.3069458
-33.103912
40.8321730675931
26.01973
-0.11805725
-34.500793
43.21278712028565
23.868164
2.7319489
-33.802353
41.469892128205494
25.302551
0.59443665
-33.802353
42.22761692138659
25.302551
-0.11805725
-34.500793
42.784785167123076
24.585358
0.59443665
-34.500793
42.36859568584525
25.302551
-1.5430603
-33.802353
42.251617942393636
26.01973
0.59443665
-33.103912
42.1099591216444
24.585358
-0.11805725
-33.802353
41.79776138078824
24.585358
1.3069458
-35.19922
42.955010587477595
24.585358
1.3069458
-35.19922
42.955010587477595
23.868164
-0.83055115
-33.802353
41.38814167710813
23.868164
-1.5430603
-33.103912
40.84041296381181
24.585358
-0.83055115
-35.19922
42.94315572967871
26.01973
1.3069458
-35.19922
43.79177414106301
23.150986
2.7319489
-35.19922
42.21867771551917
23.868164
1.3069458
-33.802353
41.40044180961418
23.150986
2.7319489
-34.500793
41.638162450636855
26.736923
3.4444427
-34.500793
43.78392378969563
23.868164
2.7319489
-34.500793
42.04114224901082
23.868164
4.1569366
-35.89766
43.308328623083575
23.868164
1.3069458
-33.802353
41.40044180961418
23.868164
4.1569366
-35.19922
42.731187038311084
24.585358
2.0194397
-35.89766
43.55639920963824
24.585358
0.59443665
-35.19922
42.93923702363463
22.433792
2.7319489
-33.103912
40.08250920221079
23.150986
2.7319489
-34.500793
41.638162450636855
23.868164
3.4444427
-34.500793
42.09344695278812
24.585358
2.0194397
-34.500793
42.412530623699524
23.150986
2.7319489
-35.19922
42.21867771551917
23.868164
2.7319489
-35.19922
42.61616849721256
24.585358
4.1569366
-35.19922
43.13588942000254
22.433792
4.1569366
-35.89766
42.53465814550162
23.150986
4.869446
-36.5961
43.57699050602852
24.585358
3.4444427
-36.5961
44.22192457685723
23.868164
2.7319489
-35.89766
43.194846912620115
26.736923
4.869446
-34.500793
43.91900948941415
24.585358
2.7319489
-34.500793
42.452423393171856
25.302551
4.869446
-33.802353
42.50329146261793
25.302551
3.4444427
-34.500793
42.92304956074009
24.585358
4.1569366
-35.89766
43.70768740709765
25.302551
2.0194397
-34.500793
42.83225479450329
23.868164
4.869446
-34.500793
42.23393856137798
25.302551
3.4444427
-34.500793
42.92304956074009
26.01973
2.7319489
-34.500793
43.29889926700649
26.736923
2.0194397
-33.802353
43.14557084108547
27.454102
1.3069458
-35.19922
44.65893973705041
27.454102
-0.11805725
-31.008606
41.41588183963596
25.302551
2.0194397
-32.40547
41.16323438742849
26.736923
2.7319489
-32.40547
42.100370094684145
26.736923
1.3069458
-31.707031
41.4958670522966
