23.909378
14.1427765
-25.977356
38.03287409227378
24.626572
14.855286
-25.977356
38.755263629401036
24.626572
13.430283
-28.072662
39.68519770635126
24.626572
14.855286
-26.675781
39.22683868280587
26.060944
14.1427765
-25.977356
39.42098319443117
22.475006
14.855286
-25.977356
37.42497051393294
24.626572
12.717789
-27.374222
38.95584815491443
22.475006
14.855286
-26.675781
37.913094175507986
25.34375
14.855286
-25.278915
38.75575814072665
23.909378
14.1427765
-28.771103
39.99316042599503
24.626572
13.430283
-27.374222
39.194240349348526
24.626572
14.1427765
-27.374222
39.44406455368951
21.757813
14.1427765
-25.977356
36.718435836421975
23.909378
12.00528
-25.278915
36.807726306039505
22.475006
13.430283
-28.072662
38.387143080805714
23.909378
12.717789
-26.675781
38.01312671610131
22.475006
13.430283
-28.771103
38.90083264241831
23.1922
12.00528
-26.675781
37.33098140755963
24.626572
13.430283
-27.374222
39.194240349348526
24.626572
13.430283
-27.374222
39.194240349348526
24.626572
14.855286
-26.675781
39.22683868280587
22.475006
14.1427765
-25.977356
37.147907626347205
23.1922
14.855286
-27.374222
38.831760707550174
23.909378
15.56778
-27.374222
39.53937509138438
24.626572
14.855286
-27.374222
39.70510805260137
25.34375
14.855286
-25.977356
39.21489647402821
26.060944
12.717789
-26.675781
39.401931513965785
23.909378
12.717789
-25.278915
37.0462423501443
26.778137
13.430283
-25.977356
39.6517863425628
26.060944
12.717789
-25.977356
38.93247892234789
24.626572
14.855286
-25.278915
38.29061428833605
26.060944
12.717789
-24.580475
38.01466488203927
27.495316
12.717789
-27.374222
40.82992186535813
27.495316
11.292786
-27.374222
40.40875439357943
26.060944
11.292786
-25.977356
38.49055503819655
26.060944
9.867783
-28.072662
39.555282344184135
26.060944
10.5802765
-28.072662
39.73901676092402
26.060944
9.867783
-27.374222
39.062692187027224
27.495316
9.867783
-28.072662
40.514687971231496
26.778137
9.155289
-28.072662
39.861791258594366
24.626572
9.155289
-27.374222
37.94252727450509
25.34375
8.44278
-28.771103
39.26019038196485
24.617294
9.866318
-29.462708
39.64096989404554
25.334473
10.578812
-29.462708
40.27155139254633
25.334473
9.866318
-27.367386
38.576593479117946
26.051666
10.578812
-28.065826
39.727714001256416
26.051666
10.578812
-27.367386
39.23741152128444
26.76886
9.866318
-26.668945
39.05315200647222
26.051666
9.153824
-26.668945
38.38898901428719
25.334473
10.578812
-25.97052
37.79172660264909
26.76886
11.291321
-27.367386
39.91289955366874
26.051666
12.716324
-25.97052
38.92122891876456
25.33252
12.002838
-27.366898
39.1759072515797
25.33252
12.002838
-25.970032
38.21318246957619
25.33252
12.002838
-25.271591
37.74199263171594
24.615341
11.290344
-28.065338
39.00064164636429
26.766907
11.290344
-25.271591
38.50444817546247
26.049713
12.715347
-27.366898
39.86495452912715
23.898148
12.715347
-27.366898
38.49348691864963
27.484085
13.427841
-28.065338
41.51319179216936
24.615341
11.290344
-26.668457
38.00780848535436
22.463776
10.577835
-25.970032
35.92985312665674
26.766907
12.002838
-27.366898
40.118355174097054
23.898148
12.002838
-25.970032
37.2777692476109
26.049713
14.140335
-26.668457
39.8715834155417
24.615341
12.715347
-25.271591
37.499978841139864
23.898148
12.715347
-28.763779
39.49881636379279
22.463776
12.715347
-29.46222
39.170443045725655
24.615341
12.715347
-27.366898
38.94280724765647
23.18097
9.865341
-28.065338
37.7139955319557
23.898148
9.865341
-26.668457
37.143681510747896
23.18097
10.577835
-25.970032
36.382556667825035
24.615341
9.152847
-28.763779
38.94925773021066
23.898148
8.440338
-28.065338
37.815657151254825
26.069244
9.869247
-28.777939
40.06466330937713
24.634872
13.431747
-27.381058
39.20473479656188
23.193665
13.426865
-27.37764
38.31138163640963
23.910843
11.289368
-28.07608
38.56740307666728
23.193665
12.001862
-25.980774
36.83736327436876
23.910843
12.001862
-27.37764
38.279344659216186
23.910843
9.864365
-28.07608
38.17460272181952
24.628036
10.5768585
-27.37764
38.31377444862357
23.910843
11.289368
-28.77452
39.07878254394816
25.345215
10.5768585
-28.07608
39.2748789085498
25.345215
10.5768585
-27.37764
38.77866725636258
25.345215
9.864365
-25.980774
37.61231552692382
23.910843
13.426865
-30.171387
40.771579013737465
24.628036
11.289368
-28.07608
39.016103696502675
21.759277
10.5768585
-26.6792
36.01549281429104
25.345215
9.151871
-26.6792
37.919866294142246
25.364746
9.155777
-28.083405
38.934255106565544
26.08194
9.155777
-26.686523
38.42221177160257
24.647568
10.580765
-27.384964
38.332642479904614
24.647568
10.580765
-25.289658
36.86491519936334
25.364746
11.293274
-25.289658
37.55629238431624
25.364746
11.293274
-25.988098
38.030113736107204
26.08194
10.580765
-27.384964
39.270300408077155
26.08194
9.155777
-23.892776
36.537112246167766
25.364746
9.868271
-25.988098
37.631559592232556
26.799133
10.580765
-25.988098
38.80112554746318
26.799133
12.005768
-25.289658
38.75433915977587
26.08194
9.868271
-26.686523
38.59819685919603
24.647568
9.155777
-25.289658
36.481470708814975
26.799133
9.155777
-28.781845
40.37841480092968
24.647568
7.730774
-26.686523
37.140786048241495
25.364746
9.155777
-25.988098
37.45103248222103
24.647568
9.155777
-25.988098
36.9690702913006
23.930374
9.155777
-25.289658
36.00080362058776
24.647568
9.868271
-25.289658
36.66677172096693
26.799133
9.155777
-25.988098
38.437001394123804
27.516312
9.155777
-25.289658
38.47781803154579
26.799133
6.305771
-24.591217
36.9145543948708
28.233505
8.443268
-25.988098
39.2912303351524
26.08194
7.018265
-25.988098
37.482059510601204
26.08194
5.593277
-27.384964
38.22941963188331
26.799133
6.305771
-25.289658
37.3834598624721
27.516312
7.018265
-25.988098
38.49395625249177
25.364746
6.305771
-27.384964
37.85590226024866
26.08194
7.018265
-25.289658
37.00122068298896
24.647568
7.018265
-25.988098
36.49849164798629
24.647568
5.593277
-27.384964
37.26558241611823
25.364746
6.305771
-27.384964
37.85590226024866
23.930374
6.305771
-28.083405
37.431312419070515
23.930374
7.018265
-25.988098
36.01805170783291
26.08194
8.443268
-25.988098
37.77482627359125
23.213196
7.730774
-27.384964
36.72265936635717
24.647568
7.730774
-28.083405
38.156848249814544
24.647568
7.730774
-28.083405
38.156848249814544
26.08194
5.593277
-28.781845
39.24215717075276
23.930374
4.880768
-25.988098
35.663229898550625
26.1503
3.450882
-26.714844
37.54237026919967
26.1503
3.450882
-27.413284
38.042540179136964
24.715927
2.738388
-26.714844
36.497379574708
26.867493
2.0258942
-27.413284
38.43767149351987
26.1503
2.0258942
-29.508606
39.48037734511285
26.1503
2.738388
-28.111725
38.49163489683505
25.433105
2.0258942
-26.016418
36.43900417671461
26.867493
4.163391
-28.111725
39.10837618580737
24.715927
2.738388
-26.714844
36.497379574708
26.1503
4.163391
-26.016418
37.121770955953195
24.715927
3.450882
-26.016418
36.050515231234904
27.584671
3.450882
-27.413284
39.042422965482366
23.998734
3.450882
-26.714844
36.0767326631506
25.433105
2.738388
-26.714844
36.98681405666755
26.867493
2.738388
-26.714844
37.987416643438486
27.584671
4.163391
-26.016418
38.145796709999715
26.867493
4.875885
-26.016418
37.71591810516649
28.301865
7.013382
-26.714844
39.545745242653794
24.715927
6.300888
-27.413284
37.44417720086796
26.867493
5.588394
-26.016418
37.81463062179108
28.301865
4.163391
-26.714844
39.140927518790996
25.433105
6.300888
-26.714844
37.41960457621947
26.867493
4.875885
-26.714844
38.20103841438738
26.1503
7.725891
-28.111725
39.16371574377711
25.433105
7.725891
-28.111725
38.6885159902942
25.433105
6.300888
-27.413284
37.92139536676492
27.584671
7.013382
-26.016418
38.561062827757354
24.715927
7.725891
-27.413284
37.710140380274375
26.1503
7.013382
-28.111725
39.029407857849634
26.1503
4.875885
-25.317978
36.72345714509324
26.867493
5.588394
-24.619537
36.86751943456208
26.867493
4.875885
-26.016418
37.71591810516649
27.584671
5.588394
-27.413284
39.28908657908389
25.433105
4.875885
-26.016418
36.7079156223278
26.867493
5.588394
-26.016418
37.81463062179108
26.1503
5.588394
-26.714844
37.798825652434296
26.1503
6.300888
-26.714844
37.91071310287832
27.584671
5.588394
-25.317978
37.8568922008843
25.433105
7.013382
-26.714844
37.54614673659103
26.1503
7.725891
-26.016418
37.68795022015492
25.433105
5.588394
-26.016418
36.809333082156286
28.301865
4.163391
-25.317978
38.20116942847594
26.867493
5.588394
-25.317978
37.33754524813127
29.019043
4.875885
-26.016418
39.27764191364949
26.867493
4.163391
-26.016418
37.630440454878084
25.433105
3.450882
-25.317978
36.05206602739641
26.1503
6.300888
-26.016418
37.42182933191368
25.433105
2.738388
-26.016418
36.48555271118453
26.1503
2.738388
-28.111725
38.49163489683505
25.433105
4.163391
-26.016418
36.62008519444538
25.433105
4.163391
-26.714844
37.11952986057761
25.433105
6.300888
-26.714844
37.41960457621947
23.998734
6.300888
-26.714844
36.45988538363087
23.281555
7.013382
-26.714844
36.1234151631165
23.998734
6.300888
-26.714844
36.45988538363087
26.867493
4.875885
-26.714844
38.20103841438738
25.433105
5.588394
-26.016418
36.809333082156286
26.1503
4.875885
-24.619537
36.24546880354926
25.433105
4.875885
-27.413284
37.71081044752784
24.715927
3.450882
-26.714844
36.55774207824349
27.584671
5.588394
-26.714844
38.80498870554532
27.584671
4.163391
-26.016418
38.145796709999715
28.301865
4.163391
-26.714844
39.140927518790996
26.867493
3.450882
-25.317978
37.077901126589204
27.584671
3.450882
-26.016418
38.07461931184851
26.1503
4.875885
-24.619537
36.24546880354926
26.1503
4.875885
-24.619537
36.24546880354926
27.584671
7.013382
-23.222656
36.73408921624266
26.867493
7.013382
-26.016418
38.05132962885052
26.867493
7.013382
-23.222656
36.19863851948112
27.584671
7.725891
-22.524231
36.44097224290006
28.301865
6.300888
-23.921097
37.58876863298065
26.867493
7.013382
-24.619537
37.11025985787152
26.1503
7.725891
-24.619537
36.737571638880475
26.867493
7.013382
-23.921097
36.65062829867313
27.584671
6.300888
-25.317978
37.96860853883113
27.584671
6.300888
-24.619537
37.5064903237593
29.736237
6.300888
-23.921097
38.68027686508171
27.584671
8.438385
-25.317978
38.38125012721869
29.736237
5.588394
-23.222656
38.14138991961357
29.019043
5.588394
-25.317978
38.91445696572804
28.301865
6.300888
-26.016418
38.9557541481358
28.301865
6.300888
-26.016418
38.9557541481358
26.1503
7.013382
-26.714844
38.03562141064281
26.867493
6.300888
-25.317978
37.45081246771807
26.1503
7.013382
-26.016418
37.548363994612004
28.301865
7.013382
-27.413284
40.020883830546836
26.1503
5.588394
-26.714844
37.798825652434296
27.584671
7.013382
-27.413284
39.51695486344675
28.301865
7.013382
-25.317978
38.61584008498002
28.301865
5.588394
-26.016418
38.84687518854074
28.301865
5.588394
-26.714844
39.318043813698786
28.301865
6.300888
-27.413284
39.902190597173046
26.867493
4.875885
-27.413284
38.69269326008142
26.1503
6.300888
-26.714844
37.91071310287832
27.584671
7.725891
-26.714844
39.16996779361868
27.584671
7.725891
-24.619537
37.77201474181977
29.019043
6.300888
-23.921097
38.13167846218876
27.584671
7.013382
-24.619537
37.63274032715728
29.736237
7.013382
-27.413284
41.04777014155275
29.019043
4.163391
-27.413284
40.13635207405501
29.019043
3.450882
-24.619537
38.21171299177289
29.736237
4.163391
-26.016418
39.72948074950137
28.301865
2.738388
-25.317978
38.072225897176345
29.019043
4.163391
-25.317978
38.73549690791542
29.019043
3.450882
-26.714844
39.594144631024676
29.736237
4.163391
-26.714844
40.19030353265418
28.301865
2.738388
-25.317978
38.072225897176345
29.736237
2.0258942
-25.317978
39.1068794774134
29.736237
2.0258942
-25.317978
39.1068794774134
28.301865
4.163391
-24.619537
37.741898835834625
26.867493
4.163391
-25.317978
37.15098982425468
28.301865
3.450882
-24.619537
37.669958280252146
28.301865
5.588394
-25.317978
38.38262247434133
29.019043
3.450882
-26.714844
39.594144631024676
27.584671
4.163391
-27.413284
39.11184071332331
26.867493
4.875885
-26.714844
38.20103841438738
29.019043
5.588394
-27.413284
40.30909627103416
28.301865
4.875885
-28.111725
40.18754556276577
26.867493
4.163391
-26.714844
38.11664867548038
27.584671
3.450882
-26.714844
38.555226534985664
29.019043
5.588394
-27.413284
40.30909627103416
28.301865
4.163391
-27.413284
39.620922564761315
25.433105
5.588394
-28.111725
38.31895146028431
28.301865
5.588394
-28.810165
40.77071673117162
29.019043
4.875885
-28.111725
40.695800684583844
29.736237
5.588394
-26.714844
40.362813805299176
28.301865
6.300888
-27.413284
39.902190597173046
26.1503
5.588394
-26.714844
37.798825652434296
29.019043
6.300888
-26.016418
39.47986872039581
28.301865
4.875885
-25.317978
38.285372864719825
30.45343
6.300888
-28.111725
41.9211368389168
29.019043
6.300888
-26.714844
39.94357134260233
27.584671
5.588394
-27.413284
39.28908657908389
28.301865
7.725891
-26.714844
39.67830386812877
29.019043
4.875885
-26.714844
39.74370405131799
27.584671
6.300888
-26.714844
38.913983292681884
29.736237
7.725891
-26.714844
40.71383016613488
28.301865
6.300888
-28.111725
40.38521784406393
29.019043
4.163391
-26.714844
39.66259676359139
29.019043
5.588394
-27.413284
40.30909627103416
29.736237
6.300888
-27.413284
40.932054742814344
27.584671
6.300888
-26.714844
38.913983292681884
29.019043
7.013382
-26.714844
40.06214197626685
30.45343
7.013382
-26.016418
40.66267183621085
29.019043
7.013382
-27.413284
40.5312289176892
29.736237
6.300888
-28.810165
41.88043195878819
29.736237
5.588394
-27.413284
40.82844790343034
29.736237
5.588394
-26.714844
40.362813805299176
29.736237
4.875885
-25.317978
39.35756682527834
29.736237
5.588394
-26.714844
40.362813805299176
28.301865
4.875885
-29.508606
41.176784574449535
29.019043
7.725891
-27.413284
40.66057636953914
30.45343
6.300888
-26.714844
40.99750492598604
29.736237
6.300888
-28.111725
41.40306886364977
31.170609
6.300888
-27.413284
41.985665918002596
29.736237
4.875885
-26.016418
39.81045177227332
31.170609
6.300888
-27.413284
41.985665918002596
31.887802
4.163391
-28.111725
42.713403217879105
29.736237
7.725891
-27.413284
41.175494978430436
30.45343
7.013382
-28.810165
42.50440579185586
30.45343
4.875885
-28.111725
41.73074207325308
29.736237
4.875885
-28.810165
41.68985129707079
31.887802
4.875885
-27.413284
42.33313548925431
29.736237
4.163391
-27.413284
40.657910347534155
30.45343
3.450882
-28.810165
42.06359118198302
30.45343
3.450882
-26.714844
40.657138729717566
30.45343
4.163391
-28.810165
42.1280295530593
31.170609
4.163391
-26.714844
41.262859027898806
30.45343
2.738388
-28.810165
42.01113889215127
31.170609
2.0258942
-28.810165
42.493960680736
29.019043
3.450882
-28.111725
40.549753028879536
30.45343
5.588394
-29.508606
42.77147897913398
29.736237
4.163391
-29.508606
42.099114589486916
29.019043
4.875885
-30.207031
42.1704132064176
29.019043
5.588394
-30.207031
42.2587245984483
28.301865
3.450882
-28.111725
40.03964557502273
29.736237
4.163391
-29.508606
42.099114589486916
29.736237
4.163391
-28.111725
41.13206388801199
29.736237
4.163391
-29.508606
42.099114589486916
29.736237
2.738388
-30.207031
42.47596114734339
28.301865
4.875885
-29.508606
41.176784574449535
29.019043
4.875885
-29.508606
41.672976410266465
29.019043
4.875885
-29.508606
41.672976410266465
30.45343
4.875885
-30.905472
43.66158336918953
29.019043
5.588394
-28.810165
41.271789344576824
29.019043
7.725891
-30.207031
42.59411970217397
28.301865
6.300888
-28.810165
40.87447139853157
27.584671
6.300888
-30.207031
41.38937008526087
30.45343
4.875885
-29.508606
42.68422989167443
29.019043
5.588394
-29.508606
41.76233678133325
28.301865
6.300888
-30.905472
42.37741109014477
28.301865
5.588394
-29.508606
41.26722089634596
29.019043
5.588394
-28.111725
40.787303489892075
27.584671
7.013382
-29.508606
40.99828502510806
28.301865
4.875885
-29.508606
41.176784574449535
29.019043
4.163391
-30.207031
42.09398199639112
28.301865
6.300888
-29.508606
41.36973035739718
29.736237
3.450882
-28.810165
41.54729808923349
29.736237
5.588394
-29.508606
42.2638342966315
29.019043
4.163391
-29.508606
41.59563117928522
30.45343
5.588394
-28.810165
42.292638086647244
29.019043
4.875885
-30.207031
42.1704132064176
30.45343
4.875885
-28.111725
41.73074207325308
29.736237
5.588394
-28.810165
41.77917557490514
29.736237
3.450882
-29.508606
42.034630440269126
28.301865
4.163391
-28.111725
40.10733584610021
29.019043
5.588394
-29.508606
41.76233678133325
27.584671
5.588394
-29.508606
40.77869663941425
29.019043
6.300888
-31.603912
43.3660383393503
29.736237
3.450882
-30.905472
43.02674211591409
27.584671
4.163391
-29.508606
40.60795014814679
29.019043
6.300888
-30.207031
42.35883322228228
27.584671
7.013382
-30.207031
41.503810477830676
29.019043
6.300888
-30.905472
42.85970396109629
29.736237
7.013382
-28.810165
41.993534135384316
27.584671
5.588394
-28.810165
40.276170645618734
29.019043
4.163391
-30.207031
42.09398199639112
28.301865
4.163391
-30.207031
41.60281321476725
27.584671
4.163391
-30.207031
41.11827630731102
26.1503
7.725891
-30.905472
41.21499461664408
28.301865
5.588394
-31.603912
42.79057091211071
26.867493
4.875885
-31.603912
41.76653688679042
26.867493
4.875885
-28.810165
39.694610583491055
26.1503
4.875885
-30.905472
40.77696038263366
26.1503
4.163391
-29.508606
39.64756849417124
26.1503
5.588394
-30.207031
40.342693997604755
26.1503
4.163391
-30.905472
40.69791233416494
26.1503
4.163391
-31.603912
41.230804601012515
25.433105
4.875885
-33.000793
41.948413958024084
26.1503
5.588394
-30.905472
40.86828296777802
25.433105
4.875885
-30.207031
39.78796032858904
24.715927
5.588394
-32.302353
41.055441982838886
26.1503
4.875885
-30.905472
40.77696038263366
25.433105
7.725891
-31.603912
41.29575616863145
22.564362
5.588394
-30.905472
38.67206755002569
21.847168
7.013382
-32.302353
39.622319753596585
21.12999
7.013382
-32.302353
39.23144092473854
23.281555
7.013382
-31.603912
39.875125514104965
23.998734
5.588394
-30.905472
39.526163827939655
23.281555
5.588394
-30.207031
38.54511263451973
21.847168
7.725891
-32.302353
39.75462458357833
23.998734
4.163391
-32.302353
40.45633557170774
23.281555
6.300888
-31.603912
39.755997115411716
21.847168
6.300888
-30.207031
37.80826099689557
23.998734
6.300888
-30.207031
39.090984926694574
23.281555
7.013382
-29.508606
38.23579571839391
22.564362
8.438385
-29.508606
38.09349684595948
23.281555
7.725891
-30.905472
39.45717182215579
23.281555
5.588394
-29.508606
38.0002473521966
23.281555
6.300888
-30.207031
38.65484157701012
23.281555
7.725891
-28.810165
37.83841764145767
26.1503
7.725891
-31.603912
41.74128312350825
22.564362
7.013382
-28.810165
37.260750467356736
22.564362
4.875885
-30.207031
38.018277239991754
22.564362
7.725891
-28.111725
36.8660939986697
23.281555
7.725891
-28.111725
37.30937225165414
21.847168
5.588394
-28.810165
36.58626197672683
23.998734
6.300888
-29.508606
38.55383500197321
23.281555
5.588394
-29.508606
38.0002473521966
24.715927
5.588394
-29.508606
38.895565174379136
21.847168
4.875885
-30.905472
38.160466341572004
21.847168
4.163391
-28.810165
36.3958542024363
23.281555
6.300888
-30.207031
38.65484157701012
24.715927
5.588394
-28.111725
37.8467481135888
22.564362
4.875885
-26.714844
35.307329889773776
21.847168
7.013382
-27.413284
35.748767324683726
23.998734
7.013382
-28.111725
37.62174573239691
21.847168
6.300888
-28.810165
36.701847838571084
23.281555
4.875885
-29.508606
37.902016650977
23.281555
4.875885
-27.413284
36.29453420131777
23.281555
4.163391
-28.111725
36.737362304097175
22.564362
6.300888
-28.111725
36.59399851805023
21.12999
6.300888
-28.111725
35.72739533388559
21.847168
6.300888
-27.413284
35.615839694009395
22.564362
7.013382
-26.714844
35.66539992700383
21.847168
5.588394
-28.111725
36.03883979310117
21.847168
5.588394
-26.016418
34.42939056344612
21.847168
5.588394
-29.508606
37.138749886931606
21.847168
6.300888
-26.714844
35.081089796756956
22.564362
7.013382
-26.016418
35.145296904866946
22.564362
6.300888
-27.413284
36.0602252315484
23.281555
5.588394
-27.413284
36.39710353184457
21.847168
5.588394
-28.111725
36.03883979310117
21.12999
6.300888
-26.714844
34.63900396522863
21.847168
7.013382
-27.413284
35.748767324683726
21.847168
5.588394
-28.810165
36.58626197672683
21.847168
4.163391
-26.714844
34.76083183250223
22.564362
4.875885
-28.810165
36.9181570149813
21.12999
5.588394
-27.413284
35.05987484602234
21.12999
4.163391
-28.810165
35.9699310188385
21.12999
4.875885
-29.508606
36.61978351822789
21.12999
4.163391
-26.714844
34.31462026691393
21.847168
7.013382
-27.413284
35.748767324683726
21.847168
7.013382
-28.810165
36.83085612486662
23.281555
7.013382
-26.016418
35.6100023255405
20.412796
4.875885
-26.714844
33.97262727986864
20.412796
5.588394
-27.413284
34.63236397888
21.847168
5.588394
-30.207031
37.696069454835076
23.281555
4.163391
-27.413284
36.205700976546844
21.12999
7.013382
-26.714844
34.77566568490278
22.564362
7.013382
-26.016418
35.145296904866946
22.564362
5.588394
-28.111725
36.47807092217357
21.847168
9.150894
-28.810165
37.29696009625818
23.281555
7.725891
-26.016418
35.757156189355996
21.12999
6.300888
-27.413284
35.180474293056015
21.12999
7.013382
-26.016418
34.24205114192562
21.12999
7.725891
-27.413284
35.46341851449709
21.847168
8.438385
-27.413284
36.05541795711846
20.412796
6.300888
-27.413284
34.754446938935025
21.12999
7.013382
-26.714844
34.77566568490278
22.564362
7.013382
-26.016418
35.145296904866946
23.281555
8.438385
-25.317978
35.4152111756684
21.847168
8.438385
-28.111725
36.58926304152456
21.12999
7.013382
-26.016418
34.24205114192562
21.12999
7.725891
-25.317978
33.8698375188705
21.847168
8.438385
-25.317978
34.48920304897063
22.564362
7.013382
-27.413284
36.19152071791126
22.564362
6.300888
-26.016418
35.01007806912533
22.564362
7.725891
-24.619537
34.27771033457821
21.12999
7.725891
-27.413284
35.46341851449709
22.564362
7.725891
-26.016418
35.294388330954966
21.12999
6.300888
-26.714844
34.63900396522863
21.12999
7.013382
-26.714844
34.77566568490278
23.998734
7.725891
-26.016418
36.22820263297125
23.998734
6.300888
-27.413284
36.97470135158718
22.564362
5.588394
-26.714844
35.41275866919295
23.998734
5.588394
-27.413284
36.8599711164174
23.281555
4.163391
-26.714844
35.67979099366422
23.998734
4.163391
-26.714844
36.15184380563286
22.564362
5.588394
-25.317978
34.37121783170295
23.998734
4.163391
-26.714844
36.15184380563286
23.998734
4.163391
-25.317978
35.132220954826494
23.281555
4.163391
-24.619537
34.13921979373577
23.998734
4.875885
-25.317978
35.22376156667896
23.998734
6.300888
-26.016418
35.95127792952046
24.715927
7.013382
-26.714844
37.06409902484394
23.281555
5.588394
-25.317978
34.846247808453136
22.564362
6.300888
-26.016418
35.01007806912533
24.715927
6.300888
-26.016418
36.43394366489253
23.998734
5.588394
-24.619537
34.83232716349857
23.998734
6.300888
-26.016418
35.95127792952046
21.847168
6.300888
-26.714844
35.081089796756956
21.12999
5.588394
-24.619537
32.92154685111732
23.281555
5.588394
-27.413284
36.39710353184457
23.281555
4.875885
-26.016418
35.251369584984744
22.564362
5.588394
-27.413284
35.942574370010696
23.998734
6.300888
-27.413284
36.97470135158718
22.564362
7.725891
-25.317978
34.782752101436714
21.847168
6.300888
-27.413284
35.615839694009395
22.564362
7.013382
-28.810165
37.260750467356736
21.847168
6.300888
-26.016418
34.55219246164055
22.564362
7.013382
-26.016418
35.145296904866946
22.564362
7.725891
-25.317978
34.782752101436714
22.564362
7.013382
-26.016418
35.145296904866946
20.412796
6.300888
-26.016418
33.663592006169104
22.564362
5.588394
-28.111725
36.47807092217357
21.847168
6.300888
-28.111725
36.1561757237785
22.564362
7.013382
-27.413284
36.19152071791126
20.412796
6.300888
-26.714844
34.20623165710727
21.12999
5.588394
-26.714844
34.516510924008344
20.412796
7.725891
-28.810165
36.14411731937682
21.12999
7.725891
-26.714844
34.92633325848582
21.12999
6.300888
-29.508606
36.83660607161034
21.847168
6.300888
-28.111725
36.1561757237785
21.12999
6.300888
-28.111725
35.72739533388559
23.281555
7.013382
-28.111725
37.16836594145366
21.12999
8.438385
-27.413284
35.625424887817125
20.412796
8.438385
-27.413284
35.20478247318644
21.12999
8.438385
-28.111725
36.16561770932269
21.847168
7.013382
-27.413284
35.748767324683726
22.564362
8.438385
-26.016418
35.45716702388073
20.412796
7.725891
-26.016418
33.95917528352978
22.564362
7.725891
-28.111725
36.8660939986697
24.715927
6.300888
-26.714844
36.935905409214456
21.12999
8.438385
-26.016418
34.562072640893156
21.847168
7.013382
-26.016418
34.689196186006534
21.847168
7.013382
-26.714844
35.21603597018161
21.847168
8.438385
-27.413284
36.05541795711846
21.847168
8.438385
-27.413284
36.05541795711846
21.847168
8.438385
-28.810165
37.12857069318384
21.12999
7.725891
-27.413284
35.46341851449709
21.847168
7.725891
-26.714844
35.36482744914518
22.564362
7.725891
-26.714844
35.8123261612273
22.564362
8.438385
-28.111725
37.02196448720931
21.847168
9.150894
-27.413284
36.22879734183758
23.281555
5.588394
-28.111725
36.92600749196797
21.847168
7.013382
-27.413284
35.748767324683726
23.281555
9.150894
-27.413284
37.111424285521565
21.847168
8.438385
-27.413284
36.05541795711846
23.998734
7.725891
-27.413284
37.24401561618658
23.998734
7.013382
-25.317978
35.58267428095273
24.715927
6.300888
-25.317978
35.93853429218159
23.281555
7.013382
-26.016418
35.6100023255405
23.998734
7.013382
-26.714844
36.58974679213427
23.281555
9.150894
-28.810165
38.15488550744108
21.847168
7.013382
-26.714844
35.21603597018161
22.564362
6.300888
-27.413284
36.0602252315484
24.715927
7.013382
-27.413284
37.57063659794707
25.433105
5.588394
-28.111725
38.31895146028431
23.998734
4.875885
-26.714844
36.24080904497546
23.281555
7.725891
-26.016418
35.757156189355996
23.998734
5.588394
-27.413284
36.8599711164174
23.998734
3.450882
-26.016418
35.56264588337829
24.788681
7.7127075
-27.444534
37.777863785390245
23.375305
6.2896576
-27.456253
36.60342261148539
21.940918
5.5771637
-28.154694
36.12748693861781
25.526855
6.2896576
-26.059387
37.01718318005758
23.375305
5.5771637
-28.154694
37.016164187187364
23.375305
4.8646545
-27.456253
36.38565001953037
26.24405
6.2896576
-29.551575
40.02006332766104
25.526855
5.5771637
-28.853134
38.925936284500594
24.092484
6.2896576
-28.853134
38.11182213340271
24.092484
6.2896576
-30.25
39.179970244493234
24.092484
6.2896576
-28.853134
38.11182213340271
24.092484
7.7146606
-28.853134
38.372738252770354
23.375305
7.0021515
-29.551575
38.32402266060578
23.375305
7.7146606
-28.853134
37.92656478520365
24.092484
4.8646545
-28.154694
37.373778460389175
22.658112
6.2896576
-28.853134
37.22167547276721
22.658112
5.5771637
-30.94844
38.759525039014605
21.940918
9.852158
-30.25
38.64623360782151
23.375305
8.427155
-29.551575
38.60981130874476
23.375305
8.427155
-29.551575
38.60981130874476
21.940918
8.427155
-29.551575
37.75865872344713
23.375305
7.7146606
-30.25
38.99978715887434
22.658112
6.2896576
-30.94844
38.86844297595415
21.940918
7.7146606
-30.25
38.157337719958925
21.940918
7.7146606
-30.94844
38.7133805043957
22.658112
7.7146606
-29.551575
38.02895817868602
23.375305
6.2896576
-29.551575
38.20026510256506
22.658112
7.0021515
-27.456253
36.28038025174126
21.940918
7.7146606
-28.853134
37.0597250094147
22.658112
9.139664
-30.25
38.88426367972091
23.375305
6.2896576
-29.551575
38.20026510256506
22.658112
8.427155
-29.551575
38.17987214120485
24.092484
7.7146606
-29.551575
38.90063337972468
23.375305
8.427155
-29.551575
38.60981130874476
23.375305
9.139664
-30.94844
39.846510321051014
23.375305
8.427155
-29.551575
38.60981130874476
23.375305
9.139664
-28.853134
38.241883457677986
24.092484
9.852158
-29.551575
39.38030408223602
24.092484
7.7146606
-28.853134
38.372738252770354
24.809677
7.7146606
-28.853134
38.82704506797984
24.092484
7.0021515
-28.154694
37.71159865149663
24.809677
8.427155
-28.154694
38.460678034621445
23.375305
7.0021515
-28.154694
37.257506977411616
25.526855
7.7146606
-30.25
40.32615593555952
24.809677
7.7146606
-29.551575
39.348845790430275
25.526855
9.139664
-28.154694
39.0876013100302
26.24405
7.7146606
-28.853134
39.758892480173536
26.24405
7.0021515
-27.456253
38.6215755586539
26.961243
8.427155
-27.456253
39.39252927021426
26.961243
4.8646545
-28.154694
39.28435125983691
27.678421
5.5771637
-29.551575
40.871693888657525
26.24405
6.2896576
-27.456253
38.4987761067641
26.961243
6.2896576
-28.853134
39.98714545648154
27.678421
5.5771637
-28.853134
40.36958167977469
24.809677
6.2896576
-26.757813
37.02783310976606
27.678421
7.7146606
-28.853134
40.71994913813744
26.24405
5.5771637
-28.853134
39.39997657736455
26.961243
7.0021515
-28.154694
39.605876941197124
28.395615
5.5771637
-26.757813
39.413148062979886
27.678421
7.0021515
-28.154694
40.09752972002686
28.395615
3.4396515
-26.059387
38.694105037439975
27.678421
4.1521606
-26.757813
38.721000993888964
28.395615
4.8646545
-29.551575
41.270708284504735
26.24405
4.8646545
-29.551575
39.8209815460275
28.395615
4.8646545
-26.757813
39.31865077578483
26.961243
7.7146606
-28.154694
39.73803377275982
28.395615
5.5771637
-29.551575
41.360744452205225
28.395615
4.8646545
-28.154694
40.28228640055391
26.961243
4.1521606
-26.757813
38.21164271098372
27.678421
4.1521606
-30.25
41.21162395755292
27.678421
4.8646545
-28.154694
39.77997653598007
24.809677
4.8646545
-28.853134
38.36258896922723
28.395615
4.8646545
-28.154694
40.28228640055391
26.961243
5.5771637
-29.551575
40.38946595290581
26.961243
4.8646545
-28.853134
39.78789896811435
26.961243
2.7271576
-30.25
40.61290985962007
27.678421
4.8646545
-29.551575
40.780576503059336
28.395615
3.4396515
-29.551575
41.12709258068974
26.24405
5.5771637
-30.94844
40.95925888821568
26.24405
4.8646545
-30.25
40.342007127341844
26.24405
4.1521606
-30.94844
40.78966178811811
27.678421
4.1521606
-28.853134
40.19749675187732
26.961243
4.8646545
-31.646881
41.85807727085061
26.24405
2.7271576
-29.551575
39.61670297105597
26.24405
4.8646545
-29.551575
39.8209815460275
26.24405
4.1521606
-31.646881
41.322096086718545
26.961243
6.2896576
-29.551575
40.49400002575613
26.961243
4.1521606
-28.853134
39.70708178335447
28.395615
6.2896576
-28.853134
40.96796337917593
29.112793
5.5771637
-30.25
42.35235440714158
28.395615
6.2896576
-30.25
41.96347492211605
27.678421
5.5771637
-28.154694
39.873380526478755
28.395615
6.2896576
-28.853134
40.96796337917593
27.678421
6.2896576
-27.456253
39.49051291578222
28.395615
6.2896576
-28.154694
40.479099485008156
27.678421
6.2896576
-28.154694
39.979264034426336
26.961243
4.8646545
-30.25
40.81220388962259
29.112793
5.5771637
-28.853134
41.36620410186164
29.112793
6.2896576
-28.853134
41.4682760664327
28.395615
5.5771637
-29.551575
41.360744452205225
27.678421
7.7146606
-29.551575
41.217793416686256
28.395615
4.1521606
-28.853134
40.69465182920232
28.395615
5.5771637
-28.853134
40.864641749469676
26.961243
3.4396515
-28.154694
39.13344495021969
28.395615
5.5771637
-28.853134
40.864641749469676
28.395615
4.8646545
-28.154694
40.28228640055391
29.112793
5.5771637
-28.853134
41.36620410186164
31.264359
6.2896576
-27.456253
42.08165541725099
28.395615
4.8646545
-29.551575
41.270708284504735
30.54718
4.1521606
-27.456253
41.28215632284804
28.395615
4.8646545
-28.154694
40.28228640055391
26.961243
5.5771637
-28.154694
39.378930855376204
29.112793
5.5771637
-27.456253
40.40427265801771
26.961243
4.1521606
-28.853134
39.70708178335447
27.678421
6.2896576
-26.757813
39.00814343065112
28.395615
4.8646545
-28.853134
40.77351010124787
27.678421
6.2896576
-28.154694
39.979264034426336
26.24405
5.5771637
-27.456253
38.38880935368731
27.678421
4.1521606
-27.456253
39.20690184576881
29.112793
4.8646545
-27.456253
40.31210028871604
29.112793
3.4396515
-27.456253
40.165055576372914
26.961243
3.4396515
-26.757813
38.140796228108066
26.961243
4.1521606
-26.757813
38.21164271098372
28.395615
4.8646545
-27.456253
39.79725534761317
26.961243
3.4396515
-27.456253
38.63399660091323
28.395615
4.8646545
-27.456253
39.79725534761317
26.961243
3.4396515
-28.853134
39.638909723433365
26.24405
4.8646545
-28.154694
38.795641593362326
24.809677
4.8646545
-28.154694
37.84008065664716
24.809677
5.5771637
-29.551575
38.98615664766469
26.24405
5.5771637
-28.154694
38.89140812540172
26.961243
5.5771637
-27.456253
38.88263276656269
26.961243
3.4396515
-29.551575
40.15016065211477
27.678421
3.4396515
-29.551575
40.635227078084604
26.24405
3.4396515
-30.94844
40.72330054196553
28.395615
5.5771637
-30.25
41.86261039894744
24.809677
4.8646545
-29.551575
38.8906218611891
25.526855
4.1521606
-30.94844
40.33195690822446
26.961243
2.7271576
-29.551575
40.09540624014801
24.809677
6.2896576
-29.551575
39.09444318929802
24.092484
4.1521606
-30.25
38.89409636978181
25.526855
5.5771637
-30.25
39.97233540407978
23.375305
7.0021515
-30.94844
39.411178196000115
25.526855
4.1521606
-30.94844
40.33195690822446
26.24405
7.0021515
-31.646881
41.704980756761834
24.809677
7.7146606
-30.25
39.87604083672927
24.092484
6.2896576
-28.154694
37.58582626386575
22.658112
7.0021515
-30.94844
38.99007661211696
24.092484
8.427155
-30.25
39.57937874297281
25.526855
9.852158
-30.25
40.789064744541214
24.809677
7.7146606
-30.94844
40.4084402200286
22.658112
9.852158
-29.551575
38.51948351615793
24.092484
8.427155
-31.646881
40.656976598042185
23.375305
7.7146606
-30.25
38.99978715887434
24.809677
7.7146606
-31.646881
40.945831988452284
24.092484
9.139664
-30.94844
40.27141802041493
24.092484
8.427155
-33.742188
42.308390159987034
23.375305
10.5646515
-30.25
39.66206431469654
21.22374
7.7146606
-30.25
37.7495117155921
22.658112
8.427155
-30.94844
39.271018456681254
24.092484
9.852158
-30.94844
40.43907424244449
21.940918
9.139664
-30.94844
39.02234342185016
21.940918
9.139664
-30.25
38.47076495027588
23.375305
9.852158
-30.25
39.478253136418346
24.092484
9.139664
-30.94844
40.27141802041493
24.092484
9.139664
-31.646881
40.8106156245682
24.809677
8.427155
-30.25
40.019988597008464
24.092484
9.139664
-30.25
39.73718285399551
24.809677
8.427155
-30.94844
40.550499597145844
22.658112
9.852158
-30.94844
39.60127505937309
26.24405
8.427155
-30.25
40.92468191499783
26.24405
8.427155
-29.551575
40.41117103154306
26.24405
9.139664
-30.25
41.07731818578152
27.678421
7.0021515
-28.853134
40.59098936917835
25.526855
6.2896576
-29.551575
39.55345534941448
26.24405
9.139664
-30.25
41.07731818578152
26.24405
7.0021515
-28.853134
39.626805213217104
27.678421
7.0021515
-29.551575
41.090396132148385
25.526855
6.2896576
-30.94844
40.607709661890254
25.526855
7.7146606
-30.94844
40.8526912554424
27.678421
7.7146606
-29.551575
41.217793416686256
24.809677
6.2896576
-29.551575
39.09444318929802
26.961243
8.427155
-30.94844
41.90144920301087
26.961243
7.7146606
-30.94844
41.76398676874985
26.961243
7.7146606
-30.25
41.24908557225087
26.24405
7.0021515
-30.25
40.655169086322836
28.395615
6.2896576
-30.94844
42.469715772683244
26.961243
6.2896576
-30.25
41.00647516989695
28.395615
6.2896576
-30.25
41.96347492211605
26.961243
5.5771637
-28.853134
39.88128287345848
26.961243
6.2896576
-28.853134
39.98714545648154
27.678421
6.2896576
-30.25
41.48152944572138
29.112793
6.2896576
-28.853134
41.4682760664327
28.395615
7.7146606
-29.551575
41.702788379121
26.24405
6.2896576
-30.25
40.53853027088473
26.961243
5.5771637
-31.646881
41.946852708498135
27.678421
7.0021515
-30.25
41.5955240629363
26.961243
4.8646545
-30.25
40.81220388962259
27.678421
6.2896576
-31.646881
42.51093896446684
26.24405
6.2896576
-30.94844
41.062342441668804
24.809677
7.0021515
-29.551575
39.2153774072788
24.092484
6.2896576
-32.34532
40.819449004024875
27.678421
6.2896576
-31.646881
42.51093896446684
27.678421
4.8646545
-30.25
41.28949340479973
25.526855
4.8646545
-30.94844
40.411522942391535
25.526855
7.0021515
-31.646881
41.25743008367554
24.809677
5.5771637
-31.646881
40.59741250798812
24.809677
8.427155
-30.94844
40.550499597145844
26.24405
7.7146606
-30.25
40.7839259179551
26.961243
7.0021515
-28.853134
40.105387900778055
24.809677
7.7146606
-33.043762
42.03482210657314
25.526855
8.427155
-32.34532
42.05778379485033
25.526855
7.0021515
-31.646881
41.25743008367554
25.526855
7.0021515
-30.94844
40.72415183854355
24.809677
8.427155
-30.25
40.019988597008464
24.092484
9.139664
-30.25
39.73718285399551
26.24405
10.5646515
-32.34532
42.97187204566931
24.809677
8.427155
-31.646881
41.08603183222675
25.526855
7.7146606
-30.94844
40.8526912554424
24.809677
9.139664
-30.25
40.176062111621576
24.092484
9.139664
-31.646881
40.8106156245682
24.092484
8.427155
-30.94844
40.11571701905782
24.092484
9.139664
-30.94844
40.27141802041493
24.092484
9.852158
-33.742188
42.61511294790265
24.809677
9.852158
-30.94844
40.87041856014262
24.809677
9.852158
-31.646881
41.40181285187733
24.092484
9.852158
-30.94844
40.43907424244449
24.809677
8.427155
-33.043762
42.1714031790946
25.526855
9.852158
-30.94844
41.30970022897543
25.526855
9.139664
-30.25
40.62285451065385
25.526855
11.277161
-33.043762
43.25141683914817
24.809677
8.427155
-31.646881
41.08603183222675
24.809677
8.427155
-32.34532
41.626395903771204
26.24405
8.427155
-30.25
40.92468191499783
25.526855
9.852158
-30.25
40.789064744541214
26.961243
8.427155
-31.646881
42.419932621277816
26.24405
7.0021515
-29.551575
40.138210320520955
28.395615
8.427155
-29.551575
41.84045333354133
26.961243
5.5771637
-31.646881
41.946852708498135
28.395615
4.1521606
-28.853134
40.69465182920232
29.112793
5.5771637
-28.853134
41.36620410186164
27.678421
4.1521606
-29.551575
40.70173192193807
29.112793
4.1521606
-30.94844
42.691932191208565
26.961243
4.8646545
-30.94844
41.332546431731615
28.395615
5.5771637
-30.25
41.86261039894744
28.395615
7.0021515
-31.646881
43.091370492681015
26.24405
5.5771637
-28.853134
39.39997657736455
29.112793
6.2896576
-28.853134
41.4682760664327
29.112793
4.1521606
-29.551575
41.6904149444712
29.112793
4.1521606
-28.853134
41.19828226897406
29.112793
3.4396515
-28.853134
41.132580275935155
29.112793
4.8646545
-28.154694
40.79100697457713
29.829987
3.4396515
-28.154694
41.162435172568905
29.112793
2.7271576
-27.456253
40.11032149740264
29.112793
4.8646545
-26.757813
39.83967963277551
29.829987
4.8646545
-30.25
42.76161152157242
26.961243
4.1521606
-28.154694
39.20249756622258
27.678421
4.1521606
-28.853134
40.19749675187732
27.678421
3.4396515
-28.853134
40.13015628376464
27.678421
4.8646545
-30.94844
41.80389689847631
26.24405
3.4396515
-30.25
40.195071822651656
26.961243
5.5771637
-30.25
40.90325082110681
27.678421
2.7271576
-29.551575
40.58112715116936
27.678421
4.1521606
-28.853134
40.19749675187732
27.678421
4.1521606
-28.853134
40.19749675187732
28.395615
5.5771637
-30.94844
42.370056404110436
26.961243
4.1521606
-28.853134
39.70708178335447
26.24405
3.4396515
-30.25
40.195071822651656
26.961243
3.4396515
-30.25
40.66696750550439
25.526855
4.8646545
-29.551575
39.35201151843289
26.961243
4.8646545
-30.25
40.81220388962259
26.961243
4.8646545
-29.551575
40.29725971607747
26.961243
2.7271576
-30.25
40.61290985962007
28.395615
4.1521606
-31.646881
42.7209130990388
27.678421
3.4396515
-30.94844
41.66211921799436
26.24405
2.7271576
-29.551575
39.61670297105597
24.809677
2.0146637
-30.25
39.174500373229876
25.526855
2.7271576
-30.25
39.675184174214145
26.24405
3.4396515
-31.646881
41.25659274967457
25.526855
4.1521606
-29.551575
39.27029885384516
26.961243
4.8646545
-30.25
40.81220388962259
27.678421
5.5771637
-29.551575
40.871693888657525
25.526855
2.7271576
-29.551575
39.145284153833586
27.678421
4.8646545
-28.853134
40.277328406856256
26.24405
3.4396515
-28.853134
39.15462573945606
25.526855
4.1521606
-28.853134
38.74744037665182
26.24405
5.5771637
-28.853134
39.39997657736455
26.961243
5.5771637
-29.551575
40.38946595290581
27.678421
4.8646545
-28.853134
40.277328406856256
25.526855
3.4396515
-29.551575
39.20136566897256
27.678421
2.7271576
-30.25
41.09251572528521
29.112793
2.7271576
-28.154694
40.59161037711873
26.961243
2.0146637
-27.456253
38.53327593771632
28.395615
3.4396515
-29.551575
41.12709258068974
27.678421
2.0146637
-27.456253
39.03843946496037
27.678421
0.58966064
-30.25
41.006159622099766
26.961243
2.0146637
-28.853134
39.540750464117714
27.678421
2.0146637
-28.853134
40.03320155274244
27.678421
2.0146637
-28.154694
39.53277850305838
28.395615
1.3021545
-29.551575
41.00368427377517
29.112793
1.3021545
-28.154694
40.520821952654785
28.395615
1.3021545
-28.853134
40.50320836298419
27.678421
0.58966064
-27.456253
38.990878089865454
29.112793
2.0146637
-29.551575
41.53202595211917
27.678421
2.0146637
-27.456253
39.03843946496037
26.961243
0.58966064
-28.853134
39.49379401405998
31.981552
2.7271576
-28.853134
43.15970919789515
29.112793
1.3021545
-27.456253
40.0386836872324
29.112793
0.58966064
-27.456253
40.02184767118611
29.112793
2.0146637
-28.154694
40.54997278628865
27.678421
2.0146637
-29.551575
40.53948029872392
28.395615
1.3021545
-29.551575
41.00368427377517
29.112793
1.3021545
-28.154694
40.520821952654785
29.112793
0.58966064
-28.154694
40.50418634324266
30.54718
1.3021545
-26.059387
40.17359182931929
29.829987
1.3021545
-26.757813
40.09369367445381
31.264359
0.58966064
-28.154694
42.077245975779476
30.54718
1.3021545
-26.757813
40.630116865256184
30.54718
2.0146637
-28.154694
41.591776284407324
29.829987
-0.12284851
-26.059387
39.609781802644726
29.112793
0.58966064
-26.059387
39.076772392624754
29.112793
-0.12284851
-28.853134
40.98869502822928
30.54718
-0.8353424
-26.757813
40.61783590677869
30.54718
-0.8353424
-26.757813
40.61783590677869
31.981552
-0.8353424
-26.059387
41.26268448440279
29.829987
-1.5478363
-26.757813
40.102424711897875
31.264359
-0.8353424
-26.757813
41.159912873260254
31.981552
-1.5478363
-26.757813
41.72764125758698
31.981552
-2.9728394
-26.757813
41.804759770307555
30.54718
-2.9728394
-26.757813
40.71791358024285
31.264359
-1.5478363
-26.757813
41.18053454948406
31.264359
-0.8353424
-27.456253
41.61734955736234
31.264359
-2.2603455
-26.059387
40.76347643101834
29.112793
-2.2603455
-26.757813
39.60611426420642
29.112793
-1.5478363
-28.154694
40.52946097632252
29.829987
-0.12284851
-26.757813
40.07273050927214
28.395615
-2.2603455
-26.757813
39.081973271133904
30.54718
-2.2603455
-27.456253
41.13496329253407
32.69873
-2.9728394
-28.154694
43.251954492055184
31.264359
-2.2603455
-26.059387
40.76347643101834
30.54718
-0.12284851
-27.456253
41.07299707675576
31.264359
-1.5478363
-27.456253
41.63774468227791
30.54718
-0.12284851
-28.154694
41.54313458623458
30.54718
1.3021545
-27.456253
41.0934499751405
31.264359
-0.8353424
-27.456253
41.61734955736234
31.264359
-0.8353424
-25.360947
40.26581144456252
33.415924
-0.12284851
-28.154694
43.69583421488112
31.981552
1.3021545
-24.662506
40.407355698328615
32.69873
-0.8353424
-24.662506
40.96515644994841
33.415924
2.0146637
-25.360947
41.99833893897249
31.981552
1.3021545
-26.059387
41.274773574106376
31.981552
2.0146637
-26.059387
41.30339229220464
29.829987
2.7271576
-24.662506
38.80083296363462
31.981552
1.3021545
-25.360947
40.837395498412356
33.415924
2.0146637
-25.360947
41.99833893897249
31.981552
0.58966064
-26.059387
41.25844196286531
32.69873
2.0146637
-26.059387
41.86116988266468
30.54718
0.58966064
-26.059387
40.15681237446674
31.981552
0.58966064
-26.757813
41.70309280159866
31.264359
0.58966064
-25.360947
40.261463878413714
31.981552
2.7271576
-25.360947
40.90763611335679
31.981552
0.58966064
-26.059387
41.25844196286531
31.981552
2.0146637
-25.360947
40.8663205138871
31.981552
1.3021545
-26.757813
41.71925034812317
31.981552
2.7271576
-24.662506
40.47834406062858
34.133118
1.3021545
-24.662506
42.13080101934035
31.981552
2.7271576
-25.360947
40.90763611335679
31.264359
3.4396515
-23.265625
39.1226349624645
30.54718
2.0146637
-26.059387
40.202994437215125
31.981552
3.4396515
-24.662506
40.532581175133046
31.981552
2.0146637
-24.662506
40.43658833014044
30.54718
3.4396515
-25.360947
39.851460650967674
32.69873
2.7271576
-25.360947
41.47073692960345
30.54718
4.1521606
-25.360947
39.91927125804575
31.264359
4.1521606
-24.662506
40.03672935275339
31.981552
3.4396515
-26.059387
41.39737375378947
31.264359
2.7271576
-26.059387
40.79202443876131
31.264359
2.7271576
-23.964066
39.48637676712454
30.54718
3.4396515
-24.662506
39.41066558082263
31.264359
2.7271576
-23.964066
39.48637676712454
32.69873
3.4396515
-23.964066
40.685558829462146
31.981552
2.0146637
-23.964066
40.014435261501255
29.829987
2.7271576
-23.265625
37.92828508607148
30.54718
3.4396515
-24.662506
39.41066558082263
29.829987
1.3021545
-25.360947
39.17526535986227
30.54718
2.0146637
-25.360947
39.75382622111675
30.54718
1.3021545
-23.265625
38.420243522193964
31.264359
0.58966064
-24.662506
39.825207082206425
31.981552
0.58966064
-23.964066
39.96803532394669
31.981552
0.58966064
-25.360947
40.820888901432866
29.829987
-0.12284851
-26.757813
40.07273050927214
29.829987
0.58966064
-25.360947
39.158058118668244
29.829987
1.3021545
-26.757813
40.09369367445381
29.112793
1.3021545
-26.059387
39.09401541176891
29.112793
1.3021545
-26.059387
39.09401541176891
29.112793
2.0146637
-26.059387
39.12422935043737
29.829987
4.1521606
-26.059387
39.82662622229003
27.678421
2.0146637
-25.360947
37.59430200135055
31.981552
2.7271576
-27.456253
42.238642322800075
29.112793
2.7271576
-26.757813
39.63549742654935
28.395615
3.4396515
-25.360947
38.22721154032082
27.678421
2.0146637
-27.456253
39.03843946496037
29.829987
3.4396515
-26.059387
39.75865913939377
27.678421
2.7271576
-28.853134
40.075374540124386
29.112793
1.3021545
-24.662506
38.17708084640738
28.395615
2.7271576
-28.154694
40.08035751579257
28.395615
3.4396515
-26.757813
39.167876615841074
28.395615
2.7271576
-26.059387
38.63728724716983
29.112793
2.7271576
-27.456253
40.11032149740264
27.678421
3.4396515
-28.154694
39.63095904768218
28.395615
4.1521606
-28.154694
40.20246307266975
27.678421
8.427155
-26.757813
39.409294960667275
28.395615
4.8646545
-27.456253
39.79725534761317
27.678421
6.2896576
-28.154694
39.979264034426336
28.395615
4.8646545
-26.059387
38.84671649975709
29.829987
6.2896576
-26.757813
40.563141005143144
30.54718
5.5771637
-27.456253
41.449738365240314
29.112793
7.0021515
-26.059387
39.694792022025695
30.54718
7.0021515
-26.059387
40.75845866964304
30.54718
5.5771637
-27.456253
41.449738365240314
28.395615
6.2896576
-26.059387
39.05076698790627
28.395615
6.2896576
-26.059387
39.05076698790627
29.112793
5.5771637
-26.757813
39.93294244828604
28.395615
6.2896576
-26.757813
39.5202646544703
29.112793
6.2896576
-27.456253
40.50876852174647
29.112793
6.2896576
-26.757813
40.038668443182836
29.829987
6.2896576
-26.757813
40.563141005143144
31.264359
6.2896576
-24.662506
40.3145030388995
29.112793
8.427155
-26.059387
39.970780954068495
29.112793
6.2896576
-26.059387
39.575322825692936
30.54718
6.2896576
-27.456253
41.55160512750229
29.112793
7.7146606
-26.059387
39.82665380766535
31.981552
7.7146606
-26.059387
41.96936225586544
30.54718
6.2896576
-23.964066
39.33149413210821
29.829987
7.0021515
-25.360947
39.77481475345768
30.54718
6.2896576
-24.662506
39.76090038239514
30.54718
6.2896576
-27.456253
41.55160512750229
29.829987
7.0021515
-24.662506
39.33315919309527
29.829987
7.0021515
-25.360947
39.77481475345768
29.112793
5.5771637
-26.757813
39.93294244828604
30.54718
6.2896576
-23.265625
38.90988625075734
31.981552
4.8646545
-23.964066
40.25867591374715
31.981552
4.1521606
-24.662506
40.59925265822328
31.981552
6.2896576
-23.964066
40.455605370076654
31.981552
4.1521606
-23.265625
39.76618522444273
31.981552
4.1521606
-24.662506
40.59925265822328
31.981552
4.1521606
-22.5672
39.36163897815835
31.264359
6.2896576
-23.964066
39.89105647533981
31.264359
3.4396515
-23.964066
39.54197452105089
30.521301
6.2945404
-24.663483
39.74240020461066
32.67285
5.5820465
-25.361923
41.73609628844602
31.23848
4.8695374
-24.663483
40.09790873794106
31.23848
4.1570435
-24.663483
40.01763222220769
31.23848
4.8695374
-26.75879
41.4196543751235
30.521301
4.1570435
-23.266602
38.602662179488995
30.521301
3.4445343
-23.266602
38.532445933893655
29.804108
4.1570435
-23.965042
38.46932752409704
32.67285
2.7320404
-23.965042
40.61160536391507
30.521301
5.5820465
-23.965042
39.205002570622284
30.521301
3.4445343
-23.965042
38.958154383501665
30.521301
4.8695374
-26.75879
40.88147406680684
30.521301
4.8695374
-26.060364
40.4277724486058
31.23848
4.8695374
-25.361923
40.53125
29.804108
4.8695374
-26.060364
39.889094907983626
29.086914
7.0070343
-26.060364
39.67731937582934
29.804108
7.7195435
-25.361923
39.88863739907253
30.489563
6.294052
-26.756836
41.050662118308914
29.055176
3.444046
-26.756836
39.648365917423064
30.46466
4.1624146
-26.749512
40.75484657720171
30.46466
4.8749084
-26.051086
40.379689041761765
28.313095
5.5874176
-26.051086
38.87813994554009
27.595901
4.8749084
-27.447952
39.22611982547471
29.747467
5.5874176
-26.749512
40.393904001331066
28.313095
5.5874176
-28.146393
40.312157823160184
29.030273
5.5874176
-26.051086
39.4034913660698
29.030273
5.5874176
-27.447952
40.34062578675729
29.747467
6.2999115
-25.352646
39.589865140904436
29.030273
7.0124054
-26.749512
40.09322936626114
29.747467
5.5874176
-26.051086
39.93482391513468
28.313095
7.7249146
-26.749512
39.70947041973268
29.724518
7.011429
-26.045227
40.13802480387208
28.290146
8.436432
-26.743652
39.83376406725361
29.007324
7.723938
-26.743652
40.20332236154432
30.441711
7.723938
-26.743652
41.25021306763154
29.007324
9.861435
-26.045227
40.2122694128064
30.441711
6.298935
-25.346786
40.110272803547474
28.290146
5.586441
-26.743652
39.328916484884246
31.15889
7.723938
-28.140533
42.68987342413596
30.441711
8.436432
-27.442093
41.844231349919966
29.007324
7.723938
-27.442093
40.67127472664983
30.441711
8.436432
-28.140533
42.30556540524913
29.007324
7.723938
-27.442093
40.67127472664983
29.724518
7.723938
-27.442093
41.185855074322845
30.441711
7.011429
-26.743652
41.12275443859747
29.007324
7.723938
-28.140533
41.14576229556104
30.441711
8.436432
-27.442093
41.844231349919966
29.724518
7.011429
-27.442093
41.05819814319212
29.007324
6.298935
-27.442093
40.42486761728478
29.007324
7.723938
-28.140533
41.14576229556104
29.724518
7.723938
-28.838974
42.129473983483344
29.007324
7.011429
-27.442093
40.541997539010396
29.724518
5.586441
-29.537415
42.27545518771058
29.724518
4.873932
-28.140533
41.22125389239073
30.441711
7.011429
-28.140533
42.04459012279404
29.724518
6.298935
-28.140533
41.413924701477974
30.441711
5.586441
-28.140533
41.830560316199296
31.15889
6.298935
-27.442093
41.99549332917685
31.15889
4.161438
-27.442093
41.72843696056533
32.59326
3.4489288
-26.743652
42.30175789140594
31.876083
4.161438
-27.442093
42.26666328438185
31.876083
4.161438
-26.045227
41.3733758060173
31.15889
2.736435
-27.442093
41.61049126600691
29.724518
3.4489288
-27.442093
40.60185338191934
29.724518
4.161438
-28.838974
41.62392224815331
31.15889
4.161438
-28.140533
42.19103717810292
31.15889
3.4489288
-29.537415
43.07238496623663
29.724518
2.736435
-30.23584
42.48812736279248
30.441711
4.873932
-28.140533
41.74137816803834
29.724518
3.4489288
-28.838974
41.55873455687444
30.441711
2.736435
-30.23584
42.99292785683623
28.290146
3.4489288
-28.838974
40.545207094789575
29.724518
4.161438
-28.838974
41.62392224815331
29.724518
3.4489288
-29.537415
42.04641338932787
29.724518
3.4489288
-29.537415
42.04641338932787
29.007324
3.4489288
-30.93428
42.54702849540803
26.13858
3.4489288
-29.537415
39.5926678275552
29.007324
1.3114319
-29.537415
41.4198444664511
27.572952
3.4489288
-30.93428
41.58235839027021
28.290146
4.873932
-30.93428
42.2020996149962
29.007324
4.161438
-29.537415
41.60770714597612
29.724518
3.4489288
-29.537415
42.04641338932787
29.724518
4.873932
-30.93428
43.1767508217494
29.007324
4.161438
-30.93428
42.61070427886196
27.572952
2.736435
-30.23584
41.0117274933913
29.007324
2.736435
-30.93428
42.49520739291888
25.421387
4.161438
-30.23584
39.721159446981154
29.007324
2.736435
-30.93428
42.49520739291888
27.572952
4.161438
-30.93428
41.64750763945095
27.572952
4.161438
-29.537415
40.62073595410508
27.572952
4.873932
-30.93428
41.72472452537883
30.441711
4.161438
-30.93428
43.59982876525291
28.290146
2.736435
-30.23584
41.49730554129388
26.855774
3.4489288
-29.537415
40.069770998242085
26.855774
4.161438
-30.93428
41.176205002385025
29.007324
2.736435
-28.838974
40.99511391903156
26.855774
4.161438
-29.537415
40.1373770095048
27.572952
4.161438
-31.63272
42.1688789923179
27.572952
4.873932
-29.537415
40.699897904701494
27.572952
4.873932
-30.93428
41.72472452537883
28.290146
5.586441
-29.537415
41.279528966774194
27.572952
5.586441
-28.140533
39.791528277464415
29.007324
2.736435
-29.537415
41.48941824335303
26.855774
2.736435
-29.537415
40.01474185134383
30.441711
4.873932
-29.537415
42.695571962843815
27.572952
2.736435
-30.23584
41.0117274933913
29.007324
3.4489288
-29.537415
41.54249401027519
27.572952
2.736435
-28.838974
39.99302612546186
27.572952
2.736435
-28.838974
39.99302612546186
29.724518
2.736435
-29.537415
41.99397452592901
29.724518
3.4489288
-28.838974
41.55873455687444
30.441711
1.3114319
-28.838974
41.95359345641622
29.007324
3.4489288
-28.140533
40.56118334968252
29.724518
3.4489288
-28.838974
41.55873455687444
28.290146
1.3114319
-29.537415
40.92078917039755
29.007324
1.3114319
-30.23584
41.92076702551866
29.007324
2.023941
-28.838974
40.953724122859086
29.007324
2.023941
-28.838974
40.953724122859086
29.724518
1.3114319
-30.23584
42.42019304906936
29.724518
2.023941
-29.537415
41.95357017920227
29.724518
3.4489288
-30.23584
42.53995708999658
29.724518
3.4489288
-28.140533
41.07714285389215
29.724518
1.3114319
-28.140533
40.953101154132696
30.441711
0.598938
-30.23584
42.90993417813496
29.007324
-0.11357117
-28.838974
40.90384022934537
30.441711
-0.11357117
-27.442093
40.985109183759505
30.441711
0.598938
-28.140533
41.46017567488333
27.572952
-0.11357117
-29.537415
40.407171417374975
29.724518
0.598938
-28.838974
41.41970595037615
29.724518
1.3114319
-28.140533
40.953101154132696
29.007324
2.023941
-28.838974
40.953724122859086
28.290146
1.3114319
-28.140533
39.92420186467414
29.007324
1.3114319
-29.537415
41.4198444664511
29.724518
1.3114319
-29.537415
41.925238054631244
29.007324
2.023941
-30.23584
41.94910216979098
28.290146
0.598938
-28.140533
39.90715084388464
29.007324
0.598938
-28.140533
40.41872360396154
29.007324
0.598938
-28.838974
40.908067305888764
28.290146
-0.11357117
-30.23584
41.407140320616804
26.855774
3.4489288
-28.140533
39.05147031783022
29.007324
2.023941
-28.838974
40.953724122859086
27.572952
0.598938
-30.23584
40.92471621723158
30.441711
1.3114319
-30.23584
42.92579244727536
29.007324
-0.82606506
-29.537415
41.407320151265225
26.855774
0.598938
-29.537415
39.92555786583874
30.441711
0.598938
-30.23584
42.90993417813496
28.290146
2.023941
-29.537415
40.9498162532126
29.007324
2.023941
-28.838974
40.953724122859086
29.724518
1.3114319
-30.23584
42.42019304906936
29.007324
2.023941
-30.93428
42.45528150577234
28.290146
0.598938
-29.537415
40.90415507431672
26.855774
-0.11357117
-29.537415
39.921226755989416
27.572952
1.3114319
-30.93428
41.45982677638831
27.572952
1.3114319
-30.23584
40.94134345030247
27.572952
2.736435
-31.63272
42.05216719296403
26.855774
2.736435
-31.63272
41.5854509587826
27.572952
2.023941
-30.23584
40.970355970620695
26.855774
3.4489288
-30.93428
41.11030738205292
28.235947
2.0434723
-30.181152
41.380507917942175
31.10469
0.61846924
-31.578033
44.328956636541484
28.953125
2.0434723
-30.879593
42.37934101566322
29.670319
-0.09403992
-28.085846
40.85524895515263
29.670319
1.3309631
-30.181152
42.34384513365697
28.953125
2.7559662
-30.879593
42.41966499768268
28.953125
3.46846
-29.482727
41.46739588972281
29.670319
3.46846
-30.181152
42.464809074875454
28.953125
3.46846
-31.578033
42.982389880551665
28.235947
1.3309631
-30.181152
41.35144663336308
29.670319
4.180969
-29.482727
42.03616955410245
28.235947
2.0434723
-27.387405
39.389267628338494
29.670319
2.7559662
-28.085846
40.947990366305675
30.387512
0.61846924
-28.784286
41.8607047661124
29.670319
2.0434723
-28.784286
41.38887312260839
30.387512
-0.09403992
-30.879593
43.323884687029164
30.387512
0.61846924
-27.387405
40.91275194220471
30.387512
-0.09403992
-28.085846
41.37903439309196
31.821884
1.3309631
-29.482727
43.40086415920339
31.10469
-0.09403992
-28.784286
42.37978027747651
32.539063
-2.2315369
-27.387405
42.58920297400431
31.821884
-2.2315369
-28.784286
42.966815297353314
31.821884
-2.2315369
-28.784286
42.966815297353314
31.10469
-1.5190277
-28.085846
41.93595144309355
32.539063
-1.5190277
-29.482727
43.935512101633826
34.690628
-2.2315369
-29.482727
45.58125310657469
31.821884
-2.2315369
-28.784286
42.966815297353314
33.256256
-2.9440308
-27.387405
43.18235542802755
31.821884
-2.9440308
-28.085846
42.54543900211646
32.539063
-4.369034
-28.784286
43.66250318717781
33.256256
-3.65654
-30.181152
45.05830370111457
31.821884
-4.369034
-29.482727
43.59990855916085
31.10469
-3.65654
-29.482727
43.01282682508062
33.256256
-2.9440308
-27.387405
43.18235542802755
31.821884
-2.9440308
-28.784286
43.009704914087415
32.539063
-3.65654
-27.387405
42.68759436757505
32.539063
-2.2315369
-26.688965
42.143457913677125
33.256256
-3.65654
-28.085846
43.68253168279913
33.97345
-5.0815277
-28.784286
44.81687593043565
33.97345
-4.369034
-28.085846
44.29558254287328
32.539063
-2.9440308
-28.784286
43.54300221611031
33.256256
-2.9440308
-29.482727
44.54073500959894
34.690628
-3.65654
-30.879593
46.58711335615649
31.821884
-2.9440308
-28.784286
43.009704914087415
31.821884
-3.65654
-31.578033
44.979715480286224
32.539063
-0.8065338
-30.879593
44.86635971833463
33.256256
-2.2315369
-28.784286
44.039679928481824
31.10469
-2.9440308
-30.879593
43.92855861189563
30.387512
-0.8065338
-30.879593
43.33128876386554
29.670319
-0.09403992
-32.276474
43.84184555735536
30.387512
-1.5190277
-30.879593
43.3504044774599
30.387512
-0.8065338
-30.181152
42.83635569397361
27.518753
-0.09403992
-32.276474
42.415343937862716
27.518753
0.61846924
-31.578033
41.89076778696292
27.518753
1.3309631
-32.276474
42.43611639405019
26.801575
-0.09403992
-32.276474
41.95359345641622
27.518753
1.3309631
-34.37178
44.050796318000884
26.084381
2.0434723
-35.76866
44.31667601972761
25.367188
3.46846
-35.76866
43.987742710771855
25.367188
3.46846
-36.467102
44.55753473170601
23.215637
4.893463
-35.76866
42.92212527229547
23.215637
2.7559662
-36.467102
43.31755584669165
