0.59376204
2.1605277
7.0140533
7.363244984990271
0.7125144
1.6135004
5.6955185
5.962381370531913
0.6734412
1.0724492
4.5640764
4.736503298951302
0.5962137
0.99586546
3.6167846
3.7984667294757344
0.5420933
1.0725044
2.939396
3.1755596238396384
0.49496615
1.0074017
2.1829653
2.4546257336650337
0.4304495
0.87870526
1.7540336
2.0084927961216974
0.4056511
0.6569953
1.5641174
1.7443219439844662
0.22875285
0.31873727
1.2934318
1.3516238865665644
0.12171078
0.09409952
1.0730524
1.0840247894176407
0.19696736
0.19403219
0.87759495
0.9201182097184575
0.12692797
0.2778089
0.43009472
0.5275129823759457
0.059404492
0.32567668
0.28278446
0.4353863202095612
0.020708561
0.24138784
0.4407482
0.5029472273943869
0.012736082
0.13564944
0.58627224
0.6018954259906202
-0.016626358
0.27707124
0.48434067
0.558239003891022
-0.047777534
0.41702366
0.38747215
0.5712495708672646
-0.042052746
0.47152472
0.5896206
0.7561457680366159
-0.02215004
0.53811026
0.5674639
0.7823480899813074
-0.19776404
0.47645688
0.7604294
0.9188986106623767
-0.24248713
0.33519697
0.9454479
1.0320023191152434
-0.13269818
0.1608975
1.6987162
1.7114711260264275
-0.22874165
0.09807205
1.6845837
1.7028690810804583
-0.31323797
0.055473328
1.7843695
1.812503748922746
-0.25059038
0.15930057
1.569232
1.5970789978754063
-0.11236566
0.44922113
0.8263445
0.9472438534466486
-0.4193347
0.21380949
0.09412956
0.48001716294996366
-0.6993864
-0.95135427
0.42006874
1.2532653596805456
-0.6552772
-3.028871
1.7649145
3.5662825731139685
-0.6697892
-4.2388597
1.9175873
4.700392629578127
-0.803982
-4.1955395
0.5189276
4.303280692237786
-0.77343017
-2.2187068
-1.3623133
2.7160175667476967
-0.6264056
0.10591934
-2.8902903
2.9592871583431486
-0.42067933
1.2147987
-3.6491547
3.868983982387267
-0.23694468
1.3472497
-3.6471615
3.895254911570081
-0.2661702
0.74069625
-3.1552334
3.2519186665310236
-0.41213375
0.03327149
-2.2751904
2.312455975912503
-0.24926186
-0.31431717
-1.0654993
1.1385146174776173
-0.118964314
-0.22846943
-0.6761861
0.7235871788390457
0.28023937
0.066221416
-0.9316826
0.9751675828551158
0.6034331
0.58927834
-1.2931399
1.5438884070741399
0.62065244
1.1609528
-1.3256464
1.8682503328878197
0.2934937
1.49954
-0.9724107
1.8111712090182046
0.008782312
1.2072935
-0.4829631
1.300341557602314
-0.019789204
0.73599124
0.2533598
0.7786307487600148
-0.0541386
0.5926237
0.87689495
1.0597540208326743
-0.11992535
0.7422497
1.0769262
1.3134256459403937
-0.26066136
0.7240443
0.89218664
1.1782111725798894
-0.32728148
0.59838915
0.7405653
1.0067868003361868
-0.4495306
0.60512495
0.5809598
0.9517185903726612
-0.4515618
0.690959
0.36899948
0.904153173905586
-0.42254108
0.7098267
0.4714136
0.9511181387321062
-0.2729106
0.65596795
0.71423435
1.007424864037921
0.20688182
0.32940745
1.4486227
1.499938963601936
0.7171295
-0.21148372
2.8635693
2.9595657432176994
0.81503916
-0.42584538
3.7886677
3.8986711145402593
0.32258916
-0.24107766
3.2646084
3.289354035058638
0.06270449
-0.0051567554
2.217122
2.218014554917622
0.75884736
0.30999398
1.7966814
1.9748442045160413
2.3194108
-0.24999905
2.4141798
3.3571460515154916
2.7672408
-1.433492
2.1458645
3.783814876568567
1.1794976
-2.836142
0.14992619
3.075287726362291
-0.6691363
-3.084858
-1.9984493
3.73602615946856
-1.4163753
-2.402764
-3.134879
4.196053040001038
-1.0679779
-1.6195841
-3.0020666
3.57435776070181
-0.59389323
-0.5601685
-2.6583118
2.780848784921541
-0.23377909
0.46357718
-3.069007
3.1126129313743913
-0.1525468
1.2672509
-3.3171182
3.554218370270991
-0.21014406
1.7033309
-3.0520897
3.5015350790111897
-0.4937267
1.5082321
-2.8936973
3.300305069202647
-1.0002356
1.355984
-2.3111272
2.8601526755816233
-1.1296307
0.5025172
-1.1861868
1.713367426244848
-0.57809305
-0.2377168
-0.0142531395
0.6252231914640691
-0.13303232
-0.23997283
0.37550068
0.4650648536884025
0.3724145
0.1412946
0.8826704
0.9683820271737447
0.5660822
0.5190923
1.0394087
1.2923916914843714
0.65206337
0.44591975
0.6897907
1.048733669694924
0.49483562
0.16519952
0.62078524
0.8108806612238487
0.37671492
0.0861907
0.7724409
0.8637174997136062
0.3128641
0.26431942
0.71755123
0.8262133215930754
0.16218466
0.50259066
0.27524424
0.5955338784853578
0.10293266
0.94603515
0.05547428
0.9532339940521881
-0.00192976
1.3314366
0.12865543
1.3376395108200798
-0.11646551
1.245193
0.4170437
1.3183304847094934
-0.28470856
0.89655566
0.728199
1.189598588238836
-0.308212
0.14263606
1.4751177
1.5137080231318798
-0.3768142
-0.67885065
3.0648098
3.161627088857733
-0.5198026
-1.1713191
4.9418173
5.105266073767357
-0.19749084
-0.4773686
4.566369
4.595498926349573
0.16761875
1.0507956
2.5000477
2.717076718406618
0.049819097
1.5723045
0.3030281
1.6020141708995015
-0.23212606
0.7790029
0.22709942
0.8439799454620546
-0.22783878
-1.5603095
1.7484455
2.354471935183534
-0.4121144
-3.7803555
1.490694
4.084494341366897
-0.9962373
-4.449313
-0.51594734
4.58858110957201
-1.1302626
-3.0384724
-2.3013048
3.9756525043938837
-0.4751693
-0.9176425
-2.66848
2.861579753760812
0.69629765
0.20824382
-2.4450722
2.5507986351460574
1.1163237
0.45389926
-2.7988176
3.047225540732709
0.6095855
0.091138065
-2.9515686
3.015237733948042
0.24250215
-0.21439373
-2.790296
2.809007722908504
0.259124
-0.014455348
-2.4505882
2.4642923406349957
0.2724215
0.4481225
-2.4354806
2.491303481443321
0.44394988
0.9445986
-2.503839
2.712668094612446
0.30919123
1.4950083
-2.6466331
3.055374887693113
0.11327769
1.7514615
-2.0789995
2.7207881259716316
-0.0013152026
1.6310127
-1.092422
1.9630562328109964
0.1445153
1.0481517
0.02628231
1.0583938466190916
0.40291646
0.87299776
0.6224494
1.1453863601495888
0.36447108
0.97037935
0.89252424
1.3678723609032246
0.14984015
0.7111814
1.0626149
1.2873933099781185
-0.24787727
0.281641
1.2561483
1.3109818715894237
-0.8188789
0.09889889
1.3458538
1.578501212722849
-1.1071284
0.22085571
1.5402002
1.9096405643768477
-0.76695037
0.3835435
1.8795524
2.0659224118622452
0.018509
0.72438335
2.0897427
2.211808858563246
0.87671983
0.8553188
2.277048
2.585566836987641
1.2951379
0.54634905
3.0321465
3.3421239018463944
0.51896274
-0.103052616
3.5979185
3.636613854555971
-0.54634124
-0.6149125
3.2882214
3.389543633364301
-0.28767478
-0.798388
2.9485273
3.068223237551208
1.5243312
-1.0447671
3.4046087
3.8738204637478444
2.698124
-1.6632497
2.9152231
4.306367134527532
1.235295
-2.2001739
-0.20759106
2.5317608353172094
-0.70494336
-2.0244591
-3.2114973
3.861229701854817
-1.5024817
-1.4395232
-4.4807286
4.940304502917099
-1.1636782
-0.91794455
-3.3547392
3.667566506914578
-0.26822752
-0.8722617
-1.9061546
2.113341381747607
0.057399273
-0.4373202
-1.9194889
1.969512973263293
-0.20690829
0.49673355
-2.4243183
2.4833192321411124
-0.31875554
1.140547
-2.8588285
3.094406674754016
-0.5384779
1.2648642
-2.808041
3.126489208149735
-0.7219173
0.9735842
-2.1698189
2.4853862887431526
-0.864838
0.36514926
-1.6324258
1.8831072058281673
-0.9025601
0.23082769
-0.9803295
1.3523838876886514
-0.6377723
0.3723675
-0.36288404
0.8228584019439862
-0.17694491
0.44729233
-0.08344841
0.4882044312131063
0.18405548
0.31186533
0.0979619
0.3751438977401715
0.30813473
0.15755486
0.3848276
0.5175546892726334
0.26949212
-0.01186204
0.89396286
0.9337753055519004
0.15430215
-0.1857028
0.7419853
0.7802800069635052
0.11194955
-0.06045556
0.34842205
0.37092520249123345
0.009114444
0.3806765
0.24043083
0.4503383781520898
-0.13444519
0.90596485
0.24214411
0.947355034138254
-0.25695434
1.2036123
0.197546
1.246488120116152
-0.38177675
1.2310405
0.5372777
1.3963815504512413
-0.32840574
1.2223368
0.82055616
1.5083998094666329
-0.23590952
0.7939949
2.192565
2.3438051344426536
-0.26534212
-0.26885486
3.9528875
3.970895262505801
-0.6834526
-1.1229653
4.9550886
5.1265059328780636
-0.7727747
-0.53062296
4.071331
4.177855815789877
0.017680168
0.5140288
2.2380924
2.2964311028063795
0.6883514
0.79812574
1.127759
1.543590874134933
0.47406667
-1.2462147
1.8943644
2.31655065076765
-0.45967495
-3.149838
2.097762
3.812267859223529
-1.0189629
-3.57715
0.47919273
3.7501885684604224
-0.9683993
-2.7544599
-1.9725409
3.5236009783998625
-0.39547777
-1.1194735
-3.0337067
3.2577598073526453
0.33100986
-0.20604864
-2.8598375
2.886294198207868
0.5827579
0.03052795
-2.6556196
2.7189803628777094
0.37043828
-0.1211451
-2.9481015
2.973752274642658
0.16610599
-0.119900405
-3.2701936
3.2766039698809273
0.26696008
0.25650617
-3.3095155
3.3301584541722664
0.59664035
0.7683212
-3.1264524
3.2742942107781565
0.9408297
1.3808014
-2.9723415
3.409778132674104
1.0284758
1.6715882
-2.6498542
3.2975288212856415
0.79596555
1.678205
-1.955162
2.696774293648126
0.42991346
1.1893351
-0.6370945
1.4160624318772534
0.20219404
0.5952108
0.25646925
0.6789217834100352
0.23070823
0.4685073
0.83724403
0.9867638560274975
0.3071497
0.677433
1.11799
1.3428172045423992
0.17293604
0.5113008
1.1357274
1.2574625416934722
-0.2906921
0.31327248
1.1652403
1.2411391915055459
-0.74970126
0.11271191
0.8479161
1.1374170839041227
-1.0173099
0.27404404
0.4140134
1.1320012311726537
-0.95175385
0.747875
0.5840378
1.3439689280460403
-0.46643746
0.973711
1.3866034
1.757369057564769
0.09036744
1.1237335
1.8907499
2.201335640258936
0.872915
0.5733757
3.1061811
3.2770568212821867
1.1810031
0.018167257
4.0861864
4.253471079023904
0.592376
0.01836443
3.4068565
3.458022291298056
0.12530503
-0.3607192
2.9821434
3.006492741355083
1.0042946
-0.9781058
3.7915897
4.042456140132811
2.002452
-1.2153562
3.8875237
4.538694173080285
2.17657
-1.500925
2.715454
3.7899767844261603
0.74143744
-1.6872418
-0.96499825
2.0803211052332538
-0.8050639
-1.660082
-4.146865
4.5387763295924115
-1.2876126
-1.7915831
-4.6122756
5.112807681051855
-0.81173885
-1.5328653
-3.130536
3.578945548910381
-0.15522784
-0.9772953
-1.8685293
2.11438016119002
0.20525986
-0.4983627
-1.7438202
1.8252139266581922
0.34425187
0.566652
-2.3603988
2.451751616108586
0.26390934
1.3880179
-2.5663571
2.9295786112576967
-0.011054456
1.6352234
-2.543418
3.023748022096956
-0.3382857
1.388624
-2.6438193
3.0054107192376542
-0.6000707
1.0955763
-2.6015573
2.885909239295507
-0.69840777
1.1407809
-1.9356785
2.3528718566500637
-0.57787985
1.1348069
-0.8015523
1.5047318211382859
-0.25161412
0.7967546
-0.055140972
0.837357820711898
-0.009755164
0.34626865
0.3159752
0.4688682724834392
-1.4269352E-4
-0.07924223
0.6741595
0.6788007278875698
0.0573467
-0.3736825
1.110105
1.1727150004573441
0.12249181
-0.5326202
1.4512005
1.5507002264039267
0.109485626
-0.65593946
1.3410039
1.4968416819517845
-0.06564042
-0.3868456
1.1877246
1.2508588701284913
-0.14828041
0.49880624
0.8773961
1.0201071796952494
0.0690811
1.6095533
0.47973537
1.6809461978560378
0.05909559
2.1189094
0.3569727
2.1495811054326395
-0.029337972
2.047554
0.5422363
2.1183385218755095
-0.15371494
0.9063754
1.8243418
2.042882155266225
-0.47156772
-0.40113235
3.2445898
3.303126766958639
-0.86375594
-0.9338217
4.143284
4.334154907007198
-0.6986662
-0.35632372
3.632577
3.716277125747487
-0.0877541
0.71859074
2.1322556
2.2517964291212307
0.38948345
0.5365653
1.131197
1.3111850873009503
0.031944007
-1.5780466
1.5140429
2.1871389908581556
-0.7137743
-3.062877
1.5445061
3.5037391308041923
-1.3409946
-3.1513238
-0.7908478
3.514903761738672
-1.3677615
-2.0154037
-2.850666
3.7495227510031897
-0.81839705
-1.0338838
-3.21523
3.475110520176503
-0.030309916
-0.6087559
-2.407463
2.4834211905723795
0.38180864
-0.5061583
-1.7459269
1.85748079128268
0.42803
-0.52367914
-1.6840467
1.8147900682212468
0.2849632
-0.4342662
-2.063582
2.1279477262673345
0.33523077
-0.15204608
-2.8192358
2.8431652432031966
0.39076772
0.29974258
-3.278192
3.314979345104835
0.5156425
0.795249
-3.430836
3.5593459237830998
0.53892785
1.180162
-2.9821737
3.2521663194943335
0.49626464
1.3540169
-1.8034692
2.3091430010684797
0.6728237
1.2364426
-0.5387244
1.507218001577265
0.81407106
1.0197997
0.5381932
1.4115081393567654
0.953884
0.9077771
1.3997273
1.921767565197726
1.0504113
0.64194584
1.9204035
2.281097929602062
0.85565203
0.48291087
2.321621
2.520965499145532
0.021806598
0.18330026
2.2097235
2.217420152604984
-0.890436
-0.13683343
1.3080931
1.5883031780720056
-1.1988506
0.070577145
0.43355846
1.2767916544910396
-0.8709739
0.5467942
0.63032055
1.2061854488514085
-0.049386963
0.9354296
1.6075048
1.860521299773865
0.80708015
0.9552026
2.136425
2.4755004145730353
1.407978
0.81013083
2.4791155
2.9639041904609424
1.2183197
0.586813
1.3933611
1.941676406945068
0.44984674
0.0672245
0.55157185
0.7149214572048623
0.3866924
-0.7583337
1.2112331
1.4804346085690592
1.2402195
-1.9435892
3.7232761
4.379322859098611
1.9881637
-2.55469
4.9207973
5.890117269232634
1.0312455
-2.4804544
2.6341915
3.7623246161560786
-0.40083492
-2.037994
-1.8497849
2.7813292074175937
-0.8684613
-1.2166771
-3.648016
3.9424039789576084
-0.4725871
-0.4102254
-3.2861633
3.3452193694890746
0.23867655
0.2119515
-2.2688427
2.291186912488054
0.54719853
0.5373106
-1.8840275
2.034130929114393
0.14279306
1.0619178
-2.2388911
2.4820742720158435
-0.4795276
1.0908699
-2.400198
2.6797190850623527
-0.8241551
1.0106019
-2.6556578
2.958558105382966
-0.8738445
0.9387262
-2.9864388
3.2501734173797545
-0.748875
1.0153008
-2.7377467
3.0144496069938653
-0.6527301
1.0688992
-2.2246742
2.5529938196031985
-0.52984554
0.843627
-1.4502969
1.7594896241923057
-0.38173848
0.3646133
-0.74268866
0.9111825289557623
-0.3513595
0.119307995
-0.0118813515
0.3712533707899175
-0.26193395
-0.18802714
0.80643845
0.8685082353059823
-0.25551584
-0.5756321
1.5070634
1.6333647893614374
-0.6028079
-0.82825506
2.017764
2.2629086752352237
-0.915118
-0.73155713
1.7865939
2.136477162095128
-0.86233896
-0.27112627
1.1841087
1.4897152057597622
-0.5251501
0.51093626
1.0200701
1.25593849039715
-0.47758096
1.2438464
0.85053253
1.5807097013260636
-0.7574756
1.496902
0.5425205
1.763182714816487
-0.7400558
0.983001
0.86688805
1.5051472881394465
-0.48861516
0.399498
2.0764008
2.170203574339778
-0.40238428
0.15487719
3.4807148
3.5073173870204415
-0.08440256
0.3384223
3.4970865
3.514437055153532
0.34236526
0.84917736
3.1615877
3.2914970611786303
0.6301494
0.5797429
2.3530579
2.504011083541813
0.30875266
-1.0110338
1.5913124
1.910443056257792
-0.34675986
-2.5441442
0.7367487
2.671275110550682
-0.7256025
-2.7018611
-0.7858305
2.9058703102739867
-0.95206213
-1.6711565
-2.6857624
3.3034082556528834
-0.60842085
-0.9117151
-3.3476257
3.5224989763939307
0.13767111
-0.6795726
-2.521041
2.6146546818900935
0.58131576
-0.48236644
-1.2047195
1.421954477625071
0.6029587
-0.61190575
-0.87949944
1.2294336233818228
0.33296877
-0.91090417
-0.93344307
1.346079736283518
-0.009437025
-1.1117957
-1.4516077
1.8284811993352932
-0.049687564
-0.69790035
-1.9542456
2.0757190285841243
0.15944755
0.27294654
-2.3257103
2.347094273387357
0.5451068
1.0036553
-2.3317475
2.596442146812986
0.71955895
1.251119
-2.3174233
2.7301126447081647
0.62927735
1.2881993
-1.8999071
2.380145872758716
0.5110833
1.1148355
-1.0525775
1.6161632888085689
0.43568173
0.96465206
-0.33257627
1.1094950221510038
0.49794358
0.9785807
0.29705524
1.1374576434958228
0.37920126
0.9054477
0.6130552
1.1573529524531936
0.16545498
0.92355585
0.64367294
1.1378249196896777
-0.08215648
0.7848134
0.7562742
1.0929924657619567
-0.33387578
0.49377513
1.1183357
1.2672654811134019
-0.40117592
-0.049343586
1.5075846
1.560829261181121
-0.19835761
0.26698303
2.1752405
2.200522001066782
0.3776151
0.677104
2.985177
3.084208871064274
1.0299294
0.8251569
2.8171825
3.11097346485756
1.1189091
0.57968044
2.3265295
2.6458886408594564
0.527378
0.50205135
1.4858122
1.6546361726143166
0.0388301
0.2637353
0.8706999
0.9105944908649901
0.59034956
-0.44789624
1.9185591
2.0566945299871238
1.491252
-0.9635711
3.1897192
3.65056304769354
1.4343371
-1.6251081
3.1531992
3.8263513309753248
-0.12816107
-2.5335793
1.0017624
2.727448852227318
-1.730586
-2.64361
-2.4355507
3.989424553775102
-1.9935538
-2.0689194
-4.1549373
5.05155307569489
-1.4109683
-1.1494801
-3.1707215
3.6559009874488253
-0.7035644
-0.8084932
-1.5980501
1.924169519795973
-0.2678859
-0.9532524
-0.9796438
1.3928944788808932
0.034688268
-0.62086517
-0.055877686
0.6243389687055538
-0.0067258915
0.26562166
-0.1596241
0.3099676764848735
-0.3080078
1.212316
-1.4531298
1.917332809898259
-0.34600502
1.5253074
-2.4304729
2.890238803118229
-0.26531187
1.7105786
-2.4002342
2.959323090658948
-0.27737182
1.3378172
-1.7439737
2.2154309875166995
-0.3291577
0.7599652
-0.8320627
1.1739762858541585
-0.2863105
0.3551445
-0.4894371
0.6690665253576482
-0.014527947
0.1615324
-0.38005733
0.41321586928221377
0.15309873
0.13305664
-0.64497995
0.676123097124206
0.1263097
0.20987487
-0.753489
0.7923050531752195
0.05124837
0.1602385
-0.618114
0.6405994596274792
-0.02412358
0.14734435
-0.42936897
0.4545877458665341
0.011346936
0.18682837
-0.02171421
0.1884279732011921
0.22359802
0.5746727
0.44231558
0.758872755386333
0.19803202
1.3791118
0.61817265
1.5242385714369815
-0.15952438
1.6319289
0.70905876
1.786450207157022
-0.36895505
1.1676373
1.4291596
1.8820207759427956
-0.122781515
0.49740744
2.4112968
2.465125114716751
-0.052256525
-0.28394294
4.1700106
4.179993235021346
-0.09543535
-0.21566224
5.1134634
5.118898993665399
0.15349507
0.2335267
4.2784758
4.287592735066146
0.3871159
0.8303828
3.2618914
3.3881160049304997
0.25989333
0.60301495
1.5560637
1.6889362580923313
-0.56972206
-1.2184291
0.08031082
1.3474429196669369
-1.2180915
-2.805829
-0.86661625
3.179221079216138
-1.5797274
-2.551121
-2.1106606
3.6686025768599357
-1.4170109
-1.6003637
-3.4008608
4.016831747332336
-0.65093756
-1.1692
-2.9313784
3.222379249458969
0.5058837
-0.94685215
-1.2150393
1.621347504024212
1.1823437
-0.53529984
-0.2748394
1.326657190975937
0.99184364
-0.3363024
-0.3003168
1.0895151716299003
0.4793557
-0.45291662
-0.9259529
1.1367955657068487
0.14597976
-0.18228936
-1.6371508
1.6537236793597565
0.105291665
0.03421235
-2.5815206
2.583893397337853
0.30641523
0.47556448
-2.8696675
2.924900711852342
0.6396966
0.8975991
-2.7630825
2.9748143947629027
0.8641838
1.0590136
-2.3368797
2.707273530232728
0.8100995
1.1306841
-1.7124438
2.20616675806109
0.54848075
0.87007093
-1.0481749
1.4685111967704854
0.5881828
0.55431986
-0.05707264
0.8102386991800922
0.6582517
0.6732993
0.33741426
1.0002377942595988
0.46147907
0.86042
0.33888435
1.0335028345284165
0.15083203
0.7687812
0.47413588
0.9157399492725015
-0.07853198
0.64567065
0.98073244
1.176815148693947
-0.4382364
0.63145804
1.0527363
1.303473861798083
-0.8141066
0.42855215
1.2750607
1.5723250668111401
-0.82749856
0.4424405
1.9892211
2.1994336092728783
-0.091221124
0.6948867
2.8631773
2.947706468904061
0.7965972
0.797245
3.2099152
3.402017325893734
0.9399048
0.31984615
3.751625
3.8807748402343187
0.2654221
0.075832844
2.8595638
2.872856502073563
-0.54614544
-0.6135409
2.0386543
2.197912339723013
-0.18408863
-1.2876229
2.9601831
3.2333488863803623
0.6993188
-1.4744623
3.3373203
3.714941815707454
1.2413237
-1.7388555
2.4706593
3.2662913541515364
0.7938614
-1.9695235
0.21439362
2.134292368594878
-0.26513076
-1.8399388
-2.1575642
2.8479382201362604
-0.67562205
-1.667318
-3.2660027
3.7286979906455735
-0.4140838
-1.2572399
-3.110796
3.3807053555688458
-0.0018249154
-0.60356605
-2.4503298
2.523571188016123
0.33564365
-0.030827582
-2.1747847
2.2007487583436403
0.26085347
0.65720654
-1.9735012
2.0963472796656735
-0.05180639
0.90883756
-2.1112714
2.2991599829497003
-0.2751192
1.0182052
-2.3977008
2.619427715727686
-0.42312366
0.93331647
-2.412324
2.6209578500187116
-0.43809772
0.88839006
-2.1405492
2.358626088909116
-0.27769446
0.97503185
-1.6396561
1.9277638101697763
-0.06509593
0.97539234
-1.2159567
1.560185358332771
-0.09038396
0.5849469
-0.80804443
1.001632609420468
-0.16424452
0.18448424
-0.35147
0.42958334614149063
-0.20034862
-0.17036247
0.03294325
0.2650437587246075
-0.079833716
-0.23971939
0.25236702
0.3571105184559697
-0.10217421
-0.17262197
0.26701546
0.33396880353354463
-0.3230749
0.053438663
0.11401367
0.34674515441844994
-0.46531895
0.46796107
0.15250206
0.6773227904001734
-0.36076298
0.92982364
0.60467243
1.166340691575872
-0.31542546
1.4487119
1.2230678
1.922018278410152
-0.23701748
1.4960732
1.5990305
2.2025692286095406
-0.07086158
1.2083507
2.2522287
2.5568861526548146
-0.13713443
0.34227276
2.9701529
2.9929524930324765
-0.3318895
-0.41954255
3.8815966
3.918285049039299
-0.23486578
-0.3701105
4.2621565
4.284637892745225
0.17602605
0.08698368
3.896226
3.9011700366722413
0.45494014
0.5867343
1.6689672
1.8266580026425756
0.25669187
-0.040098667
-0.10517788
0.2802873534891494
-0.32711697
-1.5222299
-0.2871704
1.5832423719411808
-0.7290418
-2.1639726
-0.26804352
2.2991578052880457
-0.9433214
-1.9495292
-1.2563915
2.5038049353040135
-0.5707824
-0.98501503
-2.4837723
2.732246660527714
0.037537396
-0.4011091
-2.4543667
2.4872099817560978
0.79234374
-0.34770238
-1.837079
2.0306562289451677
1.089731
-0.40457582
-1.4658327
1.8707914805102692
0.69557154
-0.3849523
-1.6553373
1.8363413914321163
0.17721571
-0.13174856
-1.7341571
1.7481601443967179
-0.22214608
0.23553538
-2.387145
2.4090013503739502
-0.41139096
0.4297638
-3.0397792
3.097449970472498
-0.6547242
0.4817171
-3.4507957
3.545237024343627
-0.74596137
0.36622024
-3.0747561
3.1850747250305322
-0.7423365
0.2661612
-1.5787387
1.7647439564543184
-0.5632235
0.19760609
0.5412793
0.8057618607782265
-0.2628734
-0.018128395
1.6282086
1.6493921634175683
0.115312755
0.012312412
1.8082228
1.8119377053270458
0.31826282
0.4312296
1.3891172
1.4889247834606094
0.47296143
0.53651977
1.4713812
1.6360037978764779
0.37836915
0.42538524
2.0696635
2.146537356638268
0.25289595
0.5395057
2.1575556
2.2383183181649158
0.16784027
0.7189088
1.5728159
1.7374550902785555
0.2453632
0.5712962
1.2927294
1.4344795670967114
0.6866231
0.57578945
1.4517317
1.706021566784614
0.970678
0.7632587
1.3452597
1.8260622042603383
0.8914641
1.10477
0.8118887
1.6353556708686674
0.55994236
1.27455
0.6073723
1.5188528865924538
0.18746476
0.48716974
0.9647379
1.0969031523219042
-0.0722101
-1.0161395
1.6068878
1.9025883135555879
0.11461443
-1.912329
2.0976238
2.8408033594049837
0.417303
-2.3687916
2.2144003
3.269385987476459
0.34916526
-2.1555223
0.66061115
2.281359212691049
-0.14204732
-1.2264237
-1.3409033
1.822721663444569
-0.15577582
-0.540606
-2.463275
2.526706243706633
0.1052227
-0.16816485
-2.1813097
2.19031126031284
0.17611551
0.19491029
-1.5918188
1.6133486384987292
-0.062135875
0.198066
-1.4266834
1.441706184257203
-0.4404424
0.08949995
-1.375021
1.4466106461666812
-0.47876778
0.06776929
-1.3758287
1.4583264850274005
-0.43281364
0.2112751
-1.5182118
1.5927749343762125
-0.29262078
0.42184782
-1.6321182
1.7109624434094304
-0.3451876
0.5941367
-1.9186106
2.0379448527922586
-0.2953037
0.85838175
-1.8719921
2.080475360030454
-0.30136523
0.9663482
-1.6354995
1.9234105620368807
-0.09169403
0.7807398
-1.1168637
1.3657770347202856
0.40548515
0.5479772
-0.4491272
0.8163409047235809
0.7725827
0.58011866
0.19615316
0.9858487616745446
0.70234203
0.4755869
0.8081455
1.1715658161465408
0.0677104
0.27704
0.8418827
0.8888769898181113
-0.47830212
0.07606459
0.70415163
0.8546275701904036
-0.7465604
0.12214327
0.6475973
0.9958180962411718
-0.57043326
0.5803857
1.0926867
1.3624264023528034
-0.48699236
1.1231928
1.452589
1.8996679768827496
-0.2746722
1.0249686
1.3919144
1.7502660549099303
-0.2542143
0.47137928
1.4161587
1.5140437893651268
-0.27232444
-0.22815084
2.217022
2.2453062053424944
-0.15273726
-0.33574915
2.3903637
2.4186555198334063
0.14979154
-0.47928882
3.1879225
3.2272286454827785
-0.029564917
-0.32980084
3.1172848
3.134821754024365
0.010824621
-0.413239
1.4901791
1.5464531679755378
0.25765663
-0.7404785
-0.41676044
0.8879102524326259
0.11801869
-0.8490412
-1.6550074
1.8638263920581943
-0.009014577
-1.0048444
-2.0020447
2.2400840968285674
-0.030195981
-1.2061013
-1.7586946
2.1327445330287595
-0.016495377
-1.2943233
-1.3648186
1.881030240324341
-0.01702702
-1.2844557
-0.9769335
1.613851081761317
0.078315705
-1.1501477
-0.8658228
1.4417427311200244
0.058821827
-0.8090273
-0.98379326
1.2750821405018797
-0.025726289
-0.38673282
-1.4152732
1.467386221300987
-0.07421112
0.06219399
-1.6148891
1.6177893361847806
-0.11299908
0.44048882
-1.7094598
1.7689126388128473
0.020691693
0.7316327
-1.4901509
1.6602001229267191
0.17744371
0.91091776
-1.4679332
1.7366879822978178
0.33349112
0.9547467
-1.2471299
1.6056433812414914
0.49280554
0.97448707
-0.5686631
1.231202696845241
0.662395
0.9481416
-0.07568884
1.1590808546680775
0.50310093
0.7661748
0.16929245
0.9320913699921564
0.015577778
0.51717186
0.43423033
0.6754741963386026
-0.50468534
0.19538617
0.78791714
0.9558747446611816
-0.725529
0.12949371
1.166635
1.3799268711450807
-0.7030063
0.13424087
1.3585181
1.5355162065073678
-0.2444551
0.13037705
1.787837
1.8091759949450537
0.15303174
0.119624615
2.1887531
2.197355032903195
0.3407766
0.15316057
2.4635172
2.491686923179662
0.40286586
0.09954429
1.867384
1.912938251023222
0.107772216
-0.027624846
0.88099194
0.8879891592214606
-0.2662087
0.012376785
0.24510765
0.36207460156232923
0.032199293
-0.2888949
0.8856163
0.9321015375434661
0.77658105
-0.31539178
1.9534779
2.1257059383265062
1.4946697
-0.17952967
2.3250961
2.7698989860762806
1.8048205
-0.81783104
1.8524151
2.71250180011461
1.1105838
-1.4587168
0.28674603
1.8556600050484862
-0.40631735
-1.6075065
-1.7779026
2.4310714852270756
-1.0758755
-1.5158486
-2.663477
3.24798624299805
-0.85303897
-1.2241712
-2.2993336
2.741022715750323
-0.19209869
-0.5617882
-1.2112284
1.3489188209353566
0.28302342
-0.14297271
-0.60506344
0.6831143687433981
0.09617418
0.2801863
-1.0893049
1.1288662279683908
-0.332948
0.5267761
-1.775495
1.8816827574121617
-0.5306783
0.5056969
-2.2248473
2.342497427337439
-0.61990947
0.46584904
-2.3123484
2.438905066444002
-0.5495577
0.5450618
-2.259766
2.3886501158427382
-0.34004742
0.8344445
-2.0683022
2.2560593289359017
0.026758462
1.1732109
-1.7159333
2.0788379106037183
0.3968176
1.1492586
-1.0969343
1.6375361110986155
0.60475826
0.9883597
-0.019465446
1.1588642362807187
0.506791
0.39995432
1.0723529
1.251695341568242
0.19857377
-0.38872027
1.4439831
1.5085165327036716
-0.31998137
-0.7553401
1.3428917
1.5736215372049744
-0.48582846
-0.73834753
1.5914607
1.8204212729245222
-0.18946518
0.02223754
1.8592691
1.8690300313823822
0.3119453
0.93716335
1.2805567
1.617223103449229
0.53686047
1.4469223
0.8175869
1.7464969178092575
0.5597329
1.6057324
0.6157627
1.8085467536373405
0.34818757
1.1428494
1.2089548
1.699679748438928
0.109998286
0.32051754
1.6375399
1.6722344698339495
-0.39084172
-0.0040750504
1.5283833
1.5775706762329642
-0.71873
-0.16031933
1.4257345
1.6046788112327146
-0.47538522
-0.31979156
1.5274897
1.631405091494918
-0.24623287
-0.02599001
0.4788313
0.5390598462910224
0.18225524
-0.29277325
-0.13025093
0.36864405742705075
0.0040674657
-1.1382692
0.060520172
1.139884185596715
-0.58284664
-1.757205
0.3050747
1.8763129405850933
-0.9987477
-1.9382346
-0.55656147
2.2503356683208815
-0.9598886
-1.5544183
-1.5982971
2.427376386989663
-0.34653133
-1.0941365
-1.3360987
1.7613569679022154
0.523396
-0.86764777
-0.111198425
1.0193729204616233
0.69835955
-0.8971466
0.6542015
1.3117002593799616
0.34799787
-1.081636
0.5425148
1.2591112906706505
-0.1927806
-1.0453527
-0.04482937
1.0639248998460897
-0.43769798
-0.7136991
-0.832654
1.1807872875140542
-0.23906744
0.06494069
-1.9953837
2.010703058218711
0.00794366
0.68402183
-2.603787
2.6921469855290434
0.17107601
1.2022711
-2.7380834
2.9953001082775432
0.3015819
1.2874281
-2.535232
2.8593398128491545
0.50175464
1.1870022
-1.9898787
2.3707275107778387
0.7346766
1.2943668
-1.1015701
1.8516456810660211
0.86355335
1.4032426
0.0342865
1.6480260398761122
0.3767234
0.98851895
0.6403451
1.2365807731614427
-0.3804899
0.22003746
1.3167281
1.3881505317521263
-0.8790003
-0.1955502
1.6662979
1.8940512137492944
-0.97901237
-0.13345575
1.9344616
2.17219178887675
-0.6912725
0.14606333
1.7391062
1.8771474620549438
-0.15462285
0.31987882
1.1307955
1.1852970771379543
0.35131136
0.55086875
0.8126993
1.0427637363060454
0.73307437
0.41771054
1.1941223
1.46212459212835
1.0040083
-0.25576282
2.1466522
2.3836029242605012
0.83768314
-0.775388
2.912507
3.128200265624864
0.3445351
-0.93059886
2.498557
2.688402157553085
0.12239921
-1.0509369
1.9988451
2.2615994173236067
0.5614368
-0.92502534
1.3194342
1.7063966876683232
1.3953378
-0.9009106
1.6416473
2.335297257577716
1.7483398
-1.1765846
1.6236067
2.6602897890605424
1.0462453
-1.2324027
0.17648315
1.6262201716673148
-0.35052788
-0.7522481
-2.8774223
2.9947130983523063
-0.8588615
-0.1229583
-4.332222
4.418247204006685
-0.6985814
0.4762417
-4.553703
4.631525951406275
-0.0876863
0.6529747
-3.424611
3.487409698520447
0.274616
0.38447368
-1.9237452
1.9809162905788729
0.047310233
0.2769332
-0.72688293
0.7792875437548328
-0.47929937
-0.023619652
-0.49723053
0.691031100982345
-0.9580479
-0.2334162
-1.0490074
1.4397067670814268
-1.061404
0.062263966
-1.6819649
1.9898394940693591
-0.9104148
0.4520371
-1.5754151
1.8748667987557894
-0.63256377
0.5953038
-1.2526703
1.5243708172467454
-0.4026215
0.7022555
-0.86806107
1.1869275068306626
-0.057777338
0.7303562
-0.5871887
0.9389084091326754
0.46326426
0.65706897
0.0052580833
0.8039782463138909
0.6617463
0.51033235
0.8891039
1.2201856324972384
0.48342842
0.28568268
1.3050451
1.4207252632872676
0.1454072
0.3281448
1.4577537
1.5012888139952765
-0.017749518
0.7183721
1.6258903
1.777608730140042
0.2731046
1.245074
1.6837845
2.111853605615288
0.58240235
1.4097772
1.2206135
1.953602175596402
0.36249238
1.3959725
0.61257267
1.5669668816314795
-0.07392472
1.2240381
0.1299696
1.2331367752742652
-0.4613657
0.8987856
-0.01860714
1.010455370027395
-0.63724315
0.37043285
0.83170414
1.1113195435740737
-0.724315
-0.31656933
1.8797026
2.0391493738602855
-0.7939725
-0.3030548
2.0668774
2.2347744671320444
-0.6658238
-0.07006121
1.8565311
1.9735597260017106
-0.66673434
-0.079033375
1.7303905
1.8560798361518709
-0.567864
-0.13217974
0.87482643
1.0513145483205766
-0.38150752
-1.3009295
0.39723492
1.4127141520107467
-0.010240346
-2.1708071
0.6510601
2.2663600386991045
-0.015853733
-2.3189156
0.3791113
2.3497544748811783
-0.28083354
-1.6635964
-1.374567
2.176201990289289
-0.036961436
-0.9324819
-2.482545
2.652153446522306
0.4033025
-0.62340236
-2.2043867
2.3260705062597635
0.5946233
-0.6634431
-1.047164
1.3748767103927966
0.6863884
-0.5460774
-0.16352367
0.8922272708399499
0.56443363
-0.36407816
-0.06569672
0.6748735583170375
0.30981016
0.13011706
-1.2209282
1.266324779942173
0.1750644
0.44119716
-2.5396771
2.5836529277694935
0.14005151
0.70538425
-3.45294
3.5270349783529777
0.25377795
1.0086713
-3.7315247
3.8737704879844266
0.37157416
1.2053323
-3.065665
3.3149954555014274
0.32024372
1.3396769
-1.7017102
2.1893167853123026
0.041674525
1.1713402
-0.0091228485
1.1721168268550768
0.06398541
0.7608588
1.1878877
1.412118027952072
0.16611004
0.66997886
1.4483037
1.6043839328162022
0.044781417
0.74667263
1.6221609
1.7863178772572952
-0.117403805
0.55520034
1.9681044
2.0482836819066206
-0.24332124
0.36754584
1.946064
1.9953597001218812
-0.48962265
0.15229964
1.5798349
1.660964804825943
-0.5679114
-0.03521967
1.2255602
1.351207443964607
-0.5002978
-0.21205044
1.1336765
1.2571737432710977
-0.2661629
-0.29222322
1.259368
1.3199411806815424
0.2161106
-0.3295467
1.8847294
1.9254894848033466
0.6862053
0.016005278
2.6148624
2.7034495605369053
0.6523938
0.55676675
1.8697081
2.057040299780701
0.27674878
0.28069258
0.6606693
0.769325771104822
0.09498519
-0.15085721
0.45192146
0.48581177903591394
0.58164346
-0.8293693
1.116189
1.5073288848577355
1.2161366
-1.7897282
2.3409643
3.18782520505185
1.5245333
-2.339664
2.681054
3.8712117536094794
0.7254634
-2.0058064
0.45932484
2.1818653014903684
-0.56501544
-0.94959164
-2.9959145
3.1931912345833777
-1.107066
-0.5259992
-4.775611
4.930388338838324
-1.2534022
-0.23692465
-4.985028
5.14564394377121
-0.9184458
0.032642245
-3.7581787
3.868916566187253
-0.21377838
0.19849634
-1.5891757
1.6157293702876896
0.46870798
0.10133624
0.11538029
0.4932228733159398
0.4822266
-0.09897506
0.90441704
1.029712918652319
0.17126083
-0.2860391
0.66607285
0.7448501208292777
-0.36864674
-0.07177162
0.09615612
0.3876823211722526
-0.57456017
0.29500926
-0.6202669
0.8954780265821497
-0.2949271
0.7838006
-1.0210228
1.3205350880090332
0.08583903
1.2169719
-1.134768
1.6661594413765253
0.48622
1.3949571
-0.8924918
1.7259364999868025
0.6686188
1.2002416
-0.42668915
1.4386432911055362
0.6306631
0.94103956
-4.172325E-4
1.132824549117628
0.42791605
0.71069384
0.34443092
0.8982374549072503
0.23507261
0.39617276
0.4326043
0.6319481633557826
0.13442802
0.20584702
0.29245377
0.3820642632572142
-0.09931666
0.34855223
-0.14910936
0.39190057388160465
-0.41655695
0.73086715
-0.43723726
0.9480838348766457
-0.8235781
1.1171641
-0.5451565
1.491151300123371
-1.0840727
1.41854
-0.19862032
1.7963628287773368
-0.8174588
1.0620484
0.7681389
1.5447404564437508
-0.3283556
-0.1999793
2.6103172
2.6384777841968265
-0.4120827
-1.2364166
4.76593
4.940913698277691
-0.50971013
-0.6290455
5.467616
5.527235050278339
-0.43075246
0.4927516
3.7879925
3.8441174339274804
-0.011329085
0.689167
1.2606001
1.436729722346713
0.42380843
-0.2875948
0.7403288
0.900228324379186
0.18581782
-1.7738569
0.95235157
2.0218976026919573
-0.2459102
-2.3576126
-0.3796749
2.4006170751097713
-0.49552453
-1.5260022
-2.832017
3.2549266154137046
-0.5956172
-0.65385485
-4.6713076
4.754303237776635
-0.3156034
-0.7337737
-4.457223
4.528229857942539
-0.0034857392
-0.916461
-2.4701915
2.634721737235246
-0.044926554
-0.7178459
-0.5089865
0.8811290522696094
-0.1470322
-0.8730732
-0.09306908
0.890245591043183
-0.2057324
-0.6524899
-0.6950321
0.9752633264937068
-0.1262787
0.06027794
-1.077004
1.0860558314997077
0.22458848
0.6419842
-1.4515347
1.6029775183583153
0.4976208
0.8238759
-1.7588205
2.0049557084972944
0.46704966
0.8851137
-1.9318657
2.175699064664714
0.35065538
0.8613198
-1.6144452
1.8631329427432721
0.3303237
0.8078084
-0.82037735
1.1977842617114987
0.4059957
0.58112454
-0.08552408
0.7140396264751189
0.3286273
0.3997774
0.3529601
0.6264173410889131
0.19777955
0.3542986
0.90294504
0.9899262620456737
-0.1175884
0.35622263
1.3237791
1.37590430606723
-0.27028397
0.30413175
1.4650803
1.520529372614284
-0.2660266
0.14370656
1.6240897
1.6519955387655616
-0.032777295
0.015366554
1.9275103
1.927850196087678
0.19212936
0.062092543
2.02851
2.0385343956626794
0.45633063
0.26802516
1.9101124
1.9820707263857014
0.6868452
0.4749093
1.5663967
1.7750757523611445
0.7333509
0.5676329
1.2377949
1.5466566606038992
0.33768374
0.71076465
0.7297478
1.0731954243323922
-0.13974038
0.39239883
0.36161613
0.5516071485219409
-0.1769146
-0.13810611
0.8141012
0.8444719404908414
0.429246
-0.85747576
1.3637953
1.667169526851486
1.1363565
-1.6934607
2.7535706
3.4265531151012896
1.1963896
-2.6265688
3.5091333
4.543591969088705
0.17947483
-2.725663
2.1254377
3.461059843703836
-0.7681321
-2.034963
-1.0577698
2.41867277036876
-0.9401171
-0.8273493
-3.3400164
3.5670767046330583
-0.44180518
0.2689861
-3.725462
3.761198235583761
0.2633022
0.48333943
-2.7198806
2.7750127053184737
0.60520625
0.38284087
-1.903923
2.0341496824779384
0.32327473
0.54377747
-1.5001545
1.6280859475751428
-0.20106697
0.6457118
-1.636826
1.7710367497315058
-0.6741704
0.29821825
-1.788302
1.9342863441574123
-0.7155496
0.13514519
-1.9286356
2.061531186145729
-0.61457765
0.49884987
-1.6884761
1.864807847072533
-0.31161818
0.7706599
-1.2358594
1.489419656933273
-0.1075578
0.68931174
-0.7167058
1.000193279184585
0.082505554
0.459512
-0.15964651
0.4934019062861669
0.07749662
0.22970366
0.3779378
0.44900610493330684
-0.029940069
0.042026043
0.7390528
0.7408519574181901
-0.050767124
-0.06214714
0.72148657
0.7259355526790044
-0.044444412
0.18012571
0.60017395
0.6281953193436738
0.05255109
0.69955564
0.4878006
0.8544525311668434
0.3178529
1.0997765
0.40939426
1.2157888385421647
0.44581848
1.3816459
0.18194818
1.4631489218834297
0.21491802
1.5152042
0.07277489
1.5320998188646882
-0.2571065
1.4841447
0.35318565
1.547103479639302
-0.52746594
0.6701679
1.1597853
1.4395997012910482
-0.5866938
-0.122749805
2.475441
2.5469757247385036
-0.30463398
-0.22078323
2.8882341
2.91263510591232
0.2083181
-0.4026389
3.5517416
3.5805562517434932
0.5535575
-0.26465034
4.3621902
4.405129797557071
0.08658877
-0.45305562
2.9074821
2.943842594447983
-0.34061632
-1.5499687
1.0312023
1.8925646455676455
-0.50233644
-1.8720442
0.1622467
1.9450489769581931
-0.5589288
-1.1873469
-1.4676142
1.9687776714983969
-0.82638454
-0.57063603
-3.3959112
3.541292208155102
-0.6879227
-0.47566247
-3.8965917
3.985338042315035
-0.43924728
-0.9972764
-2.4430661
2.675083308838907
-0.17135388
-1.1847241
-0.6481762
1.3612735688101916
-0.08728367
-1.1776228
-0.57600117
1.313845943428319
-0.10047269
-0.97274405
-1.2307768
1.5719851415431838
-0.23743784
-0.4679067
-1.9001646
1.9712784894143593
-0.40447074
0.027900457
-2.1751852
2.212646686411258
-0.48063624
0.14873421
-2.502462
2.5525376726409865
-0.35003245
0.3488307
-2.3390732
2.390704683459336
0.060908318
0.80387354
-1.6375847
1.8252687230254296
0.55055135
1.0951242
-0.5324311
1.336370743665981
0.8618206
1.0408206
0.30189228
1.3846231018670525
0.9767607
0.9437473
1.2528248
1.8477798646379988
0.8924995
0.83161235
1.8641725
2.2278404450051803
0.48032555
0.65379786
2.0774388
2.230227803111595
0.15058634
0.46940804
2.0641775
2.122227374609284
-0.017436944
0.23762059
1.7700949
1.7860581271333655
-0.021610998
0.08666682
1.7838249
1.7860597957413473
0.036341324
0.027195692
1.8637629
1.8643155536132325
0.22443992
0.08687878
1.1615677
1.1862380198606342
0.5281477
0.47939038
0.17077065
0.7334287512720263
0.7902675
0.5635562
0.12129402
0.978177131994199
0.6590291
0.53512096
0.035743713
0.8496772475920084
0.2705648
0.06034732
0.024764061
0.2783170197944618
0.055561483
-0.36927104
0.3913908
0.5409574236360338
0.47732085
-0.90067124
1.1941786
1.5700657589012537
1.1135247
-1.8084624
2.9856253
3.663936653497476
1.3390143
-2.385297
3.8863134
4.752476498356582
0.4046657
-2.1342502
2.2088308
3.098017360040184
-0.6569325
-1.1979141
-1.4737272
2.0095845874031335
-0.8051888
-0.3377543
-3.8413348
3.93932239805408
-0.1997872
0.5802169
-3.9158273
3.963618287370583
0.55651534
0.74764705
-2.2630877
2.4474990380258976
0.8704226
0.52916455
-1.2435236
1.607482983156492
0.4052031
0.5420842
-1.2284927
1.402583067298876
-0.39984405
0.40685236
-1.7566004
1.8469025766343863
-0.79105425
0.07648468
-2.0220265
2.1726038965243126
-1.0120851
0.03820336
-1.9279099
2.1777538623707686
-0.97821987
0.27189803
-1.9024158
2.1563924106617898
-0.7366072
0.48566914
-1.3955188
1.651041297631769
-0.36710384
0.5647485
-0.7831421
1.0329654759216815
-0.067670405
0.47861385
-0.040412903
0.4850605143813741
0.04546243
0.2220006
0.6801839
0.716938763537294
0.03253925
-0.090549946
1.5363045
1.5393145979237726
-0.26510352
-0.23333025
1.7385302
1.77403780150108
-0.39212677
0.0010411739
1.168642
1.2326754204913921
-0.1911183
0.60608697
0.3832903
0.7421449347888781
0.14590174
1.2050452
0.046142578
1.2147223605135924
0.29293466
1.4467077
0.20546627
1.4902986885081924
0.27648562
1.525115
0.10308075
1.5533981727743569
0.08328253
1.5150576
-0.07842541
1.5193702592858154
-0.07511073
1.1545854
0.3356552
1.2047295707748444
-0.13670307
0.1345396
1.3870945
1.4002927269760148
-0.21279198
-0.7427888
2.588335
2.7012022379439564
-0.7141962
-0.7168143
3.1892385
3.3459141938037447
-0.95826
-0.65772724
2.9727707
3.191901067056277
-0.8317303
-0.16226315
1.4473505
1.6771785716939884
-0.20952821
-0.2907009
0.046970367
0.3614074001467125
0.0047599673
-0.85696864
0.21378994
0.8832463236607287
-0.3792643
-0.850296
-0.4495449
1.0338933186200157
-0.6520072
-0.75302076
-1.5739756
1.8626735503989513
-0.5330979
-0.88205934
-1.8606033
2.1269854078128576
-0.012760222
-1.0772276
-0.75298405
1.3143695050830775
0.24261951
-1.0992868
0.43573856
1.2071304033657593
0.26304862
-1.1590722
0.2604847
1.2167559719405492
-0.01557374
-1.0728252
-0.34706688
1.1276754249569416
0.03350967
-0.6016017
-1.0859365
1.2418960133326455
0.019146264
-0.11736274
-1.9030442
1.906755849290866
0.007655561
0.15510678
-2.2426114
2.247981861808339
0.032939494
0.392236
-2.5449104
2.5751705002122818
0.18341121
0.60492384
-2.7599354
2.831398265737477
0.42254102
0.78273535
-2.4607763
2.616607601770714
0.80155027
0.95179987
-1.2905831
1.7927662188597315
1.2120179
0.9299917
-0.028817654
1.5279732502048833
1.1688119
0.78996205
0.6358304
1.5473983341771627
0.6209303
0.5630169
1.0985956
1.381830243749312
0.010242462
0.22057033
1.1968269
1.2170254169715642
-0.30209464
0.04238081
1.4439626
1.4758337735491884
-0.34510523
0.041565895
1.7182865
1.7530926216929825
-0.21862331
0.28991103
1.9109306
1.9451222154322694
-0.11360709
0.6035087
1.3142233
1.4506247555700882
0.123634785
0.57857513
0.71427536
0.9274826190070522
0.40536565
0.42072225
0.7131567
0.9219115945050728
0.5847817
0.31742406
0.93827534
1.1502557490867802
0.2609663
0.29224658
0.57823753
0.6984769839875465
-0.032562494
0.23379731
0.59666634
0.641663616552989
0.1271789
-0.5982604
1.4005375
1.5282654773759006
0.8142575
-1.466935
2.9400234
3.3850630042384107
1.8082843
-1.8745704
4.7538834
5.42063762165871
1.6573172
-1.974666
4.5845737
5.25968838424997
0.21111345
-1.8478835
0.9746609
2.0998109232842137
-0.77346694
-1.1526953
-2.5415087
2.895897752516443
-0.6570808
-0.18282676
-3.6038027
3.6677750443893253
0.029790163
0.45516193
-2.9251804
2.9605305173074457
0.2115376
0.3526374
-2.3171597
2.3533656915415846
-0.2598108
0.1250503
-2.2636147
2.281905093259747
-0.9241938
0.019595027
-2.2859015
2.4657381251773525
-1.3139634
0.0041838884
-2.3535304
2.6954818893500674
-1.4648888
-0.12689745
-2.4114637
2.8243865705887483
-1.4592153
-0.07853353
-2.289259
2.7159129280942533
-1.006482
0.20915449
-1.7356396
2.0172248819139242
-0.52171206
0.57338023
-1.0169315
1.2787095447006553
-0.19135705
0.7345164
-0.63350105
0.9886634298783056
-0.022841036
0.5952747
-0.058606625
0.5985887022709242
0.09281814
0.13528538
0.34767914
0.38444521192946907
0.12022317
-0.0066936016
0.7225075
0.7324721662421433
0.14214721
0.1861813
0.9610777
0.989211628354542
0.29759246
0.29834318
1.0523357
1.1335698194232247
0.37598
0.54513264
0.81122303
1.047193108808022
0.41187495
1.0183759
0.57236385
1.2386810908701038
0.5325283
1.4697542
0.622612
1.6826792488010611
0.6635275
1.842349
0.40615273
1.9998697000019987
0.56146777
1.9948573
0.07592487
2.073756509486692
0.28062242
1.4886255
0.05307865
1.5157745130275386
-0.047483385
0.076159954
0.9465141
0.950759704395874
-0.28315294
-1.103612
2.5308352
2.7754749819494404
-0.46402717
-1.0859177
3.851923
4.028876973848935
-0.5704193
-0.11408186
3.8821592
3.9255004175050128
-0.5367806
0.96218324
1.8224354
2.1296010414760116
-0.5290233
0.5552263
-0.3041849
0.8250275029308697
-0.5496325
-0.81995773
0.07843399
0.9902415980690705
-0.86108553
-1.8588132
1.19281
2.3705380336861994
-1.0642793
-2.2455335
0.20342636
2.4932896201063817
-0.9318687
-1.9343328
-1.2776108
2.498462013186402
-0.2091937
-1.359761
-1.497098
2.0332275154636954
0.57580525
-1.1414391
-0.9793272
1.610439874137206
0.79391706
-1.0931953
-0.6723709
1.5091265550938897
0.51255053
-1.043108
-0.9018154
1.4710722076410778
0.18402778
-0.8229943
-1.5795345
1.7905628293414033
-0.05580607
-0.33278394
-2.232801
2.258154080961491
-0.056137025
0.18196744
-2.7937212
2.800203867711176
0.050858438
0.6971979
-3.2233038
3.2982357164008733
0.2513765
1.1400284
-3.3562794
3.55351462664532
0.6224807
1.3602173
-2.888052
3.2524633608725493
0.8427496
1.4099545
-1.532805
2.246706459398595
0.96533465
1.2122395
-0.3566699
1.590160066596848
0.8718665
0.8931773
0.8255739
1.4964922580894726
0.6055559
0.49619055
1.886291
2.042301805795262
0.18947905
0.27053857
2.1142864
2.139930111109269
-0.1472131
0.4884119
1.3734794
1.465149626267879
-0.24035361
0.65504956
0.8344641
1.087745423959844
-0.16929853
0.60831547
1.0468125
1.222508138149766
-0.27717555
0.5709281
1.1247549
1.2914560925695593
-0.3979537
0.6406174
1.0875092
1.3234175337148917
-0.3068708
0.6503997
1.0730352
1.2917407332483495
-0.17271289
0.7884705
0.9082279
1.2150693236303092
-0.2377691
0.7227135
0.69210625
1.0285232213337796
-0.42388937
0.6394625
0.5958233
0.9713906629863311
-0.48850965
0.1514821
0.38472176
0.6399995029715754
0.103355475
-0.80201864
1.6676846
1.853399082133637
0.96758133
-1.3924367
4.2071896
4.536026535185313
2.2029247
-2.4930096
5.8442297
6.724804514486398
2.1377506
-3.3504837
4.522155
6.020432015566054
-0.032778382
-3.0059986
0.62209797
3.0698710893535943
-1.5048816
-1.9566042
-3.478612
4.2654085768128285
-2.0045264
-0.7110323
-5.6444397
6.031864747653446
-1.3086555
0.07473558
-5.1897593
5.35273442488643
0.09846173
0.11341864
-2.9949288
2.998692545497433
0.9521742
0.45848417
-1.3501558
1.7145740757534296
0.85750747
1.037164
-1.2065387
1.8074190679346582
0.06159818
1.147681
-1.7735133
2.11336586266321
-0.7436811
0.52358043
-2.2768922
2.4518229922988293
-1.3151207
-0.14425182
-1.3924732
1.9207635782723373
-1.4313382
-0.28778398
-0.48190928
1.537460655391292
-1.1335784
-0.10381341
0.17758846
1.1520915644502838
-0.6310507
0.12763906
0.5404663
0.8406072650158917
-0.2711665
0.3089702
0.7771387
0.8791692043707744
-0.021566272
0.38125157
0.6102185
0.7198503612945852
0.25089756
0.4658916
0.28897667
0.6029196206683712
0.5224988
0.59872603
0.5338087
0.9573032848883185
0.624858
0.8160844
0.63007545
1.2055854904005383
0.62246954
0.9554944
0.5768442
1.2779621179037577
0.49031425
0.9865773
0.49212074
1.206617414029574
0.342452
0.9616444
0.17917633
1.0364060252934302
0.18202424
0.83060694
0.20846272
0.8754984253499387
-0.022932399
0.65299344
0.33915234
0.7361729708856415
-0.40907967
0.33085895
0.55096436
0.7618238327706932
-0.8175962
-0.21798396
0.7778759
1.1493786957905912
-1.0448107
-0.88307095
1.3386459
1.9140053253976685
-0.95460105
-1.3615103
2.5572376
3.050317628924749
-0.966709
-1.0662241
3.7044935
3.974246086744983
-0.62779975
0.30772972
3.0555325
3.1345030677623407
-0.43711758
1.2498333
0.1766386
1.3357980220329397
-0.49526143
0.773854
-0.5903578
1.0920880361080005
-0.79077363
-1.0932499
0.84931374
1.5943187372022156
-1.3221492
-1.8590958
1.196598
2.5760750683692306
-1.5327289
-1.8090574
-0.7014246
2.472638797547759
-1.1457381
-1.3284936
-2.3654099
2.9449576004680758
-0.33048987
-1.2160237
-2.470767
2.7735585360913153
0.64348936
-1.0226184
-1.4173279
1.8624300181919196
1.0932307
-0.72998816
-0.77760506
1.527319788439958
1.004829
-0.5303604
-1.0894318
1.5741109124820023
0.7962018
-0.5277178
-1.9939466
2.2109379313438184
0.5526856
-0.4068514
-2.4723926
2.5658749940650765
0.39234924
-0.08797634
-2.2460642
2.281771665525223
0.4786005
0.19776952
-1.7393909
1.8148420920920711
0.7736141
0.54511863
-0.8705344
1.2858706636545765
1.1858382
0.48589432
0.042901993
1.282242646301686
1.2666206
0.55343646
0.8962345
1.6473785180785812
1.0324502
0.46956432
1.4218407
1.8188114116564902
0.69571555
0.42162
1.5933275
1.7889874704944642
0.2769297
0.26834297
1.2708311
1.3280473125400267
-0.088744774
0.20318222
0.61060905
0.6496168694720459
-0.09014945
0.20085299
0.39271927
0.4502191268348454
-0.010827988
0.2564504
0.6474476
0.6964714164619513
-0.023985296
0.43500364
0.43751335
0.617431278613291
0.02294971
0.58550763
0.24275017
0.6342503730613445
0.094974235
0.84764767
0.15972328
0.867777718055431
0.098963715
1.053529
0.1047945
1.0633433304937565
-0.047242865
1.1722655
-0.13451576
1.1809033828898807
-0.2101768
1.0795491
-0.30681038
1.1418113809369506
-0.06471193
0.9862225
0.076333046
0.9912866422559992
1.1012781
0.27183032
0.8885021
1.4408820628362669
2.4133115
-1.2880096
4.2235746
5.032059693193173
3.1679726
-1.9995806
6.474085
7.479849639850097
2.660792
-2.3466554
5.3324966
6.404851695717913
-0.11616993
-1.7662334
0.30885983
1.796794458325707
-1.7976077
-1.1831434
-3.4955282
4.104867762341861
-2.104632
-0.55578095
-4.991426
5.445429314957117
-1.9595175
-0.04239887
-4.7631164
5.150610041365757
-1.5216454
0.2380622
-4.1399355
4.417142134690883
-0.7308146
0.8186884
-3.6184063
3.7811644993723132
0.20830795
1.6432772
-2.9981546
3.4253004513126575
0.8561765
2.3106098
-1.8277459
3.0679978826085312
0.98756826
1.817842
-0.9527111
2.2776081854273538
0.5410577
0.6957903
0.26446486
0.9202223689919176
-0.1341008
-0.29761887
1.1462688
1.1918440717856091
-0.6359204
-1.2225909
1.6256981
2.1312009430997785
-1.010561
-1.4952203
1.9364586
2.647034039724177
-1.0574458
-1.0046402
1.1162958
1.8367389634033024
-0.9302325
-0.33253324
-0.16041279
1.0008212531951788
-0.5832957
-0.013198972
-0.66080046
0.8815130950270984
0.027526647
0.20396125
-0.103429794
0.23033808382347123
0.8839339
0.61136365
0.45355797
1.166541666191777
1.6839814
1.0675299
0.5467205
2.067442088117519
2.3546653
1.4592783
0.44120693
2.805103409300865
2.247651
1.9565516
0.28784275
2.9938074413037103
1.2848039
1.8946834
0.287735
2.3072359122837094
0.1850841
0.79557085
0.578784
1.001089396746372
-0.38057256
-0.10670352
1.0069895
1.0817804700079066
-0.50748634
-0.44928145
1.5640745
1.7046188662354926
-0.37534332
-0.50116205
2.3047085
2.3882477353345926
-0.6373782
0.07407999
2.276638
2.3653370892424297
-0.73974586
1.3885245
0.87129116
1.7984361583926767
-0.85228586
2.2983437
-0.6820278
2.544393161005149
-0.6511829
1.3789883
-0.043797493
1.525636308839884
-0.9844638
-1.5170238
1.6964483
2.4796102645181577
-1.9789257
-3.1826108
2.1271343
4.309275873163076
-2.5293293
-3.8332114
0.5946293
4.63083157315832
-2.3145983
-3.384519
-1.3323984
4.311336415642228
-1.4111454
-2.1023612
-1.9393234
3.1893933226940985
-0.1712358
-1.2451866
-1.287138
1.7990373951543692
0.4184662
-0.57093906
-0.85349655
1.108847049220249
0.80978256
-0.26138437
-1.0084085
1.3194534396260922
1.2032809
0.032228053
-1.3506889
1.8092220525055007
1.4606187
0.4892999
-1.4444704
2.111709320352143
1.4826143
0.694067
-1.5692945
2.2677211141394067
1.1133077
0.7506205
-1.8147211
2.2574538635744013
0.672295
0.8992928
-2.2600594
2.5236037822536024
0.27734685
1.2021053
-2.7082672
2.9760190612838824
0.14143229
1.2068505
-2.7833605
3.0370358964182187
0.24722114
1.0114491
-1.9547071
2.214729642535713
0.58467984
0.8436358
-0.34559584
1.0830551426058828
0.6133114
0.9622128
0.7348337
1.357197475409865
0.35274303
1.0149367
0.9824314
1.4559174645055084
0.18259567
0.6702125
1.0349426
1.2464478088390252
0.008170545
0.45572472
1.4906693
1.5587964989671554
-0.17350757
0.51014733
1.7824669
1.862134088504683
-0.14263678
0.46940923
1.9048138
1.9669788204462773
-0.056648552
0.57472515
1.8418016
1.9302205573441333
0.019803405
0.89648247
1.243598
1.533169613611675
-0.32126087
1.0772738
0.17127323
1.1371288280860832
-0.59794307
0.850327
0.2212944
1.062809057726469
-0.9457026
0.14012957
1.1308861
1.4808419997620534
-0.9864055
-0.6042414
1.9543266
2.2710121037754036
-0.35625267
-1.908422
3.0651045
3.628202799275881
0.8527225
-2.6491394
4.880762
5.618444055495821
2.3600345
-2.8126726
5.264516
6.418412437588764
1.7539525
-2.4761505
2.4686356
3.911755641537017
-0.7995037
-1.7778922
-2.2159033
2.951327629700239
-1.827127
-1.2614235
-4.5653195
5.076585929631029
-1.6608992
-0.5532828
-4.4950147
4.82388465126003
-0.711973
0.082182765
-3.0214033
3.1052434875552666
0.4417324
0.8127371
-1.7658997
1.993507097808089
1.0314238
1.4852872
-1.7651458
2.526984871762049
0.8902614
1.8739293
-1.9599104
2.8540190684076503
0.3214754
1.4838207
-2.2191515
2.6888108715932852
-0.5166257
0.5205107
-1.8021364
1.9456436304363949
-1.0415391
-0.17735338
-0.5797968
1.2051647779572752
-1.0783975
-0.28744996
0.3789215
1.17862218792918
-0.81674945
-0.069069624
0.5406418
0.9819082809820108
-0.30480373
0.2205565
0.33291483
0.5023771046530097
0.02813834
0.19942951
0.093949795
0.22223964834350132
0.16424742
0.0024840832
0.20157337
0.26002925029692187
0.31144193
-0.19337964
0.22254992
0.4288592071304941
0.41387463
-0.15470362
0.18953228
0.48077843152925653
0.64138824
0.06777334
0.4542532
0.7888713642943864
0.92299795
0.46793675
0.7732897
1.291846303856413
0.9261038
0.97577286
0.86762905
1.6008063787719284
0.8174975
1.3015964
0.49873543
1.6159184585951394
0.6041986
1.5622559
-0.110497475
1.6786628614180028
0.2803306
1.6290462
-0.5978842
1.7577946640805195
-0.009409547
1.1921458
-0.7579503
1.4127239404238248
-0.33313906
0.4787073
-0.031751633
0.5840808954500509
-0.5040161
-0.49810028
1.242568
1.4304234845985777
-0.41853577
-0.5823548
2.2505322
2.362033987758468
-0.11647743
-0.09430385
2.9304886
2.9343182803066203
-0.24641085
-0.13290381
2.7083101
2.7227422407847235
-0.7525835
-1.2593706
2.1896324
2.6356946976953206
-1.2226439
-2.122237
1.4490786
2.845799807736892
-1.3343723
-2.272398
0.7225609
2.732478066903447
-1.1824195
-1.7489654
0.07622337
2.1125353838423253
-0.7543995
-1.1080374
-0.47532368
1.4222509704522162
-0.266416
-0.4344046
-0.7173624
0.8799395781061071
0.116309404
-0.24792492
-0.58155155
0.642803906136177
0.25776863
-0.5124592
-0.69125366
0.8982709647369649
0.35561314
-0.5785191
-0.87478447
1.1074262884681123
0.5526411
-0.38237017
-1.3472204
1.5055304933802578
0.6604641
0.1691134
-2.3419151
2.4391348809127296
0.76587605
0.51070154
-3.252593
3.380346795975166
0.7506069
0.82611
-3.6248775
3.792835991497449
0.69242287
1.0860982
-3.3289428
3.56944227569026
0.63055277
1.2442894
-2.525248
2.8849143866094895
0.76110065
1.1524913
-1.188932
1.8223802340365818
0.7008179
1.0713913
-0.227139
1.3002373643733145
0.3537953
0.7843294
0.40438938
0.9507231544919487
-0.03491378
0.53169537
0.74106026
0.9127372198200111
-0.34588102
0.30660367
1.0601964
1.1565707509309038
-0.744053
0.08822346
1.0243702
1.2691463884790455
-0.9974683
0.13570094
1.1527691
1.5304360075131045
-0.8362819
0.23497462
1.0984282
1.4004017764276626
-0.4851508
0.45613027
1.0128183
1.2121167747279065
-0.24638394
0.7173307
0.9481602
1.214197704587855
-0.14347702
0.53172684
1.2756758
1.3894847095193152
-0.482531
-0.22967196
1.9245911
1.9974073652575315
-0.8265579
-0.5591483
2.049159
2.2792318117454315
-0.62676984
-0.5354252
1.7006187
1.8898742698548427
0.18811423
-1.1944847
2.3066835
2.6044134607992797
1.1388178
-1.6029799
3.6342945
4.132135865864631
1.9147036
-1.6501334
4.3209724
5.00597977688797
1.7807598
-1.661041
2.165824
3.258980886856877
0.32519054
-1.2062498
-1.6115627
2.039098278915624
-0.13441199
-0.8194324
-2.9900913
3.103253496934363
0.30235773
-0.16138268
-2.5491333
2.57207023092822
0.9850464
0.48764026
-1.3229609
1.7199810821025119
1.2515546
0.9991971
-1.422288
2.1418885448818967
1.0433817
1.293521
-2.5896745
3.077053135177243
0.2447741
1.4063971
-3.0217586
3.341989214036796
-0.34048188
0.7573683
-2.5706358
2.70142615411634
-0.873809
0.088747025
-1.4321003
1.6799789530707283
-1.1625646
-0.13969207
-0.9388218
1.5008186649422584
-1.0564656
-0.22284484
-0.7663803
1.3240537287421796
-0.56169903
0.16648912
-0.39475298
0.7064378049840186
-0.15439355
0.65800047
-0.41157055
0.7913231522671929
0.018221885
0.6489835
-0.30627203
0.7178538582312534
0.022239
0.2586975
-0.37143183
0.4531893191234656
0.017791212
0.0613904
0.032296658
0.07161272725676655
0.1904462
0.19084907
0.2824955
0.39050842453005336
0.36687744
0.22163224
0.5707607
0.7137841047165853
0.40459293
0.2998891
0.5753617
0.7646372125612878
0.29685932
0.70725965
0.18447685
0.7889064596761031
0.22982597
1.1672311
-0.20101357
1.2065052256591542
0.14555359
1.3398414
-0.23742533
1.3684777847008875
-0.029124618
1.340024
-0.11332512
1.3451227229261875
-0.13439065
1.0796804
0.2541046
1.1172912656171738
-0.16497338
0.45385695
1.2835474
1.3713848098516677
-0.41545218
0.079612255
2.4403734
2.4767642736219053
-0.6579732
-0.08953905
2.85635
2.932521253217738
-0.96308094
0.027967453
2.6758127
2.8439902738573863
-1.0999069
0.2560482
1.9452829
2.2493291490550185
-0.7343581
-0.48469162
1.4949341
1.734657264628771
-0.23505999
-1.2573273
1.4257898
1.915463864891021
-0.31063116
-1.5076864
1.0525255
1.8647841943852452
-0.6239158
-1.0950582
-0.5638552
1.3807085486328026
-0.5565934
-0.74197125
-1.6424389
1.8862458262261488
-0.30353802
-0.7736211
-1.8732367
2.049302387166875
0.04830444
-0.7797873
-1.479435
1.6730599170633382
0.32594776
-0.73492074
-0.91922855
1.221200875081993
0.59020036
-0.6147517
-0.7890129
1.161377440687634
0.43002236
-0.47264767
-1.1062193
1.277511725623857
0.20994258
-0.28235006
-1.6281362
1.6657205121279877
0.01855588
-0.04583621
-1.934578
1.9352098281213388
-0.023462534
-0.040499687
-2.007349
2.007894551422601
-0.1145381
0.055706978
-1.71697
1.7216875808543533
-0.045661807
0.31654692
-1.308454
1.3469739873140127
-0.025037259
0.4907422
-1.0007949
1.1149193206815586
-0.23071954
0.34279442
-0.7968054
0.8975736030533105
-0.06965396
0.26274323
-0.01686716
0.2723420406688421
0.13581298
0.41322303
0.85608006
0.9602455501140448
0.18143411
0.6178827
1.2058425
1.3670236107825016
0.08002502
0.56325936
0.9110441
1.0740886817562392
-0.04707095
0.45060754
0.9548478
1.0568808460581482
-0.083625406
0.4371004
1.1661043
1.248138328866939
0.051852062
0.5067401
1.0669584
1.1823174169931912
0.25600213
0.37857723
0.73481464
0.8653383214093623
0.5227517
0.394799
0.8062029
1.0387967565780376
0.533123
0.400115
1.1544485
1.333065492828299
0.28859243
0.37755322
1.3985691
1.4771010612568172
-0.23647423
0.5587008
0.55956936
0.8253390395820246
-0.18534867
0.3167162
-0.06949139
0.3734867239077358
0.571897
-0.11054587
0.42324638
0.7200166901667296
1.1776934
-0.76264405
1.5874128
2.118600296538188
1.3060733
-1.6788869
2.4689465
3.258862516028632
0.53154194
-2.1399
1.821928
2.860267541549343
-0.32175744
-2.1869297
0.16658878
2.2167411629150156
-0.50257224
-1.2745341
-1.4181719
1.971858885105259
0.19170421
-0.081100345
-1.6133785
1.6267507365394942
0.7279718
0.5288818
-1.2562265
1.545239132642835
0.75092924
0.622303
-1.0164738
1.4086783740731668
0.4168687
0.6319175
-1.0085459
1.2610567322507564
-0.11853027
0.6127944
-1.2971697
1.4395192103957448
-0.5200345
0.4480977
-1.5089145
1.6577244079943165
-0.61139446
0.28569412
-1.4254823
1.577156978619481
-0.5044384
0.32049274
-1.3242607
1.4528730440642703
-0.25415257
0.5207138
-0.9406562
1.1047942998860603
-0.12670761
0.75367475
-0.87510777
1.1618494079627735
-0.20096487
0.7216921
-0.9797292
1.233327010284574
-0.30633932
0.33601832
-0.74547625
0.8732049786057482
-0.3025323
-0.045304537
-0.07157183
0.3141668568597078
-0.253518
-0.2545948
0.36795235
0.5142750263049619
-0.2143066
-0.24198341
0.5127125
0.6061001346622601
-0.08333865
0.0056107044
0.7013054
0.7062620330730686
-0.0015486479
0.42586827
0.6759658
0.7989342579370355
0.1443286
0.8386884
0.2879448
0.8984103323104532
0.24187672
1.0961609
-0.045455933
1.1234497409201425
0.23563933
1.0876184
-0.02104187
1.1130508987633563
0.23831087
0.49468374
0.7339878
0.9166472642463531
0.06806558
-0.19801521
1.8551598
1.866938873720623
-0.2941433
-0.33079457
2.4418087
2.481607298985267
-0.6145562
0.0073456764
2.39398
2.4716135149552754
-0.81342566
0.4693942
1.581912
1.8396842223252106
-0.8001387
0.43680668
0.90927315
1.2875557155960904
-0.5405122
-0.4664986
1.2100897
1.405023675902364
-0.5090242
-0.99377584
1.2630377
1.6858115049273046
-0.786461
-1.1397858
0.01444149
1.38486139264942
-0.57170796
-0.96545887
-1.0035887
1.5053740237514057
0.09808844
-0.8528123
-0.7722254
1.1546610662715084
0.51900387
-0.8124945
-0.1121254
0.9706103704643275
0.5454477
-0.9641148
-0.34635925
1.1606012383628759
0.46700394
-0.9475051
-0.92830944
1.406277719860258
0.1092833
-0.93038666
-1.5394382
1.802063392425931
-0.058140844
-0.8745539
-1.7870054
1.9903802191219027
0.068409026
-0.5387528
-2.0348587
2.106082635676563
0.22710976
0.013361573
-2.3825397
2.3933768795837045
0.38854685
0.42823792
-2.4346714
2.502395054829875
0.41043627
0.69884753
-2.284841
2.424323437883181
0.6156532
0.78892136
-1.6976285
1.9706263607563677
0.85261047
1.0448551
-0.68006516
1.5103494914233182
0.86213243
1.1078653
0.35999823
1.4492193258032464
0.5901072
1.0318599
0.74768496
1.4042770957349675
-0.048892498
0.73355055
0.8279915
1.107274498123083
-0.49497002
0.3148589
1.0378036
1.1921274472531806
-0.68711096
0.17910337
1.2746067
1.4590482685034782
-0.46541286
0.3233266
1.3069897
1.424560023865853
0.06820282
0.47318196
0.8157482
0.9455146258194792
0.32271284
0.79992485
0.7560282
1.146996924548362
0.03598836
1.0038586
0.73506737
1.2447293743471104
-0.31597435
0.6690111
0.7834215
1.0775736629150596
-0.6281903
-0.05472231
1.2971134
1.4422623901099478
-0.9392547
-0.4038658
1.0530138
1.4677006645715234
-0.3874851
-0.77894855
1.554925
1.7817679873431405
0.55575526
-1.3203502
2.0752077
2.5216414257163757
1.2988554
-1.7266568
3.495082
4.109010397397754
1.1080374
-1.7873822
3.5851946
4.156453063134484
0.3501287
-1.9853607
1.0370703
2.267104409060335
-0.15276867
-1.5308276
-1.7484207
2.32889385456829
0.22638083
-0.42021036
-2.3142796
2.3629885657797023
1.2000768
0.42997634
-1.4760122
1.9503015480656962
1.4848706
0.65426946
-1.0199194
1.9165450209562767
0.9810374
0.5578923
-1.5897417
1.949604248578213
0.10679197
0.6838186
-2.1528592
2.2613746499899543
-0.6155887
0.59302354
-2.3850021
2.5335471949739077
-1.0862331
0.106669426
-2.0152621
2.291846863568992
-1.1562907
-0.20196867
-1.5087795
1.9116001405700325
-0.8982175
0.06443763
-1.0384722
1.374544068086245
-0.49639207
0.45760655
-0.77331734
1.026561540809311
-0.2055775
0.5691135
-0.58034706
0.8384241215238863
-0.13381621
0.42464495
-0.52556896
0.6888053812237676
-0.21814394
0.22479415
-0.44343948
0.5429159728821864
-0.23197597
0.07257533
-0.23983002
0.3414651732586909
-0.124289215
0.10402894
-0.145895
0.21807149837577208
0.011659592
0.14068389
0.13228083
0.19345831988549114
-0.025148839
0.25045323
0.41228247
0.483048776878575
-0.073749214
0.48383594
0.6937442
0.8490095103621957
-0.036015034
0.67054224
0.7541938
1.0098179226287196
0.10143256
0.9309983
0.5573864
1.0898284364123503
0.050500274
1.1010559
0.13562012
1.1105255822640534
0.005923718
0.90766
0.26172447
0.9446594567762957
0.01623112
0.22813416
1.5156565
1.5328154055444396
-0.16322833
-0.21971846
2.499648
2.5145894638109
-0.4063947
-0.17960548
2.6241255
2.661475035334447
-0.26765493
-0.009609222
2.398097
2.413006597902753
0.06934956
0.11106539
1.8456936
1.8503323101883162
0.3006459
-0.43595672
1.6297836
1.713663029262024
0.14857939
-0.9003897
1.457056
1.719240985446787
-0.17993286
-1.199152
1.0124159
1.5796604806945664
-0.30100593
-1.0167825
-0.41206837
1.1376518273945442
-0.072252944
-0.35373926
-1.3218117
1.3702328144423255
0.12607233
-0.0991168
-1.5286274
1.537016617376756
-0.06386322
-0.15590811
-1.7783566
1.7863196790918037
-0.30774897
-0.43501496
-2.0356016
2.1041913802203225
-0.44156605
-0.7042692
-1.862155
2.0392638359203734
-0.50265104
-0.89285755
-1.4705706
1.7923254384018361
-0.48256603
-0.7679162
-1.149642
1.4643230682685942
-0.2673004
-0.48408854
-1.4751682
1.5754086373054008
-0.04145783
-0.14976597
-1.6283288
1.6357271746046131
0.13538554
0.20196772
-1.5056915
1.5251974259453598
0.32282892
0.48335505
-1.2620144
1.3894355058558354
0.35020047
0.7237878
-0.9559808
1.2491630613356857
0.42572784
0.8663342
-0.42385054
1.054243036501789
0.2907829
1.0684783
-0.13988256
1.116139700845001
0.083228126
0.9467199
0.05281496
0.9518376395795458
-0.19007593
0.7497144
0.34871006
0.8484098187562312
-0.5044873
0.42738867
0.66970205
0.9411000747126123
-0.5261729
0.46449423
0.78092766
1.0499813623136625
-0.3481546
0.43288684
0.98099995
1.1273701919129993
-0.15977126
0.49953818
1.286624
1.389412254695461
-0.17378569
0.81334877
1.1710367
1.4363372080383188
-0.13902855
0.64301777
1.055582
1.2438063239758008
-0.2529596
0.3496933
1.2696753
1.3410254069459628
-0.3249508
0.2337861
1.2992144
1.3594877700508101
0.05798936
0.106583595
1.4186125
1.4237922067389543
0.7742288
-0.06030035
1.7324829
1.898568796397737
1.2897595
-0.8909993
2.2249146
2.7216914258470406
1.1122528
-2.0037532
2.5958757
3.462759532910663
0.29604024
-2.7062504
1.1190195
2.943405545890774
-0.34926838
-2.5672262
-0.91288567
2.7469981021659304
-0.19513883
-1.429373
-1.695651
2.2263016397354756
0.45680457
-0.2279557
-1.1573229
1.2649230894448458
1.0817888
0.5301497
-0.67686176
1.3818348160055078
1.0684593
1.0485275
-1.2233582
1.933292558119477
0.57895553
1.3368158
-1.7180157
2.252519468504912
-0.09612113
1.0081611
-2.109911
2.3403743594420923
-0.5519066
0.3583343
-1.979063
2.08559217702103
-0.7862903
-0.031282663
-1.7786174
1.944919224706814
-0.6711702
-0.036518335
-1.5569692
1.6958643986186506
-0.27261627
0.18147516
-1.195776
1.2398117186285265
0.21094787
0.38268495
-0.8148842
0.9246528927900894
0.62461436
0.30614805
-0.29181957
0.7543396963788654
0.52650654
0.06487441
-0.053411484
0.5331703427476109
0.29862213
-0.08983731
0.014731407
0.3121905463588419
0.1776061
-0.11017728
0.1918292
0.2836924567670954
0.2914831
0.16851664
0.5863352
0.6761280999869851
0.34427744
0.57151556
0.6184664
0.909756912576275
0.3098985
0.9322221
0.52541876
1.1140646871622881
0.35900974
1.0100977
0.6425171
1.2498054352972836
0.28720784
1.2869186
0.575305
1.4386186807924384
0.1684748
1.2976856
0.5445194
1.4173471648963933
0.14627206
0.8542738
0.7497349
1.145984963296768
0.13617122
-0.15934038
1.8524342
1.864254359486391
-0.09792209
-0.5680051
2.8112087
2.869688684146923
-0.752545
-0.26286793
2.5669165
2.687840018830621
-0.91232455
-0.13367987
2.0075645
2.2091902983428096
-0.7758283
0.15737629
0.5679264
0.9742778145292443
-0.51723313
0.06460953
-0.74850655
0.9121219871024785
-0.6168148
-0.26626253
-1.3994265
1.5523371734249451
-1.0450759
-0.8833866
-1.2651081
1.8636131390902837
-1.1578414
-1.3464398
-0.5945387
1.8726914499194902
-0.7845365
-1.3223183
0.007040024
1.5375541615444372
-0.12963521
-1.134469
0.3044281
1.1817367640706937
0.23722616
-0.77733064
0.0634985
0.8152001337629663
0.20893455
-0.6371875
-0.5199795
0.848551826431838
0.09053318
-0.6859634
-0.8756695
1.116037216752076
-0.17657042
-0.58707786
-1.6045861
1.717711880759082
-0.38259187
-0.46966243
-2.038321
2.1264318242449303
-0.35587293
-0.41786814
-2.113328
2.183440992986698
-0.14296159
-0.13509703
-1.6753392
1.6868463592528904
0.042690337
0.12942743
-1.1487355
1.1567917662880203
0.3099643
0.32189322
-0.5703926
0.7245970362515003
0.63104373
0.4988501
-0.054088116
0.8062215090308574
0.7346783
0.6097698
0.47387695
1.065894370837906
0.59540415
0.62189126
0.59745264
1.0479525244602659
0.34990948
0.47452855
0.60437584
0.8443246932894739
0.23778963
0.40643787
0.6826992
0.8293454515817804
0.4698745
0.71205306
0.84112453
1.1980367793804287
0.6708653
0.937392
0.97935677
1.5125817489600313
0.7895199
0.7882209
0.64557934
1.288955637808415
0.5971395
0.6918688
0.49347878
1.0386429706983313
0.33597493
0.55732584
0.7280569
0.9765029889093725
-0.14876884
0.3922305
1.0919313
1.1697397233544613
-0.770238
0.46318293
0.6513634
1.1099906072992427
-0.47828436
0.23263979
0.42915344
0.6834104891769452
0.4601316
-0.30422068
1.4542322
1.5553336022991717
1.2070335
-1.549653
3.3162518
3.854332722703722
0.96179605
-2.3966007
4.104845
4.8495875468321685
-0.13078296
-2.4689047
1.9201384
3.1304194949877897
-0.58729744
-1.5422523
-1.3407621
2.126288640356853
-0.29745543
0.18739629
-3.0760775
3.096102350046408
0.6660862
1.6017611
-2.9013953
3.3804444091992583
1.141954
1.5572209
-2.4092236
3.0876129623937634
0.62242806
0.81673574
-1.8009648
2.0731493820858917
-0.15711105
0.10559511
-0.8393488
0.8604304681245253
-0.70029724
-0.4518249
-0.22711468
0.8637957183508317
-1.1884763
-0.8134854
-0.51113415
1.5282318577138079
-1.3415148
-0.5205436
-1.3436031
1.968729775945541
-1.0885348
-0.014209032
-1.6456599
1.9731464041418048
-0.702276
0.23762965
-1.4008036
1.584900615717099
-0.19790211
0.38163996
-0.7375703
0.8537120462138548
-0.089368686
0.3436191
-0.55557966
0.6593402808210357
0.058749616
0.24808025
-0.32188082
0.41061245206708175
0.03933823
0.35169315
-0.023830414
0.35468782853434805
-0.010667354
0.31583095
0.11884165
0.33761859152459023
-0.16942424
0.50549245
0.20616436
0.571603828508584
-0.2351382
0.8410964
0.26069975
0.911426100388016
-0.07318886
0.9908273
0.4958639
1.1103947210857004
-0.031736016
0.7543545
1.0594063
1.3009225579566746
-0.11349544
0.7528815
1.0888605
1.328656841827131
-0.10994997
0.7057352
0.7446747
1.0318389135805557
0.069099665
0.1853466
0.7489681
0.7746492007237704
0.2506466
-0.34971714
1.7866993
1.8377758805133069
0.08942631
-0.061422348
2.5517607
2.554065873696804
-0.26556253
0.3147807
2.4857721
2.519657480788928
-0.21245004
0.24033213
2.034587
2.0597181344014945
0.17097431
0.04669857
1.4016571
1.4128183191859256
0.09847221
-0.26526833
1.0370493
1.0749582970093041
-0.15489632
-0.84811497
0.64959526
1.0794748342495137
-0.41122127
-1.130517
-0.028116226
1.2033129458580405
-0.36728424
-1.2683325
-0.60859394
1.4539434117687848
-0.029507533
-1.0529733
-0.68224144
1.2550206446374443
0.21006806
-0.7964101
-1.1472168
1.4122690872898658
0.32128337
-0.7673726
-1.6149654
1.8166444683760223
0.24553452
-0.85523367
-2.2381606
2.4085419873550666
0.027875833
-0.6305568
-2.4417515
2.5220089107540544
-0.21520415
-0.1788342
-2.84979
2.8634940740951307
-0.2717621
0.09060669
-3.003838
3.0174670350202804
-0.22890186
0.24869847
-2.7133594
2.734330967139879
-0.12566066
0.3943255
-2.055766
2.0970115878649533
0.09100761
0.6257489
-1.1542807
1.3161336916610167
0.21071212
0.5274141
-0.45607662
0.7284031185380856
0.1187703
0.410439
0.13313246
0.447538617375184
-0.12333496
0.29004407
0.5968385
0.674946837627605
-0.18294385
0.1286056
0.9141736
0.9411276567340288
-0.06590992
0.2407906
1.1910253
1.2169081635504073
0.050701566
0.56038165
1.2133093
1.3374295296331016
0.36617267
0.66665673
1.1583533
1.3857474780636982
0.5457659
0.74018455
1.3480616
1.631871148305414
0.54387295
1.0135274
1.2929707
1.730551551921711
0.43892908
0.97937346
1.2412357
1.6408830712204843
0.33198965
0.48087168
1.8510704
1.94111216599241
-0.37030825
0.48429632
1.906066
2.001189235929903
-0.53375137
0.35679102
1.2720251
1.4248642572365597
0.37361994
-0.059331894
1.2359705
1.292569239918158
1.1454856
-0.79828763
2.130332
2.5470992849624166
1.4718434
-1.8223236
3.6387806
4.327575648730291
0.81738675
-2.216342
3.0680838
3.8721352108763702
-0.058604956
-2.278729
0.9298401
2.4618372649849944
-0.22692794
-1.2062368
-1.1408443
1.6757175815820715
0.07894671
0.096120596
-1.7018051
1.7063447108549237
0.37344587
0.42932296
-1.855607
1.94089088277091
0.31024885
0.35111976
-2.2391376
2.2876356449453787
0.06432438
0.6065073
-2.1130915
2.1993508985260655
-0.30479765
0.7840023
-2.5600471
2.6946989826257237
-0.6345718
0.3475592
-2.8601503
2.9502438008056036
-0.93286765
-0.059056282
-2.793775
2.945998863163021
-1.2902567
-0.2043047
-2.5721235
2.884843643156243
-1.1739422
-0.13662863
-2.1611285
2.4631857638449137
-0.78592485
0.028602839
-1.2845387
1.5061659445201419
-0.3452664
0.2565565
-0.7250042
0.8430072199375408
-4.010927E-4
0.2933519
-0.5187111
0.5959166847518487
0.07629358
0.19254375
-0.15447998
0.2583754491059304
0.14148004
0.02379036
0.59276104
0.6098755956648044
0.19745994
-0.09972024
1.3897514
1.4072468085755148
0.32651976
0.058129787
1.7745161
1.8052428080647036
0.35315317
0.3299775
1.6073179
1.678413866352917
0.21740022
0.7887907
0.61547756
1.0238487640361476
0.13561296
1.1251957
-0.15117884
1.143377197460358
0.3306723
1.2602448
-0.021344185
1.3030797223245627
0.5097041
1.146102
0.35067368
1.3024284770020937
0.5418386
0.5836086
1.0658369
1.3304872485771533
0.23427331
-0.0847373
2.2738676
2.287474201661431
-0.5748952
-0.29380226
2.8227434
2.8956354380073037
-1.4750576
0.14036894
2.4344091
2.8498852957681726
-1.417551
0.8209791
1.989666
2.5772520494755415
-0.91185886
0.6835985
1.9135132
2.227178976814208
-0.5724275
-0.2920494
1.9100523
2.0152582825619576
-0.56520224
-1.0802295
1.7272396
2.1141679352648874
-0.78160393
-1.2893941
0.9374275
1.7754470262287005
-0.7402048
-1.1847444
0.025935173
1.397209694041279
-0.26272178
-1.1661468
-0.2320795
1.2176953178256222
0.012004495
-1.2087295
-0.5878897
1.3441671566726792
0.16666329
-1.3577173
-1.3207321
1.9014484405789644
0.12183839
-1.5458605
-2.0257587
2.551122762300481
0.047671318
-1.4512091
-2.7085328
3.07317919283229
0.11475158
-1.0728606
-3.450119
3.614902375988492
0.10712415
-0.45223176
-4.00125
4.0281497359718585
0.17763662
0.1591928
-4.2199717
4.226707582927538
0.2646925
0.54490304
-3.7820342
3.830243330314849
0.45692024
0.841979
-3.017966
3.166358096163422
0.5111037
1.1141164
-1.6750433
2.0756329961230446
0.642557
1.2896886
-0.18315697
1.4524884213956166
0.5753372
1.2960703
0.62728024
1.5505779142661096
0.3683324
0.97173405
1.1147399
1.524001579514133
0.2601894
0.58202076
2.0256853
2.123640186328939
-0.12895209
0.21661949
2.294756
2.308561837997236
-0.5168797
-0.05271697
2.3567834
2.4133735340240605
-0.70080805
0.015287161
1.8356276
1.9649158259798396
-0.5453235
0.50639296
0.73300314
1.044559822462087
-0.091493785
0.88778543
0.47531128
1.01116515813962
0.2830622
0.9860406
1.0046568
1.4358745175102874
0.3068949
0.80798626
1.4357939
1.6758670384782794
0.23785448
0.2365017
1.7270746
1.7593448995451175
-0.043390483
0.09726429
1.6727943
1.676181345308141
-0.118988276
0.37660742
1.2233133
1.2854908794493491
0.4794178
0.50814533
0.6951771
0.9855578445749414
1.7625945
-0.44773483
1.636405
2.4464315468110733
2.4788473
-1.4537749
3.6918335
4.678437691777015
2.0865073
-1.8372273
3.631505
4.573482933118519
0.49317396
-1.93713
-0.07892895
2.000480713293441
-0.24136078
-1.2547385
-3.0127993
3.272549966382592
0.1171999
-0.37555242
-2.6898832
2.7185009370921143
0.70284486
0.044323206
-1.0448275
1.260007897079788
0.55461454
0.05461216
-0.8779993
1.039933950637656
0.04912722
0.24671793
-1.8401251
1.8572408144656067
-0.37441623
0.5191548
-2.4182882
2.501564871258538
-0.659621
0.426816
-2.6011763
2.717239398690992
-1.0180293
-0.0109734535
-2.4371982
2.641294947402888
-1.3239095
-0.4837885
-1.7735453
2.265447149202037
-1.3502626
-0.685827
-1.0510869
1.8434618708591517
-1.1683167
-0.4375708
-0.7949009
1.4792902541132036
-0.7239637
-0.16235137
-0.39075518
0.838552929030581
-0.33017394
-0.049435854
-0.11340618
0.35258998133281594
-0.09558737
0.071542025
0.00121212
0.11940132603529996
0.042282507
0.27941537
0.34573507
0.446535005143473
0.20237781
0.3767612
0.8550267
0.9560211768039394
0.3189619
0.6346817
0.8985424
1.1453977566117088
0.3011382
0.8678334
0.51580524
1.0535055814214083
0.20643404
1.0083861
0.10235596
1.0343763184322932
0.08470206
1.1591353
-0.0023913383
1.1622284643878016
0.19800621
1.2644119
0.135993
1.2870268498593613
0.30014172
1.1149592
0.25819254
1.183166326011662
0.28225136
0.7961993
0.34829044
0.9137316047810288
-0.13428685
0.26154852
0.32077026
0.43512544642784146
-0.26065838
-0.77908754
1.2947426
1.5333879298704194
-0.687367
-1.1289256
2.5795755
2.8984748447202495
-1.250916
-0.1599803
3.465705
3.688020443154232
-1.479573
1.5728564
2.1443262
3.0432135075868056
-1.1147054
2.4228249
0.20232582
2.6746185672513465
-0.6312752
2.183426
-0.6425915
2.361944353266962
-0.4743744
0.32171202
-0.09652519
0.5812459166188525
-0.26840854
-2.4241362
1.4014397
2.812918822575348
-0.03851354
-3.674626
3.2127266
4.881185666489463
-0.1725477
-3.4032183
2.6812725
4.33599930452855
0.7123823
-2.5425305
0.2641325
2.6536232021116715
1.7919065
-1.2487262
-0.5931454
2.2631985002374515
2.2456384
-0.7844604
-0.17955112
2.385478644974862
1.4823915
-0.57393813
-0.779541
1.7704727329286445
0.17460239
-0.118216276
-2.5198402
2.528647132399147
-0.760538
-0.010297298
-4.3641057
4.429891806975514
-1.0987629
-0.038883686
-5.5139065
5.622451035153636
-1.0705465
0.03784609
-5.510543
5.613696290708246
-0.81046844
0.31758118
-4.6536
4.734312151501162
-0.6253904
0.6907673
-3.3704538
3.4968888215174516
-0.40071356
1.0199621
-2.424382
2.6605491404060975
-0.083066046
1.1569042
-1.2882829
1.733493615344723
0.5924314
1.1093979
0.35992622
1.308161148760155
1.1366602
1.1748226
2.5020986
2.9887624714653795
1.1851403
0.96284246
3.6105828
3.9201953224255033
0.55354774
0.64386034
3.4707355
3.5730905889028826
-0.58379555
0.35036707
2.4088397
2.5032145813950977
-1.3940713
0.13855696
1.3716168
1.9606034195660496
-1.3795769
0.06487703
0.64526844
1.5244057732698237
-0.8125266
0.45795822
0.29403257
0.9779470166011309
-0.30525625
1.0444045
0.051351547
1.0893113124350011
0.16185158
1.0960131
-0.07767105
1.110618431745952
0.5853373
0.7887039
0.0029850006
0.982182528573932
0.70194393
0.55817986
0.17093945
0.9129678741665017
0.36618832
0.1860547
0.34361076
0.5355171323345491
0.14738318
-0.0043849945
0.80735874
0.8207125823444228
0.42053363
-0.12609148
1.2626333
1.3367836486650777
0.9876498
-0.05107355
2.1171856
2.3367788783442123
1.3034366
0.09704733
2.613122
2.9217754489850845
1.4334831
0.58329296
2.373971
2.8338741646493224
0.8709744
1.4856067
0.5699158
1.813953606017512
0.13749403
1.9584599
-0.98441887
2.1962582326093165
0.4126224
0.0689559
0.20462227
0.465706385470046
0.5714334
-3.6644673
3.0827084
4.822649471167579
-0.42391947
-5.804616
3.7034903
6.898486162059398
-1.8139639
-5.6933107
2.227293
6.376918429270085
-1.6427072
-3.5701532
1.0386744
4.064889527869029
-0.509714
-1.2012503
0.25249958
1.3291225501764128
0.53458655
0.52915084
-0.8208027
1.1133285780098907
0.89501745
1.5265689
-1.8020277
2.525623237063617
0.91521156
1.7652178
-2.3418427
3.072105602406341
0.7436614
1.565403
-2.8464775
3.332559559340648
0.50682247
1.022479
-3.1927252
3.3905496193377567
0.04153931
0.61495495
-3.056004
3.1175400766398442
-0.23491913
0.15869093
-2.2072988
2.22542974200964
-0.27604195
0.06949186
-1.1337695
1.1689574480821086
-0.06760472
0.23180676
-1.0870595
1.113554268537583
-0.015776515
0.21992183
-1.4174414
1.4344875449447314
-0.15435794
0.08399987
-1.6472697
1.6566170339741826
-0.5372044
-0.44228625
-1.164587
1.3566387305011696
-0.69025266
-0.5721803
-0.26895428
0.9360424154892613
-0.2725594
-0.19342446
0.18323183
0.38115031549459943
0.44466752
0.24748635
0.8974066
1.0316575141052926
0.58557737
0.63086057
1.1278129
1.4187486253639316
0.28458723
0.6004565
0.87543535
1.099056396207111
-0.025157899
0.36161256
0.36707497
0.5158881469633773
0.1982249
0.5038104
0.5120115
0.7451669818843664
-0.006141126
0.6903527
-0.306736
0.7554544946534678
-0.21177194
0.51014423
-0.41011
0.6879568965946844
-0.246032
0.37746954
-0.09441376
0.4603574303312523
0.26669186
0.40923595
0.537385
0.7262101908687069
0.49299628
0.2124672
0.03151226
0.537755182593292
0.574441
0.19295788
-0.403831
0.7282133728229555
0.49402928
0.18501186
-1.5680494
1.654410294176832
0.79361856
0.5425739
0.059498787
0.9632014146378575
0.9068762
-0.0026431084
1.928483
2.1310744137742956
0.5109806
-0.22429657
3.1555204
3.204484158095094
0.29003203
-0.56633997
1.3943539
1.5326715993720268
0.20904124
-0.7365453
-1.3515029
1.5533053134197403
