-0.09675488
1.535182
2.887514
3.271678952935563
-0.02760449
1.7184782
2.1452894
2.748853617923034
-0.02208361
1.780839
1.8196621
2.5461825500154007
-0.0329898
1.5166092
1.570651
2.1836063063913915
-0.18728222
1.0753808
1.1913986
1.6158431357836776
-0.23410168
0.7109065
0.83819675
1.1237283513208411
-0.24474218
0.33505106
0.7318497
0.8412858513820715
-0.15748653
0.16844225
0.6352787
0.6758356458347643
0.02340895
0.096446514
0.62697506
0.6347815643656816
0.2255862
0.054172993
0.9804201
1.007495623311648
0.24559125
-0.08307552
1.4662046
1.4889501635356361
0.11985856
-0.15073681
1.7514029
1.7619590172520905
-0.015204102
-0.10526657
1.3704767
1.374597663970432
-0.2343452
0.2528906
0.90867615
0.9718866635815551
-0.26409063
0.4321561
0.2710848
0.5744473008984163
0.7847154
-0.405097
-0.13172817
0.8928796772156771
1.5356537
-1.8065677
2.112605
3.1756919106917945
1.4162284
-2.6710854
5.4595165
6.240730736323353
0.3285309
-3.6806495
4.834961
6.085389020735766
-1.1200662
-3.9175231
0.15599823
4.077483495775942
-1.6238902
-2.7011468
-2.19662
3.841660094238308
-1.1841905
-1.1534374
-3.3968458
3.777735692768421
-0.9435217
0.16900599
-4.004599
4.117719062207687
-0.7816324
0.84005773
-4.088577
4.24654045667997
-0.46824628
1.06278
-3.5505037
3.7356168206469844
-0.20987597
1.2332964
-2.702497
2.978012412665984
-0.07596344
1.1666808
-1.7789254
2.1287297446899487
-0.2025075
0.74180865
-0.8485317
1.1451181202558882
-0.27309695
0.18739009
-0.06590986
0.33769971492759254
-0.2491234
-0.022470236
0.5984955
0.6486634240053066
-0.11502278
-0.04479146
0.89634466
0.9048039969115679
-0.02306521
0.20550251
0.7592144
0.7868734152780199
0.065823734
0.42106032
0.3545432
0.5543694188590734
0.10245836
0.6509676
0.16105175
0.6783761495492958
0.08962813
0.7889247
-0.012895584
0.7941043408272215
0.0104109645
0.86098313
-0.16737652
0.8771631545822147
0.06195891
0.9186299
-0.08793211
0.9249063856849966
0.27557975
0.98773193
0.14417505
1.0355409303290917
0.49627584
1.0008752
0.46010494
1.208195985464023
0.48895803
0.91945267
0.7588177
1.2885175073075972
0.19196886
0.6704397
0.8560505
1.1041575497424814
-0.06477612
0.31033945
0.880208
0.9355600949430493
-0.2203727
0.041412354
0.91102505
0.9382141572086206
-0.21460539
-0.12009859
0.9701557
1.0008402512941488
-0.1678536
-0.21100068
1.1553669
1.1864100523724082
-0.16875938
-0.16880059
1.3839798
1.4044121070241085
-0.16182256
0.21738625
1.4251347
1.450672993192715
0.24212207
0.79065514
1.3469667
1.5805308821453896
1.377391
0.8125682
1.5832291
2.250352619938151
2.3813741
-0.13907433
3.499895
4.235510642151696
2.2383723
-1.8044391
4.879998
5.663982017208367
0.79087925
-3.1941917
2.4789696
4.119907819587051
-0.58929724
-2.9116106
-1.7556105
3.4506398920595656
-1.0651999
-1.7355264
-4.6376176
5.064997680904539
-0.95942014
-0.44223273
-4.989556
5.100169063084664
-0.062683165
0.224653
-3.1757007
3.1842539096978086
0.5244619
0.47851872
-1.3377142
1.514437101809218
0.54598343
0.7927022
-0.8326664
1.2727167629142413
0.057545185
1.0517106
-1.5012307
1.8338756915014396
-0.46344998
0.90649104
-2.3463707
2.557726997153483
-0.75000155
0.35361266
-2.7428398
2.8654344068936495
-0.72641516
0.1143384
-2.1636262
2.285176281963481
-0.5045177
0.28683758
-1.1677852
1.3040460163082959
-0.12014067
0.49762058
-0.63543177
0.8159862332234602
0.22566819
0.86927533
-0.3627777
0.9685935232473282
0.38356286
1.0670004
0.12732649
1.1409742787309656
0.44858706
0.7271867
0.72626925
1.1213820880839795
0.3895154
0.087585926
1.2896986
1.3500799967764587
0.16604489
-0.28618836
1.8400412
1.8695523915607846
0.10985154
-0.4243176
1.8857517
1.9360197011323534
-0.015548289
-0.26283956
0.9646387
0.9999271306667922
-0.06606877
0.21876931
-0.20895386
0.3096559568521758
-0.07200861
0.39336658
-0.5732198
0.6989302013172705
-0.10740632
0.372154
-0.36663866
0.5333466389108952
-0.2966148
0.38966084
-0.15540457
0.513776674204661
-0.3368906
0.6603241
-0.12815475
0.7522943688464452
-0.009023368
1.033915
0.13881159
1.0432307453622869
0.20730174
0.86926985
0.7890873
1.1921672954322127
0.29608595
0.50387955
1.6617346
1.7615116784312024
0.16791576
0.19624472
2.9765987
2.9877830339376623
-0.12615651
0.27574825
4.12809
4.139212428567613
-0.2043547
0.94077444
3.4901762
3.6205174585244673
-0.4239729
1.9554667
1.3441267
2.4104522078214714
-0.3506705
2.035552
-1.0086117
2.298638529644411
0.029752135
0.32982683
-2.297041
2.3207904567444713
0.04678601
-2.1724784
-0.28619003
2.1917474110552035
-0.29584408
-3.6763282
1.5791502
4.01206010445236
-0.88789815
-3.806806
0.9032316
4.011977383337805
-0.98613054
-2.9573383
-1.694601
3.5482355272805193
-0.4288165
-1.630372
-3.73456
4.097430256592735
0.15111002
-0.93654823
-3.5354419
3.660506289750401
0.16302598
-0.51556456
-1.3075566
1.4149517824833926
-0.16454485
-0.22474635
0.17978573
0.33152501278149377
-0.3461564
-0.16830492
0.101691246
0.3981104050420883
-0.40716964
0.21395183
-1.2325845
1.315608974549467
-0.2874285
0.97561336
-2.4570656
2.6592495307057664
0.026715606
1.508328
-2.8543801
3.2285063201714825
0.2818616
1.850224
-2.1992283
2.8877985151811103
0.54343927
1.6219158
-0.5143981
1.7862090297349003
0.58798033
0.8110311
1.0901251
1.4804948386759718
0.48570716
-0.036874533
1.952364
2.0122118299316414
0.19319887
-0.45470977
2.151823
2.2078109579222653
-0.217021
-0.35610652
1.5873833
1.6412481668524517
-0.3574915
-0.0014116764
0.2930727
0.4622702324247431
-0.25917813
0.56581783
-0.66193104
0.9085569943367962
-0.14605096
0.9123409
-0.77471113
1.2057670219306618
-0.20877813
0.90608597
-0.24435759
0.9614003625147315
-0.39303514
0.78232956
0.04201889
0.8765168666011044
-0.4331805
0.76760054
-0.10429096
0.887542980120471
-0.25460708
0.8094473
0.054473877
0.8502923434671311
-0.07344112
0.6398964
0.49560404
0.8127018971120274
-0.100890845
0.121183395
0.9979067
1.0102881844754064
-0.09220484
-0.24781847
1.4955168
1.5187119969766296
0.14458731
-0.24805403
2.2613544
2.2795086838242415
0.19228432
0.16547537
2.7782574
2.7898153362894296
0.464116
0.7491269
2.2340975
2.401621540959561
0.81565666
0.8980975
1.3658981
1.8268969723153066
1.6791589
0.29326773
0.9318285
1.942648906327233
2.4887133
-0.92992544
1.7797575
3.1978105326549273
2.278275
-2.391151
3.0518627
4.496888462494507
0.7691711
-3.789975
1.5489311
4.165899791081866
-0.77138466
-3.8938928
-1.6568813
4.301475475801402
-1.4407132
-2.9657161
-3.6545854
4.922105184349556
-1.1295862
-1.4187229
-4.0767155
4.461877406523484
-0.28692263
-0.027899504
-3.6980748
3.709293812583971
0.7243118
1.1115744
-2.663494
2.9756388194759404
1.1847036
1.8124638
-1.655786
2.7258347029076586
1.0473617
2.0667176
-0.9338951
2.4980889645655204
0.40884852
1.615067
-0.7279625
1.8181110872252368
-0.64209414
0.5488932
-1.0841947
1.3744259416230282
-1.4253874
-0.36533737
-1.0205851
1.7907525621284286
-1.4582599
-0.55275893
-0.7858219
1.7463048342244387
-0.764382
-0.013166189
-0.7474103
1.0691470183967762
0.104839504
0.5257685
-0.49066782
0.7267591148883537
0.7006179
0.71174955
0.29699564
1.0419497423187878
0.87461364
0.61919904
1.0956783
1.5326015191111602
0.6269072
0.41491413
1.6082106
1.7752486068275313
0.09929991
0.3204391
1.8803306
1.9100221926213716
-0.14274204
0.2831664
1.3510351
1.3877515788150934
-0.17548513
0.3414545
0.13080883
0.4055824847929991
-0.10208094
0.5757909
-0.53891516
0.795226505029608
-0.03186536
0.5564008
-0.6264987
0.8385092845532376
-0.0637995
0.2191081
-0.37861586
0.4420731831439107
-0.21192998
-0.31504607
-0.12284851
0.3990740646383365
-0.30744994
-0.539341
0.15454865
0.6397651391185314
-0.23829854
-0.2973976
0.3917899
0.5465627596349083
0.046866
0.03406334
0.60073566
0.6035230321337015
0.18689096
0.19197154
1.1049967
1.1370131907641527
0.08439052
0.48301935
2.4009638
2.4505216549187208
-0.19297677
0.80779505
3.6637497
3.756705202267754
-0.28845674
1.3893962
3.4596386
3.7393486069709474
-0.18862742
2.1611352
1.8253527
2.8351363634687647
0.49649024
1.5335407
0.2536049
1.631736875639955
0.6998193
-0.32077932
0.9766903
1.2436118446947977
0.2112596
-2.126016
3.1525688
3.808315169098411
-0.65076697
-3.409315
2.9166193
4.533607238086842
-1.3135731
-3.5510576
0.16893768
3.7899899950121876
-1.2462255
-2.5918489
-2.8604755
4.0562395421908715
-0.6330617
-1.468225
-4.146281
4.44388303919719
-0.30725178
-0.6459403
-3.9376025
4.002044155412956
-0.33390808
-0.25243247
-3.29948
3.325926148347659
-0.4816469
-0.11383939
-2.9843493
3.025108802036739
-0.5462079
-0.06425631
-2.900797
2.952472594519163
-0.52890366
0.140131
-2.7037096
2.7585180314874695
-0.22775608
0.5449765
-2.38515
2.4571961073158874
0.22385174
0.85736084
-2.0728412
2.254295381642364
0.47404703
1.1838825
-1.7502108
2.165533674331925
0.60141957
1.2573943
-0.69531536
1.5576294327496725
0.6879947
0.9944234
0.8266387
1.464768308604209
0.4278126
0.5695262
2.2433996
2.353768362823508
-0.14425169
0.45945168
2.7868767
2.8281771828911157
-0.51762724
0.29477763
2.4133759
2.485802582173223
-0.69374454
0.18985343
1.3407698
1.5215088985557723
-0.53967273
0.54261637
0.37159348
0.8507413842535358
-0.3972617
0.96273327
-0.043660164
1.0423906988939535
0.042278618
1.0345063
0.14894676
1.046028592143769
0.14491382
0.66288424
0.40646267
0.7909661548356861
-0.1637117
0.31961775
0.6967497
0.7838476863014455
-0.30335185
0.11778784
0.64167595
0.7194750487406394
-0.19671279
0.16318321
0.2796669
0.37886444333080976
-0.103740156
0.13054657
0.1164732
0.20339722914508057
0.081728935
0.06613016
0.60266495
0.6117661829227745
0.3258723
-0.04669428
1.0146017
1.0666723233808093
0.33348158
-0.0067095757
1.4169359
1.4556655824408407
0.64219606
0.3738742
1.6928349
1.8487529443558774
1.3182087
0.62471056
1.6722174
2.219064717068066
1.8398652
0.72195005
1.6097555
2.549044661988537
2.3376355
0.44348478
1.9428568
3.0717928280710707
2.3106413
-0.84422874
2.0522795
3.2036910882683887
1.132168
-2.51413
0.8871708
2.896502483823196
-0.44268
-3.0724144
-1.0370731
3.272799554903219
-1.1777494
-2.8563268
-2.7182055
4.115135188054798
-1.378902
-1.9173121
-3.3965645
4.136920005506271
-1.0456607
-0.6297991
-3.3569822
3.5720278836536425
-0.32321173
0.3619039
-3.1031346
3.1408413485125095
0.1628102
1.1667588
-2.6165833
2.8695542548275554
0.4252138
1.5539842
-1.9898372
2.560297880425485
0.19843423
1.1665728
-1.300735
1.7584594892228929
-0.3737231
0.23606682
-0.43533373
0.6204127290787348
-0.9463706
-0.6002755
0.37190866
1.1807896095334327
-0.9869398
-0.7713556
0.8261666
1.500530228678631
-0.63249224
-0.3297801
0.5996418
0.9318645855880069
-0.10759863
0.57127357
-0.002957344
0.5813257947335987
0.08630359
0.8937211
-0.2513628
0.932399576573335
0.11118084
0.7571149
0.23561239
0.8006855232893875
0.11192906
0.29540372
0.7477751
0.8117629155763655
-0.025378436
0.12906265
1.3643646
1.3706903543472575
0.0026815832
0.20667958
1.6201315
1.6332634846031242
0.101744056
0.34538746
1.3037663
1.3525719373543073
0.18482476
0.49083042
0.3726368
0.6433761418467532
0.07507604
0.660815
-0.29182148
0.7262731406617273
0.09070665
0.6320815
-0.5399151
0.8362194904754781
0.07256532
0.34860563
-0.27104187
0.4474989436579336
0.04656011
0.16396284
-0.082756996
0.1894739473835856
0.037248075
0.47210455
-0.12366676
0.4894523310065013
0.052782774
0.7799096
-0.298131
0.8366164899182633
0.09585631
0.7235265
-0.112091064
0.7384059740101772
0.026885688
0.2149024
1.1208353
1.1415680422727985
-0.10490525
-0.2571187
2.3676662
2.3838956778569975
-0.75047
-0.37424707
3.1276255
3.23810233621594
-1.2132916
-0.31088972
2.5097618
2.804930185003349
-0.83655804
0.83538294
0.8432703
1.4521703558103338
0.2079891
1.9707522
-0.8998108
2.1764151781424714
1.6450502
0.9023948
-1.2178421
2.236883076271896
1.319871
-1.1704617
1.7034016
2.4522676366762353
0.15950763
-2.6525333
3.4887714
4.38553332296717
-0.69216853
-3.2865665
1.8563204
3.8375177488631054
-0.9368071
-2.4990084
-2.058362
3.3703864318067493
-0.24762103
-1.2330623
-4.358842
4.536657434846976
0.5067561
-0.5305939
-3.7513933
3.822470962084793
0.32495975
-0.46661305
-1.2313213
1.3562738847167577
-0.31847134
-0.44607413
-0.4832325
0.7306981669942654
-0.9021692
-0.28024483
-1.2638221
1.5778760052641276
-0.9247637
-0.04032111
-2.489717
2.656219931039597
-0.6555351
0.4810598
-3.5125706
3.605453805282881
-0.27926183
1.1126852
-3.790722
3.960508545290225
0.2056315
1.6256468
-3.3045585
3.6885117258219307
0.608869
1.5456839
-1.6016908
2.307655414873275
1.0119042
0.9147663
0.9672818
1.6722385332122445
0.9550909
0.34107924
3.0875816
3.249876019974091
0.23543298
0.24604845
4.13643
4.150424172658535
-0.29815543
0.035948753
3.6232634
3.635687889904783
-0.39175323
0.13218856
1.5003967
1.55632094256012
-0.25594175
0.7224972
-0.4890318
0.9092086967650628
-0.0017250776
0.9917159
-1.1114016
1.4895357866857395
0.14035666
0.77804995
-0.536695
0.9555643478316805
-0.27461764
0.27384424
0.06863785
0.39384854612432013
-0.6678887
-0.056736946
0.108540535
0.6790253494148877
-0.6875399
0.023563385
-0.06639624
0.6911402044998928
-0.47724813
0.221879
-0.07993221
0.5323394095801204
0.10087254
0.57206774
0.40723324
0.7094192642316116
0.48675466
0.8024192
1.0383005
1.399598007730907
0.703523
0.68407345
1.0911303
1.4674693266540224
0.67007864
0.2867694
1.148716
1.3604376136526324
0.54372436
-0.046396732
1.9456062
2.020686101629736
0.15150604
0.18123388
2.560135
2.5710096718165927
0.25144935
0.72342587
1.768465
1.9271845473094755
0.58423173
1.2529478
0.6371355
1.5222176387389914
1.0879624
1.2934933
-0.011269569
1.690240824091796
1.5254238
0.111590385
0.052275658
1.5303930103202208
1.136063
-2.0904088
1.4017277
2.761392490480249
0.046937823
-4.101005
1.581069
4.395477762651392
-1.1576352
-4.610065
0.2535448
4.7599477502215155
-1.7382214
-3.910234
-1.6512346
4.586711031972726
-1.559129
-2.147522
-2.7881541
3.849225617842589
-0.45051286
-0.25085092
-3.0464673
3.0897979154213453
0.5398096
0.9638591
-2.709155
2.925737571644929
0.83407354
1.5563855
-1.8263898
2.5404161806144163
0.45273829
1.5132592
-1.319375
2.058075754623133
-0.38480023
0.8122122
-1.078484
1.403883150194062
-0.95906305
-0.085728645
-0.943233
1.347902004667289
-1.104354
-0.38270235
-0.57837296
1.3040606426168195
-0.69577783
-0.08398008
-0.25967026
0.7473875082972329
-0.066289745
0.6376691
-0.2690277
0.6952640645162482
0.39899352
1.1613579
-0.48337317
1.3196960003068938
0.6907749
1.2087293
0.09597254
1.3954952978877058
0.648388
0.82907724
1.0919199
1.516596531905694
0.3654815
0.25720525
1.6473422
1.7068882932532936
-0.11750218
-0.18113852
1.6741304
1.6879960496639292
-0.26255354
-0.44753814
1.0251856
1.1490127264700813
-0.14108983
-0.19713998
0.019527435
0.24321148880970236
0.06717211
0.35177398
-0.754354
0.8350490947384316
0.16099793
0.48444772
-0.91377115
1.0467032676015275
0.07133752
0.07343888
-0.73867846
0.7457399977634438
-0.24172634
-0.24004507
-0.3725915
0.5048541239809271
-0.4002401
-0.15372872
-0.2559352
0.499327027901554
-0.293377
0.22178173
-0.2737012
0.4584425142322128
0.0104646385
0.4953754
0.26371002
0.5612924913578669
0.13861626
0.6184826
1.1380024
1.30260685378078
0.1568617
0.5369239
1.3585968
1.4692440419513602
0.08335137
0.59809065
1.8300381
1.927096028329085
0.1126498
0.9419899
2.938859
3.0881915781255485
0.0977813
1.5657053
3.224492
3.5858533263456223
0.19697747
2.1412926
1.9743385
2.919237384496755
-0.118230075
2.2493353
0.3498087
2.279441534712957
0.34594905
0.7077117
-1.3099031
1.5285230995656434
0.6138628
-1.7973866
0.17407799
1.9072832527857029
0.1999554
-3.2651641
3.3800535
4.70383263013827
-0.24226159
-4.3627715
3.5966015
5.659329245354455
-0.9905996
-3.8847816
0.5443716
4.045881348209443
-0.91506284
-2.4412794
-3.3799028
4.2685979187713
-0.28768644
-1.091111
-4.699728
4.833294024252811
0.22570688
-0.27912676
-2.5416121
2.5668360612960983
0.015844405
-0.19648635
-1.228838
1.244548401412069
-0.54661
-0.16485047
-1.5002174
1.6051824086955186
-0.5981784
-0.17018759
-2.326406
2.408100060997897
-0.39043608
0.32353652
-2.8532825
2.8979885031167356
0.032416195
0.95602083
-3.1292157
3.2721579880194613
0.4051745
1.534792
-2.982213
3.378364581311895
0.7570113
1.7947807
-2.3704476
3.0681144475765136
0.96569705
1.5928841
-1.0880756
2.1572572870859763
0.80703413
1.1172478
0.4358158
1.4455041706733613
0.51538277
0.510726
1.5783148
1.7371062347129813
-0.0014118552
0.19789076
1.8372602
1.8478874078073544
-0.40718612
0.29238796
1.1250434
1.2316711847861652
-0.48663926
0.5825062
0.5476084
0.9359519893690106
-0.36632708
0.8912153
0.55300856
1.1109809534344155
-0.32753816
0.958138
0.8791094
1.340948511317143
-0.28118414
0.55582094
1.2357583
1.383871373519577
-0.25559312
0.042430878
1.5440617
1.5656483022208239
-0.28491968
-0.52917194
2.062685
2.1484580299090132
-0.41181043
-0.90600824
2.282217
2.4897697942862185
-0.62824476
-0.8397281
1.5844374
1.90007281414849
-0.8090536
-0.31935573
0.30986977
0.9233499140117165
-0.40973806
0.54513645
-0.5680475
0.8875454985010542
0.3694011
1.2290688
-0.4276228
1.35274846077618
0.8548064
1.3088665
0.044804573
1.5639159081479346
1.0630866
0.8210802
0.7713423
1.5489657366160328
0.7432091
0.35040617
1.3832188
1.6088624897407409
0.2421408
0.2343564
0.89588547
0.9571655179251047
0.31629574
0.31772947
-0.04177475
0.4502667682729958
1.337131
0.054986
-0.84170246
1.5809509356399645
2.395135
-0.82175446
0.115766525
2.5348282000771274
2.5060394
-1.691699
2.8162575
4.131995309611019
1.1237655
-2.5293913
3.3256083
4.326700905858847
-1.1504242
-2.9199023
0.6225424
3.1995099765379416
-2.4143214
-2.7956085
-2.1566563
4.277328811689097
-2.6324792
-2.0909193
-3.2499523
4.675904236516948
-1.7267419
-1.0904655
-3.2856617
3.868633577878331
-0.47734293
0.043170333
-3.05757
3.0949077559176397
0.65242076
1.1760914
-2.0323381
2.437056085316067
1.2880812
1.645726
-0.93634033
2.2900437474965405
0.8657439
1.2782736
-0.16680193
1.5528421616480212
-0.29956207
0.053446054
0.2572918
0.39848835938418237
-1.243299
-0.8727858
0.060266018
1.5202564382067045
-1.5156176
-1.2153763
-0.53405714
2.0148084302382405
-0.756638
-0.8037492
-0.9635472
1.4652430282658622
0.66648954
0.26105118
-0.7363615
1.0269295325168368
1.6824086
1.3772113
-0.04512644
2.174683107113201
1.8439207
1.9866662
0.7645197
2.8162699546056227
1.509613
1.8230071
1.2551775
2.679133588745891
0.759496
1.1940858
1.4944744
2.058185804796999
0.27432406
0.3844912
1.3028393
1.3858128987310323
0.047076702
0.20416307
0.74347496
0.7724336602450224
-0.08109093
0.36635876
0.14658451
0.40284175976652287
-0.09934926
0.3313942
-0.4152031
0.5404498174769573
-0.14460182
0.008456707
-0.65011215
0.6660533010615903
-0.36084783
-0.31501508
-0.54307365
0.7241371857802936
-0.6257818
-0.4243946
-0.36167526
0.8381662337865323
-0.80325246
-0.25140882
-0.6111207
1.0401391209571125
-0.600464
0.33134365
-0.7340627
1.0045863122841836
-0.15475976
0.98142004
-0.50680494
1.115341689095794
-0.06634694
1.4286971
0.21896362
1.44690093311773
-0.15267634
1.0816665
1.4584627
1.8222036075158154
-0.524367
0.63165903
3.5456495
3.6394483768718358
-0.68381345
0.75432444
4.9357557
5.039671679202453
-0.6619724
1.61094
4.4619207
4.789788295391859
-0.41082555
1.5875478
2.3360443
2.854152892884667
-0.11030923
0.10549879
0.50126743
0.5239915619836885
-0.038447976
-2.0761285
1.408494
2.5091119649754976
-0.39084634
-3.5341263
1.9044323
4.033567959815502
-0.9945457
-3.9458723
0.23642349
4.076140991737343
-1.0906022
-3.0609298
-2.9137468
4.364473157901755
-0.7767137
-1.8166745
-5.3764224
5.727958561070754
-0.23063731
-0.9821607
-5.810443
5.897379031167647
0.14876306
-0.5367315
-3.8362417
3.8764624758404564
0.11901045
-0.2186954
-2.0385294
2.053677967222271
-0.05035913
0.051056266
-1.4622717
1.4640290703310552
-0.14371681
0.2515347
-1.7291031
1.7532033212611573
-0.030697525
0.4425633
-2.4022546
2.4428736800874526
0.105686545
0.9324899
-2.7109325
2.8687736427147343
0.39483783
1.535121
-2.3679438
2.8495001036601626
0.90197086
1.7490749
-1.4882984
2.467356228026558
0.8479905
1.4184136
0.15394497
1.6597241366635627
0.50600994
0.8206117
1.8201661
2.0597219542473675
-0.13149326
0.2580943
2.5900269
2.6061738988802787
-0.5648813
-0.08849025
2.8036895
2.8613976167436004
-0.5515039
0.0058221817
2.5417476
2.6008981767234935
-0.14240673
0.57543564
1.5622196
1.670908711065728
-0.00666517
1.2303238
0.23463392
1.2525151697637362
0.009990752
1.4247923
-0.29496336
1.455038308232492
-0.0073302984
1.2854013
0.081979275
1.28803373958396
-0.11695519
1.0206599
0.54825497
1.1644778950592687
-0.31191534
0.8088665
0.5458641
1.024462703281002
-0.3031624
0.5781398
0.30261612
0.7195342802135103
-0.2655143
0.27863693
0.11184883
0.4008073638379928
-0.028536737
0.11181879
0.0703249
0.13514207010359885
0.13039953
-0.18635702
0.343565
0.4120314103995262
0.10431963
-0.46320486
1.2670088
1.3530530703413959
-0.031465948
-0.5697613
1.9827795
2.063257714006949
-0.2052167
-0.0037837029
2.0229263
2.0333122935014316
0.13079226
0.8359008
0.99776363
1.3081930429520614
0.5068597
1.3927274
0.14698792
1.4893629093295715
1.1754631
1.2674108
-0.36508083
1.7667279469760189
1.9248662
-0.123795986
-0.18480492
1.93767596030302
2.6239877
-1.8535075
1.8632851
3.713843306194583
1.8616853
-3.2142928
3.7737389
5.295153853042665
0.16391802
-4.2531214
2.3907528
4.881762777788728
-1.0410668
-4.1188426
-1.0140696
4.3677251003800865
-1.392139
-2.7587729
-3.4391313
4.623473044230133
-1.1864948
-1.1497388
-4.4942837
4.7883457562269625
-0.61592305
0.11833489
-4.430525
4.47469718377396
0.38066632
1.1519473
-3.5444202
3.746305425906602
0.9864018
2.0439599
-2.27242
3.2116434105620204
0.72399914
2.2634063
-1.5229702
2.822520229378607
-0.3784814
1.3395462
-1.2796679
1.8908151578246801
-1.3026037
-0.41468358
-0.8015523
1.5846845817200532
-1.4634625
-1.3890264
-0.032156944
2.017957180933736
-0.86814296
-1.1073904
0.89747906
1.6689680264234774
0.19421333
-0.06996846
1.8595386
1.8709617998269614
0.89470017
1.1047344
2.2920828
2.6971410768164747
0.9685879
1.952559
2.4733973
3.2967170569024398
0.682933
1.8570127
2.154931
2.9255121614095496
0.3088416
1.3093972
1.4596252
1.9850466335017205
-0.04406172
0.6682763
0.58159924
0.8870131554235482
-0.21529332
0.01747322
-0.09783745
0.2371259023697474
-0.17223462
-0.37675524
-0.5532799
0.6911786238119987
-0.17992565
-0.49677086
-0.9252949
1.065516397529926
-0.15926343
-0.41273952
-1.1041551
1.189486097558433
-0.2423324
-0.1846242
-0.89864683
0.948882086433781
-0.22068097
0.17791224
-0.7495632
0.8013724772952544
-0.092268884
0.4717722
-0.45791388
0.6639033407325772
0.052598745
0.8371043
0.06270981
0.8410961660045356
-0.14562641
0.84589624
0.6362686
1.0684499196627475
-0.36549813
0.6115947
1.1142693
1.3225856827524411
-0.4609503
0.33221626
1.81845
1.9051517387092067
-0.45303616
0.41900206
2.7227287
2.791783733665246
-0.33944458
1.078362
3.097557
3.2974153048821577
-0.06469664
1.9621072
1.9034376
2.734433244357353
0.017195702
2.0676804
0.33905602
2.0953654419812358
0.16315475
0.8190465
-1.2916899
1.5381545278605004
0.62085634
-1.5972276
-1.3474712
2.179971874650583
0.5464845
-3.4000025
1.1974726
3.6459021570884893
-0.04165277
-4.3901973
2.428976
5.017518633782683
-0.65773004
-4.5694375
1.046792
4.733723913563586
-0.8211497
-3.410384
-1.9436712
4.01034448071533
-0.5956282
-1.7706264
-3.7844172
4.22039152634209
-0.2198441
-0.56991136
-3.5791574
3.630908754371054
-0.17204458
0.06887984
-2.4189625
2.42605092980623
-0.20275795
0.75995684
-1.5942354
1.7777040891806417
-0.26946658
1.209389
-1.240912
1.7535953373592927
-0.108313024
1.2433231
-1.3643098
1.849033608493733
-0.056004614
1.0329657
-1.6698866
1.9643512813970097
0.089271635
0.9796014
-1.3972015
1.7087306591800675
0.48130465
1.0480013
-0.5431528
1.2747453865436114
0.8523919
0.9226768
0.4273901
1.3268634863563702
1.0113556
0.6691885
1.2344704
1.7304828031843307
0.82440746
0.4970436
2.025703
2.242804571963964
0.30709952
0.17545271
2.310092
2.3370106761200455
-0.20634569
-0.047343493
1.7331514
1.7460338061665963
-0.46387294
0.06938553
0.551424
0.7239205101250453
-0.56263447
0.56882524
-0.704247
1.0658721704294487
-0.542045
0.9109163
-1.3218803
1.6943874384283857
-0.41065162
0.9470844
-1.2796865
1.6441414341615301
-0.4779195
0.6925454
-0.63301563
1.0529648452462228
-0.6658091
0.2590704
0.32868528
0.7864179579789652
-0.674384
0.01571989
0.7341275
0.9969875140656576
-0.50503075
0.054714203
0.6485934
0.8238465250564174
-0.08607459
0.1548624
0.90194607
0.9191832928495433
0.22993675
0.07026005
1.1582594
1.1829505910350093
0.56319094
-0.012744904
1.3824635
1.4928334221223225
0.72253406
-0.20173216
1.6729183
1.833414039858341
0.8117014
-0.16521645
2.338153
2.480547277454073
0.8945274
0.2432375
3.2227678
3.353442396231996
1.1178478
0.8304901
2.6778135
3.0182747539843935
1.3846107
1.3960605
0.9394045
2.1791311121338315
1.766573
1.4309673
-0.7769346
2.4025142454108064
1.9227444
0.14878607
-0.73263836
2.0629692699752713
1.24323
-2.4896932
0.7278271
2.876443251873744
-0.066526294
-4.2212353
0.6167383
4.2665697106630365
-1.3441746
-4.4227753
-0.62901115
4.665126046688786
-1.6652709
-3.4769287
-1.8209782
4.263580838540822
-1.3130631
-1.8583388
-2.4336166
3.3316734631691545
-0.41071987
-0.23402476
-2.77816
2.8180900968520914
0.5141831
0.9275205
-2.8431053
3.0344565823526137
0.56074476
1.5847752
-2.308961
2.8560895545019176
0.16895306
1.3597574
-1.7590623
2.2297501082742706
-0.688443
0.44041395
-1.2808356
1.5193610794766632
-1.0717328
-0.18013954
-1.1280985
1.5664187309547966
-0.65435785
0.06657815
-1.0671997
1.2536075985060495
0.12390584
1.1220343
-1.0721111
1.5568352054761248
0.60861087
1.9932144
-0.9611182
2.2950074784566334
0.7358856
2.0389352
-0.102348804
2.1700828348337957
0.80705976
1.2748909
1.4197636
2.0718158374009077
0.59201765
0.3265519
2.3233352
2.419712208431172
0.19780207
-0.20610666
2.7627192
2.77744890703373
-0.12906253
-0.59775686
2.1258993
2.212107210799864
-0.24881744
-0.63143444
0.45190334
0.8153748636603808
-0.23353046
0.012000084
-1.2243962
1.2465258001785862
-0.09871775
0.49610186
-1.8184457
1.8874869668270604
-0.033005476
0.5616021
-1.6501231
1.7433854162898277
-0.1643104
0.33819103
-1.0442863
1.1099120975605312
-0.2770158
0.11349344
0.045637608
0.3028222479496245
-0.3250422
-0.0049729347
0.6762409
0.7503192142820083
-0.27152595
0.103281975
0.93555784
0.9796233769167653
-0.025684595
0.15540934
1.4149923
1.423732759607441
0.1020354
0.13581991
2.1164894
2.123295942223825
-0.04095477
0.33849955
3.27528
3.292980189546782
0.047681272
0.9718213
3.9763002
4.0936137169437234
0.37141794
2.0224423
3.3036232
3.891291672299347
0.5767771
2.6905565
1.6047716
3.1854446366659963
0.77554095
2.1984138
-0.13354969
2.335020976329742
0.8272917
-0.007232189
-0.27539253
0.8719546934506245
0.35537565
-2.6068466
1.5801258
3.0689963123427404
-0.56995064
-3.7173653
2.7350988
4.650205849633942
-1.3217039
-4.169078
1.0618458
4.500625143073659
-1.6358023
-3.599582
-2.5483742
4.703939880544848
-1.377595
-2.1594899
-5.32929
5.9129090891442235
-0.92969346
-0.89249444
-5.761245
5.903627489552537
-0.09253187
-0.23132432
-3.7509136
3.759178880758928
0.17497149
-0.0777992
-2.0775266
2.086332819479307
-0.13583484
-0.09671605
-1.4206858
1.4304380687546316
-0.48024797
-0.17314088
-1.5770822
1.6576501218495703
-0.62553394
-0.019760251
-1.797967
1.9037773480019613
-0.56938016
0.4285555
-2.1010885
2.218654254405594
-0.34441316
0.84083843
-2.0026515
2.1991458968838904
0.24544778
1.2319562
-1.2535253
1.7746228529300534
0.793951
1.349484
0.18853474
1.577025833324676
0.84968126
1.0949099
1.8899755
2.3436709581398314
0.610792
1.0176644
3.4311724
3.6306543646314613
0.19366795
1.0822823
3.9784307
4.127560370019353
-0.113216236
1.0994997
3.0103626
3.206867841118937
-0.27061695
0.9562144
0.7189417
1.2265629859486
-0.3084309
1.0790906
-0.6889858
1.316915894512943
-0.13182305
1.104608
-0.89212275
1.4259800602507267
-0.044166874
0.72279644
-0.68688345
0.9980953675077251
-0.30348408
0.344563
-0.40777016
0.6140869096946997
-0.4994457
0.06112957
-0.35686207
0.6168738908380896
-0.640892
0.07188797
-0.38125753
0.7491780386356194
-0.673604
0.026864529
-0.2168994
0.7081732615819714
-0.5503754
-0.07810688
0.24402952
0.6070948514672603
-0.45945394
-0.261683
0.55148125
0.7640074946100814
-0.2411493
-0.30128384
1.4946337
1.5436498756217616
0.22462928
-0.19122791
2.4483538
2.4660622174039775
0.8424185
0.09601498
3.280282
3.3880875757061384
1.5626625
0.63992834
4.0799007
4.415542219483471
2.272933
0.97546005
4.014742
4.715495623108733
2.584491
0.37431145
2.3728647
3.528482618698029
1.8952103
-1.3784072
0.83718204
2.488514073377122
0.52018034
-2.8801813
-0.5905628
2.9857657023322566
-0.7330726
-3.480177
-2.3188581
4.245719100019398
-1.279819
-3.0522923
-3.590404
4.883177720716256
-1.081316
-2.0051315
-4.0713396
4.665361948639827
-0.28661367
-0.696224
-3.6707902
3.7472091462177617
0.2840259
0.45050073
-2.6493282
2.702325250584898
0.21572852
0.81625676
-1.6904216
1.889534060148766
-0.3445647
0.83304954
-1.4136286
1.6766162561507012
-0.90772104
0.44425774
-1.0696111
1.4715265853818598
-0.97900456
0.079594135
-0.99742603
1.3998727945030558
-0.7219121
0.40844035
-0.763464
1.1273232947890863
-0.3093791
1.0354359
-0.38858938
1.1484096290164765
-0.07129004
1.3838038
-0.53688383
1.4860146551628912
0.038736038
1.287087
-0.46781492
1.37001612556323
-0.08393285
0.86494875
0.1620493
0.8839915343975332
-0.06714629
0.09819698
0.99155235
0.9986627697717941
-0.107347146
-0.48072767
1.6436625
1.7158813813077605
-0.13567711
-0.6987014
1.6865106
1.8305490187182696
-0.08555736
-0.5857763
1.4909449
1.6041728263175252
0.057967965
-0.24260855
0.9705734
1.0021137309602401
0.18811111
0.18898559
0.2669735
0.3773276884400361
0.26541057
0.5419221
-0.19247818
0.6333799761194044
0.15486763
0.81660986
-0.5677004
1.0065382953186293
0.15837061
0.9176078
-0.88703203
1.2860447557293695
0.32206336
0.8566694
-1.119513
1.44600021908918
0.42620248
0.6815047
-0.36697054
0.8836088723963754
0.52866745
0.11999369
1.0548377
1.1859891716879303
0.48039484
-0.36752224
2.0045795
2.0938459915247742
0.089350164
-0.40893936
2.9214315
2.95126704145243
-0.16602466
0.2819333
3.7698355
3.7840071785276037
-0.037051618
1.5050082
3.0082064
3.3638858761202104
0.19637132
2.6635118
1.3301325
2.9836402507873103
0.4942007
2.2227468
0.6542177
2.3691431408748493
0.6443576
-0.056718826
1.6036377
1.729181159391528
0.0672915
-2.2825174
3.0105658
3.778613471802469
-0.94215477
-3.8409743
2.833663
4.865222025839907
-1.8033419
-4.199012
0.36306095
4.584272716085859
-1.8410685
-3.217473
-3.049942
4.800397045880237
-1.4613627
-1.7695267
-5.3896103
5.857875459159193
-0.8894475
-1.0555334
-4.9246044
5.114391046186772
-0.51236045
-0.95551765
-3.376567
3.5463688022854774
-0.45585704
-0.78356767
-2.4829025
2.643215646693538
-0.42214656
-0.3701957
-2.2583032
2.327055205263667
-0.3568709
-0.03566742
-2.3735895
2.400532556098118
-0.07480693
0.44647563
-2.4236803
2.465595789592497
0.2619351
1.0160649
-2.3028634
2.5306476771195254
0.73818785
1.5560122
-1.5971241
2.3488082217501356
1.0004376
1.876879
-0.15529728
2.1325260850355225
1.0838236
1.5091646
1.4770045
2.373561423446122
0.67552274
1.0311182
2.7368774
3.001671802093445
0.18416099
0.7329571
3.3387184
3.423182964743109
-0.009730846
0.67447233
3.1881227
3.2587012672658084
0.25270447
0.78474426
1.8571377
2.0319063740059065
0.25962442
1.144943
0.28669357
1.2085084240216932
0.17322303
1.3143497
-0.4946518
1.414991716286503
-0.010819763
1.0897875
-0.9933133
1.4745932066580498
-0.08143954
0.69561625
-1.2313528
1.416595971456592
-0.019182965
0.20789719
-0.7628999
0.7909522513917187
-0.18772891
-0.24740028
-0.0625267
0.31679431053468915
-0.34938067
-0.45457888
0.22579098
0.6161902374321302
-0.5170094
-0.3023715
0.046557426
0.6007452032538279
-0.49022198
-0.30318928
0.07172203
0.5808488497264683
-0.42282343
-0.29235077
0.6511402
0.8295976033333395
-0.14672261
-0.36029434
1.5169001
1.56599021200188
0.25037134
-0.1733141
2.5734262
2.591379208174968
0.9396266
0.5891862
3.1581583
3.3472380226645213
1.8319651
1.3907228
3.208395
3.9476580908382433
2.5113595
1.6373873
2.6548223
4.004503099569645
2.690956
0.68550205
1.2044849
3.0268699225966604
1.8846143
-1.2980068
0.2740574
2.3047126380713263
0.61896396
-3.0035665
-0.25959396
3.077648145269225
-0.6234
-3.81639
-1.4564915
4.132170023312509
-1.3108332
-3.3978772
-2.5940523
4.47134878713306
-1.3091558
-2.0555866
-3.2397804
4.054072397723238
-0.8749422
-0.46843755
-3.4115992
3.5530221244795275
-0.08320737
0.6135764
-3.4954243
3.5498437766503255
0.2973528
1.4638648
-2.7235556
3.1062959540976385
0.14211416
1.4928727
-1.5774212
2.1764932833672437
-0.614146
0.6350124
-0.633698
1.087193263850842
-1.3723831
-0.34624124
0.26684713
1.4403213511960806
-1.4273486
-0.6562345
0.7267947
1.730952967973898
-0.73965305
0.118573666
0.63506556
0.982066520597717
-0.19332725
1.1483076
-0.1086936
1.1695298698789192
0.17861107
1.6120071
-0.48918056
1.694038510120163
0.3037792
1.5615873
0.03386545
1.591220793594621
0.2966535
0.92748904
0.5557318
1.1211944428525642
-1.8200278E-4
0.0218153
1.0996389
1.0998552769044583
-0.2184968
-0.73720026
1.3738747
1.5744004819109418
-0.236089
-1.076262
1.0186548
1.5005783714412522
-0.116087474
-0.6349969
0.15220928
0.663223207448081
0.17528062
0.20834756
-0.7439761
0.7922326039372212
0.28579196
0.63785696
-0.98974514
1.211665765131458
0.2822637
0.81291246
-0.5849366
1.0405048312432947
0.1491965
0.8150513
-0.25342894
0.8664839700249574
0.2572632
0.6635332
0.03476143
0.7125089695014553
0.28242505
0.5614724
0.45301914
0.7747525681548192
0.24509364
0.34574842
1.1936827
1.2666851360246096
0.19224417
0.081231594
1.6674604
1.6804704127886503
-0.060725093
0.18373728
2.3031416
2.311256796216695
-0.20563972
0.72925997
3.355649
3.4401290549976555
-0.17217323
1.6023803
3.243804
3.6220892697165
-0.095600635
2.3621674
1.1508608
2.629344886587397
-0.14543352
2.2115154
-0.12509918
2.2198201137553606
-0.26191428
0.9456067
-0.40270615
1.0606334784398725
0.008819759
-1.461503
-0.15361309
1.4695801519423117
0.23306844
-3.01178
1.4323826
3.3431810982433863
0.08302525
-3.9608667
2.7165022
4.803617528855247
-0.3741129
-4.237465
1.5066566
4.512879695398671
-0.7436542
-3.2290816
-1.6102562
3.684143737316647
-0.59875405
-1.6294154
-4.184231
4.530042816363971
-0.29129785
-0.6408173
-4.374018
4.430297378995343
-0.3517907
-0.18321168
-2.9284372
2.9551763927915045
-0.6836585
-0.11209285
-2.0554452
2.1690571020620033
-0.9453219
-0.10499716
-1.8014159
2.037095330428575
-0.8558563
-0.02270627
-2.034895
2.2076691642392685
-0.74980736
0.32660007
-2.5472894
2.675361990277618
-0.32786453
0.71330523
-2.8422837
2.948707627222035
0.08247352
1.0839612
-2.4921782
2.718956775036897
0.47586602
1.40347
-1.4076419
2.0439257158341504
0.88634825
1.2606821
0.48279
1.6149361091707286
0.99638283
0.66378045
2.1828408
2.4896138932867653
0.6936767
0.50803995
3.3436842
3.452465287792989
0.2638065
0.5251844
3.6785975
3.7252504610179504
-0.08392045
0.47377753
2.885417
2.925258859770786
-0.14375082
0.643342
1.1782703
1.35013862533906
-0.06137055
1.1237583
-0.5628576
1.2583353128901862
0.115624666
1.4621234
-1.036387
1.795904146053665
0.23040573
1.3229275
-0.7256799
1.5263797615494958
0.15750954
0.8553138
-0.3583622
0.9406350803785609
0.0072552115
0.43908453
-0.20624495
0.4851647368593318
-0.12827113
0.21719265
-0.39100885
0.4653107036814657
-0.22520003
0.0052022934
-0.3549447
0.4203901297200023
-0.23379016
-0.2678194
0.0033483505
0.3555225289713521
-0.029972494
-0.31002378
0.9641895
1.01324948016195
0.15223525
-0.27100325
2.08529
2.1083292311476454
0.18691051
0.15094662
2.7216806
2.7322638508908708
0.5172778
0.57661295
2.617878
2.730081206011729
0.9884307
0.70645666
2.7914944
3.0444240003983776
1.8173783
0.30850697
3.144907
3.6453368511931776
2.2506928
-0.86027336
3.2284393
4.028462237083211
1.6358333
-2.281799
2.4793224
3.7456104018450276
0.33566308
-3.2159915
0.30560017
3.2478705545854596
-0.6240279
-3.0669568
-2.3067808
3.8880421594680876
-0.75588083
-2.032186
-3.7569556
4.337724197266103
-0.2139709
-0.8825886
-3.813847
3.920481521654362
0.4340775
0.07922721
-3.070231
3.1017766537468496
0.5885974
0.5843601
-2.398724
2.5380703440147188
0.0571599
0.7203157
-2.4131422
2.5190031695858957
-0.54420334
0.6068983
-2.3327398
2.4710641951456385
-0.96783316
0.13692284
-2.0998654
2.3162217991486833
-1.0079406
-0.07433653
-1.5611401
1.859738867282173
-0.79486036
0.09375954
-0.9539466
1.2452340822885444
-0.3715684
0.5844939
-0.14641142
0.7079071183783452
0.07049465
1.0115576
0.2544508
1.0454489261114308
0.121518016
1.0697355
0.2801752
1.1124741690562177
-0.044522285
0.6412678
0.5765662
0.8635017148030124
-0.23481545
-0.007963896
1.1890907
1.2120802378863562
-0.36789632
-0.27835226
1.801693
1.8598186059915582
-0.39008513
-0.28397346
1.9087019
1.9687433394062057
-0.08605549
-0.012658119
1.3699017
1.372660293529723
0.13035318
0.4763751
0.33360767
0.596002747274954
0.15791267
0.79864883
-0.29623032
0.8663306599725346
0.15697587
0.70787215
-0.4898119
0.8750085830267514
0.05662769
0.43222237
-0.49910927
0.6626710562928387
0.045302153
0.31130123
-0.5065479
0.5962814275588273
0.051564574
0.24904108
-0.32479286
0.4125175985281365
0.22895712
0.19157124
-0.052975655
0.30319517198416984
0.34788674
0.13027287
0.28323174
0.46713640322712024
0.4047233
-0.14477873
0.908453
1.0050117550821949
0.024982214
-0.31502032
1.8223495
1.8495458251605708
-0.6120835
0.26513147
2.5994349
2.6836546956211764
-0.63140357
1.2540617
2.2480993
2.650526724956429
-0.35189393
2.240573
0.71821594
2.379039842083555
-0.009533823
2.7080011
0.28343773
2.722810716228936
0.75085604
1.480701
0.7860346
1.8368751890864474
1.259569
-1.1675029
2.6322956
3.1430172136340895
0.63224447
-2.9451315
3.8219995
4.866334696556152
-0.50934595
-3.8041189
2.823926
4.765009005398962
-1.0740225
-3.322938
-0.72116184
3.5658822317055097
-1.0813999
-1.888375
-4.29273
4.812786737792532
-0.7923362
-0.683264
-5.935646
6.027150396384245
-0.42317924
-0.20184612
-4.790655
4.813543231399481
-0.28108257
-0.20744586
-2.6181855
2.6413891832081826
-0.44704795
-0.45709133
-1.0679145
1.2446789497620065
-0.5300209
-0.33119655
-0.33335352
0.7083345487995565
-0.36655587
0.010854721
-0.8068147
0.8862453995384828
-0.31622902
0.4453864
-1.4882107
1.5852889064218991
-0.030801296
0.7815194
-1.7421932
1.9097011780783488
0.07495779
0.95848846
-1.7155352
1.9665654490442863
0.26299453
1.0157876
-0.38027096
1.1160629588214475
0.56665283
0.8126302
1.473238
1.7753572534293138
0.57207465
0.6615963
2.1669178
2.3367737769021897
0.25846216
0.8089199
1.8561172
2.0411578991231503
-0.18396398
0.6356437
0.9945612
1.1945867891043227
-0.33870733
0.46637726
0.65391254
0.8716834428703345
-0.24415079
0.4918542
0.638052
0.8418078499275509
-0.114875466
0.6654649
0.11970806
0.6858351880979738
-0.08806965
0.9154444
-0.92703724
1.3058303122291761
-0.15856233
0.9813528
-1.6073732
1.8899323006267046
-0.07705048
0.78125143
-1.0675473
1.3251218163975895
-0.10760903
0.3530197
0.2530408
0.4474732029739443
-0.2623005
0.22112417
0.5969968
0.6885510992730457
-0.50480604
0.10794592
0.14049387
0.5349953124028135
-0.5187665
-0.18945503
0.06259537
0.5558147795877194
-0.4150132
-0.3086233
0.20330524
0.5557133496889853
-0.29753405
-0.07068539
0.5916853
0.6660438598733525
-0.05415249
0.28055525
1.2854614
1.3168351468001858
0.37039605
0.41981077
1.9898806
2.0671378500952438
0.874756
0.5235543
3.4727888
3.6193327175984678
1.289736
0.44182777
3.8240185
4.0597719863229536
1.6102281
-0.22880793
3.082199
3.484987624158736
1.2996746
-1.389724
1.7532454
2.587345350868462
0.5111
-2.1422436
-0.07223225
2.203553611239954
-0.05463749
-2.1083593
-2.042101
2.935701022285569
0.25125563
-1.556443
-2.4343023
2.9002538372626354
0.82158154
-0.95401955
-1.4111404
1.8911549479619398
1.0365069
-0.38780499
-0.6692257
1.2932913109910076
0.6644845
0.13795066
-1.2938633
1.461044960353694
0.071900845
0.32488084
-2.2724142
2.296646210570605
-0.27958292
0.114337206
-2.8560576
2.8719863023245336
-0.46500182
-0.09240508
-2.7368712
2.777630196995451
-0.57119906
-0.36888957
-2.0132837
2.1250080781670904
-0.6331725
-0.61306167
-0.2966895
0.9299336916860093
-0.5448452
-0.29891324
0.4138713
0.746655796715542
-0.17538702
0.19757175
-0.3316183
0.4239881011422396
0.039734364
0.61008286
-0.5027995
0.7915726572402363
0.19650853
0.72557116
0.07660103
0.7556035991506244
0.06910014
0.56130314
0.9117007
1.0728626361069178
-0.044318676
0.3494439
1.6908727
1.727172674699009
-0.062269986
0.3561697
1.8008928
1.8368313825009845
-0.026831686
0.49179506
1.2223635
1.3178599223920964
0.10494852
0.6615865
0.25388432
0.7163575616596807
0.08012807
0.82040405
-0.3370247
0.890544184983467
-0.077634275
0.7367687
-0.80209017
1.0918808906453048
-0.31876585
0.40554047
-0.78340864
0.9379786223311901
-0.34695
-0.13142347
-0.26280832
0.4546588390532791
-0.14731541
-0.36945868
-0.12213993
0.41607656614580363
-0.048899353
-0.24193668
-0.22029495
0.3308389011069884
-0.19617909
0.10524702
-0.27583456
0.35446843679851964
-0.229727
0.26424122
0.2964797
0.45880074581569524
-0.09950571
0.22288513
0.8156233
0.8513639376062621
-0.2826329
0.18596935
1.6025171
1.6378421979168505
-0.21844485
0.6391082
2.3316326
2.427485900586528
-0.12878722
1.2046471
2.0223656
2.357482353136312
-0.08387617
1.6340942
1.0317917
1.9343973975048117
-0.109238885
1.8818841
0.84841824
2.0671802938714867
0.107975736
1.1032815
1.2763281
1.6905331373377126
0.59586674
-0.77990866
3.3501415
3.490954426765468
0.591615
-2.6120718
5.453557
6.07570664805283
-0.059178412
-3.5951316
3.8571892
5.273175630072067
-0.6027975
-2.5658169
-0.36956024
2.661457477328069
-0.46691513
-0.84214497
-3.9463272
4.062107478032301
-0.5727297
-0.700531
-6.206318
6.2719332553075855
-0.9983157
-0.9588201
-5.8691044
6.030120585739928
-1.193217
-1.5255393
-4.055553
4.494279404229475
-0.9584043
-1.0480491
-2.4553132
2.8364607062991207
-0.4564349
-0.32512236
-2.01405
2.09055848065711
-0.24256486
0.080836535
-2.4003692
2.4139479329104705
-0.1672368
0.09148431
-2.3608286
2.368512075749755
-0.2716955
0.088510275
-1.7775722
1.8003930854739167
-0.4127233
0.27766728
-0.87809515
1.0092030476176739
-0.34550154
0.49028468
0.23605156
0.6445701818556793
0.010903001
0.5684409
1.223136
1.348816347443626
0.4224404
0.6577811
1.4688416
1.6639192904605158
0.5946107
1.0855103
1.7381897
2.133822359222476
0.3760898
1.339587
1.8770533
2.3365071600411027
0.10550499
1.1827605
1.9651604
2.2960637534856914
-0.026687026
0.9270549
1.6066046
1.8550798189208089
0.14720225
0.9523339
0.9022112
1.320073303585907
0.27099073
1.0530019
0.082037926
1.0904032047205043
0.28957632
1.0377688
-0.8958802
1.4012208656188379
0.23932251
0.80723095
-1.1112685
1.394207614989738
0.13016644
0.31251192
-0.46380472
0.5742140789231249
-0.037603617
-0.113909245
0.3376398
0.3583154816209843
-0.18331182
-0.30564785
0.5880623
0.6876344115905257
-0.1887874
-0.045320988
0.37851143
0.4254004849498838
-0.020785332
0.3046775
0.2147026
0.37330632399810704
0.19789222
0.56169176
-0.1653409
0.6180587124356954
0.25408182
0.53362894
-0.09779644
0.5990672440955414
-0.06105441
0.33879662
0.18608284
0.3913280073833232
-0.15610379
0.11397743
1.0107794
1.0290938870311543
-0.07125294
0.12948895
1.7318277
1.7381230314450054
0.061750054
0.32194233
1.7225657
1.7534801075908089
0.29839703
0.90494585
0.9911499
1.3748985166379233
0.9857086
0.96146107
-0.32565212
1.4149480754909167
1.5700343
-0.13871193
0.3715477
1.6193505899937135
1.3441341
-2.1680682
3.9249325
4.68105880693194
0.5773133
-3.8298602
4.365777
5.836191439944516
-0.19320291
-3.7878947
1.0754356
3.942338906857014
-0.5567882
-1.9730364
-2.5183487
3.24730130169939
-0.7557192
-0.3219521
-4.887721
4.956266832744016
-0.34408617
0.083372355
-3.3853679
3.4038304125883143
0.20357141
0.12032819
-0.6052275
0.6497849402080031
0.8294029
0.19203043
1.1055679
1.395372836697617
1.0427638
0.6707721
1.2292194
1.7459301626564376
0.44730806
0.59407854
0.06783295
0.7467362997319956
-0.2474077
-0.015069723
-1.2443485
1.2687950934303198
-0.26304847
-0.41428185
-2.037436
2.0957025561727445
0.24924797
-0.20118117
-1.4997044
1.5335291036077334
0.54416347
0.5554004
-0.6136632
0.9905382401172519
0.25911748
1.1223583
-1.0463853
1.5561980763547878
-0.21408552
1.028131
-1.1320739
1.5441752292143813
-0.19808346
0.6999216
0.2129116
0.7579305104659799
-0.009068608
0.1768651
1.2084551
1.2213628588314958
-0.5550482
-0.34117913
-0.05986929
0.6542675638038712
-0.48234582
-0.6253698
0.29686928
0.8437275706948112
-0.35140017
-0.37388206
1.5016346
1.5868762765934104
-0.21216714
-0.26079845
0.81057453
0.8775316466903891
-0.11993432
0.11314201
-0.08320904
0.1846864930075417
-0.0384866
0.33567953
-1.4379663
1.4771286620738453
0.34845227
-0.060898542
-0.3842287
0.5222636483154324
