0.72400665
2.8194118
6.462429
7.087754190182474
0.85884804
2.4202507
5.7866898
6.330956699096123
0.82115376
1.8289404
5.0239167
5.40916408433952
0.6607537
1.6087196
4.134055
4.484973402337826
0.45198858
1.5398035
3.1616764
3.5456292069368303
0.051302314
1.3659182
2.1271152
2.5284349777252473
-0.16964787
1.0889039
1.1768827
1.6123104545910638
-0.30810085
0.886446
0.6810174
1.1595246107936623
-0.21966559
0.67468023
0.598444
0.9282141799981214
-0.04931861
0.3597002
0.3983097
0.5389500929245876
-0.0011476874
0.2034843
0.41824627
0.4651205536994535
-0.0468868
-0.0019338131
0.23882914
0.2433957065140712
-0.0643245
-0.14711452
0.18340206
0.2437552806086626
-0.06295174
-0.16749096
0.17736769
0.25194333671067876
-0.16911379
-0.16080785
0.21850872
0.3196946908285642
-0.20424402
-0.10566211
0.033070564
0.2323225434199985
-0.21319461
-0.0577147
-0.050157547
0.22649218027035184
-0.09394124
0.04576564
-0.1167407
0.15667750763880586
-0.06366083
0.03661275
-0.016777992
0.07533057853063513
-0.19266541
0.17102695
0.15512943
0.3007246434834275
-0.14647087
0.44327927
0.33096218
0.5722640887034759
0.16246608
0.8219719
1.0615597
1.3523837554673606
0.5475216
1.1862173
1.9448347
2.3429198765912207
0.71382934
1.3703532
2.931097
3.313419718188723
0.42932665
1.0005145
3.5630474
3.725675401325902
-0.204332
0.50161505
3.9575167
3.994409588476156
-0.51589215
0.32084703
3.5184402
3.5705054834075605
-0.46251306
0.67039585
1.9336863
2.0982115168683646
-0.21678153
0.68954563
-0.39905834
0.8256603127146387
0.22496998
-0.39455175
-1.2347898
1.3156704077054142
0.43663442
-2.5106456
0.68619347
2.639100667475352
-0.48579
-3.8932323
2.0697517
4.43589022813785
-1.38462
-3.9764986
0.66747475
4.263242398490967
-1.7512574
-2.4188852
-2.561244
3.934193509546352
-1.2975764
-0.77822983
-5.4583383
5.664168237159597
-0.62434316
0.3810656
-5.807022
5.8529069117513695
0.098118246
0.599818
-4.025041
4.070671431810939
0.4653976
0.1350894
-1.7835116
1.8481768465429416
0.24590424
-0.35544586
-0.3235607
0.5399094162128509
-0.2246561
-0.78618133
0.21999168
0.8467276976458082
-0.5781201
-1.0541553
-0.3028469
1.2398316698261036
-0.5889099
-0.8624779
-1.3493562
1.706295736629094
-0.19531584
-0.18815768
-1.853291
1.8730294363027484
0.18085098
0.5888033
-1.7584448
1.8632027471547494
0.45880002
0.9728675
-0.977715
1.4535801492592124
0.6045449
0.9659995
-0.17308712
1.152644231381198
0.4644823
0.949013
0.4093237
1.133099907556728
0.383078
0.7898562
0.6913781
1.117419025465783
0.4405377
0.6127312
0.9898052
1.2446796680752823
0.4405368
0.5476458
1.159594
1.3559671854223463
0.20303126
0.49557757
1.1728411
1.2893312578644824
0.0436726
0.3773086
0.7658906
0.8549020361966774
-0.16042879
0.2941854
0.5935588
0.6816116807798626
-0.18197316
0.28897858
0.90771866
0.9698329840250453
-0.28348458
0.41505742
1.1054173
1.2143243004173834
-0.42981598
0.45845962
0.7540884
0.9816192321024971
-0.22893113
0.5353193
0.909729
1.0800847472389663
0.00456053
0.432086
1.8042164
1.8552401431949772
0.06877074
0.3648224
2.6768665
2.702487671971323
0.3921202
0.15778255
3.4822464
3.5078047516531212
1.0875022
-0.046156168
3.8890448
4.038497206422123
1.9272813
-0.41616654
3.8697186
4.343078341802301
2.304139
-0.9726641
3.1838818
4.048732493292944
1.954402
-1.5710908
2.072094
3.252935111213956
0.8203614
-2.0460017
-0.0010271072
2.2043403898355294
-0.0064258575
-2.1347952
-2.3950233
3.2083530838263496
-0.31159854
-1.8495729
-3.9041634
4.331339940049676
-0.08838856
-1.1425546
-3.7668924
3.93734971016969
0.3085307
-0.44669557
-3.0671444
3.1148198440893515
0.28896248
0.14063752
-2.7831578
2.8016505043006865
-0.0139962435
0.5453818
-3.3144522
3.3590519239631975
-0.4364072
0.7963934
-3.4943209
3.610397788451701
-0.79348963
0.8516351
-3.2321591
3.4353690738438787
-0.93358815
0.6506623
-2.428668
2.6820470803357823
-0.9345759
0.53968346
-1.2610655
1.6598121914848039
-0.72850716
0.50069964
-0.6257801
1.0830620768430277
-0.42957684
0.6265724
-0.19033527
0.7831709324791655
-0.28236994
0.543396
-0.03734684
0.613519974429249
-0.27186462
0.31596422
0.33404112
0.5341602998384831
-0.24430674
-0.072839975
0.46259975
0.5281950119833124
-0.37548935
-0.28045392
0.6152463
0.7734175400133206
-0.3693445
-0.2971468
0.86377716
0.9853032897073519
-0.23035331
-0.16493368
0.97449493
1.0148429206921108
-0.100006744
0.15918803
1.0094395
1.0267960861819507
-0.09915901
0.70962024
0.44746304
0.8447582790175657
-0.06783504
1.234242
0.059174538
1.237520290940517
0.12194522
1.6845851
0.05117035
1.6897680088375433
0.4001833
1.7230787
0.653852
1.8859134321723443
0.507852
1.167773
1.5420542
1.999884661686628
0.3373286
0.12593603
2.5016127
2.527393181389663
-0.20131603
-0.6270883
3.9894352
4.043434359511446
-0.73183054
-0.90006566
4.9690037
5.102616158957032
-0.66590965
-0.18758225
3.8487892
3.9104731809542437
-0.16497833
1.0987499
1.4203291
1.8032758732289085
0.35451916
1.1816273
-0.45731735
1.3156997641298565
0.44067496
-0.3762977
0.109155655
0.5896688543059527
-0.24888352
-2.1742613
1.8149805
2.843151322949665
-1.053358
-3.0380242
1.4787998
3.5392093585871875
-1.2104359
-2.6909084
-0.79744434
3.0564785362874125
-0.7614896
-1.4440432
-2.8750973
3.306253409428993
-0.06905979
-0.7147015
-3.169652
3.249963320011612
0.23588711
-0.43385518
-2.4476147
2.496936255934206
0.104433775
-0.17470157
-1.9887381
1.9991263627249394
-0.16544998
-0.07463908
-2.318828
2.325920956240288
-0.21663588
-0.0252347
-2.6403604
2.649352869156009
-0.08137137
0.23647058
-2.8439565
2.854930487753561
0.26051438
0.7101548
-3.0528016
3.145120771603016
0.49954647
1.3610835
-3.001527
3.3333555856597745
0.4456058
1.6481524
-2.86857
3.338212749368498
0.3143467
1.4027977
-2.0420284
2.497305562466608
0.3089382
0.7813039
-0.19327116
0.8621092560823788
0.3582415
0.073419094
1.4198098
1.4661470439176378
0.12953359
-0.39329028
2.2046194
2.2431681013922065
-0.3100912
-0.72068906
2.3766112
2.502764508485871
-0.63880664
-0.6531656
2.3341603
2.506592070335313
-0.7523809
-0.16627526
1.3655033
1.5679043196368485
-0.6057355
0.7288923
0.03512335
0.9483844874239182
-0.37349743
1.3415968
-0.4545722
1.464929440852991
0.026813567
1.5904253
-0.07252264
1.592303723107405
0.11338818
1.5098448
0.87667847
1.749586669611023
0.5159208
0.794158
1.908021
2.13011854459748
0.91839206
0.083702564
3.3728247
3.496626454265446
0.8611275
-0.22800374
4.1539345
4.2483757505597755
0.13344723
-0.18623376
2.9017677
2.9107983181697867
0.110588506
-0.20261717
1.3675642
1.3869085907274163
1.3143021
-0.41492128
1.9061642
2.3522354126367544
2.5492542
-1.0099752
2.9001608
3.991200304495562
2.3879993
-1.4975102
3.4808369
4.478984503775225
0.6769068
-2.0484288
0.704587
2.2695167527909397
-0.61535287
-1.650235
-2.9720879
3.454741914994339
-1.1090288
-0.9141315
-5.1855903
5.38107134337487
-0.6458875
-0.34057152
-5.2593822
5.309826885210414
0.08088279
-0.19967341
-3.460515
3.467214433480337
0.29838026
0.03562808
-1.4238281
1.4551929812576117
0.02418375
0.26600718
-0.9360342
0.9733985305260092
-0.25646502
0.32389677
-1.3885579
1.4487154927394124
-0.44267678
0.23230219
-1.6394858
1.7140131092171131
-0.49587822
-0.024847865
-1.5797391
1.655925215059875
-0.38521037
0.16782713
-1.3250833
1.3901074335720436
-0.18558514
0.65907073
-1.0485744
1.2523276115610331
0.08903676
1.0290813
-0.8350291
1.3282354869886115
0.12102878
1.1105692
-0.507133
1.2268642370263958
0.07766938
0.8348253
-0.29078484
0.8874241380102676
-0.07193977
0.326926
0.28451967
0.4393260517773547
-0.0077524185
-0.09854722
0.8520241
0.8577392963796715
-0.029186308
-0.4887252
1.1872749
1.2842608176012116
-0.03484124
-0.5633626
1.3635373
1.4757456462678917
-0.13513327
-0.32044554
1.3857965
1.4287681750645878
-0.21919757
0.23780656
0.6527815
0.7285075251152009
-0.1600352
0.89509845
-0.28605747
0.9532268344696521
-0.1816583
1.482223
-0.43570566
1.5555783886974544
-0.08786577
1.522882
-0.16085863
1.5338727327096426
-0.06263119
1.022939
0.47273636
1.1286303437136358
-0.15736514
0.2935419
1.1941328
1.2397111885532734
-0.16419935
-0.6194174
1.9781094
2.0793162208644693
-0.579554
-0.7253773
2.9883633
3.1292762489958115
-0.9003456
-0.14359927
3.7352743
3.84493392451029
-0.6091856
1.1415977
2.5208712
2.833574471777542
-0.1234298
1.8441439
0.9096184
2.0599774048316033
0.68272364
0.6402178
0.34845257
0.9987039511977819
0.6457777
-1.7019835
2.43929
3.04366755755745
-0.5368266
-3.3918698
2.997219
4.5581012580741795
-1.4062957
-3.789929
1.20259
4.217517135757159
-1.5770619
-2.64504
-1.4206371
3.3913967115737784
-0.87857723
-1.1851665
-3.1055012
3.438117925417857
-0.15123773
-0.2739259
-3.0666714
3.0825932791674067
0.085868835
0.068163514
-2.8977003
2.8997737138529853
0.0035728216
0.20775974
-2.6322799
2.640468525059489
0.04116547
0.26963735
-2.5616798
2.5761603990693978
0.06357813
0.5183369
-2.6009684
2.6528761137022774
0.09300047
0.80157256
-2.5596151
2.6838027894896292
0.112707615
1.0396533
-2.798514
2.987517614592014
0.097827554
1.161165
-2.7444663
2.9816052431106015
0.0744313
1.1204681
-1.9465766
2.2472537553123324
0.3238649
0.75080705
-0.27396917
0.8623565623663337
0.5119196
0.36314082
1.1483927
1.3087164066962036
0.36356705
0.09131503
1.6657057
1.7073648855612293
-0.06540358
-0.19509888
1.5241003
1.5379281293052036
-0.5426554
-0.44338322
1.2422647
1.4262837399797215
-0.6984441
-0.3815217
0.8942127
1.1970795180280631
-0.50895596
0.1659615
0.32080555
0.6240958110646742
-0.13901412
0.9257288
-0.16856623
0.9511641672436998
0.18375432
1.349668
0.068175316
1.3638245120440164
0.63733596
1.7003117
1.1041579
2.1251873606941576
0.7090664
1.8046131
1.9176216
2.727026957217443
0.09224349
1.3440919
1.8712006
2.3057500943553335
-0.44335276
0.2554984
2.0639076
2.126395048097538
-0.35085148
-0.87969565
2.0112143
2.2230483850592306
-0.6062927
-0.8876312
1.3484831
1.7244960103949687
-0.60761726
-0.11634278
0.5118389
0.8029405092527581
0.35666525
0.58879423
0.63165283
0.9342772722966942
2.0398033
0.21437693
1.6698618
2.6448428084567355
2.964934
-0.5141978
3.5232315
4.633399964729389
2.2493641
-1.4111769
4.764591
5.454575135410357
0.7307197
-2.6497386
1.9959106
3.396869867877189
-0.5608103
-2.2653584
-2.4331913
3.3714651740814325
-0.72062963
-1.2759855
-4.792781
5.011805520975263
0.22028661
-0.6798539
-4.0717287
4.133969121661716
0.9155587
-0.5017452
-1.9319534
2.1960054980349897
0.3570361
-0.13707626
-1.1739817
1.2347054823770627
-0.2851488
0.33470297
-2.1075559
2.152934635422793
-0.36602503
0.65466535
-3.2451491
3.3306986569023054
-0.23535919
0.8838203
-3.6955366
3.8070360646725274
-0.19594878
0.9790375
-3.3893013
3.5333090661373148
-0.45172468
0.8253679
-2.5467198
2.7149712621808306
-0.7980821
0.40746665
-1.6696262
1.8948920152238573
-0.8568169
0.04633069
-1.006259
1.3224367287397063
-0.5973469
0.12900162
0.1105361
0.6210337915809538
-0.20972693
0.049571276
0.95417213
0.9782060754099481
0.092707604
-0.082926035
1.6750498
1.6796616663166
0.12013474
-0.18892407
2.3628426
2.3734257148414923
-0.04179822
-0.4537661
2.9207392
2.9560730766276384
-0.24412835
-0.5124111
2.8039389
2.860810466719048
-0.22594847
0.022942543
1.6570501
1.6725411914947579
0.060576767
0.7653451
0.11896229
0.7769007354917469
0.20169032
1.3209598
-0.67097473
1.4952661202152853
0.29542756
1.6505299
-0.70916176
1.8205594398750187
0.28997216
1.6307125
-0.35280895
1.6934524387363121
0.09790242
1.3658614
-0.20563221
1.3847190945963141
-0.08256842
0.9279685
0.68591404
1.1569015110797034
-0.15033066
-0.03909254
1.1501551
1.1605964621803362
-0.36160004
-0.8433871
2.295354
2.471984193418021
-0.71449023
-1.0462899
4.1193943
4.309829327242095
-0.43751693
-0.12451768
4.904419
4.9254697236813225
-0.047386438
1.5246124
2.8471022
3.229965816588554
0.471577
1.59127
0.404459
1.708248237103156
0.4615375
-0.13669014
0.49211884
0.688390891514266
-0.3509459
-2.346494
1.849369
3.008215939106018
-1.2422681
-3.5129137
1.199853
3.9145165216260738
-1.5224543
-3.143604
-0.70648193
3.5635979282309327
-1.0915495
-1.8943062
-2.5801468
3.3818683672282805
-0.413553
-1.0672504
-3.1597033
3.360621021645114
0.1135214
-0.7158943
-2.7997446
2.8920513860904333
0.4355822
-0.40033293
-2.599883
2.6663440767512023
0.42508018
-0.13639164
-2.6008854
2.6389204313389656
0.17917377
-0.059313893
-2.9617748
2.9677822744295055
-0.017551363
0.15174651
-3.319439
3.3229520470978833
0.0089432
0.53128445
-3.7817838
3.818930658790226
0.29828954
1.1222191
-3.8107255
3.9837144491131333
0.47613645
1.6064591
-3.247778
3.6545147813004073
0.5034923
1.6988854
-2.2726107
2.8817487371909714
0.4104553
1.1292648
-0.41221333
1.2702883766201698
0.3628407
0.31348038
1.4706688
1.5468645191800872
0.17535092
-0.1859181
2.762455
2.774251383248691
-0.12786984
-0.3096249
3.5047474
3.5207204556099443
-0.6462585
-0.45838976
3.3171148
3.4104284852944953
-1.1145995
-0.48163342
2.2514658
2.55800727936855
-0.97595555
-0.029049635
0.66344833
1.180464684348739
-0.55858254
0.8425033
-0.28518486
1.0503126609867952
-0.14423895
1.3750248
-0.09024143
1.3855113185969525
-4.6944618E-4
1.4830923
0.44878578
1.549506905785602
0.15668416
1.2017968
0.7918997
1.4477467425781871
0.29772985
0.8350239
1.0319157
1.3604256526928702
0.43355072
0.3462386
1.8943043
1.973888593933091
0.4809159
-0.15971136
2.358202
2.4120332651833545
0.81377375
-0.5414872
2.8863811
3.047397510034994
1.3865178
-0.7281556
4.569232
4.83016796159631
2.1281865
-1.5287129
6.064911
6.6067605044221915
2.2733269
-2.460294
5.2809696
6.253775105003764
1.3628056
-2.6424422
2.7920847
4.078661185492127
-0.089618325
-1.5355146
-2.1027098
2.605230271893885
-0.57735
-0.42779064
-5.1413107
5.191282433037192
-0.04050052
0.30515957
-5.6529984
5.661373957824376
0.66096044
0.5390935
-4.491753
4.57201678459711
0.7011509
0.5193814
-3.0800858
3.201296251730729
-0.04816425
0.30441427
-2.5636673
2.582126632983167
-0.7587073
0.0060265064
-2.7366333
2.8398652423533344
-0.92491585
-0.18671477
-3.0627117
3.204767466662887
-0.87783873
-0.16469467
-3.1550226
3.2790077904518236
-0.7061017
0.33942318
-2.5623255
2.6794214589260164
-0.47294405
0.7235639
-1.3373456
1.592392586479571
-0.15617332
0.79720235
-0.4224844
0.9156499266893188
0.043613136
0.7105458
0.07956123
0.7163151673767469
-0.06470826
0.67569685
1.0098376
1.2167684634398717
0.0018635094
0.32986784
1.60466
1.6382155391119602
-0.04830861
-0.11917806
1.8966436
1.9009982448130316
-0.16889147
-0.32518578
2.030632
2.06342838084869
-0.2691885
-0.28313303
2.0458841
2.082850998038337
-0.1502285
-0.046462536
1.6750145
1.6823795480675885
-0.016753286
0.37271714
0.658144
0.7565396818102164
-0.07086347
0.9455657
-0.32390594
1.0020135634488434
-0.04519862
1.3808603
-0.80308723
1.598051064354537
0.097916424
1.6448202
-0.9144511
1.8844738986504495
0.2698693
1.457593
-0.6128087
1.6040390591420066
0.20823401
0.6259427
0.5363865
0.8502212250553243
0.044004053
-0.29220533
1.6740932
1.6999731033665797
-0.37468413
-0.97692466
2.963502
3.1427875114753077
-0.90883225
-0.8543234
4.121442
4.306057083835853
-0.78452665
0.23974538
3.5767965
3.669663952610027
-0.46673098
1.5976715
1.6432676
2.3389571966957527
-0.024789006
1.8948832
0.031321526
1.8953040994708013
0.18319711
0.30156755
0.43111324
0.5571021325166609
-0.43571216
-1.8349977
1.7660885
2.5838208712679376
-1.2909276
-3.0960553
1.1408892
3.543117330815037
-1.6035198
-2.87907
-0.83026695
3.398479592950526
-1.3249538
-2.0619206
-2.3650541
3.4059506906018946
-0.53898466
-1.4158624
-2.367053
2.810357867493709
0.30048025
-1.0637369
-1.7787209
2.0941997443593823
0.44341254
-0.7973594
-1.8060484
2.0234147589742237
0.38154507
-0.66470265
-2.2071528
2.3364353223583922
0.61169386
-0.37087178
-2.9647388
3.0498182899252373
0.8302894
0.28174174
-3.7585125
3.859426768337958
1.0511346
1.0068607
-4.4778075
4.708440571241718
0.948168
1.71337
-4.7161403
5.106529073197865
0.6167976
2.144502
-4.0525556
4.626287332717595
0.39000857
1.8305235
-2.5716677
3.180628531857503
0.26220748
1.0928388
-0.37564683
1.1849725328151308
0.25190395
0.21155596
1.6339974
1.6667810718689264
-0.08195034
-0.17935109
3.3336506
3.3394772334070266
-0.5214163
-0.40013933
4.471191
4.519240466418062
-0.7810517
-0.72616816
4.419712
4.546561004179058
-0.9351299
-0.5694423
3.1718512
3.3554987345411598
-0.9243172
0.333575
1.1507597
1.513235745511429
-0.69348514
1.3241396
-0.19796371
1.5077986642469567
-0.28280675
1.856102
-0.36906052
1.913452362595931
0.14150405
1.8717847
0.40577412
1.9204827204500226
0.37752312
1.210124
1.5236359
1.9820166563610229
0.43226314
0.66547203
1.9927149
2.1449049882809357
0.48371655
0.08035231
1.8929682
1.9554453989753904
0.3295124
-0.35709763
1.736556
1.8032537272235107
0.04142803
-0.33930874
1.2781534
1.3230732602331474
0.3396002
-0.27910852
1.0569992
1.1447607858303421
1.1604078
-0.6140206
1.9680014
2.3657127293554625
1.9894365
-0.9317496
3.4437933
4.084816773506508
2.3653553
-1.9022781
4.1647396
5.15350601703133
1.9612373
-2.759146
2.5579872
4.242951326118478
0.50021815
-2.352884
-1.3093233
2.738724045589147
-0.5919826
-1.3919749
-4.717291
4.953874308710699
-0.902627
-0.6155859
-6.106743
6.203707650828121
-0.5420577
-0.3277477
-5.1267304
5.165714894070451
0.01071763
-0.3732891
-2.668694
2.694696151363832
-0.02207166
0.003995776
-0.88613987
0.8864237088629618
-0.2053628
0.24070132
-1.0613389
1.1074977626734883
-0.32134986
0.40325093
-1.7722754
1.8457619632445368
-0.4601082
0.6022434
-1.9885983
2.1281259769207788
-0.45236248
0.64651585
-1.8781834
2.037200896419056
-0.5304418
0.7815325
-1.25738
1.572630277249589
-0.48947573
0.77079344
-0.54238653
1.0620226629285232
-0.23835167
0.75071
0.2211442
0.8180964372980468
-0.08725183
0.6235523
0.7898307
1.010080668372216
-0.15024665
0.31496716
1.221796
1.2706549263885796
-0.02059853
-0.14259076
1.5597067
1.5663465074671274
0.106104314
-0.48948336
1.9641104
2.026963626454296
0.08488345
-0.4069097
2.2493258
2.287410517542258
0.08706039
-0.13782239
1.8415985
1.8487994989935057
0.19989288
0.2574916
0.34321594
0.47334581311937846
0.09479204
0.792094
-0.87081337
1.1809802519385115
0.098817945
1.1048541
-1.0988765
1.5614087681180755
-0.0052215457
1.1635258
-1.0438218
1.5631326539021146
-0.21869771
1.1146955
-0.72013617
1.344979898805978
-0.14814313
1.0220008
-0.19303703
1.0505690236245084
-0.08403799
0.6528797
0.69215965
0.955195944292158
-0.086384
-0.10976553
1.6263304
1.6323177190315181
-0.19552104
-0.69689727
2.7146006
2.809439541050947
-0.61227286
-0.5881636
3.6924772
3.7888260285826956
-1.0491037
0.046616793
3.677988
3.824969053454903
-0.9120668
0.87622166
2.4712124
2.7760621452411187
-0.33508903
0.4902873
1.2261477
1.3623892152875714
0.02689445
-1.0825982
1.9922285
2.2675353316442783
-0.4496634
-2.7048256
2.2526665
3.5486314096552487
-0.80026376
-3.0487576
0.4422264
3.1829088843484747
-0.78194785
-1.9563348
-2.4579706
3.237330463933956
-0.2961161
-0.8372307
-4.260979
4.352537419192813
0.41816068
-0.33268094
-4.3434796
4.376225762996116
0.85933757
-0.2393297
-3.091711
3.217827970421819
0.8981598
-0.095695734
-1.9562211
2.154680869774856
0.7453429
-0.015265107
-1.7105441
1.865939501351002
0.4277225
0.11037111
-2.356762
2.3978022128535397
0.29620934
0.28749442
-2.961843
2.990469416893278
0.15269157
0.59774494
-3.534014
3.587459864375268
0.018723749
0.95703626
-3.3979888
3.5302403449780226
0.12990068
1.2176542
-2.6685915
2.9361432777390326
0.24565728
1.4376407
-1.0469482
1.7953436255350643
0.4072156
0.8704698
1.0778031
1.4440227630701992
0.2568195
0.27499652
2.6703439
2.6967231044671136
-0.30786127
0.20467424
3.5881186
3.607113084036234
-0.88601977
-0.14271832
3.7439003
3.8499596531723146
-1.2029791
-0.34401798
2.9644747
3.217703639939132
-1.2113802
0.042735815
1.3104687
1.7851040955652373
-1.026565
0.91525483
-0.27322388
1.4022047988780102
-0.7063304
1.5749631
-0.7625418
1.8870297762002801
-0.35437453
1.7043347
-0.31506824
1.7690692492182614
-0.08813274
1.512866
0.5983658
1.629285882488841
0.16316783
1.0494027
1.283144
1.665631481394226
0.31440902
0.45261908
1.4862022
1.5850912758571545
0.34729528
-0.17803717
1.2923908
1.3500315644848033
0.24335974
-0.854944
0.99560547
1.3346847996453308
0.10275036
-0.86016846
1.2025404
1.4820765317957956
0.37716597
-0.22461748
1.636239
1.6941031788071044
1.2287678
0.0424881
2.1211042
2.4516848084456897
2.2471528
0.0033445358
3.0950975
3.824831421571725
2.95077
-0.84774494
4.1960726
5.199301841524709
2.4793682
-2.283269
3.5828714
4.919100703105693
1.1330742
-2.9681704
0.06603813
3.1777750398346933
-0.18529665
-2.1408625
-3.5710335
4.167722085162396
-0.63473916
-1.0652978
-5.3621182
5.503641137045625
-0.53077567
-0.051617265
-5.308667
5.335385206021291
-0.13731635
0.57162166
-3.990275
4.033348542702322
-0.03323853
0.75609374
-2.755518
2.857562214865778
-0.40200168
0.74661183
-2.6717625
2.8030963943025493
-0.74681157
0.5972893
-2.9380312
3.089742666102926
-1.057136
0.30927968
-2.8216038
3.0289666139079423
-1.1828125
-0.09351063
-1.9584866
2.28986008845539
-0.93092704
-0.20122242
-0.34095812
1.011616528623466
-0.52255976
0.06503463
0.45124006
0.6934809188693049
-0.22268094
0.35848522
0.88580084
0.9811939430017985
0.013391383
0.52046204
0.9806218
1.110260838112761
0.27886373
0.3704009
0.8879266
1.0016862837403886
0.5257181
0.22736764
1.2543039
1.378895875713453
0.53166544
0.27383137
1.8998322
1.991736506856301
0.39085582
0.19225001
2.1021357
2.1467889182700133
0.30502325
0.18061495
1.4786806
1.520577901353052
0.36277103
0.36284304
0.6734581
0.8466425868862872
0.43578428
0.74229956
0.006296158
0.8607881544566437
0.31798166
1.1186488
-0.43549633
1.2418311225654017
0.2620468
1.3814206
-0.59739447
1.527701411602439
0.2900825
1.3694563
-0.2404108
1.4203364673434595
0.16694379
1.0917344
0.5278473
1.2240820910064676
0.07609415
0.27962542
0.98156357
1.023448973147314
-0.08852291
-0.4160304
1.7889004
1.8387718885040854
-0.5343358
-0.7886803
3.0055475
3.152910940202813
-1.1323216
-0.56199145
3.7681751
3.974560306630468
-1.296591
0.24376774
2.152628
2.5247530976999917
-1.2824391
1.5817361
0.34304142
2.064997923251902
-0.7999386
1.7212448
-1.1467648
2.217578632461519
-0.07300398
-0.21658468
-0.04017639
0.23206173218123125
-0.054572463
-2.352949
2.7911024
3.6509723883498713
-0.72169596
-3.7555828
3.5429888
5.213253941886742
-1.0485356
-4.0234385
1.543438
4.4350516858793085
-0.8311671
-2.9965687
-1.5616779
3.4798132624893645
-0.33549154
-1.8609538
-2.9846601
3.5332562984010134
0.064879656
-1.3087192
-2.7210007
3.0200662274709384
0.08638024
-0.8745928
-2.632657
2.7754742088322173
0.065273404
-0.38938567
-2.7037191
2.7323943894089817
0.3701687
0.3128993
-2.8831515
2.9236097439007396
0.6600536
1.0088024
-3.628121
3.823168102730488
0.87663865
1.6268166
-4.2738953
4.656308372182877
0.7626025
2.0675979
-4.365305
4.890031772502504
0.583267
2.324455
-3.5497046
4.282953967402597
0.5777045
2.3728807
-2.0736194
3.2037793491312603
0.6805148
1.6493075
-0.06531477
1.7853799425203736
0.69381005
0.3847499
1.679235
1.8572116095004843
0.38266554
-0.52729774
2.8833385
2.9560304911051345
-0.16121578
-0.7972491
3.685731
3.7744150731725683
-0.70741177
-0.67610645
3.2818575
3.424637189151478
-0.9643246
-0.10801363
1.3383632
1.6531197098933994
-0.90170425
1.1585739
-0.18578672
1.4798246003938806
-0.6983791
1.9305086
-0.7500529
2.1856751596063657
-0.4131359
2.1305075
-0.2820921
2.188451396588069
-0.004897237
1.7810202
1.0997562
2.093208242898548
0.35617012
0.7659321
2.2856808
2.436769522736957
0.53393304
-0.13041449
2.8819933
2.9339355594706684
0.53823745
-0.7402315
3.3322277
3.4556308129617554
0.18159296
-1.0557027
3.5008802
3.6610990793908065
-0.06924611
-0.80242443
2.5555372
2.6794495768898536
0.35065973
0.3042493
1.0867491
1.1817586540355605
1.4412367
0.8448229
0.6931858
1.8086999322358575
2.4592657
0.36173916
1.228756
2.772847717329781
2.848479
-0.91345525
2.4578333
3.8715859416855802
1.7080057
-2.3703136
1.4606113
3.2663520843167997
-0.4110508
-2.823286
-1.8041515
3.375628801332031
-1.5163647
-2.4233499
-4.392977
5.241205387812648
-1.6459635
-1.7969434
-5.173085
5.718305059748706
-0.8953913
-1.2000499
-3.862656
4.142699445344546
0.038339376
-0.2781713
-1.9370775
1.9573242820903796
0.30648357
0.45550072
-1.178082
1.2997270040706523
0.06514287
0.65553546
-1.8235316
1.9388753869874849
-0.39608023
0.6393502
-2.5084434
2.6187661946599397
-0.71142864
0.55361795
-2.684793
2.8320905166212356
-0.77600193
0.40075636
-2.3815079
2.536604880316928
-0.65910876
0.45851088
-1.3152752
1.5409754758761045
-0.29744366
0.7115736
-0.079216
0.7752966451503674
0.034026384
0.7914407
0.70277166
1.0589731810346448
0.19577292
0.6714597
1.42413
1.5866100219558144
0.29835507
0.39160037
1.8709722
1.9346584894996435
0.41106653
0.01448369
2.3012295
2.3377003221811137
0.21010083
-0.264225
2.756526
2.7771195161546136
0.08763552
-0.32247114
2.5614786
2.583184104629053
0.09692347
-0.10091734
1.2140846
1.222121100264308
0.023908675
0.48621297
-0.60698986
0.7780818406357273
0.042111278
0.9865632
-1.4547644
1.7582433553998893
0.083488405
1.252768
-1.8265262
2.216437625763777
0.18171245
1.2780266
-1.61445
2.067080065183767
0.27178377
0.9304843
-1.0272398
1.4124054024676485
0.31702578
0.27703905
-0.3429513
0.5430207810754664
0.5447556
-0.21124029
0.4649682
0.7467104774491002
0.57754123
-0.5903716
1.735712
1.9221833764759004
0.113437295
-0.5144353
4.0049534
4.039450886866583
-0.39958274
-0.22384286
5.5560265
5.57487243369546
-0.59930897
0.8398981
4.8240633
4.933172139979599
-0.5024315
2.035656
1.7408609
2.7252393424939676
-0.20274767
1.7894149
0.17068768
1.8089352114427393
0.14425969
-0.29612398
1.0367708
1.0878391219434576
-0.3136332
-2.4625492
2.9133291
3.827532041130277
-1.0974963
-3.9849997
2.79035
4.987060588706506
-1.609665
-4.2146335
0.7919283
4.5805355665085505
-1.6554816
-3.298923
-1.6189232
4.03043729884814
-0.97195876
-1.8385175
-3.099409
3.732450492106411
-0.045898914
-0.9958044
-3.3720856
3.5163467683573124
0.32719952
-0.7047062
-3.4484906
3.5349339536461817
0.14300719
-0.4679969
-3.6130433
3.646032680329439
-0.18055987
-0.22883007
-3.8519464
3.862959459748276
-0.33215332
0.20383894
-4.1656513
4.1838413026373615
-0.32318348
0.6917108
-4.619644
4.682309544931918
-0.24705464
1.1930995
-4.7031956
4.858453497646545
-0.109537065
1.7244549
-4.329503
4.661581174911896
0.12689084
1.88905
-3.2452512
3.7571619941932703
0.29687953
1.675961
-1.0868964
2.0194866241896134
0.6512217
1.049634
1.7851739
2.170867796152682
0.50948524
0.44131184
3.7802029
3.839826240383209
0.097299635
0.10405254
4.839925
4.842020821326079
-0.52358377
-0.2117238
4.82579
4.858725746669353
-0.99347544
-0.28813148
3.8223248
3.959820651992621
-0.8215953
0.21002817
2.035057
2.2046740341586353
-0.3125112
1.1525183
0.44435215
1.2741312582827289
0.22883141
1.757112
-0.11186695
1.7754775761461554
0.67722833
1.888361
0.28591728
2.026399307915607
0.8405791
1.5681496
0.9795561
2.031057964930883
0.8639994
1.0131841
1.6991882
2.158767557343352
0.74866045
0.3891678
1.8075447
1.9947836919746322
0.41505367
-0.4088416
1.4728508
1.583890975663248
-0.277042
-0.6028855
0.9522686
1.1606199320496082
-0.17949563
-0.072421074
0.5626173
0.5949804205838569
0.5842408
0.5358248
0.83316517
1.1500476785810418
1.5285028
0.38269138
1.3752155
2.09140885829941
2.207298
-0.53660583
2.000392
3.026826442696869
2.0646348
-1.7317305
2.600131
3.7446347320029822
0.88939404
-3.070902
0.8083048
3.2976988716687834
-0.5143162
-3.1883898
-2.1421223
3.875440510968106
-0.9898921
-2.43579
-3.9087014
4.710722505588522
-0.7957444
-1.4429768
-4.111458
4.429387804015288
-0.069648564
-0.43803638
-3.3006582
3.330325979366767
0.41162932
0.43103826
-2.414514
2.4869883485528037
0.6242691
1.0918214
-2.307022
2.6275724794098454
0.3844937
1.4710498
-2.4278874
2.86469212180974
-0.41641176
1.2764387
-2.1798153
2.5601345402411457
-1.1145968
0.5346494
-1.3952565
1.8641129083204808
-1.3207184
0.05613947
-0.35006094
1.3674762965768452
-0.99145246
0.4241531
0.122177124
1.0852700796495178
-0.2568608
1.170589
0.1590333
1.2089447853126425
0.39976555
1.6030171
0.3455782
1.6878686431604597
0.40408835
1.3322129
1.0847445
1.7648652053886518
0.028305024
0.5562844
1.3964357
1.5034248671539119
-0.24933729
-0.19470334
1.6649423
1.6947304565905474
-0.41015962
-0.611619
1.7226877
1.8734891526432762
-0.43538794
-0.88002896
1.4011345
1.7109037073708695
-0.118466996
-0.5737786
0.23217964
0.6302092659893438
0.09293182
0.10026264
-0.603385
0.6186778989841334
0.19692859
0.3751757
-0.7470279
0.858829602656919
0.027298301
0.2963097
-0.52100754
0.5999945729725493
-0.18885112
0.39410734
-0.50491285
0.6677741720993853
-0.07446644
0.878402
-0.49969816
1.013327949994829
0.30817625
1.2083774
-0.112454414
1.2521159859121753
0.40360063
0.93988657
0.70682716
1.2433361764386135
0.02025342
0.34968328
1.9598446
1.9908991219194578
-0.4779605
0.11119461
3.207425
3.244747465678621
-0.42450637
0.49118137
3.692172
3.7488130598370706
-0.040808707
1.4885321
3.110797
3.448833163213771
0.2469958
1.8650327
2.0940733
2.815048250154125
0.35082555
0.5726528
0.60265636
0.9023328177710495
0.1542466
-2.012694
0.7847519
2.165771030275041
-0.58911717
-3.506363
2.1447668
4.152308380464366
-1.0842094
-4.0615673
1.1297121
4.3529401204543055
-1.2466091
-3.3948212
-1.6589832
3.978827710053435
-0.9666414
-2.1106029
-3.9474015
4.579412598234958
-0.5626234
-1.236457
-4.287984
4.498019312361276
-0.46925235
-0.6827078
-3.2120357
3.3171464972313536
-0.45584702
-0.13627899
-2.3819232
2.4289764639545335
-0.32637048
0.22041893
-2.2158265
2.2505531690682132
-0.13468254
0.59771466
-2.2898092
2.370364634796109
0.2791571
1.1447177
-2.1497974
2.4515171491757175
0.5489371
1.5210283
-1.9343581
2.5212300096210134
0.5617328
1.6190484
-1.5015178
2.2784681734127075
0.42640194
1.3258848
-0.9522171
1.6871593272751606
0.37942874
0.70828104
0.080985546
0.8075808755629068
0.39164966
0.37125802
1.0148077
1.1493722653628702
0.27118176
0.051840067
1.7350507
1.7568801102484195
-0.10100454
-0.15006399
1.8822031
1.8908753662794944
-0.43323016
-0.33074093
1.3908405
1.4938257621162703
-0.5113053
-0.27991557
0.75641537
0.9549607280825063
-0.2864611
0.11700177
0.23355198
0.38768016872088246
-0.06061709
0.71034765
-0.4413972
0.8385104218974355
0.07408947
1.081595
-0.73618984
1.3104626419581817
0.38105226
1.225364
-0.32846212
1.324615059122969
0.66492975
1.0875511
0.2850237
1.3061919532545545
0.61621976
0.7512889
0.7068596
1.2015873880375922
0.45083782
0.5972004
0.90642166
1.175373653087759
0.57136
0.43562222
1.326561
1.5086361705756188
0.6486242
0.107162
1.7661018
1.8844926863781715
0.25457945
-0.27818918
2.1713648
2.2038659547450647
-0.1296093
0.0724144
2.1852856
2.190323125089873
0.23724689
0.20732975
1.8363352
1.8631689649613745
1.0823559
0.15437174
2.4459028
2.679135190582081
1.9614716
-0.14465332
3.1174307
3.6860100273703815
2.319999
-0.9699738
3.3213797
4.165910092647754
1.6989396
-2.0401175
2.4195995
3.592065831165237
0.21759629
-2.6893735
-0.3704157
2.7234694636051002
-0.7989266
-2.4656181
-2.9854994
3.9535758624591644
-0.96475273
-1.8728957
-3.8134284
4.3566870931211215
-0.4768365
-1.0309684
-3.081389
3.284086908396216
0.039910316
-0.054799557
-2.426804
2.427750775380797
0.22346437
0.595891
-2.3130236
2.398979101009698
-0.04341042
0.92107654
-2.6357164
2.7923587586449563
-0.5173994
0.7866607
-2.8095956
2.9631680664846494
-0.9846972
0.44545412
-2.646072
2.8582783247953003
-1.3278897
0.019259691
-1.9712901
2.3768985588436884
-1.2500172
-0.15697479
-1.274405
1.7920078204146108
-0.78166264
0.26515388
-0.7283888
1.1008420712174518
-0.27290362
0.8058853
-0.07322502
0.8539844334052431
-0.1187241
0.828583
0.48538208
0.9675954583855845
0.10038757
0.4866531
0.99739075
1.1143146737758045
0.118617296
-0.0435493
1.6406717
1.6455304152750307
-0.11579592
-0.24935985
2.503892
2.5189410797412486
-0.28034216
-0.34122467
2.788412
2.8231662672741327
-0.20895085
-0.13507366
1.8246737
1.8415589325522517
-0.010101043
0.4665494
0.1687851
0.4962446779162693
0.04554929
0.92869425
-0.7383766
1.1873280250099376
0.23946774
1.0264292
-1.2572465
1.640600585755845
0.42141756
0.93989563
-1.5114532
1.8290672808202912
0.25285813
0.7251015
-1.2283163
1.4486097511162392
0.03373471
0.26979256
-0.39272165
0.4776571552940627
-0.015150189
0.05877447
0.5898733
0.5929877508081987
0.014694899
-0.11770153
1.2648582
1.270407787845388
-0.080181405
-0.178437
2.272194
2.2805995275068573
-0.72302943
0.1598773
3.2504463
3.3337266372073726
-1.206662
1.0855827
3.2362566
3.620480712881397
-0.961499
2.3279715
2.1561327
3.315545175869637
-0.24822092
2.5442457
1.6444607
3.039580705487739
0.51393765
0.80956554
2.4226484
2.605523653610054
0.5835327
-1.4822295
3.8994484
4.2122694184447
-0.18056598
-3.3194962
3.8857021
5.113740415188822
-1.0293498
-3.9159045
1.1778774
4.2167837576509735
-1.3214737
-3.0254636
-2.1490908
3.9393291765949523
-0.7851976
-1.907054
-4.0943213
4.584414383524701
0.2069394
-1.2919692
-4.2331376
4.430740581118236
0.7899594
-1.0680518
-3.6240149
3.8598256948379484
0.7277356
-1.0804541
-3.4010367
3.641981797073852
0.34468365
-0.91416264
-3.2686224
3.411508822856141
0.21828607
-0.58193195
-3.3848734
3.4414620887478296
0.063537896
-0.028843164
-3.7345324
3.735184202745881
-0.067922115
0.631979
-3.8457074
3.8978810496141256
-0.15776724
1.2066054
-3.4711304
3.6782514033478555
-0.038107157
1.6854603
-2.5393999
3.0480780940526846
0.4790004
1.9114845
-1.5220339
2.489940048476534
0.747119
2.0310125
-0.07990217
2.165544573899182
0.697294
1.7397318
1.6062732
2.4684000853742956
0.36629903
0.901453
3.0318284
3.18414444168296
-0.3198764
0.115908146
4.1761026
4.189938874083331
-0.7768794
-0.45123577
4.777403
4.861145285834423
-1.0122373
-0.36098862
3.8180914
3.96645414974555
-0.7868055
0.4773538
1.2731867
1.5709659108980485
-0.49919987
1.4583158
-0.6133385
1.658936319358034
0.056496143
1.8293676
-1.1802001
2.1777626206828553
0.47423786
1.6665225
-0.43084335
1.7854480463191127
0.6283873
1.2527723
0.57469845
1.5147895476710687
0.6827538
0.5655155
1.1684427
1.4667034093993914
0.5270494
-0.13751888
0.91176987
1.0620813666996807
-0.07252368
-0.58502436
0.42678928
0.727779026269044
-0.60964304
-0.38374376
0.52147484
0.8893030628912996
-0.23488674
-0.03884411
0.93049717
0.9604715597776561
0.4862978
-0.008090973
1.836153
1.899476006681929
1.2662737
0.024172783
3.0165339
3.2716219653902296
2.0741293
-0.681684
3.788457
4.372540463783254
2.3909714
-1.614119
3.812232
4.780715014876623
1.2922001
-2.1953456
1.6439114
3.031792975491604
-0.19973254
-2.0091043
-1.8528786
2.7403561815853656
-0.8914541
-1.4770389
-4.1140094
4.461099331086598
-0.5522729
-1.0130792
-4.448086
4.59530218979951
0.3358184
-0.70703375
-2.788494
2.8962683773980644
0.8547553
-0.24767709
-1.0087938
1.3452195404579987
0.6531584
0.13130045
-1.0024023
1.2036054568394257
-0.11337328
0.4498055
-2.2959037
2.342296403894065
-0.77639794
0.35601377
-3.2694135
3.37914247954932
-0.94289905
0.04347539
-3.3127224
3.444572248104561
-0.965009
-0.06098771
-2.7880843
2.950995752417501
-0.76434577
0.2078681
-1.7861037
1.9538679617173627
-0.34332597
0.5493667
-0.6627388
0.9267681671946889
-0.033325285
0.8532114
0.04824829
0.8552240518170107
0.07676929
0.9583812
0.8238964
1.2661726908605535
0.29125875
0.53303075
1.1839261
1.330651919915495
0.47817332
-0.010277748
1.4144888
1.4931623060915928
0.21398681
-0.21508121
2.1965322
2.2173867134134517
0.029452682
-0.33678603
3.074994
3.0935223428213137
0.019731402
-0.09704614
2.6821775
2.6840051505015228
0.08856881
0.6310468
1.0922928
1.2645821690226708
0.07851654
0.9760163
-0.14513779
0.989867494173396
-0.044447064
1.2366691
-0.83245564
1.4914114966482572
-0.15430999
1.3379312
-0.9111304
1.6260473837335518
-0.21155465
1.2618814
-0.69059706
1.453968418602165
-0.12710577
0.8409529
-0.215374
0.8773503073144101
-0.16297615
0.22839832
0.6206598
0.6811355424675213
-0.3334092
-0.34209013
1.3507795
1.4327570581057627
-0.44677135
-0.93638754
1.8697529
2.138317563045126
-0.67536706
-0.77592516
2.7522793
2.938234440319856
-0.7509834
0.14923525
3.155673
3.247232579357148
-0.5088494
1.6095395
2.386633
2.923279287113414
-0.14275964
1.9580078
0.97844124
2.1935181802274912
0.41443205
0.50529623
1.1849785
1.353237635481476
0.29706913
-1.4843097
2.679469
3.0774958398389547
-0.68554884
-2.9419186
2.6109238
3.992716595549693
-1.2073234
-3.2346013
0.22700787
3.4600301203216013
-1.1573949
-2.1126714
-3.1434622
3.960340586571502
-0.5964737
-1.1423439
-4.7940497
4.9642363386060815
0.23533547
-0.85258365
-4.241297
4.332537333420613
0.6632779
-1.0421548
-2.580924
2.8613271251064805
0.44634646
-1.0903823
-1.7812657
2.135665382849673
0.18469465
-0.9527509
-1.7161474
1.9715497530048813
0.0902949
-0.6396177
-2.039464
2.1393170224133904
0.20248047
-0.12862182
-2.6926813
2.7033450527697562
0.38416627
0.6709086
-3.2995312
3.3888949010271063
0.5141921
1.3565015
-3.428754
3.7230153986315
0.5684133
1.9739289
-2.5169907
3.2488046061618654
0.70755833
2.1077828
-0.99461985
2.4357044747150614
0.562216
1.6517498
0.8055463
1.921788035340292
0.2505752
0.62037754
1.9928517
2.102168906832656
-0.1443049
0.055768967
2.977172
2.9811887658826146
-0.4142403
-0.11627507
3.7761207
3.8005529101823727
-0.65700364
-0.00874424
3.5571976
3.6173725781147406
-0.6788319
0.33393908
1.7999716
1.952492207061025
-0.6196799
1.167371
0.011117935
1.3216966675571968
-0.4842518
1.569797
-0.64232826
1.7639013333353046
-0.18437314
1.5048342
-0.28785038
1.5431711571157
-0.047899693
0.9778547
0.69292355
1.1994320558590696
-0.16090289
0.14255285
1.328145
1.3454293690957329
-0.13638374
-0.45673513
1.1238079
1.2207177245220704
-0.12442988
-0.7599528
0.374238
0.8561922262707224
-0.019098759
-0.8646207
0.10019302
0.8706160462871351
0.053674012
-0.699358
0.5015335
0.8622751025679363
0.2766133
-0.27984333
1.0754337
1.1451571579069582
0.7422689
-0.020846844
1.9482718
2.084984493792572
1.4710507
0.30127287
3.0296154
3.381319980990083
2.5329163
0.11843538
3.6571856
4.4502470655112845
2.6813867
-0.8897474
3.1824064
4.255490066869915
1.4479179
-1.99509
1.2588024
2.767929582482904
-0.15177286
-2.5729065
-1.2722378
2.874277604608165
-0.7151803
-2.3494601
-2.8871832
3.79041849628958
-0.36911595
-1.5999254
-3.0260916
3.4428531925967922
0.25250065
-0.5635952
-2.2369986
2.3206806340369397
0.47781253
0.23865402
-1.8738747
1.948503688003147
0.34777355
0.69657874
-2.521903
2.639349002768817
-0.25425172
0.84839773
-3.4195666
3.5324012432615857
-0.85845506
0.6863797
-3.8235788
3.978418902427923
-1.4375857
0.27329183
-3.2312458
3.547152470561995
-1.6020939
-0.23339176
-1.7345762
2.372747658283564
-1.3429667
-0.5199864
-0.3763504
1.488484206090547
-0.9019908
-0.121023655
0.41909552
1.0019356947306683
-0.4879186
0.6003728
0.6340728
1.0002801026017105
-0.22178307
0.93615437
0.7485938
1.2190017929157844
-0.24637946
0.6110177
1.1313453
1.3091934879468528
-0.19327286
0.13255692
1.6827126
1.6989547348997864
-0.009050816
-0.039521933
2.1697755
2.170154356498697
0.13449608
0.05265832
2.3295822
2.3340555730837704
0.37574747
0.34092307
1.6836224
1.7584081022206075
0.3044287
0.5983498
0.25131035
0.7168376609569912
0.25886583
0.7353382
-0.6761875
1.0319706104145008
0.3756445
0.7989602
-0.91636086
1.2724635606505963
0.38096076
0.7885666
-1.0587001
1.3739775410722592
0.3009379
0.7151289
-0.78566885
1.1041958763049704
0.1909509
0.47633505
-0.4293375
0.6690949432760072
0.17191437
0.1857009
0.14303112
0.29068414639999246
0.22946882
-0.039144516
0.9648466
0.9925307333485387
-0.038606822
-0.21135974
1.821495
1.8341230801099317
-0.61698604
-0.023520231
2.4799986
2.5557030575335102
-0.98392135
0.6898675
2.3517485
2.640973130250861
-0.8637516
2.164628
0.98500824
2.5302021071031673
-0.45349646
2.8924112
0.27852058
2.9409651102527756
0.050920904
2.0764241
0.46032047
2.1274457208722315
0.37017888
-0.42277384
1.5979185
1.6938458264259357
-0.13672855
-2.583023
3.4848309
4.339901982971707
-0.8678659
-4.066056
3.5578394
5.47213134862295
-1.2650704
-4.260325
0.9270792
4.539851161180708
-1.0465329
-3.048172
-2.0164566
3.8016681322504406
-0.14386547
-1.9098978
-2.9462576
3.51409173379139
0.70468235
-1.3555356
-2.3531752
2.8056170694974605
0.74378985
-0.8507543
-2.346058
2.6040341661441473
0.46861804
-0.30902332
-2.9954166
3.0475594558736603
0.42852455
0.52658725
-3.8213625
3.8812031471262483
0.52669436
1.0686619
-4.298244
4.460307863498059
0.53244644
1.456353
-4.185586
4.463585276559434
0.37232703
1.5251703
-3.3369765
3.6878426602742254
0.15229417
1.2967508
-2.0490038
2.429644519879597
0.416801
1.0795386
-0.5014787
1.2611928971882738
0.5977607
0.9862137
0.75569534
1.378771464646786
0.75785136
0.86175466
1.73845
2.083067101315746
0.5258359
0.35613108
2.9268804
2.9949893432835175
-0.16160116
-0.20542741
4.237712
4.245764697677203
-0.94905555
-0.42866206
4.0413923
4.173404941696054
-1.180624
-0.005826235
1.597395
1.986347809790612
-1.0211136
0.8878975
-0.46889305
1.4320949442465565
-0.5985397
1.3960176
-1.0148454
1.8267528894823672
-0.16854325
1.3734722
-0.63949394
1.524396701985147
0.17928468
1.1677308
0.18942738
1.1965036378829879
0.0323368
0.6468806
0.5844135
0.8723757082008016
-0.28441912
-0.08774996
0.5441456
0.6202327830789963
-0.44205576
-0.4226265
0.51959324
0.8024983302660532
-0.3957826
-0.35725498
0.0287714
0.5339501705530549
-0.4123941
-0.31644964
-0.7124815
0.8819519169475017
-0.3835454
-0.19569921
-0.92624235
1.0214353589757494
-0.4332502
-0.018652916
-0.11275482
0.4480706512075825
-0.33127725
0.29919672
0.89046097
0.9960843254092288
0.13720405
0.76799726
1.7160177
1.8850362474715483
0.7188481
1.4801412
1.1697855
2.0189003761429842
1.6132045
1.207097
0.19266796
2.0240140704694953
2.0835233
0.52131367
2.2763548
3.129637062553827
1.9694455
-1.5864167
4.318714
5.004670250821527
1.3112366
-3.4909525
3.657999
5.223700636507011
-0.15002692
-2.9076836
0.6279659
2.9785018570378514
-0.8823354
-0.8168423
-2.5583754
2.8268412843186854
-0.83994365
-0.07886553
-4.1382747
4.223392221290653
-0.9860742
-0.0171237
-3.5213099
3.6568098373227356
-0.83099735
-0.13628197
-1.6333547
1.8376552256719243
-0.10934305
-0.1664865
-0.5979996
0.6302992516081826
0.1883376
0.123469114
-0.55884457
0.6025138367453012
0.123855025
0.6580608
-1.7265377
1.8518413864829024
-0.29548043
0.61455536
-2.3810487
2.4767679315797544
-0.7880084
-0.10594845
-1.8588705
2.0217768508224356
-0.4043941
-0.13838887
-0.35320234
0.5544708796079019
0.67247266
0.8699541
0.38781452
1.1659501918407644
1.1125865
1.4123085
-0.24903393
1.8150707298347848
0.45719755
1.2907372
-0.6780677
1.528007733734891
-0.4195401
0.5154424
-0.96766424
1.1739117533873258
-0.2360333
-0.27334547
0.8117881
0.8884983773697015
-0.05092063
-0.061616898
1.4002523
1.4025320282677227
0.001401443
0.4870081
1.2734308
1.3633799257610033
-0.0065402947
0.19807005
0.97660637
0.9965111848880087
