0.63206923
1.7353175
7.588662
7.810162003677109
0.51714754
1.4265611
6.1743593
6.358083682910794
0.19919759
1.1987097
4.8130736
4.964097441879599
-0.05899313
1.1313503
3.6512609
3.8229752760438664
-0.15062402
1.2919832
2.7026577
2.999377662957979
-0.33885044
1.401336
1.836515
2.334812467506299
-0.31704903
1.048285
1.2163839
1.6367685679135178
-0.07742598
0.4593866
1.3523493
1.4303423939790332
0.17556402
-0.32968235
2.0472217
2.0810164220291205
0.04468316
-0.7004483
2.545658
2.640643779981296
-0.010222152
-0.67528033
2.3812923
2.475209344814935
-0.065638565
-0.29122734
0.77113914
0.8269082973981505
0.081564456
0.24202776
-0.67787266
0.7243904543948629
0.09972805
0.54221797
-1.2663054
1.3811138517503116
-0.15006092
0.6712792
-1.334825
1.501629738785832
-0.27710837
0.54851556
-1.0295529
1.1990152490774009
-0.355762
0.3047371
-0.7048898
0.8463456177891063
-0.25396383
0.17866755
-0.14253235
0.3416653189206097
-0.12272588
0.12761116
0.25755405
0.31253854990648827
-0.109672874
-0.009002209
0.5737934
0.5842500165401484
-0.19882925
-0.053170443
0.66589355
0.6969751559759604
-0.17438631
-0.0501976
0.5825138
0.6101251533193929
0.044365644
0.116901636
0.37024307
0.39078669062643706
0.250013
0.3425181
0.3843012
0.5722871327182998
0.4336845
0.58047247
0.36490154
0.8112851744492552
0.7874807
0.7746663
0.69414806
1.3046361033658027
1.1969315
0.81509995
0.9996824
1.7596584545699492
1.5436459
0.65591073
1.1253576
2.019775021743326
1.5873432
0.39065337
1.3982792
2.1511516281236327
1.2966896
-0.028411627
1.5476646
2.0192763501566597
0.9683986
-0.3560021
1.5139437
1.8320913731972137
0.6406437
-0.46867657
1.2686157
1.4964852480685427
0.5316684
-0.37877202
0.28705502
0.7131199716027964
0.60920954
-0.46390772
-0.4637165
0.8951980903849718
0.68656516
-0.87295103
-0.34032726
1.1615669587434339
0.11638045
-1.5372891
0.12996292
1.547156260187936
-0.89139116
-2.0840826
0.0733242
2.267896578931833
-1.6976087
-2.3223197
-0.3703804
2.900383720004407
-1.7794666
-2.022577
-0.6027622
2.760550979129714
-1.2550216
-1.461002
-0.681407
2.043017764260264
-0.5290076
-0.96194255
-0.8477526
1.3870353229923142
0.13991022
-0.56652576
-0.8467541
1.0283572923001183
0.44137025
-0.3995905
-0.321146
0.6764724812517728
0.27648175
-0.37713325
0.0150642395
0.4678659845279029
-0.12357962
-0.3476753
-0.12585449
0.389858160727269
-0.412983
-0.10575771
-0.54887867
0.6949873817794074
-0.47212312
0.23334381
-0.9945574
1.1253861718187341
-0.3317298
0.6693461
-1.1902113
1.4052301735543984
-0.13513929
0.94153357
-1.2662878
1.58374014028658
0.0527789
1.1975906
-1.2505355
1.7322955338126589
0.126499
1.3564677
-1.0234122
1.7039305155695281
0.0552305
1.3303404
-0.91066694
1.6131243687199477
-0.21630472
1.0527802
-0.5791354
1.2208733279780255
-0.44119442
0.64685726
0.1879139
0.805225710827312
-0.62876755
0.3757491
0.74792385
1.0468648653820893
-0.64475083
0.23930764
0.96608925
1.1858752831182968
-0.42769402
0.43278182
0.8379936
1.035594343653703
-0.25787932
0.6756675
0.44821262
0.850836593187036
-0.2446107
0.8278384
0.12489605
0.8722097663401712
-0.27996445
0.9036062
0.12673187
0.9544344802437971
-0.36953902
0.9335749
0.09372425
1.0084173472270073
-0.5369668
0.5936308
0.09413338
0.8059726563351947
-0.6402632
0.20292354
0.28216553
0.7285137432166129
-0.38579673
-0.1287961
0.5743284
0.7037618084555448
-0.086455464
-0.09154487
1.0455637
1.0531184074580375
-0.22239327
0.2523756
1.3765821
1.417085230458818
-0.6299399
0.20956182
0.9901743
1.192134897013978
-0.60738146
-0.14647007
0.22519207
0.6641364112561478
-0.04537207
-0.9331199
0.81222343
1.237933088870126
-0.097589195
-1.3977189
1.6036282
2.1294988244961006
-0.4266672
-2.0567021
1.8575106
2.803999707568884
-0.75505185
-2.2046473
1.3902397
2.713547387486222
-0.5044427
-1.706257
0.26943302
1.7995470165778575
0.14806998
-0.9053189
-0.89536285
1.2818742952386712
0.75818664
-0.2109383
-1.5475588
1.7361682865476684
0.92833
0.22581375
-1.78584
2.0253427144842675
0.8269399
0.25343472
-1.8385592
2.031836205038493
0.6309061
0.1108104
-1.570446
1.696060789008521
0.32085025
0.10014051
-1.3444633
1.3858407693198145
-0.0076396763
0.20269549
-1.5199342
1.5334092311457381
-0.2129708
0.37284625
-1.859509
1.9084403789542899
-0.074608564
0.57025826
-1.908987
1.9937383262746935
0.21995594
0.93121624
-1.561666
1.8314871234154757
0.3866545
1.1127224
-1.1497345
1.6460687332171453
0.48553687
1.0089304
-0.56736135
1.2552233282225076
0.38076806
0.7381911
0.10156584
0.8367951173953538
0.11690903
0.3492174
0.5141244
0.6324115943190886
-0.12099326
0.16445231
0.9552622
0.9768366009370592
-0.08913316
0.21200705
1.3541403
1.3735310771080114
-0.052152902
0.42626405
1.0296822
1.1156461526697965
0.034892127
0.743237
0.31809044
0.8091972789284009
0.0623902
0.92786264
0.10507393
0.9358750566085364
0.084388666
0.7882588
0.4671316
0.9201550360328464
0.16710973
0.3394723
1.0708971
1.135776247020602
0.07622694
-0.027218819
1.7186298
1.7205348370945959
-0.41019735
-0.27077198
1.9150362
1.9771046856074546
-0.6614308
-0.23960185
1.7465496
1.8829060764722605
-0.2571633
0.084130526
1.1673965
1.1983428639195195
0.80174947
-0.15104699
0.6810894
1.062779445924949
1.5377886
-1.0325495
1.7668724
2.5598418242046734
1.2876918
-1.8756578
3.1296625
3.8692414349089423
0.27933186
-2.2015486
2.6492977
3.455954380740969
-0.17109898
-1.6003485
0.29218292
1.6357753465622278
0.4415599
-0.6137332
-1.9497662
2.091227249961186
1.1308848
0.27132738
-2.383419
2.65201913816356
1.4946392
0.4200902
-1.6117697
2.2379060600548835
1.2263571
0.6961601
-1.0519104
1.7592913700913586
0.7052735
0.7331413
-1.3280306
1.672893320999891
0.073886395
0.6516354
-1.943491
2.051157075868163
-0.450377
0.62473774
-2.4128742
2.5328045063022087
-0.6667593
0.6185427
-2.5738611
2.7298212989197013
-0.747928
0.65189385
-2.350224
2.55106145420918
-0.7362484
0.54833007
-1.784411
2.006701328932948
-0.82267284
0.30841947
-1.3126073
1.5795097696328828
-0.937781
0.18544412
-0.9619794
1.3561810207844174
-0.8613157
0.16750884
-0.72361517
1.1373402577674268
-0.6852219
0.045900345
-0.05791378
0.689195125385089
-0.5520083
-0.055217028
0.2792797
0.6210951655149823
-0.5833433
-0.09780359
0.40729856
0.7181553246425874
-0.5739349
-0.07824278
0.6169739
0.8462741677060541
-0.5625775
0.18640256
0.8153596
1.007993341825082
-0.56115294
0.8463135
0.54885864
1.154289800683562
-0.46807593
1.1941986
0.435256
1.3544936836745973
-0.2442162
1.0702806
0.80406094
1.3607556577442579
-0.24517238
0.74130297
1.3097944
1.524860988597288
-0.16549212
0.2367847
1.6990576
1.7234417082665148
-0.23582321
0.09749055
2.458664
2.4718707676596887
-0.334226
-0.04076004
3.0357027
3.054318144729464
-0.27504224
-0.013454437
2.769497
2.7831532684679248
-0.22769523
0.077343225
1.9589386
1.973643201435423
-0.009773672
-0.42845798
1.195571
1.2700636466290371
0.0879491
-1.2544786
1.0981932
1.669574759473778
-0.14033055
-1.8578341
1.3918715
2.3256281834708457
-0.43404508
-2.0838602
0.6882868
2.2370978350947017
-0.4698192
-1.6824111
-0.53346443
1.826423113671084
-0.1766578
-1.3957282
-1.2427158
1.8771275212050669
0.073194146
-1.0054916
-1.0784483
1.4762863627581617
0.24242997
-0.72777885
-1.1960325
1.4208898799677874
0.3510036
-0.4443171
-1.4624815
1.5682708221177033
0.5336306
-0.04516518
-1.6411629
1.7263305646367522
0.58013344
0.30863297
-1.9488306
2.056635524239876
0.46027595
0.6529629
-2.4669456
2.5930744808164543
0.22648403
0.85947394
-2.5903034
2.738551149657788
-0.0026874542
0.9212532
-2.4668074
2.6332211502741694
0.028495789
0.7906327
-1.9504614
2.1048067711875276
0.16453338
0.7704122
-1.1772966
1.4165569244214449
0.4380845
0.62399125
-0.18718529
0.7850614272217261
0.6607562
0.43407083
0.5551052
0.9660010559242117
0.5592507
0.27064204
0.78118753
0.9981294661238663
0.33247888
0.19736004
0.7053952
0.8044100903590948
0.15106143
0.085104465
0.8171444
0.8353366296596086
0.23960155
0.27111173
0.8835592
0.9547708403177472
0.24531135
0.5961311
0.5459566
0.8447594432274771
0.4337539
0.7220712
0.31035137
0.8976899727511941
0.5385393
0.78451586
0.35937214
1.0171715918262378
0.34655553
0.7770109
0.53266335
1.0037813220237999
0.0512318
0.39176536
0.9241247
1.0050428909904332
-0.34208685
-0.16542816
1.7467804
1.7876329332552692
-0.69121826
-0.29323292
1.8954182
2.0387197623007327
-0.72918785
0.006749153
1.1907225
1.3962737664886844
0.15980992
0.14713621
0.6844282
0.7180739831025353
1.2042811
-0.35730052
1.3481636
1.8426886914552179
1.2890363
-1.2435212
2.8061867
3.329060454379153
0.34169888
-2.2014945
3.3826742
4.0504099603074275
-0.6958137
-2.1327758
1.1048975
2.500737462945989
-0.7443564
-0.871123
-2.1691675
2.4532039167988993
0.21279734
0.14202988
-3.3595605
3.3692880968630576
1.1470722
0.58480287
-2.2164698
2.563300124136404
1.3122222
0.44868875
-0.509037
1.4772837658449718
0.7203356
0.12144613
-0.39190674
0.8289894055102527
0.25448787
0.30784667
-0.77321243
0.8702821928325536
0.012054086
0.57571936
-1.3732224
1.4890728144573662
-0.22786152
0.64828086
-2.0064592
2.120864771501899
-0.37765616
0.7408066
-2.1567912
2.311529110384621
-0.40555447
0.9144261
-1.8748307
2.125003478103484
-0.43553454
0.9537227
-1.5343413
1.8583543043564161
-0.51697946
0.8587463
-1.2811031
1.62663399633577
-0.57830465
0.75595
-1.1053276
1.4586451696599452
-0.69631785
0.41322398
-0.6659107
1.0483557065164282
-0.671976
0.066259384
0.049540997
0.6770497142563802
-0.6256874
-0.41051006
0.78279305
1.0829442438124892
-0.6691017
-0.5888972
1.1318903
1.4407194822363447
-0.8149242
-0.37918043
1.0664024
1.3946660508257185
-0.87412125
0.15251184
0.50452566
1.0207320701562237
-0.6418362
0.8153701
0.0550251
1.0391390205831512
-0.15338105
1.1502898
-0.05940962
1.1619904785882336
0.04584694
1.1768904
-0.066681385
1.179669108468495
0.07115406
0.9721582
-0.03802204
0.9754999101835256
0.21781361
0.47509956
0.49439144
0.7194339980549801
0.1895738
-0.14472914
1.7362652
1.752569968204973
-0.17778313
-0.1923976
2.6033516
2.6164982585613243
-0.48699152
-0.11944151
2.3776464
2.4299443835891443
-0.59262156
0.17642832
1.8561487
1.9564292728070851
-0.41280568
0.014728546
0.86817265
0.96143080292064
0.091134965
-1.1910641
1.0546265
1.5934792830979108
-0.015198648
-1.6960114
1.613677
2.341076559556017
-0.46801496
-1.8816183
1.2219887
2.2918948204446377
-0.6119168
-1.3712193
-0.6811123
1.6488172627018711
-0.14093769
-1.0739911
-1.4412804
1.8029446463738656
0.29330653
-1.1503279
-0.60906124
1.3342558331847199
0.34573615
-1.1232905
-0.26123714
1.2039767631461928
0.31106544
-1.0939994
-0.592062
1.2822378118853919
0.2526831
-0.8751994
-1.040597
1.3829911973222127
0.1217013
-0.45116246
-1.4798698
1.5518935512089924
-0.0673601
-0.119594395
-2.0228238
2.027475341759818
-0.21094775
0.2644124
-2.579771
2.6018515303151375
-0.28367984
0.5639565
-2.7801619
2.8509333504359464
-0.19246745
0.8380681
-2.4654646
2.611114196459884
0.18312967
0.92711306
-1.7003908
1.9453544152581441
0.7402658
0.7838284
-0.3911395
1.146896002470622
0.9829464
0.512141
0.82098246
1.3793056871277993
0.90127885
0.33692908
1.8289866
2.066643915768984
0.90489775
0.15079069
2.5013156
2.6642368293172494
0.86565495
0.0899868
2.6675987
2.8059827953471888
0.56994087
0.39377022
1.7739906
1.9044501140267251
0.33336955
0.7900257
0.2852993
0.9036988161295196
0.43524748
1.0265851
-0.5953655
1.2640322329147595
0.45162743
1.1928484
-0.5260916
1.3797199560821405
0.5375152
0.9083097
-0.07610798
1.0581783591717115
0.61388683
0.34357572
0.64013577
0.9511441142517493
0.111867905
-0.15418053
1.3395443
1.3530206917606464
-0.5349134
-0.22677398
1.1099434
1.252810085234357
-0.7267271
-0.40743184
0.6159735
1.0361256792432354
-0.1523408
-0.72817135
0.63451576
0.9777788445498206
0.7898393
-1.23376
1.2890797
1.951342203917486
1.2447871
-1.8374285
3.030901
3.756594010276388
0.7506635
-2.5042381
3.9416876
4.729863097324657
-0.012384772
-2.4171085
1.8125973
3.021270685215862
-0.4542716
-0.9606832
-1.8788214
2.158528326743366
-0.1910348
0.09719676
-3.4222488
3.4289544436548227
0.3260125
0.6293814
-2.580739
2.676306991718648
0.7549733
0.51499724
-1.0226355
1.371491942225924
0.6461165
0.47712016
-0.27414513
0.8486847153782364
0.31003416
0.56174016
-0.41085243
0.7618877516845852
-9.6964836E-4
0.64475894
-1.0833349
1.2606861152264976
-0.43364727
0.64988256
-1.7592268
1.924909413671
-0.81426597
0.604182
-2.1543722
2.3810470294305115
-0.86593324
0.57528293
-1.9418492
2.2026277887378556
-0.5931478
0.66325474
-1.3619432
1.6268437269783067
-0.37491947
0.69915557
-1.101047
1.357087940883262
-0.18884462
0.66658473
-1.018744
1.2320051985110798
-0.12042993
0.5715749
-0.74987316
0.9505319498883962
-0.1882813
0.36149168
-0.33174753
0.5255306865523302
-0.30385393
0.101487875
0.010414124
0.3205237041208867
-0.549541
-0.1026845
0.24200487
0.6091845043465257
-0.6541532
0.03277421
0.62647533
0.9063453624142668
-0.21303408
0.47824454
1.0681276
1.1895369075839533
0.16284561
1.0299876
1.1532979
1.5548276598449255
0.23753676
1.0653257
0.7540865
1.3266457791017985
0.08659989
0.833107
0.5228243
0.9873763151815648
-0.034149617
0.39833498
0.5714884
0.6974495824072707
-0.25716305
0.077332735
0.905386
0.9443712198319382
-0.44706598
-0.12200856
1.5364218
1.6047884574117526
-0.5606811
0.07860637
1.7539463
1.8430599279031616
-0.3489461
0.15099168
1.1043615
1.1679795688906323
0.19202203
-0.6568432
1.0826864
1.280829942277247
0.4677369
-1.3682339
2.2413778
2.6673238262428822
0.28225216
-1.9028697
3.2104692
3.742685177387504
-0.53651214
-2.3650546
2.0588894
3.1812503357532975
-1.0804325
-1.7886143
-0.54023075
2.1583152500214933
-0.76474726
-1.2010481
-1.6580153
2.185490693571078
-0.35897017
-0.719503
-1.5562553
1.751706245234139
-0.103301406
-0.51431084
-1.1262522
1.2424293618491458
0.05143416
-0.40378726
-1.0312471
1.108675023998417
0.3054672
-0.15447795
-1.3114996
1.3554352857872685
0.42441776
0.1560604
-1.570179
1.6339972911144574
0.22461253
0.48110545
-1.780952
1.8584141532646379
-0.008015394
0.5879127
-2.1142912
2.194523353874801
-0.06770387
0.8342489
-2.2239037
2.376194904296692
-0.035009474
0.9202268
-1.982151
2.185627053761356
0.27845025
0.8472724
-1.256279
1.5406628339041082
0.6824469
0.8004012
-0.23887825
1.078628201465672
0.7796316
0.60967517
0.63250256
1.174558948364312
0.5509216
0.2732196
0.91972065
1.1063677364132911
0.26835477
0.0730083
1.0422344
1.0787015838189882
0.23383749
0.004776478
1.1364155
1.1602339798804173
0.030010343
0.09958935
1.1849442
1.1895004288110205
-0.044944733
0.41294432
0.93646336
1.0244543251292968
0.14408821
0.54870677
0.5231581
0.771709090715176
0.39491332
0.7415924
0.17335987
0.8578866033735121
0.29294634
0.78481007
-0.029863358
0.8382340018830313
0.14625043
0.47844982
0.10635376
0.5114826793534755
-0.2162725
0.060979128
0.70182896
0.7369234223508171
-0.7744415
0.1368897
0.9330435
1.2202739479920865
-0.94899535
0.07886577
0.47828388
1.0656300608942666
-0.016036063
-0.31231833
-0.073228836
0.321188960380671
1.5539368
-0.7976482
0.63094616
1.8571632116900056
2.1280465
-1.297003
2.8759747
3.805526108330048
1.6526377
-1.8152392
4.242956
4.901936572669579
0.3912444
-1.4138842
1.6322327
2.19461254758301
-0.30375087
-0.4798844
-2.2989235
2.3680378107454527
-0.13957119
0.12940931
-3.2986436
3.3041302005893
0.22927737
0.18014205
-2.2711654
2.289805945790748
0.28302085
0.017699718
-0.6945305
0.750191107879432
0.019557595
0.18271148
-0.45219517
0.4881049639049088
-0.21419728
0.38750482
-0.74865913
0.8697878709965347
-0.46249282
0.45174062
-1.1850281
1.3499113813206882
-0.73774356
0.6180508
-1.576261
1.8468490030747184
-0.90048337
0.6744847
-1.5904512
1.9481619682145483
-0.785509
0.8268919
-1.4370823
1.8346607719999437
-0.5364699
0.8951876
-1.096036
1.5134251153452194
-0.24147049
0.7774415
-0.42097235
0.9164829648063697
-0.23914504
0.36146426
0.15738487
0.4611038295842457
-0.27176124
-0.13220835
0.639225
0.7070656446658253
-0.21357828
-0.3624251
0.9519129
1.040723691733791
-0.19384696
-0.50829124
1.0335112
1.1679391506361207
-0.2929836
-0.34917212
0.74253273
0.8712722527003258
-0.2535405
-0.030340433
0.20329285
0.3263913290065609
-0.17601731
0.36646128
-0.21277714
0.45885735235360453
0.13116744
0.7873323
-0.31578922
0.8583821196410122
0.30796227
0.8328943
0.06914997
0.8906937957427672
0.2846771
0.67780757
0.3809309
0.8279930585441242
0.15112719
0.2970798
0.4618044
0.5695253452994398
0.17070115
-0.14540839
0.9402218
0.9665916764560621
0.006316364
-0.3729849
1.9167166
1.952680186164413
0.024206698
0.22259021
2.3110104
2.321831408331492
0.16876352
0.89824796
1.7760248
1.997396980560517
0.21545595
1.1399779
0.8423815
1.4337285365632457
0.28345573
0.36035824
0.70455074
0.8405932253820313
0.06587422
-0.7919774
0.73985386
1.0857952216821247
-0.5525548
-1.445695
0.22030163
1.5632925693725548
-0.84043896
-1.3557538
-1.0151129
1.8907300431256133
-0.8868717
-1.1458946
-1.796586
2.3081025248057436
-0.69034374
-1.135067
-1.6019907
2.0811836850710366
-0.25730938
-0.9386995
-0.54992485
1.117936583455426
0.04698021
-0.7969283
0.008255005
0.7983545517806082
-0.00455378
-0.7371414
-0.13130188
0.7487578437152331
0.0499871
-0.40200782
-0.553236
0.6856960558171052
-0.11706995
-0.07643998
-0.8448143
0.8563057971789739
-0.22773126
0.0576005
-1.1776762
1.2008749494063207
-0.28178382
0.1341871
-1.5857029
1.616125596665868
-0.14115116
0.50191426
-1.5443745
1.6300104364400378
0.20885979
0.8267417
-1.3121142
1.5648540311752717
0.30116314
1.0176506
-1.0688453
1.5062344055634813
0.60484916
0.91754985
-0.15022326
1.1091921481026894
0.80949074
0.6574254
0.85282516
1.3471429704294213
0.55948603
0.26928163
1.2568693
1.4018764726798578
0.018547863
-0.02591014
1.1778774
1.1783083502366027
-0.22649726
0.07887077
0.6281824
0.6724096654823041
-0.36890322
0.42701507
0.016044617
0.5645253488341496
-0.42153645
0.6825464
-0.4928198
0.9415061865981649
-0.3104141
0.5575292
-0.56280804
0.8508516897250777
-0.05679514
0.72566605
-0.23572636
0.765103766067085
0.14226931
0.82953
0.12936878
0.851526172108041
0.064016044
0.71725416
0.39079857
0.8193138219601696
0.016736332
0.37077522
0.7340183
0.8225188601572192
-0.33520672
0.21234393
0.84770393
0.9359783221020869
-0.49034727
-0.18638206
0.8122387
0.9669076567093098
-0.0015441179
-0.26785803
0.74555874
0.7922172179657778
1.2935491
-0.6548195
1.4238834
2.032117570321805
1.9733664
-1.3857683
3.0391455
3.8795533039114987
1.716599
-2.016496
4.3696623
5.109492775962434
0.48838234
-2.0690527
2.2813911
3.11837172421573
-0.34096223
-1.1917248
-1.4961243
1.9428975999150067
-0.20764744
-0.4438938
-3.2156901
3.252817546522829
0.24760008
0.40336823
-3.1663141
3.201492861376216
0.531353
0.6827824
-2.2227626
2.385204677796115
0.5055276
0.641994
-1.5828433
1.781321875477297
0.11328709
0.73194647
-1.2854285
1.483545091422671
-0.19667459
0.6085415
-0.8061609
1.0290282041764158
-0.6323494
0.2838049
-0.5376682
0.8772103796768823
-0.8238295
0.08530712
-0.42247295
0.929761098304642
-0.6705558
0.11038375
-0.40693092
0.792099988870292
-0.34107774
0.38327265
-0.44812775
0.6812124793193104
-0.22689354
0.48283148
-0.36999416
0.6492323312819269
-0.38837388
0.22537494
-0.33430338
0.559809688476303
-0.41412863
-0.15680385
-0.06058359
0.4469455756630236
-0.45771676
-0.32464075
0.25415993
0.6160304656143005
-0.5155716
-0.26737404
0.30292606
0.6550321632234388
-0.48524103
-0.07982373
0.046974182
0.49400127089391005
-0.40351573
0.097031355
-0.24589396
0.4823938894455778
-0.23853667
0.37259054
-0.08945465
0.4513597138667983
-0.10655345
0.75009775
0.16210985
0.7747773019707523
0.025848199
0.8912132
0.33654785
0.9529918515116205
0.016847838
0.89301443
0.70977116
1.1408477983656033
-0.18955004
0.35432363
0.9010906
0.9866300215284634
-0.40446776
-0.21836567
1.1805592
1.2668850124962783
-0.423173
-0.4964733
1.91362
2.021757275133002
-0.2849083
-0.08305931
2.0901814
2.111144051657334
0.10917698
0.64223623
1.4537945
1.5930804922023307
0.24440125
1.1918266
0.5654421
1.3416062043271169
0.32576558
0.5512352
0.6209049
0.891911631355185
-0.21056643
-1.08747
1.450573
1.8251277774340025
-1.2678707
-1.7931802
1.1336432
2.471464764954504
-1.3743844
-1.8674159
-0.44532967
2.3610365114083103
-0.7930497
-1.3560268
-1.3216066
2.052895696600143
-0.029185653
-1.035022
-0.9002247
1.3720520669939011
0.05709672
-1.0272151
-0.45586014
1.1252730356132883
-0.038598537
-1.0018162
-0.7592516
1.2576122242959507
0.041904807
-0.7056849
-1.0517654
1.267263881954243
0.12546116
-0.1891371
-1.4466667
1.4643626325787589
0.14250684
0.2011168
-1.9388008
1.954406500972065
0.26340365
0.7086868
-2.2482324
2.371954320252243
0.4903657
1.126235
-2.2582731
2.570731734664535
0.6604432
1.249584
-1.8870635
2.357679755921472
0.84630454
1.0877736
-1.1035943
1.7656168979695193
0.86857975
0.8280809
-0.13205385
1.2073056301113634
0.70252526
0.51306653
0.6221943
1.0695347988607575
0.661619
0.17677903
1.1221633
1.314625834983538
0.2726368
0.07247043
1.3076172
1.3377015808644792
-0.16496283
0.03882265
1.1418619
1.1543693197014573
-0.30818352
0.26090145
0.81389046
0.9085506635636074
-0.15077874
0.5381634
0.5093756
0.7561861657558796
0.09772819
0.48799157
0.44963837
0.6707169510799872
0.1011669
0.46317697
0.62403107
0.7836979090340609
0.18819377
0.46630955
0.44942474
0.6744213202180162
-0.03331969
0.2428031
0.20631123
0.32035585435686253
-0.13391599
-0.25395203
0.41021538
0.5007012932753274
-0.5821424
-0.046102047
0.45458603
0.7400429913559233
-0.26651636
-0.15563393
0.053380013
0.3132128809767524
0.87088144
-0.19729114
0.88546276
1.2575382857817528
1.5432949
-0.15783286
1.895895
2.4497118488497827
2.077395
-0.6510751
2.65061
3.4300439601561252
1.6504238
-1.325312
2.9402628
3.6229126280721333
0.4699186
-1.6157043
1.4290056
2.207573478054749
-0.16802764
-1.2925634
-1.3429337
1.8714764866576081
-0.23785174
-0.60884047
-2.7292194
2.806403270180601
-0.052375436
-0.038877964
-2.8345995
2.835349786564333
0.2415731
0.1566031
-1.7505322
1.7740476121759907
0.09365964
0.079313755
-0.7262182
0.7365159420015416
-0.42306632
0.20901847
-0.65758896
0.8093806690032259
-0.9398765
0.16721487
-0.7788992
1.2320765572237842
-1.0545282
0.21421695
-0.7763481
1.3268892710237667
-1.0121745
0.40121698
-0.81261444
1.3586075468936718
-0.75227875
0.54315543
-0.8722739
1.2735003122389987
-0.47923988
0.61839914
-0.53692865
0.9488839394936387
-0.31060818
0.4908886
0.007159233
0.5809477635585564
-0.22167148
0.19734406
0.08234215
0.30799862661070976
-0.23479804
-0.13325953
-0.075862885
0.2804343130705538
-0.5632493
-0.4398806
-0.04919815
0.716355481527687
-0.76471865
-0.5166254
-0.34964657
0.9868886431378505
-0.8071418
-0.27156353
-0.6398053
1.0651645347941165
-0.6533749
0.21562076
-0.41224527
0.8020830691118341
-0.3733018
0.8505347
-0.21104383
0.9525245275868764
-0.08412093
1.3814497
0.015039921
1.3840902427430293
0.11274725
1.752552
-0.099059105
1.7589664994563474
0.15148938
1.5935774
0.13144302
1.6061491255496883
-0.14312834
1.0220346
0.66827106
1.2294823462082554
-0.24857795
0.1242671
1.3888674
1.4163989580811507
-0.48999733
-0.5556402
2.3828936
2.4953987694280717
-0.6946249
-0.639879
3.3045282
3.4368379822392137
-0.5250542
-0.067539215
3.087987
3.1330348670789667
-0.24383008
0.7504206
1.9570723
2.1101459365926
0.057763696
0.5045686
0.56583977
0.760329324243733
-0.107017994
-0.78769994
0.3645649
0.8745465125271467
-0.46485603
-1.9096214
0.80496883
2.123845516075396
-0.78177214
-2.0793211
-0.23709106
2.23404472417639
-0.59477186
-1.7170871
-2.009266
2.7091126910061902
0.014514923
-1.2127794
-2.373557
2.6654864222649968
0.7471107
-0.6790886
-1.4276667
1.748590242124817
0.8581777
-0.59690106
-0.62881756
1.2199062828902203
0.5294826
-0.90273106
-0.65245247
1.2332758778428858
0.35846382
-0.844768
-0.7403126
1.1790639985391218
0.34040117
-0.38084865
-1.1132288
1.2248252666181971
0.20336795
-0.032697678
-1.5456367
1.5593012301133191
0.15503293
0.2534846
-2.1328993
2.15349690584696
0.2657631
0.5015842
-2.2272978
2.2984934184768715
0.4156388
0.7958319
-1.7971611
2.0089529635447185
0.5661851
0.6366656
-0.8363056
1.1938658792864063
0.83602035
0.56296253
-0.121251106
1.0151643735523301
0.9407976
0.67638254
0.6576514
1.332328382895324
0.84074473
0.5794132
1.1045609
1.5042027565103986
0.58448917
0.5171609
1.1709528
1.4072005556074025
0.3373468
0.65123343
1.2010818
1.4073042414640136
0.040034056
0.93853545
0.88425064
1.290097185510508
-0.1097095
1.103255
0.4660654
1.202674038083802
-0.26781157
1.1775699
0.39200592
1.2696702147501266
-0.3023559
1.2216983
0.5970783
1.3930069315368874
-0.29934555
1.0041738
0.7841215
1.3087471487748386
-0.17818488
0.40877438
1.2861824
1.36129038250787
-0.2421467
-0.44295526
1.7644444
1.8352406579390317
-0.74151075
-0.6033611
1.6452303
1.9028046537235328
-0.685146
-0.7316861
0.9560957
1.3852467635908117
-0.027138442
-1.0833428
1.5425129
1.8851297767952495
0.48394465
-0.7709062
2.2185059
2.3979714403655006
0.9004726
-0.43668103
1.7939577
2.054221444885849
1.149419
-0.46426654
0.86438847
1.5112494003761685
0.7816292
-1.20268
0.12073231
1.4394302676908088
0.15029374
-1.5022761
-1.2709827
1.9735295241790523
-0.10194692
-1.2401282
-2.7521038
3.020328786522873
0.021871954
-0.72012115
-3.0291185
3.1136171166952176
0.39673907
-0.20451689
-1.9482856
1.9987610317209683
0.44763583
0.081552744
-0.8652668
0.9776069244091149
0.032497227
0.35254633
-0.66922855
0.7571075542720528
-0.4030431
0.588495
-1.0065622
1.2336683544287226
-0.80127484
0.6048713
-1.261106
1.6119240138695303
-1.0547379
0.4570818
-1.1238065
1.6075872472932573
-1.0621415
0.3005433
-0.83392286
1.3834371072076241
-0.7194687
0.38983297
-0.29555798
0.8700341935398973
-0.30742437
0.54937124
-0.021925926
0.6299200475761574
-0.03908047
0.5199423
-0.17076969
0.5486615834444871
-0.019772202
0.40446162
-0.20939922
0.4558817762347705
0.03015092
0.2124784
-0.20965767
0.30002081719333934
-0.021847934
0.04739952
-0.14474201
0.1538645445767859
0.09361264
-0.019541264
-0.008533478
0.0960104542543472
0.19364251
0.22187185
0.13874054
0.3255356848825609
0.19322124
0.35754156
0.11099243
0.42129533291723253
0.089454725
0.565676
-0.27512455
0.6353620807986072
0.03325656
0.66706085
-0.22393036
0.704429560649321
-0.065332115
0.72135425
-0.1255145
0.7351014217155906
-0.20166388
0.81458783
0.03366375
0.8398541117184204
-0.069393754
0.55590224
0.41766453
0.698774974799769
0.044083774
0.09229517
1.3109665
1.3149505626247766
-0.21756068
0.020205975
2.3090801
2.3193947360967897
-0.28897023
0.008503437
2.8202677
2.8350460448385983
-0.261822
0.16769361
3.248372
3.263218188983626
-0.15199679
0.1341548
2.2807465
2.289739098657988
0.023970008
-0.8197112
1.4108791
1.6318948896022192
-0.04594624
-1.3797753
1.5347595
2.064310492981103
-0.4198293
-1.3796322
0.6417074
1.578426445601503
-0.43546224
-0.8547089
-1.5782089
1.8468617188674858
-0.24494028
-0.3313408
-2.9749007
3.0033010758655085
0.049214065
-0.24208832
-3.0579576
3.067920014742547
0.08150923
-0.48097467
-1.9330497
1.9936552736745248
0.011577308
-0.9134195
-0.78795624
1.206376475290478
-0.006061077
-1.0180397
-0.5039511
1.1359613785995273
0.17902583
-0.61906505
-0.7747412
1.0077279816902387
0.26963452
-0.32670033
-1.064157
1.1453672096747702
0.22336906
0.18300366
-1.3493195
1.37987209998938
0.113572955
0.30729342
-1.2939763
1.334804388995524
0.14448842
0.16922021
-1.1079645
1.1300874753869132
0.21902025
0.28094363
-0.8020959
0.8776428636722258
0.3782445
0.40479898
-0.36969566
0.6660375283854193
0.50179315
0.4579146
0.137115
0.6930242883903934
0.5163562
0.56552935
0.3969965
0.8625853482463857
0.26368684
0.69758964
0.5589323
0.9319696065465602
-0.107000515
0.55424094
0.84171057
1.0134637578573273
-0.3690739
0.37060905
0.7997823
0.9556245703287699
-0.3259049
0.51483846
0.632164
0.8780113581094365
-0.18410945
0.9405105
0.46359348
1.064600943004786
0.009772062
1.0550351
0.27510643
1.0903569042274628
0.07293996
0.97810364
0.33883762
1.0376983521910765
-0.10636914
0.7978058
0.5813589
0.9928679048125487
-0.26513928
0.067466736
1.0933256
1.1270365824613577
-0.32320237
-0.34442163
1.556529
1.6266126700074484
-0.561189
-0.33682895
1.8236628
1.9375584501248333
-0.49875063
-0.0740962
1.4244537
1.51106283462924
0.11048561
-0.20101333
1.12041
1.143648503704007
1.0307463
-0.34468532
1.5858583
1.9225485017013337
1.8818765
-0.63966703
2.272336
3.018963956655003
1.674053
-1.4923987
3.1701145
3.8832117255383958
0.419869
-2.04817
0.9310188
2.2886866758994016
-0.1697602
-1.8262416
-2.0554438
2.7547824196303408
-0.06685516
-0.7254945
-3.3643498
3.4423337762464876
0.39471042
-0.1283704
-3.105198
3.1328149353170085
1.0474364
0.13480854
-1.8635807
2.1420152145543514
1.0601311
0.04272437
-0.7438736
1.2957820653228604
0.250512
-0.030942678
-0.72534275
0.7680076969550793
-0.5427506
0.12464404
-1.078268
1.213579998584299
-1.1620378
0.32189727
-1.6057749
2.0080993684901323
-1.3127025
0.33796287
-1.985642
2.404200684446144
-1.0731463
0.58832026
-1.8681564
2.2333320370950305
-0.67464244
1.0146189
-1.4983559
1.9312338251220467
-0.38648504
1.2369056
-0.7543211
1.4994353185162947
-0.27471152
0.76351166
-0.16292381
0.8276234673533547
-0.0665403
0.5571792
0.451931
0.7204984048512026
0.191934
0.6104641
0.4419899
0.7777275403200008
0.14205503
-0.03260708
0.3306079
0.3613093190840873
-0.14301437
-0.6351707
0.2989626
0.7164311528427633
-0.35574704
-0.68435
0.28896952
0.8236469255829881
-0.43782654
-0.31380606
0.21585274
0.5803091700082942
-0.35792267
0.10904312
0.48297024
0.6109494873978184
-0.106294155
0.66950417
0.7541256
1.0140215614178347
0.15630019
1.0412588
0.6492691
1.237012580286444
0.2859305
0.9402671
0.39300156
1.0584463319502877
0.39346552
0.74838305
0.41399956
0.9414286630582073
0.22283506
-0.052515984
1.7983665
1.8128805089962994
0.34681988
-0.34464002
1.7068434
1.77549295162004
0.016966745
-0.09183717
2.4648924
2.4666609798400208
-0.1894549
0.03379059
2.416278
2.42392943829105
-0.30096215
0.49055004
1.8066082
1.8960619219233263
0.08867243
0.7448664
0.7787399
1.0812606546395205
0.40804154
-0.14343643
0.5961771
0.7365453586841546
0.26131096
-1.3482418
0.6454935
1.5174653982274209
-0.23531508
-1.9673212
-0.5447159
2.0548579504290925
-0.5138635
-1.8075311
-2.0983057
2.8167555085867515
-0.62178063
-1.016984
-2.5520492
2.8167042144740613
-0.21395099
-0.53777516
-2.267652
2.34034675197162
0.31917176
-0.05097866
-1.7451692
1.7748478730250634
0.5771181
-0.12888932
-0.6453142
0.8752760792202618
0.54213965
-0.45553803
-0.13317871
0.7205323221076507
0.2613292
-0.8547629
-0.1563425
0.9073894177994158
-0.08590229
-0.91365373
-0.5809307
1.0861044556418427
-0.3177188
-0.5815247
-0.8976159
1.1157197714336338
-0.39208108
0.005959034
-1.0168891
1.0898745405981733
-0.37495643
0.491269
-1.0242014
1.196213227028707
-0.12375188
0.783749
-0.76573086
1.1026879371435065
-0.0032334328
0.8606734
-0.47467852
0.982898209902408
0.17745723
0.69236946
0.08760548
0.7200980605794469
0.19176517
0.45429707
0.6830001
0.842406580921562
0.007844657
0.3212998
0.8183813
0.879228659940562
-0.3040128
0.3604691
0.7083349
0.8509407223273775
-0.36196268
0.5641873
0.92675686
1.1437668053898462
-0.23977071
0.67736244
1.143631
1.3506301133439882
-0.25693893
0.61084294
0.8153057
1.0506522514262862
-0.263012
0.5729501
0.47220135
0.7876682238055559
-0.11081076
0.6460657
0.1938858
0.6835726925467663
0.05691886
0.6317744
0.07849407
0.6391713467078062
0.10682666
0.5054195
0.08194828
0.5230452363014904
-0.19801217
0.18215346
0.3873396
0.4716149516729991
-0.5951121
-0.091781855
0.70443535
0.9267208305030665
-0.6982715
-0.13471699
0.49076462
0.8640495782199835
-0.17554498
0.06843972
0.10530758
0.21584652184882222
0.6793387
0.012614012
0.34856606
0.7636481474095201
1.5624433
-0.9744046
1.7575121
2.545494407490312
1.395522
-1.7103893
2.9689445
3.699668204406021
0.48051763
-2.1382868
2.1070051
3.0401706587422597
-0.04462684
-1.9557958
-0.5132313
2.022507148041607
0.18648043
-0.9670438
-2.2110243
2.4204498035353526
0.51310307
0.41388893
-2.8337607
2.9094293083260303
0.6748023
0.60309255
-2.0065198
2.2011816232731123
0.45556593
0.3292451
-1.0535917
1.1941516699762147
0.057994932
0.2672267
-0.32189465
0.4223620287926246
-0.16429381
0.40148664
-0.49118996
0.6553255336194803
-0.46470794
0.37481928
-1.3046641
1.4347792876372267
-0.6629013
0.2040875
-1.3157129
1.4873434000368506
-0.72951865
-0.02443552
-0.7346206
1.0355973941160195
-0.37292516
0.13368034
-0.051395416
0.3994810425947657
0.107716486
0.6853833
0.6369219
0.9418187800628447
0.28537077
0.6057675
0.6129675
0.9078104790617465
0.13252854
0.2739241
0.11496353
0.325291937142451
-0.08168258
-0.2290554
0.08430958
0.25738400193711175
-0.42543402
-0.59696245
0.18236923
0.7553918462071345
-0.41313094
-0.6959212
0.21867943
0.8383341506804873
0.029583171
-0.35370874
0.37797165
0.5185051730954559
0.37992376
0.18438101
0.22576332
0.47886062952404373
0.44184503
0.905988
-0.19479942
1.0266392253845582
0.37262964
1.4717813
-0.37419128
1.5636534438904075
0.24064288
1.644773
-0.49088955
1.7332511903788166
0.21932936
1.2775114
-0.6302166
1.441288889007099
0.19078639
0.3516326
-0.8604312
0.9488871430801107
0.20242852
-0.45036173
-0.33974934
0.5993601625931037
0.012544632
-0.8161454
1.0536308
1.3328123068054702
-0.5224348
-0.020847082
1.884861
1.9560351854057765
-0.67077553
1.0099561
1.6726093
2.0658105810137624
-0.69368005
1.7656455
0.8017864
2.0595042117252427
-0.57792836
2.0216017
0.051498413
2.103218192179788
-0.42403552
0.931582
0.029706955
1.0239793347791788
-0.41584283
-0.90194535
0.9852772
1.3990002570707618
-0.6046556
-2.0508173
1.1866169
2.44530557747248
-0.7173985
-2.2267547
0.53557587
2.39998723265113
-0.48964298
-1.9806012
0.041557312
2.04065148422557
-0.012472868
-1.7147255
-0.16212177
1.7224176981272281
0.3347867
-1.5288401
-0.5893841
1.6723659186794897
0.23335284
-1.3801316
-0.5442915
1.5018222389684897
0.41652566
-1.3071336
0.2387743
1.3925174737378423
0.6664935
-1.2142587
0.52812386
1.4824143963651524
0.54085624
-0.7722094
-0.25553894
0.9767973045354889
0.321594
-0.1044507
-1.694582
1.7279874695173458
0.2687674
0.6595998
-2.3899608
2.4938364343793658
0.33759704
1.2555172
-2.6627908
2.9632330780176916
0.6876264
1.7169282
-2.0612798
2.769394713830741
0.8948662
1.9366589
-1.0399389
2.373374382621294
0.7044008
1.4612207
-0.20371199
1.6348838991246268
0.107664645
0.46412373
0.28905582
0.5572752965026097
-0.20500323
-0.19564795
0.989728
1.0294979123524661
-0.45896822
-0.4591453
1.4391747
1.578825540192692
-0.51274204
-0.25239468
1.645503
1.74192069024865
-0.36422497
0.07006574
1.2014809
1.2574280808892029
-0.26456493
0.2590809
0.24867058
0.44604321809891145
-0.22697482
0.2877097
-0.030906677
0.3677630681841516
-0.12794974
0.07310796
0.25108624
0.29113605746722215
-0.20962004
-0.30926323
0.54563427
0.6612874333435214
-0.114065886
-0.45043898
1.0341005
1.1336975849320712
0.00451535
-0.54039526
1.1413994
1.2628697203331636
-0.095986515
-0.5472379
0.7598915
0.9413383111142213
-0.36792412
-0.42246747
0.10225773
0.5694765993540365
-0.4590604
-0.0698235
-0.26678944
0.535526259099927
-0.5664459
0.25442982
-0.5773506
0.8478969460770805
-0.24629766
0.5598011
-0.87176704
1.064902618415444
0.975163
-0.44471765
0.0878849
1.0753791783531113
1.435184
-2.2251668
2.793951
3.8493224897858447
0.82636654
-2.9216888
4.8860207
5.7525947355438
-0.14335854
-3.3869693
2.7787533
4.383330125892153
-0.2602543
-2.177105
-0.10224533
2.1949880774311046
0.017809195
-0.08298096
-1.9818344
1.9836508563529187
0.5237335
2.3086634
-2.8610983
3.7135033019207704
0.7369368
2.8812258
-2.6106591
3.957281769394286
1.0185905
1.6116197
-1.9736052
2.7440776342581295
1.0868536
-0.1587174
-1.349041
1.7396418015330026
0.8809751
-0.76670456
-0.9566498
1.5096793995227138
0.66264224
-1.023251
-0.7806425
1.4475981089758558
0.46499145
-1.2514725
-0.33720875
1.3769931219257454
0.5673599
-1.3497739
0.4389162
1.52853994528074
0.6530856
-1.3134931
0.75335884
1.6490404373263192
0.668036
-0.9511958
0.90531445
1.4733091166967218
0.32756972
-0.38937652
-0.011247635
0.5089621807655113
-0.3815056
0.81856203
-1.9435129
2.1430894907370566
0.005084038
1.2217965
-0.11062813
1.2268053045312999
0.5825062
0.9046535
2.8036928
3.003065926787543
0.316607
0.5436789
2.2621088
2.3479699355285093
-0.50519764
-0.27757138
0.13566017
0.5921774921225814
