0.37158012
2.750459
6.1981096
6.791145663570185
0.4696466
2.495333
6.4141626
6.898459066182315
0.79326606
2.306555
4.8057184
5.389285244517805
0.9870393
2.0291185
3.6338854
4.2774632546091205
1.1037507
1.5581727
2.681096
3.2915716680668687
1.0668752
1.0856476
2.470488
2.9017520676223674
0.470428
0.5965371
2.2751875
2.39867397472137
-0.04503727
0.5653362
2.3526201
2.420011332461723
0.021431088
0.77021885
1.284503
1.4978799142515766
-0.040316105
0.754081
-0.21738195
0.7858234057266257
-0.13185167
-0.02497363
-0.828959
0.8397508791651755
-0.46173853
-0.18470001
0.42858887
0.6565096886305585
-0.4038673
0.31958795
0.6301756
0.8138590230731371
-0.5529372
0.5851126
0.22066593
0.8347393254879713
-0.67219317
0.4565978
-0.46702814
0.9372515349152971
-0.4611401
0.29249477
-0.99036884
1.1309437563813514
-0.5144795
0.18419647
-0.82677174
0.9910444147952516
-0.60311973
0.12820387
-0.17108488
0.6398903425716863
-0.5591103
-0.08514261
0.19640493
0.5986889661927692
-0.7422539
-0.07577562
0.46741247
0.8804301296588274
-0.85429233
0.1232543
0.48885155
0.991959072460844
-0.7983555
0.42421484
0.4945116
1.0304715079154243
-0.6884838
0.9944253
0.5948067
1.3478451361487098
-0.5622792
1.1977663
0.9087162
1.6051688923612215
-0.3080867
0.99652004
1.2019825
1.5914557904794393
-0.14303982
0.49458885
1.7928524
1.8653145178708694
-0.056970954
0.024090767
2.342163
2.3429797114732436
-0.16049844
-0.22206306
2.1533737
2.1707349021498175
-0.17819822
-0.19297361
1.5809612
1.6026327139520982
-0.05062121
-0.16204023
0.8702049
0.8866093773965305
0.032286763
-0.22156954
0.34756756
0.41344733695785946
0.40507093
-0.79783297
0.055871964
0.8965163547238916
0.59603804
-1.4771948
0.91044044
1.8347390666531431
0.40021592
-1.9785461
2.3257637
3.0796094693885707
0.08649865
-2.3221664
2.1134396
3.1411089927517164
-0.16830587
-2.1526988
0.21975422
2.1704217453465904
-0.15762907
-1.3505789
-1.9310942
2.3617864752373907
0.11140156
-0.9234034
-3.015873
3.156037578421894
0.5871152
-1.0221962
-2.8838773
3.115499627471005
0.6727205
-1.273613
-1.8780613
2.36680312860207
0.17042702
-1.1223198
-1.1040535
1.5835344119968695
-0.407621
-0.76378065
-1.3237762
1.5817393092419254
-0.75896853
-0.4309805
-2.2427144
2.406562982986891
-0.825526
-0.14941758
-2.989357
3.104846820093564
-0.8442955
0.1945852
-3.3644893
3.474260506744649
-0.7712045
0.48511028
-3.1589396
3.287702483116846
-0.6361172
0.7366841
-2.4083993
2.5976404634153765
-0.35949552
1.0145575
-1.4555407
1.8102934988227415
0.18358243
1.2483484
-0.030538559
1.2621444598096858
0.6525212
1.3051364
1.2090616
1.89499216666905
0.9204121
1.166692
2.2045732
2.658659705891707
0.6175773
0.78778625
2.9167056
3.0836958457295567
0.07268232
0.24715686
3.0765247
3.087292183125338
-0.25597334
0.017681599
2.5761414
2.588887632239623
-0.23159367
0.37423325
1.5705805
1.6310760902276837
0.102029264
0.75524235
0.74314785
1.0644574926444224
0.87075233
0.8685138
0.73242474
1.4314230302056754
1.0643513
0.5913813
1.9496775
2.298655643652812
0.6369606
0.15132451
3.4176426
3.4797842121088194
0.4942456
-0.44588733
3.5270739
3.5893376339191825
0.89722115
-0.8278887
3.1894083
3.415074109101338
1.2234323
-1.2752267
3.118473
3.5843917407282615
0.97491515
-1.6982193
3.1268482
3.689388502775773
0.3164147
-2.0902436
1.1377401
2.4007684272202714
-0.110786915
-1.5802574
-1.5759468
2.2345235281708757
0.07609153
-0.56701434
-3.3753166
3.423456949851684
0.5397135
0.44660842
-3.8916082
3.954157758460882
0.6616142
0.866773
-3.9292307
4.077730240113096
0.31477094
0.7317256
-3.587749
3.675111683296793
-0.07762551
0.40916705
-2.969798
2.9988571215280255
-0.4796492
0.051521778
-2.3835
2.4318286746438007
-0.79360664
-0.046889305
-1.922123
2.08004007080801
-0.87239015
0.016118765
-1.859479
2.05401716429792
-0.7323886
0.23890781
-1.8400097
1.9947695884445593
-0.42502058
0.4209695
-1.5294685
1.6422946245295162
-0.13315743
0.60109544
-0.82134867
1.0264795534017912
0.06968728
0.78350353
-0.4732046
0.9179633282440454
0.059580564
0.98689055
-0.16787386
1.0028381603045127
0.16258612
0.8584657
0.31389523
0.92840067176359
0.034300834
0.49906707
0.8640313
0.9983960043055407
-0.39776957
0.1311028
1.4918466
1.5495208307215775
-0.89282405
-0.08665395
1.4309816
1.6888908023711848
-1.1279774
0.045598507
0.6506219
1.302966233056745
-0.92919695
0.6647172
0.12976408
1.1498237080828932
-0.43689978
1.2442882
0.43708372
1.3893080057799698
0.20210427
1.3325343
1.3035169
1.8750066121302684
0.5830629
0.9511056
2.7321625
2.9511482848784167
0.31705216
0.49273396
4.070445
4.112399884428585
-0.21370643
0.14135933
3.8501186
3.858635341175296
-0.37016273
-0.38107538
2.762144
2.8127706609402305
-0.27314585
-1.1284657
2.5429878
2.7955017981021113
-0.12274861
-1.7838387
2.241249
2.867114489714589
-0.39316452
-1.6415915
0.65144444
1.8093592957653506
-0.6094973
-0.861248
-1.7083244
2.007886358305333
-0.28073883
-0.3595562
-3.492711
3.5223749762088734
0.29638726
-0.0424788
-3.6062822
3.6186906562643433
0.63550496
0.103922844
-2.574738
2.6540426619549753
0.6003413
-0.18884301
-1.7418404
1.8520473054772288
0.4343044
-0.41922522
-1.5658555
1.6781756317058834
0.244014
-0.68014514
-1.9192295
2.0507516041383997
-0.04229361
-0.750975
-2.1674528
2.294254494882025
-0.15258726
-0.4552126
-1.9178371
1.977018160561491
-0.12590054
-0.06537366
-1.8598809
1.8652832663953893
-0.06624395
0.23883581
-2.0088835
2.024115489356205
6.349981E-4
0.6086173
-1.8829184
1.9788372836499124
0.24567425
1.0998094
-1.046648
1.5379885106792324
0.4378749
1.2705815
0.16633034
1.354170383546081
0.38477644
0.8900511
1.443172
1.7386745736541065
-0.002467379
0.14126325
2.0432653
2.0481442309196427
-0.6685196
-0.26623106
2.063654
2.185512511773253
-1.1209162
-0.38919806
1.6968918
2.0705965818878234
-0.89290226
-0.054700136
1.051055
1.3802112315405402
-0.35806465
0.79516816
0.45777225
0.9849152974438388
0.02000612
1.3984485
0.3394022
1.4391845286898548
0.35693926
1.352433
0.6392708
1.5379037125437296
0.58051705
0.73335075
1.6529722
1.8992420893388013
0.031542003
-0.018573761
2.9925728
2.9927966740271335
-0.78687966
-0.43623853
3.30577
3.4260178661515255
-0.2962308
-0.22640777
1.8746405
1.911358164588849
1.2416742
-0.13898802
0.6378002
1.402804838156644
2.2344937
-0.78156686
2.2110815
3.2392423558664243
1.6113816
-1.9200379
4.592108
5.231687123255714
0.492315
-3.2483633
3.7886076
5.014756742531743
-0.36846185
-2.9702706
0.48728657
3.032444512094674
-0.45949057
-1.487489
-2.8279781
3.2281906785958365
-0.28331655
0.116285205
-4.4688783
4.479359656619415
0.11811179
1.1962764
-4.6323824
4.785811897046939
0.4239316
1.4282
-3.5258613
3.8276847741932487
0.37362182
1.2728047
-2.4414473
2.7785410171564853
-0.061190486
0.9761059
-2.022111
2.246210085302453
-0.27113432
0.4667654
-1.8015637
1.8806955299830999
-0.2437225
0.18953776
-1.479558
1.5114288446383393
-0.13751717
0.20526028
-1.2257843
1.2504358962115423
0.06236881
0.4285283
-1.3368845
1.4052709774290055
0.24143118
0.6071422
-1.5789938
1.708839419075639
0.30040517
0.7730179
-1.2785177
1.5239447116134381
0.4471832
0.83676577
-0.6244192
1.13580327349428
0.45351458
0.90691733
-0.0590024
1.0157045773361617
0.5351942
0.82896376
0.47377634
1.0945674021684135
0.28258795
0.20731473
0.9995985
1.0592603660834348
-0.26043153
-0.5773084
1.3474722
1.4888891545496334
-0.92469037
-0.9177027
1.5376644
2.015351742696433
-1.2645613
-0.6767013
1.1994858
1.8697075218315842
-1.0078183
0.10220027
0.76039124
1.266624479887963
-0.4729818
1.0892406
0.23290157
1.2101238839911033
0.15791573
1.7562895
0.082891464
1.765321823692449
0.50557417
2.0409317
0.7405205
2.2292102797570514
0.30869126
1.4297171
2.4464855
2.8503811832296173
-0.68391263
0.57682705
3.543109
3.6543244075910293
-1.3975506
-0.2548833
2.7655334
3.109065514886184
-1.635188
-0.7095618
1.5918503
2.3898337058148993
-1.1817367
-1.1077819
0.7831478
1.7991672655922955
-0.42441106
-1.3765578
0.8027315
1.6490645820412244
-0.33569813
-1.3540738
0.76476765
1.5909363837192316
-0.57884717
-1.0755975
-0.29989815
1.2577412271150077
-0.42093968
-0.7417259
-1.7224083
1.9219880109605583
0.08462775
-0.51293564
-2.2819777
2.340445770613343
0.46992803
-0.5329318
-1.9366732
2.062898770709751
0.91990495
-0.9511547
-1.7561979
2.198897831269857
1.011736
-1.2321026
-1.46242
2.163413711410453
0.59103763
-1.3840773
-0.93626213
1.7724509835292122
0.15871084
-1.1225848
-0.6225958
1.2934493816721233
-0.23694998
-0.52265704
-1.0650239
1.209789889039646
-0.369604
-0.06952989
-2.0625277
2.0965356088785265
-0.40294337
0.12825072
-2.6958098
2.72877303529209
-0.4104613
0.4741807
-2.7580717
2.82847753192784
-0.20578599
0.8696773
-2.1834729
2.359288094037891
0.22610486
1.3891027
-1.3292294
1.935866867390234
0.62141705
1.5135081
-0.25893164
1.6564756275736396
0.70016193
1.0575778
1.3596206
1.859372435495868
0.5064995
0.2676232
2.9609199
3.0158265990236273
-0.027672052
-0.39115572
4.008285
4.0274207092095216
-0.6733606
-0.5159528
3.5935307
3.6923006780569994
-0.70340943
0.058416605
1.9784355
2.100572317337294
-0.24477756
0.80138564
0.5216389
0.9870370564388851
0.4975387
1.0356729
-0.30669594
1.189212167070328
0.7504574
0.7902312
0.068761826
1.0919615155659337
0.25560093
0.3946805
1.5298376
1.6004710874844879
-0.16709936
-0.101804495
1.6529112
1.6644524489005021
0.09616393
-0.2040267
1.2342224
1.2546630191908736
1.0729191
-0.48883295
1.1482677
1.6457922081295948
1.9883986
-0.89289117
2.2287216
3.1174001214884264
1.8818538
-1.0514166
4.012457
4.554850187716819
1.0113198
-1.6072779
3.669651
4.13188198409257
0.15783292
-1.580788
1.1276207
1.9481607444012419
-0.12273067
-0.7474828
-1.7564249
1.9128046379058656
0.04738295
-3.9339066E-4
-3.4852219
3.4855439145576774
0.29073405
0.42106485
-3.8684425
3.9021365060083992
0.0793584
0.49774218
-3.1828604
3.222521599933216
-0.39620003
0.26411843
-2.6688719
2.7110164751757444
-0.6732173
-0.030040741
-2.7020445
2.784810305560823
-0.8067244
-0.26536822
-2.82052
2.945599691216299
-0.85990006
-0.17781806
-2.5552125
2.701880548927244
-0.7377195
0.1642034
-2.0518312
2.1865964930989925
-0.27605632
0.46846628
-1.6567879
1.7437355451087286
0.11625856
0.9225664
-1.4097061
1.6887617692177268
0.4339412
1.224555
-1.181395
1.755999499066744
0.51570475
1.2899327
-0.4739375
1.4678197309004448
0.40107164
0.7906103
0.593853
1.067044748166992
0.045045257
0.18429375
1.5591774
1.5706773780016032
-0.41598907
-0.024947405
2.0517936
2.0936872558302086
-0.76183224
0.01834941
1.6069584
1.7784937900180626
-0.536682
0.3249681
0.47345352
0.7859962486924981
-0.21482515
0.96482754
-0.09624672
0.9931291332122855
0.06947541
1.3349786
0.78108406
1.548252840704447
0.4692984
1.0986285
2.3486938
2.6350689282893414
0.26434776
0.51881504
3.430398
3.479465327131098
-0.25203925
0.08560991
3.5142937
3.524359943907715
-0.39316753
-0.37970686
3.1140614
3.1616666034972636
-0.36816412
-0.7902672
2.7210922
2.8573432749891094
-0.27920842
-1.1723456
2.7323284
2.9862971482001974
-0.28848898
-1.2864723
1.7798052
2.2149364310759068
-0.61769426
-1.013855
-0.13909054
1.1953218746441001
-0.5362933
-0.7842686
-1.8619137
2.0903134967826102
-0.015316665
-0.7155216
-2.1369238
2.2535858190973923
0.4589256
-0.6222167
-1.7133703
1.8797351808913834
0.70041335
-0.35603642
-1.6656618
1.841675901030207
0.6905753
-0.2886598
-2.1523037
2.2787342570269025
0.4490307
-0.30754232
-2.7369847
2.790572753963963
0.04510531
-0.40309358
-2.9748864
3.0024103971732776
-0.4619097
-0.34545922
-2.4910002
2.5569091842331857
-0.68364704
-0.3529818
-2.004292
2.14689453204958
-0.7384538
-0.34367704
-1.7298474
1.9120146091812835
-0.5984245
-0.10255933
-1.6367059
1.7456907622300133
-0.057360113
0.41594648
-1.4625936
1.5216706814387415
0.5631968
0.9533341
-0.80615616
1.3696438766450119
0.81447613
1.0499716
0.2361412
1.349657115837165
0.6554116
0.6905794
1.3917599
1.6862561622094174
0.11827269
0.21152902
2.128549
2.1423011399058134
-0.35740715
-0.0069901943
2.2008338
2.22967664880391
-0.31657147
-0.1971283
1.7108679
1.7510413749856457
-0.008090943
0.32879925
1.1043749
1.1523099732702073
0.043326646
1.0521681
0.6115179
1.2177393708897808
0.29131976
1.2286377
0.6654272
1.4273090694496677
0.4016076
0.76455927
1.4019165
1.6465750926085196
-0.07327837
0.06385374
2.6461601
2.6479445817397855
-0.18503654
-0.69207716
2.9788408
3.063772443224579
0.44956353
-1.0478249
2.9270344
3.1412695987088504
1.282855
-0.397727
2.4220724
2.7695376203756954
1.6660147
-0.14196849
1.3783731
2.166950048352394
1.137445
-0.30511117
-0.11164093
1.182935978883096
0.24724102
-0.52373195
-1.5947866
1.696693174621016
-0.22741741
-0.5607221
-2.3982306
2.4733858644128586
-0.2815327
-0.47539282
-2.5583153
2.617295539106327
-0.15627319
-0.2539003
-2.1654043
2.1858322325439627
-0.24377099
-0.06521416
-1.433528
1.4555684537210944
-0.3827222
-0.17858529
-0.8901644
0.9852723466922862
-0.6241278
-0.4378338
-0.82322216
1.1220199002593778
-0.56059384
-0.44986606
-1.1604018
1.364982527177367
-0.44464433
-0.22581768
-1.629343
1.703954512145694
-0.21780944
0.010881901
-2.0198197
2.031558790944341
-0.0631566
0.38794684
-1.7231159
1.7673765288827339
0.06439641
0.59000015
-1.0413895
1.198640516211928
0.31966773
0.52563024
-0.7296815
0.9544158698963261
0.42811668
0.6924858
-0.44966984
0.9300663600852037
0.3846313
0.91790724
-0.2065072
1.0164350360426961
0.3038743
0.8377552
0.041653633
0.8921369802197853
-0.051866174
0.47100663
0.5619626
0.7350777854760532
-0.39775017
0.14696169
1.2731757
1.3419311989261473
-0.4637676
0.3052745
1.4437504
1.5468316120266503
-0.27907673
0.9567342
1.0056024
1.415789650611217
-0.031725258
1.5277014
0.5478239
1.6232650004319065
0.4036607
1.5056348
0.39612103
1.6083500385240421
0.38038945
1.0819249
1.1673174
1.6364252013849527
0.0782989
0.46331406
2.6002178
2.6423328903324275
-0.08292836
-0.26141834
3.6469393
3.657236993059225
-0.6524433
-1.1361697
3.8407555
4.05807418361369
-1.3264065
-1.9317384
3.0189743
3.8216715074639676
-1.2526612
-2.066369
1.2697935
2.7297283691421232
-0.9906368
-1.0171952
-1.0259409
1.7517425852885822
-0.86912394
0.2818303
-2.8395443
2.9829208266429097
-0.614854
0.91882515
-3.5970654
3.7631323704364634
-0.26587057
0.8308282
-3.2070942
3.3236147985257696
0.21251369
0.327559
-1.8071918
1.8488913797067306
0.61437476
-0.38534474
-0.3233509
0.7940420019153043
0.4148854
-0.8330848
0.5419407
1.0769679730221628
0.1058957
-1.2065997
0.6633959
1.3810108322972794
0.034917176
-1.501581
-0.1894598
1.5138889083317901
0.18499333
-1.4962305
-1.5267968
2.145701938297562
0.27440852
-1.105047
-2.2021027
2.479049252419736
0.38041717
-0.504796
-1.8114815
1.9185935438155861
0.5111928
0.12863374
-1.1005893
1.2203120467298694
0.7230735
0.6966691
-0.5165529
1.1291634553720529
0.9577004
1.1702509
-0.3251357
1.5467353526572243
1.0572952
1.365242
-0.39418364
1.7711972778916225
0.7883753
1.0768704
-0.51071405
1.428990762337684
0.24762803
0.5435467
-0.20937347
0.6329296144973834
-0.28073794
0.22414732
0.34198713
0.49599497855628716
-0.5348789
0.35936213
0.79456806
1.0230225165789315
-0.26701277
0.6897154
0.8080368
1.0954116188727197
0.046878904
1.1838412
0.8532891
1.4600616930638548
0.06048748
1.1462708
1.0273962
1.540499408547233
-0.31552866
0.514791
1.3122501
1.4444959653730023
-0.804047
-0.13596058
1.3256121
1.5563496661156784
-0.39424065
-0.21219778
1.3937626
1.4639083927760594
0.6576111
-0.008867741
1.5938511
1.7242077265785902
1.5757068
0.06569004
2.255746
2.752372931683844
1.7585596
-0.47608805
2.743124
3.2930108878809734
0.86671567
-1.3921812
2.1561909
2.708970909387721
-0.48265934
-1.9028739
0.909008
2.1633733760770117
-0.90710574
-1.3154402
-0.4335022
1.655641191978666
-0.6299165
-0.24790025
-1.7909842
1.91464710260843
-0.120860904
0.38778043
-2.5628505
2.5948378338427336
0.014402211
0.62434363
-1.8587446
1.9608528757263102
-0.09190777
0.17769408
-0.72468185
0.751788549867686
-0.5025672
-0.2600708
-0.51079273
0.762312124901667
-0.77363384
-0.6026211
-1.216917
1.5628654815474285
-0.8219354
-0.63915634
-1.7894773
2.07034485989598
-0.6575483
-0.39640355
-1.9410677
2.0874025150767475
-0.40345553
0.054457188
-1.6218071
1.6721244697190687
-0.2155042
0.26191688
-1.550273
1.5869432088669542
-0.057481676
0.33211684
-1.6999054
1.732998550925114
-0.011508852
0.3614614
-1.7200117
1.7576197539725262
0.013777256
0.49602818
-1.1538277
1.2560064013190455
0.08763626
0.50025177
-0.2833314
0.5815570614994514
0.13906202
0.24314189
0.85743
0.902021276146946
-0.12242448
-0.06980634
1.8198376
1.8252861608568403
-0.6150871
-0.36996436
1.8734183
2.0062158076619876
-1.0628474
-0.32661724
1.4834118
1.8538699680641009
-0.9613688
0.22137713
0.5508294
1.1298897758671556
-0.535421
1.2573657
-0.1952362
1.3804931586654572
0.11945647
1.9942193
0.2422061
2.012422486702067
0.6854965
2.0090933
1.925251
2.8658249447289283
0.6748111
1.3659391
3.436409
3.7589979938766596
0.3406513
0.23850012
3.9826193
4.004270419795425
-0.32124096
-1.0273695
4.0288544
4.1701741269574715
-0.9809994
-2.0975266
3.0277166
3.811698579197309
-1.0567808
-2.2487988
1.4491692
2.8764515405210322
-0.8760704
-1.2359228
-0.4342451
1.5759356580515846
-0.37907565
-0.107671976
-2.2014666
2.236458507218611
0.39393103
0.5880697
-2.6920395
2.7835380486528902
0.92422974
0.6236844
-1.9391108
2.2368131553028383
0.9960422
-0.09481454
-0.80812836
1.2861419885955405
0.793003
-0.9339335
-0.43581295
1.3003916572252727
0.52714217
-1.3294168
-0.68958473
1.587688512948289
0.34126854
-1.3776525
-1.2718439
1.9057747920822088
0.3687829
-1.0791377
-1.9521708
2.2608649399719645
0.35248718
-0.4878993
-2.3930035
2.4675409760788027
0.34711203
-0.041723967
-2.600102
2.6235010317754415
0.15893723
0.29989362
-2.405693
2.429517733907814
0.03904316
0.5846801
-2.0662913
2.147774444913419
0.36450738
0.79718614
-1.2354836
1.5148568320533304
0.49846494
0.7986393
-0.07284403
0.9442447906342362
0.5749852
0.6082659
1.1024337
1.3841804160978355
0.26079062
0.23378491
1.5829692
1.6212521395231672
-0.017380163
0.06827545
1.3774662
1.3792667512026837
-0.23225534
0.18869567
1.0483427
1.0902160227483928
-0.12451271
0.51104426
0.8310127
0.9834895920389426
0.053618744
0.7689233
1.2011118
1.4271606461496242
0.20378536
0.92925787
1.5086823
1.7835836683432014
0.3354108
0.827682
1.5785265
1.8136437852020586
-0.0764364
0.40548754
1.6382322
1.6893985100005389
-0.6510804
-0.15445042
1.1841726
1.360156437557762
-0.5132029
-0.26529694
0.83624744
1.0164002027632246
0.12573886
-0.29651308
1.1555004
1.1995463964339066
0.7058453
-0.54366827
1.7211914
1.9381157296607
0.93625635
-0.8754678
2.189066
2.5367359946757073
0.79497373
-1.3554277
1.3222122
2.0536339673299233
0.21076882
-1.4903988
-0.44387436
1.5693107940045914
-0.30256388
-1.027598
-1.7686357
2.067746396679299
-0.24971256
-0.5002978
-2.4377117
2.5010183167761104
-0.06952548
0.01731062
-2.517116
2.5181355713759452
0.047809124
0.35861373
-1.9255862
1.959278392691646
-0.14179668
0.36350513
-1.2953029
1.3527940640566876
-0.41606444
-0.046299458
-0.775753
0.8815021411201148
-0.5090648
-0.39329672
-0.78915405
1.0181323279391654
-0.42640546
-0.2686689
-0.97991896
1.101928217355202
-0.18406475
0.2332592
-1.2895908
1.3233798810537893
-0.0016843304
0.7305701
-1.4109144
1.5888407774771884
0.109743506
0.9828515
-1.1287317
1.500691890091639
0.09928696
0.8590648
-1.0293989
1.344437534184908
0.01430729
0.80600405
-0.7737198
1.1173582680108032
-0.091983676
0.6371417
-0.40445518
0.7602595510989858
-0.08124839
0.27987003
0.4425807
0.5299115148940668
-0.31782642
-0.22046733
1.3653755
1.4191087916085412
-0.56071895
-0.47517037
1.7550159
1.9027015929118554
-0.8508011
-0.41844344
1.3733664
1.6688596682283923
-0.7266095
0.19005442
0.45130157
0.8762164515713412
-0.35910565
1.0522633
-0.40127325
1.1820470189910344
0.34095395
1.558156
-0.26355743
1.6166515844500202
0.87035596
1.4572144
0.8540945
1.9001238205366964
0.485595
1.0087118
2.77102
2.988620793618166
-0.06738001
0.3089757
3.77592
3.7891393909321383
-0.5710516
-0.28529024
2.817708
2.8891120869253015
-1.1348791
-0.5768275
1.2313633
1.7711397990401945
-1.2335148
-0.8138888
0.21894646
1.4939583062529367
-0.7761221
-0.7813556
0.27475643
1.1350652460006552
-0.34508574
-0.7323451
0.2121439
0.8369101098055178
-0.15348542
-0.808058
-0.117589
0.8308686564814397
0.03044045
-0.9797194
-0.396698
1.0574242582318971
0.047336698
-1.0442646
-0.81535244
1.3257182136075785
0.06851518
-1.1725152
-1.2498751
1.7151308275597381
0.13908803
-1.2521313
-1.225913
1.7578512908046278
0.06530166
-1.4115924
-0.9309311
1.6921850089973298
-0.1316334
-1.3974245
-0.9094658
1.6724982837844962
-0.017200112
-1.1102781
-1.5971475
1.945223212586797
0.089669466
-0.4706738
-2.4077816
2.454992179003531
0.34371686
0.27851462
-2.523818
2.5622976269709397
0.5354626
0.9353261
-2.3216815
2.559640545047025
0.719505
1.3956532
-1.8956523
2.461510291878282
1.0697672
1.4995949
-1.3518009
2.28485293209326
1.1277952
1.3529048
-0.3421111
1.7942445159739007
0.81796026
0.8333268
1.1168637
1.6158208554936837
0.32109532
0.23379016
1.8090334
1.8521236422442964
-0.099380955
0.022310972
1.5391641
1.5425304707836076
-0.21358006
0.20938492
0.5073242
0.5889281182847952
-0.15171045
0.64634824
0.3062606
0.7311481845106129
-0.109876186
0.89248943
1.0111532
1.3531596278457696
0.24537194
0.7446375
1.4639759
1.6606980101788413
0.23077406
0.52675724
1.9411564
2.024553734855507
-0.25208315
0.34479094
2.0049505
2.049939838550099
-0.5655852
-0.042116642
1.9525557
2.03325694779715
-0.33371574
-0.2175684
1.4317999
1.4861874407282116
0.28082073
-0.30813003
1.0994711
1.1758575921605583
1.0176163
-0.6372378
1.2051878
1.7012032682235398
0.9788141
-1.436825
1.5310974
2.316636072501102
0.25824225
-2.0305264
1.6500883
2.629166702133477
-0.3297074
-2.0036628
1.04809
2.2851398695660237
-0.20247436
-1.0513062
-0.53292656
1.195931168562629
0.26706147
0.26220322
-2.0160913
2.0505356995852178
0.4434925
1.1904278
-2.470955
2.7783847580124514
0.09047413
1.3239224
-2.5781875
2.89965630171764
-0.3681538
0.7756643
-2.6256661
2.762483439676351
-0.8423164
0.12253761
-2.694295
2.825550910098178
-0.9420037
-0.23141217
-2.4733863
2.6567954905764872
-0.7152958
-0.07786965
-2.1510916
2.2682386384248696
-0.27727097
0.18287063
-1.2190485
1.2634872466735523
0.16508624
0.2382338
-0.63813543
0.7008749032779937
0.3006208
0.22506356
-0.62926054
0.7327996258936681
0.07194483
0.22985029
-0.77155924
0.8082764966062823
-0.14164172
0.06895828
-0.71301556
0.7302115084315629
-0.18992785
-0.10189319
-0.10689545
0.24058562860780294
-0.24004889
-0.19260526
0.5120764
0.5974466292833792
-0.19203913
-0.16557646
0.731442
0.7741459385944284
-0.20726144
0.14335084
0.99121
1.0227433391233856
-0.23093146
0.4632764
0.7316766
0.8962728213353537
0.048928946
0.88393784
0.6389713
1.0917987311659647
0.3647546
1.1246991
1.1317544
1.6367229743848377
0.7514904
0.92657423
2.3189402
2.607826915813117
0.69312966
0.6569834
3.5368395
3.6635078059108497
0.4778893
0.36086607
4.170225
4.213001318738737
0.1218223
0.29252338
3.9031267
3.9159683795466704
-0.22049215
-0.037962914
2.3180494
2.3288217820362664
-0.4866823
-0.2717061
0.64776134
0.8545634038403274
-0.6919729
-0.37059355
-0.36668777
0.8663867655868688
-0.70680726
-0.34627438
-1.1552639
1.3978973709495421
-0.6343989
-0.300004
-1.1540546
1.3506689039276463
-0.27384502
-0.504323
-0.6321087
0.8537529936105457
-0.14629227
-0.88229847
-0.25285912
0.9294028928428073
-0.24727839
-1.3072622
-0.3057165
1.3651167091667662
-0.23996061
-1.5591269
-0.7004299
1.7259952769916578
-0.3988276
-1.6073893
-1.7057295
2.37745178558848
-0.39184582
-1.4659554
-2.5636005
2.9790294766794108
-0.41690612
-1.0769963
-2.9396076
3.1583261743093662
-0.34118629
-0.7390139
-2.7960496
2.9121200182673546
-0.20399606
-0.28092253
-2.3364387
2.3620918244255074
0.14709175
0.09321201
-2.0530257
2.060397839693223
0.5237301
0.39251947
-2.0676308
2.168746561273053
0.667981
0.72390294
-1.7766876
2.0314657243470235
0.58035356
0.93154883
-0.9156947
1.4293671129123342
0.5715431
0.7145932
0.7690878
1.1953246670770667
0.602802
0.34566188
1.7300105
1.8643467573686006
0.52437955
0.34165168
2.161645
2.250424133167854
0.4271651
0.57977915
2.0817428
2.2027861422486446
0.31874773
0.8277421
1.657733
1.8801159047861085
0.19370663
1.1640184
1.571353
1.9650983095692625
0.15496531
1.3449328
1.8393526
2.2838731081331893
0.13929513
1.1678836
1.6132193
1.996454792255089
-0.34058917
0.88450766
0.80407333
1.2429355312394545
-0.7436502
0.6386533
-0.09224033
0.9845820920572893
-0.5527823
0.5683832
-0.49517155
0.9347848038194415
0.4350097
0.36660004
-0.26206207
0.6263429994495365
1.2635505
-0.51883316
0.77101517
1.5685062933452942
1.0414863
-1.709851
3.4745312
4.010068619062502
0.27007273
-3.1913047
4.997614
5.935782093685777
-0.3508888
-3.5950003
3.802724
5.244793444585515
-0.29220322
-2.4431286
0.6020088
2.533115688394392
0.57451993
-0.3800758
-1.9662247
2.0834035734415695
1.6126635
1.2665356
-2.936716
3.5817729894289414
2.0371218
1.7448964
-2.345543
3.5631587440058508
1.2619481
1.1162744
-1.3056574
2.1315071107484926
-0.1013509
0.046429634
-1.3739681
1.3784832616321816
-1.004285
-0.48000383
-2.2522225
2.5122696196801355
-1.2784376
-0.4721098
-3.4145122
3.6764362979860556
-1.175979
-0.09038377
-3.9153032
4.089094703672864
-0.9522754
0.50230145
-3.7145126
3.8673942741831824
-0.4247167
0.9649575
-2.7264438
2.9231871244375616
-0.052469164
1.0554395
-1.3000889
1.675391518683094
0.14573005
0.7830601
0.4309268
0.9056038032510006
0.051461786
0.17059207
1.5820646
1.5920673538413759
-0.2691191
-0.31555152
2.1275644
2.1676088876443838
-0.60602903
-0.64700556
1.8361268
2.038933293133063
-0.8793877
-0.63635683
1.5531774
1.894896481889775
-0.74947876
-0.2332735
1.1735888
1.4118942582301763
-0.3046174
0.506742
0.5136614
0.7832159483661291
0.101071134
1.3439205
-0.12920284
1.3538947296973176
0.6899418
2.0404787
-0.23743725
2.16701397190774
1.4100354
2.1456995
0.2314291
2.577942072996613
1.3578717
1.521193
1.8438463
2.749111292029767
0.6342721
0.4814558
3.8118181
3.894105633557304
-0.38131002
-0.55336285
4.1335487
4.187819739134013
-0.9371172
-0.90237665
2.0580225
2.4347338508675946
-0.6309414
-0.36181355
0.18308163
0.7500099340416725
-0.091035075
-0.07109928
0.2767105
0.2998519636523062
-0.095812395
-0.742579
0.68105507
1.012146023698144
-0.5631517
-1.1456873
-0.18299389
1.289661245298358
-0.8335936
-1.0697789
-1.6135626
2.107816219114468
-0.5749376
-1.093328
-1.8961039
2.2629911700998098
0.01505959
-1.3305182
-0.9767513
1.6506207367778063
0.5943175
-1.4551482
0.45975304
1.6376942934273067
0.7014667
-1.6429591
1.2412062
2.175307491095604
0.67226434
-1.9004678
0.67501545
2.1258793301791976
0.5224886
-1.8383243
-0.70497227
2.037011646183151
0.41416013
-1.1756938
-2.134574
2.4718799306480337
0.5764944
-0.22037911
-2.7113075
2.7806656470042723
0.7408383
0.731578
-2.8815603
3.06389259283588
0.78420675
1.3169304
-2.979456
3.350588641475519
0.6580112
1.5323848
-2.8892198
3.3359815250681026
0.37318015
1.6051493
-2.5603728
3.044877086845875
-0.004082918
1.7054989
-2.0636215
2.6771771207973156
-0.5702133
1.517628
-1.3061323
2.0819028775430946
-1.061425
1.2026103
-0.20980883
1.6176878666447896
-1.4467328
0.5981693
0.2765169
1.5897495701143343
-1.6630416
0.17973924
0.6234393
1.7851302731416527
-1.7786279
0.1361301
1.0656986
2.0779224956770577
-1.8366203
0.16636491
1.6914864
2.5023943878967008
-1.8140614
0.0258317
2.0580425
2.743542458716161
-1.4091113
-0.16704011
1.822648
2.309879364562792
-0.5718342
0.30690098
1.527071
1.6592554139116047
0.5538434
0.9886811
2.344059
2.6036215758460717
1.3318024
1.4000301
4.1583586
4.5853820152423515
1.5864203
1.035748
5.529352
5.844932722058537
2.0084658
0.33443546
4.756755
5.174214827823895
2.8096194
-0.36069012
3.1388588
4.22806002164478
3.124931
-1.4875681
2.813713
4.460385049526449
2.2854247
-2.9560177
2.4156914
4.44935635830328
0.86682844
-3.433586
0.79099655
3.628577998727143
-0.30252516
-2.8311443
-1.6618052
3.2967401992213627
-0.548478
-1.4413103
-3.876875
4.172333081416817
-0.27406132
-0.111091614
-5.1509366
5.159418415739498
0.14850032
0.8305001
-4.9826617
5.05358289768356
0.5248568
1.1930399
-3.6643486
3.8892506083035396
0.41222405
0.93144774
-1.9661365
2.2143207450591955
-0.29462862
0.43103886
-1.1476994
1.2608783864058741
-0.98652446
0.13797212
-1.1556649
1.5257221794511013
-1.225922
0.022271156
-1.5719247
1.9935716794428688
-1.1492894
-0.001336813
-1.8398094
2.1692779162330598
-1.1684285
0.19429731
-1.7897978
2.146241553528239
-0.85429764
0.58447886
-1.4241767
1.7606019669320394
-0.48807126
0.8966241
-0.71413136
1.2458458537277437
-0.1376293
0.80540586
-0.32230806
0.8783523848914655
-0.06413478
0.7477541
-0.09695673
0.7567364633469179
-0.3884114
0.6786485
0.30167627
0.8381143906936674
-0.72061646
0.6042104
0.71635056
1.1821660158492675
-0.85996675
0.7093811
0.85655403
1.4058624581284354
-0.9101553
1.2761889
0.6775818
1.7076761175565889
-0.6553405
1.6989889
0.358191
1.8558920929469045
-0.2024917
1.8342009
-0.008412838
1.8453635574499754
0.19426388
1.4367146
0.82836676
1.6697541805191582
0.81812614
0.45984173
2.5742245
2.73996655548178
0.930313
0.14569092
4.4803963
4.5782810223653785
0.53739136
-0.067322254
5.6414146
5.667352223533133
0.21539262
-0.55951357
4.1568747
4.199887755574407
-0.02305276
-0.8919749
1.0500507
1.3779539975320567
-0.3057464
-1.1272979
-0.8378153
1.4374337388399152
-0.4514562
-1.2657568
-1.3099833
1.8767017271562314
-0.4033029
-1.4684618
-1.5574722
2.178245368160147
0.10639861
-1.3701363
-1.7937708
2.259691980690115
0.53331345
-0.9696951
-1.6495371
1.9863797371459575
0.6373405
-0.8408785
-1.3924131
1.7470243222967827
0.3528128
-0.7991166
-1.5046644
1.739850311198408
-0.0969913
-1.0683341
-2.0464907
2.310599293440694
-0.437681
-1.2377396
-1.8938518
2.3043954437896814
-0.5876496
-1.2774959
-1.4461279
2.0170804468848837
-0.6578251
-0.9721973
-1.4097304
1.8344593996975769
-0.59521306
-0.3219018
-1.9398975
2.0545320053151417
-0.2463271
0.5469303
-2.161003
2.242709109147772
0.16685694
1.502485
-1.7671099
2.32550638898498
0.48208132
2.075393
-0.9271865
2.3236464877823186
0.41631085
2.0089102
-0.14798689
2.0569235814447664
-0.19559109
1.5075293
0.36045074
1.5623140605917651
-1.1945988
0.6122613
0.60631037
1.4729367097878474
-1.4766572
-0.004354
0.88727427
1.7227278022005836
-1.1966488
0.05397749
1.644516
2.0345306899445914
-0.62787676
0.2691946
2.3958764
2.49136884391506
-0.038783908
0.4835062
2.882043
2.9225766568535967
0.33289158
0.60898685
2.8381052
2.921732853170428
0.53063303
0.7783246
1.9525347
2.167891217469186
0.485798
0.8754873
0.84951305
1.3130689931670196
-0.03274107
0.81531143
-0.15548706
0.8306509397659951
-0.39777303
0.690557
-0.5036316
0.9427285938649966
-0.015591264
0.5984144
-0.2037077
0.6323288140442941
0.95669985
0.18376541
0.7104397
1.205723421263
1.8456237
-1.174587
2.016364
2.975181599692271
1.9974773
-2.475789
3.9843092
5.098447540956056
1.0386964
-3.313723
4.4286003
5.6278016636651085
-0.36422843
-3.1030037
1.466629
3.45141946091257
-0.76639235
-1.7852116
-2.098134
2.859458713661003
-0.0231826
-0.5049652
-3.9999247
4.031739670932378
1.1000249
0.40047956
-3.7898707
3.966555010936462
1.4852742
0.77623963
-2.5032568
3.0124544068997796
0.9047458
0.8623271
-1.1368618
1.6895643252782446
-0.12662375
0.5902629
-1.3461919
1.4753564016076002
-0.77167547
0.12361455
-2.1495557
2.2872151807227206
-1.0119048
-0.05050659
-2.6581717
2.8447106384187846
-1.1466275
-0.07871246
-2.2606125
2.5360045813750753
-1.0437158
0.14388919
-1.2875118
1.663650676648669
-0.7353739
0.6092744
-0.6507683
1.1556338137532443
-0.35079432
0.9509368
-0.5742445
1.1649438478583527
-0.01631558
0.92930126
-0.35979652
0.9966546966212422
0.15933007
0.67448807
0.35572433
0.7790122217387524
0.07766467
0.099057436
1.2039528
1.2105150039480408
-0.13706583
-0.30382633
1.736968
1.768659229443142
-0.43909484
-0.47673512
1.7994618
1.9126273867000922
-0.4317211
-0.35840368
1.3284779
1.4421129432657636
-0.34154612
0.10018015
0.9057226
0.9731512074258262
-0.21577603
0.68922925
0.8050232
1.0815075870693982
-0.1687901
1.0838537
0.7359562
1.3209316449727093
-0.2422924
1.3267694
0.73433304
1.5356651802069594
-0.33174002
1.3602118
0.84795475
1.6368430006257502
-0.11982453
1.2375679
1.1955118
1.724871191108347
0.072692275
0.85597897
1.8106604
2.0041145677463343
0.21138263
0.16763592
2.4713306
2.486012812635897
0.4679025
-1.1415222
3.3752785
3.593676491690468
0.25940037
-2.4838142
3.9337158
4.659478623525471
-0.50499415
-3.124776
2.7294235
4.179592808871892
-0.7602526
-2.5726044
-0.22598648
2.692089686108499
-0.32855928
-0.88588226
-3.0461702
3.1893402472084063
0.6526953
0.16469908
-3.965395
4.022125563563657
1.1542256
0.5224929
-3.340868
3.5730426792058836
0.77781296
0.10770583
-2.1095786
2.2509809051273186
0.14341
-0.36969137
-1.4654808
1.5181805802995914
-0.3756045
-0.6826563
-1.7623153
1.9268766000192281
-0.446051
-0.6265701
-2.3905172
2.511199755168367
-0.29171848
-0.2714126
-2.7513423
2.7800447231235577
-0.14143753
0.19275713
-2.7028985
2.713451703728669
0.017094612
0.68284535
-2.3653474
2.4619987984661327
0.29714918
1.0136244
-1.6279583
1.940613367902752
0.45990127
1.2590942
-0.71626616
1.5198239238297278
0.5249806
1.0455825
0.3731761
1.2280504470987772
0.40083086
0.545331
1.1834378
1.3632961152148897
0.21340448
0.3328352
1.6477718
1.6945420725201163
0.16306216
0.36586714
1.850688
1.8935400818157695
0.10746539
0.46124554
1.7142243
1.7784435181355878
0.17790966
0.32302785
1.8732042
1.9091603309840366
0.24575725
0.2852373
2.2034168
2.2353529490561996
0.3958034
0.29714322
2.352665
2.4041603229335435
0.6422542
0.37562037
2.0391912
2.170687014382866
0.50997263
0.36944914
1.4704628
1.5996329244107494
0.055551574
0.38749647
0.7320061
0.8301038311736519
-0.1011262
0.46705723
0.045472145
0.48003819410537496
0.39027792
0.6571188
0.13597679
0.776280658626335
1.131997
0.06600857
0.90940285
1.4535431619120431
0.9937042
-1.605896
2.2176733
2.912803562045414
-0.093764305
-2.9319274
3.0114622
4.204033168542102
-0.8756325
-3.1385016
2.2061415
3.934969618799986
-0.8269199
-1.8595784
-0.2730322
2.053381210900166
0.04714781
-0.33461535
-2.3176622
2.3421675362477345
1.16012
0.75128007
-3.0033464
3.3061140872588157
1.3647983
0.96877337
-2.3567085
2.8905486225657064
0.6819514
0.6984041
-1.6440315
1.9119795072287313
-0.08267748
0.27524972
-1.7404356
1.7640051373733483
-0.5334901
0.101447105
-2.204461
2.2703638437218907
-0.64131254
0.23821735
-2.7595572
2.8430942995129183
-0.6586175
0.5238466
-3.0887117
3.201301613972136
-0.49241748
0.85577965
-2.574399
2.757238485017743
-0.20622858
0.81103754
-1.8028607
1.9876164072363318
-0.21478225
0.57604647
-0.7910657
1.0018711465534202
-0.27525532
0.24248624
0.1486144
0.3957920136552438
-0.3581103
-0.16609907
0.7930989
0.8859107415465792
-0.52016234
-0.43550634
0.921783
1.1445166681291663
-0.7494027
-0.4250195
0.9787617
1.303924977309203
-0.8063812
-0.33235383
0.8787775
1.2381274973243819
-0.5799827
0.07888198
0.65322304
0.8770989719425292
-0.4180175
0.66835976
0.61068535
0.9971860394396915
-0.27695316
1.3008325
0.4502411
1.4041315440342352
-0.033857107
1.6765661
0.32954693
1.7089825613829663
0.19892696
1.613234
0.8880453
1.85222044252385
0.2664018
1.240788
2.3768005
2.6943840749822705
0.025416017
0.6516962
3.157918
3.2245619069700497
-0.21717197
0.09614658
2.9706974
2.980176278859385
-0.16607612
-0.34063148
2.587247
2.614853276354211
0.26170355
-0.98885036
2.6022682
2.7960890193024124
0.17488635
-1.5035946
2.7675142
3.154443960628343
-0.4844988
-1.6472394
1.4976664
2.2784075861311646
-0.61361164
-0.79681325
-1.3416357
1.6767280944785654
0.072227
0.06740236
-3.287466
3.2889501412017537
1.0690924
0.28376532
-3.0628438
3.256454074783539
1.173224
-0.47017908
-1.2321053
1.7651080159535275
0.7049051
-1.291686
-0.08163452
1.4737734819115582
0.10040662
-1.8033239
-0.37942696
1.8455414554897633
-0.41000724
-1.7529476
-1.2727146
2.204707125462183
-0.4467582
-1.2338063
-2.424047
2.756424249171099
-0.1467168
-0.4430822
-3.096116
3.131099241971377
0.13162354
0.35804868
-2.7833505
2.8093706311286333
0.32365
0.7882638
-1.9623604
2.1393847805805954
0.36234954
1.0251753
-1.435813
1.801066477398575
0.3511712
1.0614758
-1.2750645
1.6958305868115628
0.27710623
1.0407166
-0.7595625
1.3178824459235727
0.007164508
0.77128196
0.043572903
0.7725450009445045
-0.26624972
0.42548966
0.93124723
1.057899726190161
-0.32792145
0.30591512
1.0552864
1.146623749197803
-0.24701428
0.43626833
1.1813321
1.2833127885057465
-0.07119757
0.4486134
1.4966898
1.564098303629912
0.03497929
0.38570595
2.109064
2.1443283457560414
0.070121385
0.39284086
2.8096533
2.837849962608721
0.14803445
0.35258007
2.6652708
2.692563011827644
0.12991974
0.28589487
1.9943104
2.0188831344496356
-0.030139506
0.19807005
1.7065392
1.7182595680355608
0.025687791
0.13164091
1.6295509
1.6350612942700031
0.46108335
0.26620293
1.602437
1.6885692599671998
1.0622275
0.11719465
1.5922375
1.9176240133396498
1.5086663
-0.57279015
1.85989
2.4623877717600013
0.8928139
-1.5423267
1.9935675
2.6739857684992865
-0.097862124
-2.2949717
1.0202456
2.513438536299791
-0.6988668
-2.1194508
-0.8195219
2.377415081637607
-0.7084916
-1.1899053
-2.7088861
3.0423509707660767
-0.030492127
-0.20876408
-3.4312472
3.4377273484388766
0.6229984
0.4459045
-2.9863338
3.083041993544681
0.49073732
0.56358266
-1.8872423
2.0298109385578407
-0.005805254
0.30912948
-1.3259192
1.361490510863355
-0.52562255
-0.040000677
-1.3748546
1.4724483596218
-0.77292454
-0.14692211
-1.5480785
1.7365326390866251
-0.53406376
0.0050451756
-1.8360553
1.912158065347415
-0.2050691
0.52501464
-1.7561483
1.8443835834754587
0.1347411
0.9448209
-1.7611761
2.003143224767182
0.23037603
1.112114
-1.6272917
1.9844265427991707
0.22643876
1.0888884
-1.0758209
1.547366593978191
-0.010385096
0.7446971
-0.31669378
0.809306213224867
-0.23815143
0.15139389
0.37105274
0.4661720275622937
-0.45867172
-0.26195717
0.63394594
0.8251598463393642
-0.66573375
-0.3742869
0.8825674
1.1671407054421712
-0.6743238
-0.25729156
0.9397278
1.1849049773928877
-0.50498253
-0.033450603
0.8705344
1.0069540936822527
-0.40781674
0.45974135
0.41678524
0.7425540621178327
-0.2113317
0.97687817
-0.14541197
1.009998346365151
0.31360573
1.2986498
0.0828681
1.3385465698548202
0.963399
1.3338857
1.0354676
1.9441146533067504
1.0235469
0.84109545
2.3989706
2.7404652808874466
0.01438579
0.36258793
3.531911
3.5505029886155524
-0.66269857
-0.23856926
2.9021425
2.986388321264216
-1.0013378
-0.50497484
1.9386415
2.2396445923936317
-1.0998666
-0.29288864
1.1869946
1.6445200867625123
-0.3857301
-0.65569043
0.49374008
0.9069161433240278
-0.12087864
-0.681612
-0.16046238
0.7106016854090932
-0.4606216
-0.31161523
-0.90983677
1.0663391762903591
-0.28422135
0.07248831
-2.0111618
2.0324388986109554
0.26295546
0.26101923
-2.4478579
2.4757392549910446
0.7888035
0.15901613
-1.5522294
1.7484030930693564
0.7842717
-0.4933641
0.118123055
0.9340467431381603
0.48184994
-1.0995445
1.1326256
1.6504600374872478
-0.04356099
-1.7262255
0.9137621
1.9536409840887614
-0.41792107
-1.8368362
-0.32244015
1.9111758516247896
-0.51821154
-1.2626101
-1.52209
2.044378957298505
-0.32646263
-0.5887085
-2.2098289
2.3100864083779125
-0.18455568
-0.04575658
-2.2658567
2.273820772668656
-0.20127463
0.39626646
-2.1727734
2.2177651597090673
-0.17251188
0.6617782
-1.7190652
1.8501069991640249
-0.015426397
0.8167267
-1.1875467
1.4413701081332286
0.17919502
0.74914956
-0.55930376
0.9519226119418961
0.024603605
0.6567805
0.3646698
0.75163155157221
-0.16419184
0.418164
0.95062065
1.0514274793894647
-0.21179861
0.30771613
0.7375121
0.8267236404692464
-0.24988407
0.55263066
0.5095644
0.7921480338293435
-0.054339826
0.5570264
0.92096853
1.0776893177686366
0.16338718
0.4724362
1.7136092
1.7850343758614853
0.2188164
0.4890399
2.351552
2.411812137714746
0.1329152
0.37590933
2.4137125
2.4464222885067066
-0.25758648
0.1436677
1.5287437
1.5569356641125762
-0.6772481
0.18771791
0.46451187
0.8424216870209806
-0.082111776
0.24977303
0.2949953
0.39515964583524976
0.77706957
0.07723522
1.2664604
1.4878589902175268
1.3341701
-0.90738463
2.208354
2.734992518859339
1.3278252
-1.8291559
3.0882835
3.8270650836562754
0.91286206
-2.3788676
3.17165
4.068377190311449
0.28975648
-2.6002855
1.7328682
3.138196167327872
0.0632534
-1.700987
-0.7780647
1.8715614578465827
0.25746173
-0.15028119
-2.737011
2.7531981511524517
1.0640513
0.86044
-3.373303
3.6402932208246006
1.3300815
1.1786845
-2.6028752
3.1517254720601713
0.650347
0.6709664
-1.4502306
1.72520027103789
-0.23437482
0.08857846
-1.106554
1.1345657986843203
-0.8233998
-0.2585795
-1.5019894
1.7322883081394043
-0.76214933
-0.20303297
-2.189918
2.3276243759669866
-0.41818336
0.2589531
-2.4606185
2.509298104406115
-0.012766004
0.7856016
-1.8918805
2.0485469599735313
0.09321672
1.04603
-1.1725698
1.57409909837233
0.017112553
0.9670687
-1.0759616
1.4467923398227205
-0.055262923
0.8349469
-0.97952175
1.2882752760175504
-0.086348295
0.587512
-0.7031722
0.92036819159971
-0.08057088
0.040968895
0.16913033
0.19176856607018597
-0.2483314
-0.40392733
1.0814924
1.1808690097528092
-0.6238754
-0.55681586
1.5049248
1.7216454825462824
-0.90898764
-0.6561425
1.0430498
1.5312524912288408
-0.949372
-0.14184165
0.2751541
0.9985669716241082
-0.8935729
0.9093299
-0.5192065
1.3765641765605923
-0.4543692
1.5778842
-0.68734646
1.780060421100347
0.10768354
1.7679625
0.14731455
1.7773543472812507
0.48071128
1.3032789
2.0293822
2.459270578806886
0.25815517
0.6748738
3.8108482
3.8787449614000065
-0.20336321
0.09553528
4.4009237
4.40665558375486
-0.3044273
-0.26067543
3.9344568
3.954817096903281
-0.50786173
-0.47669125
2.297145
2.40042340199601
-0.7740388
-0.9406388
0.665514
1.3881088811014959
-0.81459785
-1.0627995
-0.20691776
1.3549639286715711
-0.5635717
-0.86173177
-0.68268204
1.23541471900379
-0.28613627
-0.57446384
-1.1858759
1.3484006733026128
0.092871666
-0.6051383
-1.3164501
1.4518465550526802
0.3884166
-0.7675843
-0.9956989
1.3158531498559323
0.3950092
-0.91286373
-0.7314377
1.2346471172691038
0.18576282
-1.0405796
-0.5391817
1.1866046642239445
-0.15018606
-1.3227962
-0.6918354
1.5003272335423163
-0.6219735
-1.4413092
-0.99783134
1.8600781818078895
-0.7197608
-1.283292
-1.7559457
2.290903646426867
-0.5068556
-0.85425115
-2.446713
2.64065371164818
-0.33270073
-0.22371423
-2.6430697
2.673304303773465
-0.017163634
0.38414478
-2.6430955
2.670920396676183
0.24292767
0.9355544
-2.4132729
2.599646426881895
0.5659224
1.3307133
-1.6394835
2.1860859251315135
0.7591957
1.1986458
-0.23132324
1.4375814331872396
0.66098666
0.955086
1.2054939
1.6740095825832557
0.4713285
0.80620646
1.462389
1.735137153393303
0.30427906
0.6756108
1.116281
1.339820527968174
0.1170094
0.563473
1.341219
1.4594729829687656
0.15106839
0.56953096
1.9272261
2.0152884505474424
0.38134387
0.71611404
2.124051
2.2737271363638176
0.56939495
0.8831794
1.7643633
2.0535807946980764
0.60874486
0.95554066
1.2850771
1.7131991831636586
-0.068458885
0.52692795
0.78672695
0.9493571365011865
-0.74429715
0.23766756
0.42635345
0.8900794650616599
-0.18171972
0.17481089
0.5939112
0.645221964324972
0.72036755
-0.13213253
1.0612297
1.2894172873799477
1.4228837
-0.8833425
2.0786457
2.6693931787256355
1.4524264
-1.5570946
3.4327097
4.039502590265021
0.88229835
-2.1535568
3.3054533
4.042558525761143
0.29212064
-1.7879679
0.9550142
2.047978460466841
0.37926394
-0.49184728
-2.043909
2.136192689398078
0.63668406
0.41097403
-3.688394
3.7654372045771485
0.7583443
0.6697135
-3.724522
3.8594905202773644
0.34618628
0.4553256
-2.5697308
2.632618973408262
-0.32064366
-0.11841059
-1.3777466
1.4195136279627343
-0.89624566
-0.63102984
-0.8110628
1.3635533452049928
-1.2303133
-0.68486774
-1.0740604
1.7709660050302773
-1.1221567
-0.44829535
-1.7901139
2.1597945339885065
-0.88240254
0.15468073
-2.4740472
2.6312487568252054
-0.46075577
0.65238404
-2.481063
2.6064485140423854
-0.11960763
1.0007477
-2.1993704
2.4193040553269824
0.015404854
1.2909305
-1.4836845
1.9667380815675577
0.18087567
1.1553276
-0.43995714
1.249423895638112
0.07191682
0.57183576
0.52143955
0.7772176822435534
-0.3255388
-0.1477859
1.0607133
1.1193430452881605
-0.8925003
-0.5702541
1.4614859
1.804906526295628
-1.0511038
-0.678385
1.7859354
2.1805024623144043
-0.8293909
-0.46226287
1.6279459
1.8846177433484226
-0.47197664
0.10903001
1.1567893
1.2541175735513816
-0.19753742
0.70780087
0.4963913
0.8867961160795842
0.1407665
1.0872192
0.44308186
1.1824476276437623
0.81363547
1.2183709
1.3159771
1.9693212739957902
1.1335795
1.1164336
2.7421303
3.1702846806012053
0.6272208
0.8318553
3.2050152
3.370090728806235
-0.09581609
0.2287817
2.9279308
2.93841798114795
-0.77384436
-0.3800912
2.399806
2.549975140768313
-1.235822
-0.6258533
0.7897806
1.5945851251003837
-0.7396605
-0.23253202
-0.950264
1.2264462555634652
-0.30825496
0.26983023
-1.6144619
1.6656280460294028
-0.03208351
0.10477352
-1.513751
1.5177117366224613
0.16203862
-0.5444195
-0.9658346
1.1204845620878756
0.363305
-0.98332906
-0.38193417
1.1157061485889035
0.46685725
-1.1582434
0.2499075
1.2735530122193035
0.34667078
-1.3747894
0.046696663
1.418593340051287
0.27733663
-1.6591171
-0.42232895
1.7343433136665976
0.19505423
-1.8980715
-0.88565636
2.103594283507857
0.11773616
-1.5567645
-1.1260738
1.924946695060373
0.09418893
-0.90447724
-1.6018815
1.842002946120235
0.060028255
-0.29837167
-2.3158002
2.3357138638310615
0.040361136
0.35506475
-2.7375374
2.7607627411796796
0.16636421
0.9735818
-2.783792
2.953817296498507
0.51616365
1.4032733
-2.7020435
3.088145101389559
0.6542665
1.7240422
-2.2650645
2.9207709363366425
0.56938183
1.5975852
-0.70880365
1.8381721045909143
0.39804465
0.8643501
1.2985191
1.6098734259755807
-0.07612872
0.13602519
2.3910604
2.396136145874318
-0.5052668
-0.3278823
2.4108424
2.4849470907369855
-0.8102701
-0.105246305
1.917182
2.0840348270676543
-0.5907552
0.40996623
1.5145922
1.6766196690008712
-0.06271684
0.80298257
1.579423
1.7729330143546518
0.45548195
0.7573075
1.7193947
1.9332088819546402
0.6401976
0.3798337
1.7930641
1.9414441356377907
0.20570026
0.104669094
1.6872797
1.702991795361613
-0.08443678
-0.035017014
1.2425632
1.2459210123617366
0.48024395
0.12904596
1.3005085
1.3923395709588409
1.2729228
0.13388252
1.3660183
1.8719676610973641
2.1369092
-0.2108438
1.5333481
2.6385587474592915
2.0121546
-0.8543744
1.9085474
2.901943338326057
0.8129333
-1.5569043
1.4272394
2.263144773214115
-0.12345934
-1.3489531
-0.34452915
1.3977185324475259
-0.09110594
-0.32834077
-2.3901825
2.4143487951884417
0.22974241
0.24298263
-3.5746794
3.5902861778083945
0.011411428
0.2365241
-3.3002772
3.3087616464649847
-0.6765701
-0.20917583
-1.3990679
1.56808564302051
-1.2154633
-0.6346886
-0.50250816
1.4603749380349222
-1.5354868
-0.8448546
-0.6548338
1.8709105081364972
-1.400772
-0.476686
-1.6117926
2.1879823425389446
-1.0286802
0.07833791
-2.4386506
2.6478928087441758
-0.47434843
0.78667665
-2.2114096
2.3946186690685147
-0.16495828
1.1235046
-1.2481499
1.6874098577088692
-0.005552781
0.92561865
-0.86827517
1.2691345534057599
-0.19214764
0.5796046
-0.8938179
1.0824845118659046
-0.16137955
0.4828372
-0.7265463
0.8871553665259394
-0.12910365
0.21388721
0.06615496
0.25844143245246753
-0.25651184
-0.25026965
0.6275325
0.7226550127998278
-0.5729589
-0.39558268
0.63610125
0.9430759865150846
-0.8299472
-0.10194564
0.6352949
1.050145180065927
-0.71375716
0.2785313
0.67295694
1.0197549041158782
-0.55185205
0.8510635
0.4272747
1.1006423136937704
-0.38402086
1.4431646
0.04302311
1.4940037084939422
0.09500921
1.8862
0.11486387
1.8920810231649239
0.9187664
1.7234802
1.379014
2.3908566630694335
0.90356493
1.0953112
3.5089054
3.785307543617568
-0.13139915
0.4242239
4.37389
4.39637851799482
-0.5456525
-0.28885937
3.5144348
3.5682527372715485
-0.8847165
-0.70992756
1.9534655
2.2589262752855155
-0.4664377
-0.75947857
0.57827663
1.0624385142767803
-0.001570046
-0.634398
-0.01621914
0.6346072424853133
0.029389739
-0.8867595
-0.2964487
0.935461370905121
-0.21016228
-1.1001413
-1.0569334
1.5399958689745699
-0.30603588
-0.8916054
-1.86835
2.0926895872434423
0.004168272
-0.6251776
-2.1114264
2.202041251202409
0.5128207
-0.5767565
-1.6776485
1.8466558026201931
0.9312349
-0.8483083
-0.63343525
1.4099878015058154
0.84458673
-1.1383336
-0.13899899
1.424236893028252
0.19682905
-1.4124917
-0.015431404
1.4262231429410663
-0.4439602
-1.505404
-0.78615093
1.7553846080190838
-0.49307424
-1.1621852
-1.6402311
2.0698200143896024
-0.26038408
-0.2517103
-2.319665
2.3477656232646917
-0.06657052
0.6260679
-2.2924347
2.377319809175378
0.21106344
1.1022778
-1.7841477
2.1077825115720237
0.42550918
1.1499727
-1.1208606
1.6612717415080835
0.52428204
0.93913174
-0.019453049
1.075740887141653
0.51902443
0.60956836
0.93828773
1.2334276741048174
0.21602197
0.49148536
1.2792702
1.3873556044766262
-0.06468722
0.3778653
1.0847073
1.150459222739883
-0.17050219
0.38273764
0.81413555
0.9156286402294719
-0.04446441
0.4172809
1.0113964
1.0949991450023362
0.24790195
0.50620747
1.3569107
1.4693223365682573
0.39368844
0.730577
1.8708267
2.046637717900689
0.41454953
0.6304307
2.2972822
2.418015684495009
0.2052258
0.22470188
1.8837938
1.9082158067764041
-0.5636567
0.12613153
0.9400883
1.1033512499431166
-0.66544586
0.1545353
0.24258423
0.724945853940891
0.049913228
0.11213589
0.45072556
0.4671394974151108
0.9171661
-0.29719448
0.5942545
1.1325443345038195
1.6109684
-0.9196243
1.0500126
2.131537982356179
1.533941
-1.735518
1.2843742
2.648511857420866
0.46866965
-1.9247156
0.613781
2.0738631983622353
-0.33757868
-1.1298853
-1.0374336
1.570626829960672
-0.036388874
-0.20671678
-2.3086061
2.3181281806057985
0.76001775
0.5011723
-2.7356129
2.883119478912988
0.93745637
0.7418721
-1.8245711
2.1813432427618813
0.11023438
0.19893312
-0.5862522
0.6288224395445643
-0.7545715
-0.5265529
-0.3694029
0.9915112571327342
-1.2778645
-0.9077444
-0.7781935
1.7500064032301241
-1.3134264
-0.6189352
-1.4193449
2.0304455851590784
-0.86686647
0.17139769
-2.089326
2.2685055015115534
-0.32957453
0.7730179
-2.0200567
2.1878768596274027
0.0044909585
1.0857625
-1.4168482
1.785037514642317
0.14149879
0.9911933
-0.9610958
1.3878728657688626
0.1591677
0.73932457
-0.60415554
0.9679561561830492
0.054550424
0.46121502
-0.10025215
0.4751268556253015
-0.017651215
0.020376444
0.4139614
0.41483829803619926
-0.21331856
-0.16757345
0.8406553
0.8833386026681125
-0.35452956
-0.26813412
1.07475
1.1630454004303612
-0.5211285
-0.25281453
1.1815815
1.3159122162588783
-0.6237618
0.058237553
0.983572
1.1661407556915935
-0.5717932
0.49478436
0.46507645
0.8877246545489239
-0.29271346
1.1198342
-0.16807032
1.1695970902802038
0.44003642
1.5087833
0.2179699
1.5866853050264536
1.2943869
1.321948
1.7219877
2.5274939278700397
0.7865126
0.8009
3.653039
3.821614486287087
-0.0028591566
0.10058832
4.339799
4.3409654213302105
-0.5156042
-0.24897146
3.4986544
3.545196270371922
-0.95261526
-0.2642994
1.8412428
2.0898576682509655
-0.8195531
-0.20377779
-0.043972015
0.8456512858160278
-0.47942924
-0.113223076
-1.0618114
1.1705192861976503
-0.5520952
-0.48897362
-1.140584
1.3582474427868794
-0.6178894
-0.8661885
-1.1538019
1.5694995502861377
-0.48281932
-0.95343995
-1.455512
1.8057345700978549
-0.05681336
-0.9121499
-1.3942528
1.6670890829109037
0.1614083
-0.9748864
-0.8855591
1.3269028369716556
0.31300133
-1.2051194
-0.62417126
1.3927930155164299
0.10100293
-1.5387039
-0.62191963
1.6627072828899978
-0.24097836
-1.7940795
-0.69290257
1.938273982842017
-0.5605321
-1.5425239
-0.9105797
1.8768940577903435
-0.52504003
-0.7666708
-1.3337178
1.6255012619403222
-0.067605615
-0.115342736
-2.0897765
2.0940487776561283
0.4592324
0.5283029
-2.522242
2.617575818760876
0.89602566
1.2385864
-2.3548965
2.8075783794872247
1.1343694
1.6191077
-1.7804875
2.6605337270037404
1.1679846
1.5519443
-0.51650906
2.0098509181898017
0.8386196
0.96574354
0.80879354
1.5133044381400944
0.37209934
0.4584756
1.0875678
1.2375223138512141
0.0027138293
0.31698108
0.8623929
0.9188067892260521
-0.1587193
0.34552217
0.6669302
0.7677064744641294
-0.27637362
0.4832766
0.7250805
0.9141555477939403
-0.2210989
0.53985023
0.7945852
0.9857426784900389
-0.16155624
0.6004319
1.0149093
1.1902352002863688
0.14656705
0.46119213
1.3520594
1.4360517587126804
0.40455785
0.15443373
1.9550524
2.002435155382983
0.05932642
-0.21738768
2.4029703
2.4135126271570515
-0.18621296
-0.39992285
2.1598806
2.204472231341575
0.119180225
-0.35441494
1.8658104
1.902908899224437
0.6546297
-0.65894294
1.779952
2.0077289014697364
1.7571964
-0.7761514
2.259059
2.9653831262707504
2.0684724
-0.67838216
2.8415422
3.579545051607712
1.1606146
-0.63847375
1.8518553
2.2768493429744154
0.18533146
-0.67550015
-0.49133873
0.8556062074078508
0.0563277
-0.210958
-2.5919056
2.60108645554248
0.44728804
0.45564127
-3.3836322
3.443347604161319
0.46509063
0.61351013
-2.9903789
3.087890779421644
0.019646049
0.2647953
-2.0973372
2.114078054208763
-0.6278445
-0.5121703
-1.5323019
1.7333366791374976
-1.1994672
-1.0916052
-1.651052
2.3143673136452394
-1.4001069
-1.0035287
-1.9720645
2.6184742056257386
-1.1967
-0.38527417
-2.3782725
2.6901129506728765
-0.70070153
0.2663889
-2.3852892
2.5003101156533516
-0.22345763
0.71493554
-1.659235
1.8204743800404852
-0.04086007
1.0009892
-1.0285916
1.4358446292502973
0.10138723
1.0880957
-0.93396425
1.4375398879114791
0.1385706
0.87430716
-0.30663872
0.936825541437123
-0.099833265
0.35084987
0.5897865
0.6934770940863371
-0.43229312
-0.27094412
1.4448328
1.5322629730974986
-0.6408001
-0.35083055
1.657691
1.8115314658262127
-0.6045775
-0.13126636
1.3989363
1.5296298428229909
-0.64072156
0.052046537
1.3528228
1.4977858414198648
-0.6198376
0.6009226
0.94435215
1.2794950608355293
-0.3464719
1.3273282
0.023814201
1.3720094932027536
0.105894744
1.9199443
-0.019255638
1.9229588127545887
0.6938007
2.053103
0.7813854
2.303726254453107
0.5895171
1.799542
2.2263508
2.9227588968980958
0.034911275
1.0182538
2.872837
3.048155530190425
-0.6424475
0.052289486
2.7541256
2.8285474935842805
-1.2647797
-0.78560495
1.938981
2.444686175685769
-1.2761436
-1.2682142
0.7888708
1.9644914618403917
-0.69147265
-1.2597375
-0.15420151
1.4452858587335586
-0.31184268
-0.95416
-0.7554312
1.2563213726664277
-0.2035054
-0.64840627
-1.1904459
1.3707686253419291
-0.124497175
-0.68344593
-1.3967209
1.5599445808788235
0.06512332
-0.9489827
-1.0675774
1.429870843856778
0.2666191
-1.1767349
-0.44417477
1.2857223701601321
0.41249287
-1.1788926
0.07753277
1.2513790629588346
0.31084073
-1.2457412
-0.045233727
1.284733201171885
0.3061334
-1.2915587
-0.68741035
1.4947824333871609
0.2947061
-0.9681246
-1.5229325
1.8285077338322433
0.15148896
-0.6365936
-2.2832866
2.375204780182697
0.11736047
-0.21430945
-2.6693883
2.6805476373567614
0.17433357
0.108195305
-2.3193855
2.328443159855
0.38463312
0.67648745
-1.5452199
1.7301105619392692
0.7367474
1.1464443
-1.1940379
1.8118658600728315
0.8422257
1.3461962
-0.93990755
1.8452681417406782
0.7810408
1.3221233
-0.51059055
1.6182512848022585
0.41797358
0.6861186
0.4534402
0.9225338343486573
-0.037201226
-0.083174706
1.1595426
1.1631168902656097
-0.41283327
-0.39598203
1.3911514
1.5041726409004463
-0.43369612
-0.3780775
1.6300678
1.7286283811872267
0.07442261
0.20319343
1.9208012
1.9329520345539752
0.5805164
1.1662042
2.1227417
2.4905951025495394
1.1769276
1.4118037
1.8744068
2.625214159267591
1.2977993
0.99919844
1.2850056
2.081806907948872
0.57472193
0.6844373
1.3574467
1.6252450024701504
0.15331978
0.32153702
1.488184
1.5302237360806423
0.4980666
0.18061543
1.3629293
1.4622820210830534
1.2335509
-0.18111897
1.588337
2.0192241619686695
1.5039883
-0.99148464
2.2513342
2.883318931528922
0.6630589
-1.9615585
2.482936
3.23300628450056
-0.4655409
-2.5077739
1.7488432
3.0925896520425096
-1.0351477
-1.8568208
-0.1983366
2.1350999798916446
-0.7706573
-0.4358387
-2.1774597
2.3505740702273656
-0.37519032
0.34468985
-3.4926085
3.529574106260135
-0.032001734
0.58604026
-3.544909
3.5931666688598063
-0.14435375
0.5952461
-2.5677767
2.639816882834156
-0.42577156
0.3421216
-1.9776068
2.0516474175292627
-0.71219736
0.108976126
-1.8157601
1.9534804364082297
-0.81875485
0.0029051304
-1.670959
1.8607718726311127
-0.73161834
0.06744623
-2.1067429
2.2311835271085667
-0.56614107
0.30678463
-2.4132314
2.4976625005114648
-0.34948334
0.72426796
-2.0378451
2.1907797069039434
-0.11103487
0.88587236
-1.262527
1.5463094737180303
-0.054351397
0.77765083
-0.47755098
0.9141935270901902
-0.13158774
0.28118658
0.27301311
0.4134215666568915
-0.0554708
-0.3611517
1.0994763
1.158600814499413
-0.1401447
-0.5685642
1.4886656
1.5996971618634799
-0.29599047
-0.531466
1.43993
1.5631585831296717
-0.18699299
0.057498455
1.1519437
1.1684377487765933
0.19133994
0.957711
0.67638826
1.1879908902303864
0.35226953
1.716188
0.4798193
1.8164859877281385
0.33544576
1.9475589
0.2765956
1.9954985983625482
0.45606205
1.6767998
0.34002876
1.7706692638311143
0.6330002
0.8740916
1.1760736
1.5962062682133515
0.2957104
-0.12816286
2.588069
2.6080589401980308
-0.55256057
-0.44346428
3.7674656
3.8335076306288154
-1.1469014
-0.44670916
3.4774895
3.688883893521564
-0.9903049
-0.48378134
1.4374075
1.8113223228995114
-0.7462753
-0.7662668
0.8128233
1.343418524023127
-0.8115407
-1.1339917
1.2746668
1.8892619997102558
-0.8216151
-1.3860338
1.0657015
1.931802432358132
-0.56152403
-1.2084258
0.25113773
1.355976504336113
-0.02400893
-0.93992543
-0.26260853
0.9762169188341816
0.4519717
-0.80557036
-0.6161432
1.1103398063258743
0.8136027
-0.81683874
-1.7225771
2.0727872057285412
0.96500146
-0.99440527
-2.8413978
3.161267362270138
0.8141391
-1.14412
-3.0890622
3.3932489183289696
0.37166852
-0.9957409
-2.6053252
2.813779836434618
-0.097229615
-0.75445485
-2.222166
2.348760919388202
-0.25016624
-0.5422722
-2.2987108
2.37501867186585
-0.24610168
-0.24611247
-2.5476527
2.5713170648043207
-0.13175905
0.42751765
-2.4556708
2.496087159340624
0.15891263
1.1579583
-1.6848941
2.0506068564242774
0.58681685
1.3017774
-0.04930067
1.4287787712717943
0.7069583
0.941823
1.2591743
1.7240477324602326
0.5157672
0.5734143
1.7505002
1.9128697630025289
0.10615599
0.3323176
2.3082814
2.3344950735726893
-0.31347036
0.18157816
2.287158
2.3156696969067325
-0.6376793
0.08397102
1.4351625
1.5726975126202059
-0.5216356
0.42343426
0.44327736
0.8049193113179383
-0.19512656
0.89803267
0.19756222
0.9399829092399704
0.10438789
1.1283135
0.6292286
1.2961160668216005
0.15629405
1.0635414
0.81367207
1.348187770239911
0.22080329
0.7588959
0.8194895
1.1385254021425488
-0.110661566
0.47687244
0.8471279
0.9784063403840383
-0.6784606
0.3891592
0.82326984
1.1355733967437287
-0.46232328
0.23471308
0.8922901
1.031995503848284
1.0666624
-0.6396656
1.5450993
1.983500070001184
2.3971114
-1.7988555
3.0135345
4.250107707734446
2.40036
-2.607455
4.850998
6.007722653038344
0.8400245
-3.0321527
4.643112
5.608750332449114
-0.52316594
-2.5597973
1.4773474
3.001469570073654
-0.64454544
-1.067173
-2.0282679
2.3807913791626034
-0.048288167
0.23035622
-4.380734
4.387052012121085
0.7275139
1.1074893
-5.052199
5.2230760381379575
1.1412969
1.3954775
-3.8578844
4.258308143814943
0.5299653
1.1125515
-1.9907203
2.341281862872041
-0.45709407
0.35373998
-1.075429
1.2209072095024618
-0.990083
-0.32992363
-1.1706319
1.568277055188025
-1.0142484
-0.6201962
-1.5494213
1.9529590993994221
-0.7156306
-0.1552229
-2.166572
2.286975312640572
-0.49589005
0.50406027
-2.5415401
2.6380694059448615
-0.32009757
1.1617312
-2.4277968
2.7104020263213924
-0.060711205
1.3277802
-1.6511025
2.1196286250467735
-0.017923176
1.0277476
-0.42832375
1.11357428726267
-0.09478372
0.3127122
0.86784935
0.9273270204572809
-0.26736313
-0.17887115
1.8779731
1.905324367231589
-0.41308808
-0.53383064
2.2110624
2.3117989173285327
-0.76334214
-0.62626195
1.6117897
1.8901749382599358
-1.1354827
-0.53165555
0.7761154
1.4745621629445451
-0.9275398
0.110976934
0.16886711
0.949295574580082
-0.34746742
1.130738
-0.075595856
1.1853340875503777
0.21235858
1.8929172
0.03529167
1.905118637796179
0.78663325
2.1540642
0.85949993
2.448984429985574
1.1196392
1.7922049
2.0398455
2.9371006470976853
0.6735294
1.127306
3.0990438
3.3657886405131596
-0.38438067
0.4574809
2.981059
3.0403536919583205
-0.8208214
-0.07071781
1.8255625
2.0028546940952006
-0.59153485
-0.32855606
1.4029884
1.5576389227519563
-0.24338451
-0.66507053
1.3982038
1.5673317779123324
-0.21769196
-1.0683577
1.4480057
1.8125943784148209
-0.75642335
-1.5174012
1.4955091
2.26080303728179
-1.3444682
-1.8613133
0.79034996
2.4283194170753597
-1.2671107
-1.8184928
-0.43266106
2.258247412798449
-0.6344471
-1.4777786
-1.0663042
1.929600269647203
0.3083864
-1.1630691
-0.7534447
1.4196868660027149
0.4459067
-0.9496089
-0.9360285
1.4059655643603488
0.30309522
-0.97037685
-1.8559027
2.116098496883059
0.29227555
-1.1746967
-2.9672112
3.204634148103861
0.27595842
-1.0048797
-3.9098897
4.046377733233733
0.35484198
-0.30207908
-4.2541447
4.279592596967673
0.49073267
0.5972651
-4.43378
4.500661165621599
0.5075078
1.0907278
-4.282523
4.448286673933695
0.42515987
1.4548521
-3.8703823
4.156586826988336
0.44738817
1.6044147
-2.7592025
3.2229645922565537
0.66053766
1.7010806
-0.9508848
2.0577091871785536
0.8080729
1.3417108
0.9018259
1.807334972672591
0.72307277
0.7669108
2.1809664
2.422313035298907
0.31413838
0.41050053
2.9897585
3.0341143102266224
-0.058977842
0.1292026
3.242227
3.2453364144088344
-0.1850883
-0.06135893
3.0764523
3.0826257632697667
-0.19020858
0.13861799
2.6220531
2.6325950645967953
0.18493673
0.6280422
2.044013
2.1463055384297998
0.65360475
0.7246156
1.9110222
2.145756939265775
0.75655794
0.4456172
2.0421352
2.2228969450352554
0.045960784
0.17261887
1.9363356
1.94455780955254
-0.68340725
0.046157837
1.0549049
1.2577760110621032
-0.73826194
0.23612404
-0.021820068
0.7754104573286298
-0.1922144
0.25785208
-0.49629593
0.591391345784941
1.2252886
-0.6556313
0.33463097
1.4293923829042918
1.9800496
-1.6085997
1.8995934
3.1806672107656357
1.1090301
-1.9687485
3.7185087
4.351232437409571
-0.020657301
-1.9504095
4.1163616
4.555102268917555
-0.10846317
-1.8591242
2.101735
2.80809506802597
0.4878379
-0.93567526
-0.210989
1.0760995940981262
1.0644776
0.14784884
-2.141613
2.396138135898804
1.1810243
0.82696295
-3.0693655
3.391119433096022
0.7341299
1.0025048
-3.5280948
3.7405099951482166
0.070156336
0.74454284
-3.5043445
3.5832521444186645
-0.3461008
0.2508695
-3.1903791
3.2188880668583195
-0.6216457
-0.07894707
-2.877915
2.945347307642051
-0.5624387
-0.13977194
-2.60879
2.6723881278964376
-0.45378172
0.1525023
-2.814869
2.8552867241700404
-0.45879328
0.64298034
-2.7537198
2.86476669187083
-0.43981838
0.83616495
-2.4749568
2.649155150999768
-0.66597396
0.74171567
-1.9225047
2.165568684868212
-0.91202074
0.3022375
-0.9633956
1.3606103129332359
-0.83304614
-0.21406579
0.5125756
1.0012610947545497
-0.80434287
-0.5045254
1.3370953
1.6399198197326532
-0.89630204
-0.54918766
1.6289616
1.9386800433387825
-1.0656374
-0.3933816
1.9007616
2.2143231138244013
-0.90613997
-0.10784626
2.2024784
2.384036790851915
-0.23074883
0.70668244
1.5742774
1.7409751334476904
0.33637923
2.0095286
0.55456877
2.1116114310748433
0.855204
2.5116735
0.23296547
2.663484661719097
1.1668342
2.1127687
1.1478834
2.672626055179204
1.0330663
1.2573433
2.9370975
3.357779048364302
0.4970107
0.41594315
4.0658417
4.117171054061674
0.13328874
-0.31080723
4.2716455
4.2850113655571676
-0.16535032
-0.70833254
3.5935297
3.6664058130127057
-0.42341518
-1.0071993
2.809702
3.014656820677929
-0.7945881
-1.1888318
1.9949341
2.4544761484168007
-0.98809695
-1.3264761
0.5386677
1.739550866225683
-0.82495415
-1.233563
-0.6876373
1.6355647204336405
-0.49907297
-1.2664933
-0.70716953
1.5340039148293168
-0.15792283
-1.5724801
-0.1558485
1.5880560043942566
-0.21827562
-1.6908557
-0.51924324
1.7822038873771573
-0.15163615
-1.8047099
-1.3309374
2.247524383039249
0.043412164
-1.5318747
-1.995616
2.5161494306695094
0.38715622
-1.2599761
-2.9066
3.1915126301884413
0.42847738
-0.83559847
-3.6736946
3.791813494735391
0.2508446
-0.43863535
-4.2682166
4.298022307766288
0.15087625
0.12793195
-4.479514
4.483879886103977
0.04408656
0.6807848
-4.15822
4.21381117340378
0.06208431
1.176697
-3.671341
3.8558027901534557
0.26801863
1.7994397
-3.155424
3.642323241124334
0.4672426
2.2554955
-2.3136492
3.264743229582158
0.60746825
2.0150862
-1.3069568
2.4774434060293133
0.3748836
1.500978
0.08832836
1.5496046854250631
-0.10614976
0.9173088
1.507184
1.7675765063873805
-0.4028698
0.4771886
2.38561
2.4659985045454036
-0.57512355
0.38175058
2.892984
2.974198491453612
-0.35283858
0.47012138
3.042225
3.0984903105035957
-0.113719076
0.6595707
2.7670527
2.846848361480063
-0.022022247
0.71153116
2.5392532
2.637151566762495
0.005366534
0.53091764
2.4987507
2.554536587518651
-0.4515628
0.23702908
2.305458
2.361192218160367
-0.7826297
-0.0019130707
2.369176
2.4950967388472245
-0.2392008
0.025284767
2.1826448
2.1958585989823782
1.1379001
-0.5926876
2.3705235
2.695454823150223
2.2280889
-1.7804263
3.907549
4.837689157972033
2.1234055
-2.3666987
5.7232695
6.547207698698915
0.7640281
-2.2074783
4.5709543
5.13325654174703
0.19367349
-1.3216189
0.9561043
1.6426567938763903
0.39244354
-0.4711945
-1.6637945
1.7732028217738112
0.7659801
-0.09348202
-2.9935703
3.09142809733127
0.91541123
0.024812937
-3.1954775
3.3241044236638215
0.47183967
0.03900385
-3.368495
3.4016043804571128
-0.10903001
-0.17565584
-3.7061062
3.7118682015468027
-0.4243276
-0.46613598
-4.167732
4.215130418816461
-0.79914886
-0.6104137
-4.3033586
4.419291573968284
-0.9113005
-0.5917604
-4.070925
4.213440443158298
-0.7865013
-0.28187203
-3.3869848
3.4885100730694796
-0.53343296
0.2073741
-2.6482964
2.7094331904479536
-0.33480906
0.7060311
-2.022869
2.1685425145170814
-0.26018584
0.9670508
-1.771524
2.0349891872259334
-0.40734628
1.0456219
-1.256329
1.6845233236200157
-0.4714445
0.7292373
-0.33851767
0.9320091942018502
-0.6951056
0.15051818
1.1082458
1.3168281761937188
-0.9889562
-0.50016284
1.7485094
2.0701406731466854
-1.4347264
-0.64146566
2.0461993
2.580087180919478
-1.8373111
-0.7583387
2.5639944
3.2442035335938484
-1.63457
-0.53771806
2.5913277
3.1106172313443716
-0.5453422
0.7956569
1.7091436
1.9625595496795016
0.76274246
2.4561186
1.1336403
2.8105933614336602
2.2995427
3.0489898
1.5734577
4.130375913641309
2.8586066
2.948678
2.9442844
5.053231125320531
2.2179322
1.9452243
4.3397427
5.247522041816089
1.1346151
0.8321729
4.6286726
4.837816899291893
0.19900835
0.0068540573
3.2585745
3.2646529653816194
-0.5150005
-0.50400305
0.588068
0.9300906164875736
-1.082377
-0.77861357
-1.2495403
1.8273286307542411
-1.6090617
-0.8144269
-1.4746428
2.3295797628849426
-1.8886728
-0.91969204
-1.7926292
2.761600648332257
-1.9131641
-0.9809201
-2.1657715
3.0517154684562318
-1.6646067
-1.2061155
-1.7632627
2.7082698129883305
-1.3125317
-1.6965604
-0.4069605
2.183271298971085
-1.0385332
-2.1961765
0.65126514
2.515131931674366
-0.86530304
-2.6801455
0.7968235
2.9269192650767364
-0.64627385
-2.8528004
0.6068125
2.987366939119276
-0.51318836
-2.49293
-0.41093826
2.578164580070231
-0.33393633
-1.4082434
-1.8380556
2.33946813456583
-0.048797607
-0.24935931
-2.8648276
2.8760733881196594
0.24443531
0.3176602
-3.4372482
3.4605393019198374
0.62842
0.8517208
-3.60788
3.759938738912316
0.8819775
1.3747375
-3.7137403
4.057050130540508
1.0005476
1.8965802
-3.3272495
3.958371025039846
0.9958051
2.1876407
-1.9684389
3.106791127158066
0.9268886
1.9608021
-0.414042
2.2080075965418957
0.64957356
1.258353
0.706892
1.5827489661281295
0.22852394
0.6619177
1.2627048
1.4438772962854274
-0.16194588
0.32650566
1.5924339
1.6336089751502365
-0.1793561
0.23822021
1.8179092
1.8422029114419098
0.10934287
0.46638846
1.9293375
1.9879178237778412
0.5088538
0.74852157
2.409213
2.573620832406235
0.7020487
0.85930634
2.5824242
2.8107284900765457
0.51183957
0.6567993
2.5179653
2.6520773932267336
-0.08086085
0.25728893
2.5047045
2.519182521136288
-0.42477664
-0.15808773
2.3600216
2.403149874276947
-0.2019153
-0.44825077
2.2710896
2.323692454527918
0.8957472
-1.1132531
2.6251535
2.9888336269496434
3.2946742
-1.6988851
4.536463
5.858377193686478
1.7470117
-1.1714027
2.8783474
3.5649849774444067
0.6008191
-0.9064765
-0.16047668
1.09928886661699
0.50747037
-0.5719526
-1.9211597
2.0677308306362963
1.321519
-0.208565
-2.6171913
2.9393201018488635
1.7275918
0.13577485
-2.3580732
2.926348846343444
1.1598914
0.14309621
-2.1507778
2.447788824977218
0.20007586
-0.20730376
-2.283739
2.3018404687243272
-0.59459186
-0.5642383
-2.8383017
2.954295254497192
-1.1690342
-0.7157105
-3.396874
3.6630090040824714
-1.4868516
-0.7832581
-3.5525966
3.9300334315540275
-1.6108608
-0.53849983
-3.163858
3.5909402229179914
-1.3499802
-0.093696356
-2.577055
2.910745241099183
-1.194906
0.43069816
-2.2340262
2.5698587776598694
-0.9099561
0.850214
-1.9327884
2.2992509244066883
-0.6321968
1.082397
-1.0827136
1.6563588232601056
-0.5440647
0.7778108
-0.038734436
0.9499981353139145
-0.63444936
0.23917627
0.7772951
1.0314644677222395
-0.7757101
0.015127659
1.3611655
1.5667567443653798
-0.8121042
0.18448472
1.7976165
1.9811544641993077
-0.7684358
0.59195185
1.6449518
1.9096510517460552
-0.8369305
1.0405083
1.3810835
1.921067851459414
-0.42820895
1.5564132
1.3347106
2.094573357232476
0.32780933
2.0610743
0.9720006
2.3022318543269877
1.0896837
2.0779004
1.2334557
2.6507533927823093
1.3390951
1.0685582
2.5228844
3.049580004181608
0.5311442
0.23426914
4.967964
5.001766083663697
-0.4369973
-0.586391
5.7479963
5.794332023611826
-1.0774351
-1.028398
3.6828547
3.972642326518127
-1.015177
-0.3285551
0.3298998
1.1168557054489283
-0.5746368
0.13172054
-1.0844955
1.2343777040862391
-0.47120166
-0.29684973
-0.79481316
0.9705043412651433
-0.7025727
-0.93850183
-0.7699251
1.402561521489778
-0.8417009
-1.1836734
-1.6387444
2.189754740947143
-0.8265897
-1.3108575
-1.8051586
2.3791165063205653
-0.5923188
-1.54668
-1.2066221
2.049145553043657
-0.16356635
-1.7506609
-0.3715353
1.7971104343256792
0.3403257
-1.8334005
-0.017585754
1.8648024772995802
0.5787183
-1.8497927
-0.06386852
1.9392594378085457
0.6851566
-1.5334644
-0.5490885
1.7670457913003403
0.7511536
-0.8628528
-1.619134
1.9825088256408587
0.83842766
-0.11184311
-2.8352575
2.9587419970863067
0.9465542
0.4851339
-3.2833471
3.4513314538923185
1.052209
1.0929601
-3.2395935
3.577243746384208
1.0907643
1.483453
-3.1701138
3.6660634902975398
1.0909626
1.7077408
-2.7812572
3.441216142060384
0.95704603
1.8105564
-1.6925352
2.656826540142261
0.750314
1.5825205
-0.3273945
1.7817209524669448
0.16354874
1.0476654
0.8528247
1.360757453649944
-0.46292302
0.57764316
1.32199
1.5151326274417047
-0.79937935
0.46594524
1.5517554
1.8066701855689733
-0.76208663
0.48384714
1.6819367
1.9088728323974054
-0.67479163
0.4866767
1.8780198
2.054058486328661
-0.26019055
0.41232586
2.4371119
2.4854025964799655
0.2362114
0.33752203
3.2099972
3.236324883541678
0.47244263
0.15509605
3.2000675
3.238470166336184
0.06766555
-0.18238115
2.2037964
2.212365218545413
-0.52430665
-0.33361053
1.2841978
1.4266595512878193
-0.2930315
-0.40096378
0.88179016
1.0120243509401106
0.89563805
-0.32460165
1.1804419
1.5168970806336413
2.367552
-0.63126135
1.9441719
3.1278743494851247
3.464638
-0.99917245
3.9763546
5.367816827073524
2.9057856
-1.4275765
5.533148
6.410716811641464
1.0298443
-1.7358232
3.1891937
3.7742042157464404
-0.1299746
-1.1396614
-1.2831984
1.7211389758193476
-0.2572086
-0.29498267
-3.995369
4.014491771108498
0.07004523
0.24285412
-4.789876
4.796539990782805
0.15946555
0.4586029
-4.4256625
4.452216875604992
-0.28231478
0.5086193
-3.7971888
3.841488925245101
-0.815783
0.34943485
-3.6889744
3.7942243200980017
-1.2693727
-0.0039258003
-3.6943393
3.906336546892796
-1.4445391
-0.35556698
-3.4687886
3.7743363662362106
-1.3548291
-0.2384851
-2.675432
3.0083837982199975
-0.92297286
0.25740623
-1.6538434
1.9113698899044438
-0.35530603
0.8992858
-0.48797703
1.0830876670958696
-0.05823213
1.336175
-0.01880169
1.3375754326200107
-0.15001518
1.3026137
0.28375483
1.341575148918471
-0.43796217
0.6628499
0.8092737
1.1340656583841366
-0.6491661
-0.23586488
1.4403782
1.5974161205448358
-1.0671263
-0.9012065
1.895463
2.3545087942695138
-1.2291118
-1.4334795
1.9798884
2.7359710395016426
-0.83772206
-1.2119061
1.514957
2.1131940390031088
0.015521735
0.36356664
0.80590916
0.8842574253714206
0.7555776
1.7465281
-0.121417046
1.9068299333766414
1.0641488
2.3357496
-0.34613085
2.5899701440040337
1.1118083
2.381917
-0.25008917
2.640490737300692
1.008199
2.1890068
-0.25753164
2.4237447104905376
0.71462184
1.7818513
-0.28263998
1.9405060490565782
0.23459387
1.2530985
-0.15332842
1.2840559867197945
-0.20688933
0.5504532
0.3715005
0.6955677806836491
-0.65201324
0.08027458
0.94076157
1.1474308610586212
-1.2992474
0.033573627
1.235281
1.7930672146889006
-1.9626021
0.8236494
1.0188704
2.3597251177580354
-1.9646461
2.0533028
-0.06597042
2.8425760046628756
-0.8553717
2.8799658
-1.0564256
3.1846348470251216
0.95908266
1.7408562
-0.8183255
2.149436357825361
1.5640565
-1.2236991
3.4940119
4.018934259298901
0.21695007
-4.1086597
7.88624
8.894994858498505
-1.7762778
-5.616007
6.2630234
8.597682871380867
-2.340396
-4.4851446
0.36375237
5.072109192091013
-1.604166
-1.4927101
-3.941946
4.510041160311089
0.38686228
-0.067935705
-3.8775635
3.897406370984845
2.1329138
-0.15777802
-0.826602
2.292920815585796
2.1047263
-0.8004296
1.1468201
2.5270054397675414
0.925298
-1.394996
0.82168865
1.8647687880140704
-0.34002542
-1.3573323
-1.346117
1.9416486561912676
-0.842798
-0.7602546
-3.612832
3.7869317109967064
-0.94621974
0.1349566
-4.8362722
4.929814791962944
-0.5539475
0.7668495
-4.5432253
4.640669388992248
0.11229676
1.2072415
-3.1442475
3.369916124516944
0.67976874
1.2914047
-1.2091217
1.8952010710840834
0.6893825
1.0407853
0.3045025
1.2849918712551822
0.4978759
0.6602459
0.80288744
1.1525767979717354
-0.07287815
0.09532452
0.45077372
0.4664707241511078
-0.55246574
-0.11527634
0.50618696
0.7581110100898052
-0.51858705
0.03036213
1.1825857
1.2916513975327915
-0.30760944
0.1698575
1.5819688
1.6205246995163491
0.029724538
0.26613045
1.4417882
1.4664454134313116
0.33789885
0.4044404
0.8316498
0.9845755539300358
0.5231468
0.6300101
0.2899084
0.8687014724021633
0.68666804
0.6878829
-0.41546488
1.0570274110486113
0.5838109
0.7724881
-0.46644688
1.0747770765842055
0.27551264
1.1427999
0.40064812
1.2419410797032229
-0.3350447
1.779983
-0.28473568
1.8334854958706697
-0.18375987
1.6270146
-1.7332621
2.38435348961003
0.8068421
0.37457705
-0.54768133
1.044632459828635
0.7412417
-1.0755682
2.7222013
3.019381856245288
-0.30339572
-1.5499847
4.211875
4.4982654619461595
-0.817325
-1.6000757
2.2317753
2.8651498315321846
-0.83390397
-0.55605364
-1.3596029
1.6891156691970513
-0.49090993
0.57795954
-3.5968056
3.67587270430365
0.009497881
1.194036
-3.5593133
3.754267235586232
0.49793085
1.3651161
-2.265181
2.691193460100009
0.670326
1.2376609
-0.77018785
1.6044721271284763
0.5400915
0.89436054
-0.0300498
1.0452189655965805
0.11795397
0.17535639
0.08705139
0.2285627903314488
0.021579444
-0.5492449
0.50251245
0.7447512066573003
0.09770873
-0.77266884
1.1911383
1.4231564961509402
0.051351927
-0.5032129
1.5926418
1.6710381240467922
0.060235158
-0.39107847
1.4273424
1.4811741902069553
0.10564897
-0.25923252
0.7473097
0.7980194102008497
0.2569017
-0.1652484
0.019408226
0.30607548042364974
0.3166123
-0.113045216
-0.46331358
0.5724351911634641
0.22647479
-0.078944206
-0.37065077
0.44148047844269744
0.09307322
-0.1512618
-0.48422575
0.515768666915616
0.013166994
-0.017580032
-0.6938386
0.69418616631159
0.15227035
0.2732401
-0.83854437
0.8949877311355777
0.36698255
0.53654194
-0.5099449
0.8261944562563011
0.6268589
0.6016159
0.1628213
0.883970901582118
0.5053178
0.3357253
0.5937743
0.8488966484516842
0.09779644
0.08087444
0.6205864
0.6334290032741422
-0.1592677
-0.11151314
0.40836287
0.45228488914698317
-0.27298158
-0.22711706
0.06620121
0.36122527849687086
-0.23370817
-0.108910084
-0.11176062
0.28101842671520344
-0.10652137
-0.30930948
-0.028116703
0.3283438860743295
-0.19630806
-0.52325964
-0.01483202
0.559068411448801
-0.14555427
-0.499053
-0.11529541
0.5324781470672642
-0.078136206
-0.22302914
-0.16118956
0.2860582664689884
0.079227775
-0.07882452
-0.22471952
0.250976517970456
0.059551507
-0.0017681122
-0.1950984
0.20399238550242949
0.120424956
-0.058875084
-0.17906332
0.22367860916505047
0.0158948
-0.30375862
0.3738966
0.48199647997524486
-0.10603657
-0.6222482
1.2376442
1.389316285918077
-0.14995156
-0.82341003
1.231451
1.4889463205236786
-0.441742
-0.41739225
0.35309124
0.7028696232196076
-0.44150022
0.16024923
-0.1887064
0.5061742325586713
-0.3876767
0.32356644
-0.26971722
0.572482175507903
-0.218204
0.14010048
0.14814472
0.2986435912577773
-0.013672848
-0.40506697
0.65864754
0.7733581193974838
-0.16033646
-0.90249276
0.87551403
1.2675668395587758
-0.30448243
-0.7756245
0.73105717
1.1084888303759206
-0.36616904
-0.49025512
0.3090334
0.6855154872566613
-0.10139912
-0.3998654
0.059521675
0.4167936509069358
0.08360179
-0.19730902
-0.0060129166
0.21437411563902187
0.08603505
-0.042925835
0.041158676
0.10458821046980459
-0.16484606
-0.23353815
-0.059010506
0.29188445026937515
-0.31958225
-0.34772086
0.05622101
0.47560846482958086
-0.23268148
-0.2398696
0.17139053
0.3755699832759207
-0.055900604
-0.08463526
0.022191048
0.10382893220431277
0.08169338
0.0012447834
-0.1086607
0.13595038166616893
0.09983121
-0.044972897
-0.060112953
0.12490956193886532
0.07603425
-0.14323878
0.074492455
0.1784591881921324
0.034012347
-0.11459112
-0.03234291
0.12383064544230574
0.115316495
0.1305089
-0.38213062
0.4199455609405931
0.3450809
0.21932888
-0.34401226
0.5343504637946687
0.3373563
0.23292422
-0.3288393
0.5255456858701312
0.22391637
0.12887812
-0.15964127
0.3036996035898917
0.052719254
0.0456419
-0.14303589
0.1591281456377948
-0.007623993
-0.07840824
0.011984825
0.07968446162452598
0.13180682
0.021549225
0.25858498
0.29103881948321303
0.3812575
-0.013406277
-0.011483192
0.38166590658609145
0.3394825
0.19230366
-0.25818443
0.4678549486470743
0.16432577
0.23428774
-0.39425278
0.4871641885344443
0.005046785
0.13763094
-0.074067116
0.15637673364336938
-0.08406919
-0.23082972
0.025022507
0.2469334128844644
-0.16685414
-0.26893973
0.3034916
0.4384929084704619
-0.07219176
-0.17301393
0.36920643
0.41407592319827125
0.09164478
0.014817715
0.26088905
0.27691411603167543
0.11162306
0.12294483
0.1780653
0.24347974974958836
0.07014483
0.006418705
0.13862133
0.1554907351912217
-0.23118836
-0.23620057
-0.13426876
0.3567448232966198
-0.23475009
-0.39198875
0.103274345
0.46843184164242196
-0.22227657
-0.4131899
0.3737545
0.5998543105471432
-0.116529696
-0.31905985
0.66292286
0.7448792483891508
0.105973825
-0.10584974
0.5035229
0.5253283665863187
0.21119292
0.095364094
-0.056868553
0.23860174263118344
0.1804465
0.21802807
-0.28682995
0.4029498673534068
0.09455781
0.08631587
-0.12220383
0.17698978776889834
-9.6820295E-4
-0.057361364
0.20869446
0.21643623220098301
-0.09654264
-0.17230296
-0.11268711
0.22739212465312714
-0.050419055
-0.18381119
-0.19740963
0.27440700318294264
-0.06331958
0.036825657
-0.16942024
0.18457712433370263
-0.10045507
0.15204358
-0.41134834
0.44990657724086536
-0.007580325
0.06417394
-0.359725
0.3654830004787035
-0.0635251
-0.29342556
-0.034952164
0.3022509745510346
-0.14275743
-0.41478443
0.2593422
0.5095921948531363
-0.11420594
-0.32799697
0.100214005
0.36148008295779654
0.01589548
-0.028723717
-0.16499424
0.16822846981372727
0.12763807
0.15323424
-0.28522396
0.3480300608125935
0.082956836
0.02681923
-0.14773464
0.17154192621347958
0.01656608
-0.15475774
0.264884
0.30722618078752534
0.009422138
-0.13529849
0.21190739
0.2515933254855745
0.06499855
-0.066100836
0.21549511
0.2345895897458424
0.03284522
0.03522587
0.12642765
0.13529087759466696
-0.080984056
-0.11355615
-0.18999195
0.23569123698073788
0.050134435
-0.23641229
-0.13284016
0.27577297911520376
0.02095393
-0.1738069
0.039295197
0.1794213521528379
