1.2679693
2.2754493
6.688442
7.177790444083729
1.3284947
2.2723846
6.381218
6.902794711499217
1.1892097
1.6187103
5.139451
5.5180069316227325
0.86709166
1.3485982
3.2190027
3.596184610747568
0.7243191
1.4542894
2.3683424
2.872044910472926
0.7365149
1.3396449
2.2011323
2.6799415045375374
0.5394125
1.1215153
1.9371185
2.3024314053369186
0.11741078
0.7976136
1.3773127
1.5959207300037457
-0.109099746
0.5538149
0.79922295
0.9784533695967426
-0.28264678
0.4353907
0.33675146
0.6187534505574508
-0.2989012
0.31766677
0.039557934
0.43797138908753347
-0.2161367
0.1392119
-0.09859848
0.27534829483983164
-0.2227087
0.057739258
0.04370451
0.23418597705275623
-0.22413564
0.027037859
0.3720665
0.43520261219635276
-0.16015494
0.259135
0.47003555
0.5601196255808083
-0.0859859
0.5942111
0.40284348
0.7230236872041612
0.092101455
0.90824056
0.48699665
1.0346735566633263
0.0813427
1.0636959
0.6500864
1.249270941793339
0.061243415
1.0578156
1.1176624
1.5400954135219884
-0.02761972
0.9037132
1.5683374
1.8102879673464214
0.08516443
0.6846633
1.9939995
2.109988314157822
0.16773033
0.8733425
2.5796947
2.728678409687531
0.10353851
1.2579594
2.2284765
2.561111073782427
-0.028260231
0.79567766
0.97449875
1.2583915846438378
0.034852743
-0.7808256
0.8293991
1.1396517847530108
0.3649857
-2.21441
2.6018658
3.4360634316217054
0.30731153
-2.6142874
3.947054
4.7442779207052785
-0.5432797
-2.8575745
2.322546
3.7222445441441825
-1.2697214
-2.515903
-1.1567421
3.046311233399717
-1.7474451
-1.5836816
-3.7486372
4.428757342817791
-1.5550158
-0.8991959
-5.0100384
5.322322068221349
-1.1520753
-0.4090681
-4.8661127
5.017336544459242
-0.46580428
-0.10890341
-3.9963202
4.024849001498477
0.27091798
-0.13309157
-2.358128
2.377367847030921
0.38528618
-0.41676176
-1.1548343
1.2867703953785494
-0.00589031
-0.6934974
-0.6365633
0.9413746555455892
-0.25370923
-0.60076666
-0.9076457
1.117635730377454
-0.40216497
-0.27758503
-1.6684747
1.7385619890485366
-0.4787916
0.17632711
-2.120078
2.18061081667109
-0.38303328
0.4934882
-1.9603825
2.057509308581889
-0.19150496
0.89661515
-1.3346319
1.6192082113740054
0.2107147
1.2382705
0.13131046
1.2629160677007407
0.4252302
1.0212622
1.7292747
2.0528488925745676
0.397645
0.6063199
2.4521914
2.557144430134161
0.18021
0.40461087
2.5057158
2.5445623839233122
-0.28870368
0.44627166
2.234416
2.2967636185193827
-0.3075774
0.4527855
1.7875328
1.8694630566987218
-0.058356524
0.6763475
1.1810293
1.3622340686501486
0.0069449097
0.958627
0.5004597
1.0814221041205783
-0.040412724
1.1269896
0.27012348
1.1596143593694197
-0.017007291
1.1888957
0.38081932
1.2485133390344243
0.043854997
1.0124087
0.59195995
1.1735890378261935
0.17682074
0.7064972
0.8221636
1.0983427351422332
0.24871683
0.17063332
1.1442327
1.183319211033828
-0.16111447
-0.08950567
1.539794
1.5507851703892117
-0.35873497
0.15057707
1.5191393
1.5681672126984487
0.31443554
-0.04425955
1.686491
1.716123689808673
1.3433044
-0.5219095
2.2953806
2.7102819524112545
2.147246
-1.1836722
3.1693945
4.0070942910022
2.070223
-1.96591
3.4587202
4.484793294610772
0.6027298
-2.9211423
1.5871134
3.3786512333769103
-0.56743413
-3.026444
-1.4884291
3.4200534936837177
-0.9481105
-2.0036063
-3.2631645
3.9448186282007205
-0.28730947
-0.7716184
-3.165986
3.2713008635563905
0.55545056
-0.0695014
-2.2224998
2.2919121928613184
0.6090815
0.2585181
-1.5596485
1.6942004938434039
0.023747683
0.61287117
-1.711237
1.8178302392459647
-0.5441181
0.8312311
-2.2998552
2.5052632241900747
-0.7570752
0.8948283
-2.6634893
2.9099923926185194
-0.9312716
0.6430788
-3.038673
3.2425838366091577
-0.8522776
0.3957107
-3.1166382
3.2552108072907266
-0.474963
0.49278188
-2.8189223
2.9008183738661026
0.014594018
0.8577428
-1.5809307
1.798687758545234
0.2261957
1.0922508
-0.5139227
1.2281257726458188
0.16180295
0.8814621
-0.17746401
0.9135913449695
-0.03910947
0.55577135
-0.088341236
0.5641059467775842
-0.19983938
0.053883314
0.2702613
0.3404120374471421
-0.24031669
-0.42424154
1.0436449
1.1519234618219008
-0.17693044
-0.64585114
1.7657814
1.8884946943172696
-0.29477328
-0.49752736
1.899126
1.9852215020190713
-0.38521683
-0.068579674
1.3584108
1.4136389841057098
-0.40777224
0.64998937
0.65385675
1.0081136091029832
-0.157666
1.2593207
0.6073623
1.4069954485789133
0.20330936
1.4250054
0.77702427
1.635769516446143
0.5687041
1.2242801
1.6788988
2.1542951042603784
0.73077536
0.46610737
2.599596
2.7402897976676512
0.57312816
-0.34345913
3.198248
3.2672969060939043
0.113737464
-0.5965481
3.9912882
4.0372251245803685
0.052682757
0.25442934
3.920868
3.929467500326298
0.3447733
1.4140515
2.1521988
2.5981474218440272
0.36392528
1.3840694
0.31588364
1.4655620797321929
0.46735352
0.011668682
-0.23379517
0.5227003458121546
0.036779165
-1.7336435
0.8549204
1.9333291229114504
-0.7558748
-2.6395612
0.99805546
2.9214284627037013
-1.1180167
-2.4564142
-0.49634075
2.7441367152719036
-0.7488459
-1.6127049
-1.944685
2.635030745846275
0.017669648
-0.9990289
-2.5134277
2.7047532309969387
0.43551522
-0.8911606
-2.3363543
2.538186823156082
0.24498269
-0.70909774
-2.4436922
2.5562604908622975
-0.39011443
-0.73966074
-2.8704958
2.9898216515873957
-0.98246807
-0.7143117
-2.9131432
3.1562459209151394
-1.0311407
-0.49866575
-2.820847
3.0445190711361487
-0.9168499
-0.115459085
-2.9538693
3.095042565566105
-0.6530348
0.42861092
-3.0871017
3.184393022989738
-0.3883525
0.9864502
-2.956183
3.140528435432446
-0.08466941
1.440383
-2.1580875
2.595999512065495
0.24638376
1.4932408
-0.78794336
1.7062613630091097
0.5610257
1.1179781
0.7985053
1.483993159923573
0.57906514
0.6568775
2.071494
2.2489758385852623
0.43643707
0.26884365
2.6187067
2.6684039139412556
-0.263766
0.13079882
2.6887274
2.7047986268343256
-0.88522005
0.0088710785
1.9441233
2.1361901223868522
-0.7732984
0.18331003
0.8810911
1.1865557379701965
-0.30451936
0.8553314
0.37160015
0.9810252339192577
-0.025264382
1.3431494
0.37006378
1.3934258960857535
0.018095732
1.5456982
0.3075428
1.5761004766201754
-0.027661383
1.2710352
0.20006561
1.2869817412888531
-0.02595979
0.71037006
0.36691093
0.7999519706255931
-0.043752134
0.2350235
0.92942905
0.9596815507928607
-0.08480108
0.24164867
1.203229
1.230180930732281
0.8247175
0.15884256
1.4682388
1.6914831412724345
1.8970976
-0.32878208
2.4234066
3.0951536443039696
2.5366502
-0.489038
4.3099422
5.024873471920809
2.8261106
-1.3220961
5.6965885
6.495072184125589
2.0157223
-2.3792763
4.518964
5.490457753482257
0.4442073
-2.5393212
0.86471176
2.7190436719815336
-0.26904202
-1.6675384
-2.5566835
3.0642614164859454
-0.058174014
-0.69813085
-3.8649406
3.9279176886455263
0.6468215
-0.17543244
-3.2796583
3.3474338951734586
0.7894385
-0.22079122
-1.9801655
2.143132544031713
-0.038825512
0.037887573
-1.8561144
1.8569069518656456
-0.82018924
0.14523172
-2.79883
2.920145920543291
-1.2958822
0.1008625
-3.8709517
4.083350330758561
-1.3010256
0.09601283
-3.970166
4.17900750163606
-1.1212656
-0.03811121
-3.2374246
3.4263109691474014
-0.766768
0.10741687
-1.7471805
1.9110497255348424
-0.46401623
0.49965167
-0.5703082
0.8889399868133054
-0.29842925
0.7138405
0.25626802
0.8150469401363024
-0.17745185
0.6017182
-0.2699957
0.6829726312928934
-0.18409942
0.48520517
-0.4305172
0.674286064774645
-0.12812592
0.16215158
0.27999353
0.34800252920908814
0.18097275
-0.17673635
1.2161522
1.2421807822759587
0.44740528
-0.25631094
2.1374612
2.1987740048328326
0.45752305
-0.17057228
2.72128
2.76474010729225
0.18214369
0.055078268
2.3838825
2.3914651827948528
-0.07263619
0.6225016
0.9494257
1.1376262070783862
-0.015971065
1.2411613
-0.29390812
1.2755855861109031
0.10597557
1.7207665
-0.6948128
1.8587718594464386
0.24950147
1.7558546
-0.3106842
1.8005002810057698
0.15363246
1.1556864
0.3758602
1.224942784043648
-0.0073385835
-0.013977528
1.4307508
1.4308379500501058
-0.31615943
-1.0224929
2.7228584
2.925646301335412
-1.0420564
-1.0210226
4.0132036
4.270148816340748
-1.0788114
-0.29967022
3.8886013
4.046585602888428
-0.24630277
0.31188774
1.8007736
1.8441053791552482
0.52696437
-0.049286127
0.61701393
0.81291254280748
0.5326625
-1.1235232
1.2367716
1.7537496450128829
-0.24807721
-1.8794836
1.1426458
2.2135130637321723
-0.70028645
-1.6721387
-0.66797256
1.9320030990875852
-0.69430447
-0.97379243
-2.3424797
2.630121956089917
-0.30261588
-0.54535985
-2.789527
2.8584006061552243
-0.035233676
-0.5052408
-2.5227566
2.573093567814437
-0.11246285
-0.5114529
-2.1063118
2.1704333893054883
-0.18190761
-0.57388353
-2.091106
2.1760414830839725
-0.24512488
-0.56253636
-2.1785402
2.263309742725488
-0.23440713
-0.33510745
-2.363409
2.3985299456048863
-0.08026546
0.14563203
-2.7603016
2.765305840131491
-0.09485814
0.7409135
-3.2003982
3.2864114039597445
-0.060563624
0.9834645
-3.1349268
3.286127878896742
0.23119187
0.9859693
-2.34322
2.552697576186084
0.38798183
0.68917656
-0.49934673
0.9353295633306223
0.47893727
0.28319073
1.2247491
1.3452093494670012
0.28738174
-0.091397524
1.9949408
2.0176050677351567
-0.049737357
-0.35276055
2.3429437
2.3698732355073906
-0.15088084
-0.39329934
2.7324371
2.764717341042407
-0.18965769
-0.054150343
2.9444332
2.951031947274209
-0.15172616
0.59257984
1.7579546
1.8613371553632267
-0.10988878
1.2555311
0.1996851
1.276051745731745
-0.09940317
1.7935538
-0.13521767
1.801388387876879
0.050722033
2.1205425
0.44727993
2.1677944353837635
0.29340535
1.9186158
0.9592476
2.1650240858469365
0.445414
1.0368986
1.3036995
1.7242925575405899
0.14564148
-0.15497637
1.950841
1.9623989419368997
-0.3355121
-0.5338683
2.2655258
2.351635903261555
-0.096027166
-1.001703
1.9809723
2.2219094360945073
1.0264264
-1.5904913
2.28197
2.964894732814702
2.4683518
-1.8508321
3.139515
4.401692299085114
2.9668388
-2.0361204
3.8063965
5.237993225326322
1.6379724
-2.2264893
1.742671
3.2675846918362734
0.22628331
-2.1680946
-1.7355642
2.786399446144454
-0.46253467
-1.6731842
-3.7481766
4.13065505367918
-0.15167654
-0.8941834
-3.41609
3.534436433968182
0.5413737
-0.4165504
-2.0893106
2.198139908528254
-0.030418396
0.07281625
-1.4722509
1.4743644056145728
-0.72152627
0.5409241
-1.989914
2.1847096766635548
-1.2246132
0.95754826
-2.507474
2.9502544681258898
-1.3129634
1.244879
-2.9023685
3.4201374258349153
-1.3185213
1.3368373
-3.0420709
3.5748884063589905
-1.1965538
1.2571754
-2.9086661
3.3871183060695595
-0.92659724
1.0632014
-1.9974914
2.4451894515890986
-0.49228087
0.56325674
-0.89697075
1.1679705361445112
-0.13333555
0.17479348
-0.123814106
0.252311436972884
-0.095176265
-0.07468557
0.21123743
0.243429062541626
-0.16041692
-0.4428208
0.40266418
0.6196468942855416
-0.18579438
-0.6836989
0.34511566
0.7880790171266204
-0.121820435
-0.70018816
0.50976706
0.8746234219689367
-0.08596419
-0.42224455
0.5801959
0.7227084991536995
-0.08026351
0.095075846
0.5254483
0.5399792381110059
-0.10251805
0.94563484
0.44334316
1.0494228502534302
0.18613616
1.7601571
0.54621124
1.8523354506417302
0.5358119
2.3887908
1.3448505
2.7932130506682333
0.93430495
2.3094277
2.3744955
3.4416000883176006
0.9006729
0.96264505
2.6848946
2.991079419090806
0.35661966
-0.7276964
3.2166872
3.317196952817137
-0.38891143
-1.2410414
4.412096
4.59978560901764
-0.52564967
-0.85492706
4.6482477
4.755356428744779
-0.10640043
0.38866067
1.944974
1.9862783720223962
-0.16556555
1.1613488
-1.0067749
1.5458779252330697
-0.43124878
0.8754492
-2.2917404
2.490875568493393
-0.42927495
-0.7629769
-1.4579811
1.7006232409483908
-0.6000784
-2.261423
0.8255911
2.4810742217481607
-0.6179688
-3.0158162
1.4342785
3.396201895779244
-0.49820572
-2.9604464
0.193573
3.008308825476686
-0.111260355
-2.0350842
-1.1475868
2.338995931183928
0.2136188
-1.1339041
-1.7378445
2.0860188786209224
0.281986
-0.59300405
-1.9572229
2.0644348778906227
0.17962013
-0.30585146
-2.2246628
2.2527612061785396
0.28543288
-0.0033456683
-2.430953
2.4476550889096154
0.5271427
0.51064026
-2.5998158
2.701420946974289
0.72817194
1.1516725
-2.9264426
3.228103232887346
0.74725866
1.5917144
-3.3448038
3.778844146817582
0.3526407
1.8288264
-3.2542822
3.7495752729853553
0.05226916
1.6009669
-2.4463663
2.9241298196260654
0.0686304
1.0279462
-1.1717949
1.5602842260297687
0.20047176
0.3741622
0.4224701
0.598888348899807
-0.004343629
-0.04543519
1.820466
1.821038162908299
-0.54743755
-0.40026665
2.4178839
2.5111876974926775
-1.0623579
-0.699455
1.9266458
2.308637124830472
-1.2099743
-0.44081187
1.1046143
1.6966217891826023
-0.85305774
0.34837294
0.5159416
1.0560619864080174
-0.40280342
1.1750872
0.46255255
1.3255321549667167
-0.027277082
1.5223398
0.5883937
1.6323203481342459
0.20802169
1.4975142
1.485856
2.1198090373709215
0.5916276
0.98732185
2.4298382
2.688669083502519
1.0210955
0.39146233
3.330593
3.5055284434252667
0.9471209
0.12546444
4.104826
4.214543258519206
0.5010383
0.14250994
3.6899176
3.726505175135612
0.4429686
0.07953119
2.193451
2.2391456945260835
0.9672905
-0.09343481
1.5708857
1.8471769392666464
1.6050992
-0.3582213
1.1494484
2.006464048951869
1.6326752
-1.3170416
0.6667309
2.2010807807168202
0.7928233
-2.2220035
-0.7575693
2.477857762439432
-0.40769792
-2.5207632
-2.6133537
3.6537764569635263
-1.0999644
-2.38436
-4.2282267
4.977247732946109
-0.9910624
-1.9649489
-4.367077
4.890254485016364
0.14184642
-1.4685296
-2.6968718
3.074055416513565
0.6919162
-0.6806605
-0.47964096
1.0826366947900314
0.23941362
-0.13847184
0.16408062
0.32158323925450566
-0.5094913
0.490646
-0.7498026
1.0307855427137833
-0.7485273
1.219953
-1.5038924
2.076119164760395
-0.55668396
1.6693231
-2.0190578
2.678270148636001
-0.45300865
1.7415152
-2.2703
2.896955826011389
-0.5616045
1.5081339
-1.900516
2.4903470601036406
-0.71743417
0.9421873
-1.233109
1.7096743863717943
-0.64290035
0.31704736
-0.56893826
0.9151669863721903
-0.28447694
-0.08729625
-0.102724075
0.31480151477677093
-0.07435265
-0.24605036
0.3583541
0.4410065216665655
-0.07480502
-0.52628255
0.7578621
0.92570192665179
0.066569835
-0.8002677
1.119607
1.3778169992762348
0.17583898
-0.7359822
1.6350145
1.8016275332938643
0.3130537
-0.18655992
1.8902817
1.9250901163979446
0.37302613
0.6666961
1.3168583
1.5224151310810743
0.35588175
1.073489
0.3562956
1.185738964324627
0.27321327
1.5023525
-0.21295738
1.5417714555885706
0.027034461
1.7151985
-0.40404034
1.7623521972800131
-0.24652302
1.53688
0.017703056
1.5566268403365504
-0.29298645
0.82727814
1.2055168
1.4911408273619755
-0.29568073
-0.4184413
2.7954988
2.842064997553255
-0.7766765
-0.7408097
4.534833
4.660121869634286
-0.5906954
-0.07933092
4.895835
4.93197883277181
-0.14311418
1.5071316
2.2962732
2.750417677631567
0.2685809
1.8684206
-0.12048054
1.8914668833339117
0.34510934
-0.35933352
-0.62119293
0.7963050225019599
-0.46324202
-2.6127152
1.5256662
3.060805805794633
-1.4546882
-3.4845552
1.7721567
4.171184811309916
-1.7000518
-3.13624
-0.8577242
3.6690418757671344
-1.2910883
-1.8845843
-3.379177
4.078897571097834
-0.3126949
-0.9751971
-3.8065896
3.9419426453790534
0.1788851
-0.74185044
-2.6736922
2.7804626036037714
-0.08290458
-0.64711046
-1.9474173
2.053791387399841
-0.51834893
-0.4985348
-1.9869742
2.1131230716420095
-0.5640774
-0.16898447
-2.2139878
2.290956306177393
-0.32867873
0.38196003
-2.575642
2.6244724288483496
0.13162136
0.8610227
-3.0756555
3.1966139700811955
0.5190152
1.2251194
-3.2381613
3.5008546603166963
0.8404224
1.6389797
-2.6786358
3.2507927734640143
0.9826265
1.6712718
-1.0051842
2.1838267411895727
1.0542518
1.0228984
0.78177214
1.6640119231512147
1.0732448
0.43907714
1.8512487
2.184436942383328
0.7896428
0.15589476
2.3352504
2.4700675056283057
0.11839744
0.18983793
2.4811158
2.4911828961022264
-0.54884344
0.13271666
2.0998144
2.1744110888638386
-0.615288
0.11000395
0.9826603
1.164603549233606
-0.4386003
0.7890253
-0.2788124
0.9448108445435854
-0.24745071
1.3284116
-0.79765844
1.569129764138493
-0.2554214
1.5568929
-0.6266346
1.6975942980455714
-0.29627448
1.3910818
-0.19101954
1.4350525296794725
-0.2983111
0.84471464
0.57885265
1.0665845896514814
-0.15437299
0.0053954124
1.4514084
1.4596048896948093
0.048884094
-0.7158594
2.2796974
2.3899508254925883
0.1272139
-0.7029321
3.0189438
3.1023085151002907
0.101771116
-0.19842696
3.572033
3.578987250903035
0.6790097
-0.043819904
4.405239
4.457477570636179
1.1676155
-0.36449814
4.78833
4.942093655867839
1.5201931
-1.168834
3.198594
3.729364968822267
1.3655527
-2.095776
0.98827934
2.6895552472441455
0.65957046
-2.2780447
-0.4083929
2.406513150180607
-0.039290667
-2.3280911
-2.188446
3.1954417307493275
-0.28042957
-2.027194
-3.6622877
4.19529590567889
0.105098486
-1.2271907
-4.2629223
4.43729067026622
0.8578849
-0.20411581
-3.689981
3.7938885030334917
0.99659634
0.49942243
-2.6302042
2.8566765064024042
0.43718922
0.7979331
-2.3340063
2.505078307734283
-0.20187265
0.810729
-2.6639957
2.791936168662395
-0.61352336
0.82096577
-2.763266
2.9472080273116115
-0.5214645
0.93258476
-2.3791642
2.608076309199356
-0.3405572
1.2555537
-1.4206605
1.9263100662124482
-0.26861504
1.3760233
-0.7955942
1.6120063233026718
-0.21872273
1.2387247
-0.85865736
1.523013794493994
-0.21711615
0.8185973
-0.70224905
1.1001794126889828
-0.18901578
0.26797485
-0.117435455
0.3483225085300593
-0.27379575
-0.2491374
0.645381
0.7440094919881036
-0.46420285
-0.72411895
1.1866813
1.4656210502782767
-0.60120565
-0.9470446
1.7997656
2.1207305428627437
-0.48096454
-0.9070339
2.2825713
2.502832238915746
-0.33880296
-0.4574765
2.2474375
2.3184149075857454
-0.102490574
0.23161149
1.2808027
1.3056047607284822
0.0022834502
0.7598977
0.32745075
0.827450135391061
0.047795434
1.20168
0.104901314
1.2071965175433075
0.011421286
1.505307
0.011137009
1.5053914452636232
0.15853521
1.4723959
0.0625391
1.4822261314175318
0.09618239
0.9519043
0.5863323
1.1221222628925194
-0.034145042
0.09880829
1.633605
1.6369466327084616
-0.28014374
-0.7407279
3.2950296
3.3888609907603566
-0.53057283
-0.5236292
4.5705385
4.630930423392659
-0.1256619
0.6345453
3.6372776
3.6943507808071487
0.2059283
1.6989908
1.6073761
2.3478999717500213
0.31797156
0.7003083
-0.043359756
0.7703360981450741
0.03219533
-1.7381868
0.21813965
1.752117306640351
-0.6101437
-2.777271
1.7680922
3.3483817561819076
-0.82521856
-3.1565132
0.86668015
3.3757511292067033
-0.64102125
-2.6209788
-1.6242428
3.1493813588418296
-0.26765078
-1.6754036
-3.4177828
3.8157376159495
0.12681371
-1.1104796
-3.5156941
3.689085538696061
0.27000275
-0.75430834
-3.092198
3.1943027980931555
-0.025333345
-0.4310642
-3.0368743
3.06741965489455
-0.21180284
-0.15714592
-3.3143964
3.3248727874513295
-0.14645791
0.17691034
-3.5019374
3.509460334046059
0.1433228
0.6050457
-3.4068046
3.463082296937416
0.5245456
1.0279992
-3.2004533
3.4021803316272248
0.70311
1.6000361
-2.725084
3.2373696437205015
0.77317774
1.885283
-1.946393
2.8178966033896664
0.649188
1.7533929
-0.60326433
1.9646271421281623
0.45805883
0.90088964
1.1760917
1.550681007662251
0.16341877
0.24187112
2.9290185
2.943527854750054
-0.38641256
-0.05550003
3.8295355
3.8493814541229483
-0.9603529
-0.05972314
3.680375
3.8040774755199585
-1.1781697
0.09395838
2.9366388
3.165558336616075
-0.8582598
0.82981896
1.682765
2.0632274385228913
-0.5563633
1.541091
0.42683887
1.6931310585564143
-0.27653885
1.8036504
-0.064585686
1.8258696117247188
-0.029694974
1.5540118
0.14752865
1.561281339332372
-0.050571024
0.8984442
1.0067511
1.3502988696409086
-0.15537852
0.13648558
1.4413013
1.456063365846455
-0.3043468
-0.53437257
1.2717934
1.41267098936314
-0.32392251
-0.9676297
0.95231247
1.395755006480885
-0.205508
-0.8468876
1.106616
1.40856349106467
0.13822073
-0.32508373
1.4139318
1.457390707639216
0.74264586
-0.14131474
1.8015223
1.953708042858435
1.7318413
-0.22797346
2.126917
2.752275739052033
2.572997
-0.8489244
2.4178782
3.631407632213215
2.633006
-2.0313847
2.3978205
4.099852228990765
1.0031569
-2.8815846
0.36681366
3.0731751586470137
-0.35818362
-2.5542648
-2.4914846
3.586092544561445
-0.60066617
-1.5109414
-4.1613765
4.467750917805267
-0.047661245
-0.31619477
-4.2293205
4.241391607832988
0.49817216
0.67407906
-3.578823
3.6756676099928285
0.628381
1.1598403
-2.8285818
3.121052346653179
0.23838496
1.1768694
-2.3816175
2.667199041948335
-0.46817636
0.88020396
-2.1006608
2.3252363269429743
-1.0295947
0.45133567
-1.9027104
2.209994596932137
-1.5783281
0.073764086
-1.2310338
2.0029989646265225
-1.5384746
-0.14784789
-0.43320322
1.6051255204979937
-1.0545665
-0.01867938
-0.2316413
1.0798690069195465
-0.4184429
0.5520034
-0.13168287
0.7050833873605236
-0.11640316
0.90128946
0.28921795
0.9536872518653979
0.044783503
0.7938154
0.9170742
1.2137436378068684
0.07413402
0.41287017
1.6530328
1.7054252140151895
0.009507835
0.13875985
2.073248
2.077908038523081
0.030590594
0.030562878
2.4285736
2.4289585013427293
0.09725621
-0.10579443
1.7245083
1.7304855586972876
0.12760437
-0.06548214
0.13845158
0.19934799639276446
0.002484709
0.3383479
-0.8392582
0.9048977003184031
0.11307873
0.74568796
-0.8782654
1.1576646450426715
0.27050695
1.0217605
-0.69878197
1.2670693338898844
0.29685074
0.9936216
-0.52837944
1.1638681646356708
0.25663424
0.82171273
-0.2120142
0.8865793261378444
0.23595315
0.31260514
0.20580006
0.44243589508028525
-0.106203124
-0.3858161
1.2027655
1.267587435413371
-0.7515083
-0.9139073
2.5596237
2.8198696644741545
-1.1375078
-0.4438219
3.5455122
3.7498744943597386
-0.7299622
1.16957
3.096898
3.3899138799210298
-0.37328005
2.2993937
1.018013
2.542223280530026
-0.35608494
1.9697595
-0.3769436
2.0368690824466604
-0.23123777
-0.32806158
-0.6386595
0.7543084450401849
0.07166821
-2.6451588
1.5998011
3.0921457157714087
-0.4406594
-3.6177704
3.9728394
5.391279540198821
-0.64366245
-4.0242796
3.005888
5.064038831637261
-0.5379143
-3.2500696
0.0066776276
3.294290406341104
-0.1200428
-1.7036664
-2.3620453
2.9148151151937096
0.30236095
-0.8764314
-3.0350227
3.1734708332544357
0.32233393
-0.5938849
-3.0294418
3.103887268054452
0.093146086
-0.2337724
-3.205021
3.2148848353712
0.086009145
0.16157782
-3.4106064
3.4155147440461846
0.26034337
0.5429803
-3.7206426
3.76905647410822
0.29255062
0.94003963
-3.7618122
3.8885075578982784
0.36811578
1.2500257
-3.614704
3.842415554729479
0.39409146
1.5746291
-3.3744342
3.7445388446860575
0.5872545
1.857296
-2.680394
3.313446485504887
0.8950138
1.98
-1.2594182
2.511490451054131
0.800287
1.3962948
0.8886733
1.83843376412175
0.41421697
0.66884136
2.4922247
2.6134476544553413
-0.21641979
0.23244572
3.223442
3.2390503930520236
-0.61749965
0.06337333
3.1801767
3.2401922865899717
-0.5897678
0.1502974
2.8544307
2.9185939052754724
-0.23430943
0.6067395
2.114993
2.212742584205745
-0.057202935
1.186414
0.9564953
1.5250356263548768
0.06532863
1.42031
0.33232403
1.4601328056498448
0.010124922
1.1783857
0.31182766
1.2189881018823863
-0.15279043
0.61326647
1.0079451
1.1897033027419033
-0.19501609
0.18415546
1.3771334
1.4030113225141503
-0.09472132
-0.14764118
1.074892
1.0891110818499639
-0.05662346
-0.30198765
1.1089106
1.15068913004959
-0.39006376
-0.586355
1.3774614
1.5470493873401414
-0.3388661
-0.6606202
1.3318119
1.524786014865214
0.45674446
-0.39442086
1.9886532
2.078202325056352
1.6410263
-0.5415492
2.7209864
3.2233536769010627
2.404577
-1.3794281
3.0770082
4.141592927477145
1.8278935
-2.3485274
1.89849
3.5300197652636247
0.26712942
-2.5568597
-0.22801685
2.5808683653603155
-0.4336886
-2.194886
-2.454032
3.3208257300953155
-0.101784706
-1.3766671
-3.1430883
3.432867222845932
0.81113064
-0.2624055
-2.6217318
2.756858163460928
1.1009297
0.57537365
-2.2314606
2.553921926035459
0.7198534
0.8970015
-2.4440522
2.70114636633269
0.08938098
1.2079337
-2.9857063
3.2220388849944093
-0.5988717
1.1272373
-3.2964458
3.5349493313925584
-1.1149974
0.68726945
-3.2883797
3.539632654473241
-1.2597473
0.15908194
-2.442998
2.7532724503381454
-0.94650626
-0.025963306
-1.0388556
1.4056205188345643
-0.49288517
0.19758058
0.019336224
0.531364064032515
-0.27938646
0.55262876
0.4062028
0.7405782016825178
-0.1277411
0.5570247
0.48585224
0.7500978247105087
-0.15199228
0.38815904
0.6951399
0.8105483089572217
-0.202039
0.05003786
1.2379799
1.2553556152718948
-0.2114306
-0.2702582
1.5573311
1.594685672532458
-0.23809749
-0.27366757
1.6749063
1.7137372524641572
-0.12152499
-0.14615011
1.4471855
1.4596143636509513
0.04451675
0.13590765
0.9738741
0.9843187467456908
0.058597736
0.4228456
0.23130608
0.4855250733468745
-0.10635072
0.85159326
-0.26698112
0.8987772092029728
-0.012296848
1.2558832
-0.50471973
1.3535641087687484
0.26980528
1.4490705
-0.41143703
1.5303204108686732
0.4150418
1.228209
-0.068660736
1.2982570224383247
0.21328107
0.2700529
0.41625118
0.5400763114237676
-0.2086167
-0.84123707
1.7618608
1.9635056172779417
-0.64956445
-0.914325
3.8266745
3.987651121331216
-0.9563539
0.22622061
4.9000864
4.99766295174535
-0.69996095
1.613667
2.6712542
3.1983535584139444
-0.46420074
2.0877237
0.23696423
2.151795693076467
-0.1070407
0.4711628
-0.5037899
0.6980374976554534
0.16336441
-1.7376287
1.2556715
2.150058647952709
-0.5550078
-2.9338844
2.6670713
4.003620893032575
-0.9573232
-3.4426942
1.2679138
3.7915981971231782
-0.93441033
-2.7158484
-1.1385345
3.08953323443679
-0.4678855
-1.6900076
-2.822359
3.32276291127775
0.16965425
-1.2141001
-3.38795
3.602919184421862
0.334921
-0.9751108
-3.4611826
3.6114814193482103
0.21047598
-0.7226279
-3.3052473
3.389860005371618
-0.0116631985
-0.27164453
-3.065577
3.0776109605086805
-0.07062209
0.2653554
-3.0538845
3.0662048662474133
0.03543961
0.7983849
-3.4161115
3.508346143202301
0.17774981
1.1750093
-3.3534663
3.5578052304561765
0.36438173
1.5031238
-3.0351994
3.4065512427716254
0.8584524
1.669847
-1.9876261
2.7342251109866664
1.2460475
1.6385047
-0.053980827
2.059185833267351
1.065791
0.9468851
1.7879009
2.2867207184715648
0.43891475
0.15608454
2.8706727
2.9082246040488715
-0.38053626
-0.19308257
3.1163125
3.1453922964662824
-0.57257956
-0.1429739
3.0561666
3.1126264125170766
-0.33548057
0.39510703
2.4794102
2.5330083885430468
-0.053863943
1.3273962
0.9837103
1.6530480292993335
-0.062244773
2.0004444
-0.33160305
2.028697243766663
-0.13024098
2.1289954
-0.48363304
2.1871179519542374
-0.2344374
1.9828391
0.37540722
2.0316354239202314
-0.18371922
1.3449359
1.3729277
1.9306827094683094
-0.20060551
0.39408016
1.9257784
1.9758958257636001
-0.18729949
-0.6692319
1.9773254
2.095893218421712
-0.3337143
-0.9567652
2.1373158
2.365350595984673
-0.14438838
-0.7577505
2.1350622
2.2701375286100425
0.53188145
-0.49127865
2.409072
2.5155277588809635
1.3448787
-0.24362469
2.712556
3.0374349830482164
2.1408439
-0.7580161
2.7714682
3.5831322428738064
2.2298226
-1.7632911
2.4163713
3.730972335937805
1.025375
-2.8663077
0.6306515
3.1088317703272863
0.16141582
-3.0323758
-1.8628654
3.562530785143165
0.01804173
-2.5063457
-3.263917
4.115245962104001
0.49327374
-1.4381297
-3.2317104
3.5714826607014234
0.7891834
-0.4111743
-2.6581526
2.8031499787135226
0.60453165
0.2609918
-2.5210862
2.6056574305627316
0.092891455
0.82170916
-3.0818095
3.1908282686918774
-0.35089707
1.1591918
-3.7066026
3.899456005792767
-0.73657364
1.3410716
-3.8769937
4.167984309073583
-0.9991462
1.409961
-3.5114822
3.9136671525245363
-1.1364206
1.2084138
-2.6253111
3.105474891896442
-0.9474437
1.0739915
-1.1425681
1.8320942361573906
-0.6162182
0.9319768
0.058948994
1.1188300269290328
-0.49297458
0.6919513
0.7213664
1.1145357258454263
-0.5131321
0.27008748
1.3662219
1.4841880279037598
-0.4296593
-0.270432
1.7288771
1.8018757768590272
-0.4394955
-0.526634
1.9462185
2.0635566316768363
-0.6120856
-0.5515518
1.8634329
2.0374592876462385
-0.66205096
-0.38378072
1.1804576
1.4067975143996367
-0.48750287
0.03774047
0.21652842
0.5347597087034056
-0.2406041
0.696738
-0.48949194
0.8848370319039345
0.048852265
1.2469206
-0.45671606
1.3288292308019827
0.5715523
1.4648848
0.0023760796
1.572439243374059
0.80200684
1.5971179
0.7259078
1.9289744677557084
0.49603802
1.3006787
1.128519
1.7920307706166527
0.059726827
0.20161486
1.5119
1.526452548421869
-0.32379866
-0.5818682
2.2514763
2.3478845367895977
-0.41609856
-0.7987673
3.0806427
3.2095991997935553
-0.32904816
-0.1984806
3.5294552
3.5503128128850756
0.112172306
1.143661
2.6396894
2.8789761455855425
-0.0021995306
1.7806721
0.862937
1.9787516175466493
-0.13583493
0.75033045
-0.74234104
1.0641978666490988
-0.7024299
-1.0201311
-1.1838045
1.7133208792539345
-0.95267767
-1.9155223
-0.24985218
2.153891116238886
-0.8272644
-2.0763803
-0.050483704
2.2356811120528883
-0.55455136
-1.9752234
-0.56519604
2.128022904824916
-0.22528994
-2.0705113
-0.831398
2.242542198915333
-0.02317226
-2.1888795
-0.439106
2.23260929792724
-0.06833732
-2.1265144
-0.19422531
2.136459083749189
-0.012531877
-1.7969795
-0.53845215
1.8759592781283396
0.012958884
-1.1426181
-1.4880409
1.8761689674725024
0.25936407
-0.37013185
-2.626954
2.665549749673988
0.5637485
0.37427104
-3.67599
3.737752623935187
0.7919331
0.962132
-4.2509
4.42978610243543
1.0089574
1.4860508
-4.1630335
4.53400374298547
1.2362068
1.9779696
-3.7824526
4.44381801376122
1.5290973
2.3715048
-2.6122441
3.8452558591562522
1.5144129
2.3990283
-0.86396384
2.965673036658588
1.2498374
1.4403825
1.0901151
2.1966215418848796
0.38312364
0.0758729
2.7874532
2.814682092823431
-0.8580408
-0.7552457
3.8656816
4.03114448823281
-1.6172982
-1.1404979
4.011919
4.473464293138196
-1.2593622
-0.75916934
3.424055
3.7264574463949645
-0.57461804
0.90579987
1.4712744
1.8207986207122138
-0.17239024
2.3373742
-0.19437885
2.3517695237593546
0.11874623
2.7931032
-0.7990651
2.907581639541801
0.15628856
2.360897
0.08858585
2.367722151906585
0.06373929
0.9961591
1.5801735
1.869048910571535
0.0011920482
-0.56681013
2.7657814
2.823264397369186
-0.28635055
-1.5183892
3.2545824
3.602750305120709
-0.69642866
-1.4330623
2.8028631
3.224084673959926
-0.40774474
-0.9932208
1.9703093
2.2438497197085705
0.48208672
-0.61836314
1.8022594
1.9654312013993473
1.5885164
-0.66324234
1.8440342
2.5226447687865377
2.2438169
-1.3503685
1.8851147
3.2267423491889335
1.4234734
-2.4018943
1.0752192
2.9919006369508194
0.18492872
-2.9175034
-1.1701069
3.148837005031053
-0.6258631
-2.4719086
-3.6482372
4.4510304661609945
-0.6424272
-1.4948559
-4.634753
4.912050936220472
0.075989544
-0.5331697
-4.1291823
4.164155483102327
0.63540006
0.35110104
-2.9968882
3.0835602307388514
0.6347339
0.9589188
-2.1868205
2.470748189281467
0.14386857
1.069762
-2.4351563
2.6636583127908513
-0.48249793
0.90560913
-2.5457182
2.7447428303861283
-0.9644375
0.6976721
-2.1591578
2.465531967980102
-1.0282085
0.4815235
-1.4055457
1.8068305168363314
-0.85321254
0.2856202
-0.48470592
1.0220031004707502
-0.53700256
0.5541074
-0.02767706
0.7721222763272861
-0.046529796
0.90680337
0.43754482
1.00792001549957
0.11217435
1.0510542
0.8671832
1.3672252540825163
0.06675516
0.7412443
1.2683549
1.4705860755006974
-0.118978396
0.11032438
1.616108
1.6242328446856051
-0.2943803
-0.26799774
1.9709244
2.0107276030387173
-0.13973618
-0.23355174
2.1475172
2.1646946834039156
0.24063756
0.03534031
1.9976568
2.0124085067896784
0.46449137
0.4151752
1.0196867
1.1949408458289965
0.46736115
0.6922283
-0.2721758
0.8784567128363295
0.3355817
0.97133136
-1.0566692
1.4739909713240857
0.34507984
1.0605383
-1.3280067
1.7341924347888575
0.42163134
0.8829074
-1.0662355
1.4471201546851413
0.22238338
0.4764824
-0.28604126
0.598589523766519
0.028508544
0.02492857
0.63691044
0.6380353316132467
-0.16106781
-0.43208218
1.651084
1.7142684075639956
-0.52341866
-0.47974086
2.7803726
2.869597625172475
-0.916729
0.3019066
3.7719097
3.8934357689310852
-0.6605994
1.7278457
3.1018038
3.6115133713558274
-0.45952654
2.868597
1.1100454
3.1100182562779795
-0.06882486
2.1301565
-0.4680395
2.182055100127276
0.22075216
-0.7245531
0.23848438
0.7940928942535499
-0.29840788
-3.1040883
3.2936726
4.535712839647712
-1.2845137
-4.4446006
4.0369835
6.140169626682441
-1.7707711
-4.605299
1.2222881
5.083148244187621
-1.6847675
-2.99854
-2.5272808
4.268117993598044
-0.86897373
-1.4219975
-4.389211
4.694930024524398
0.13991857
-0.6970649
-4.377113
4.434477730569849
0.5754523
-0.58829767
-3.5055213
3.6008219257489795
0.48334622
-0.36337787
-2.9193392
2.9813098445619883
0.42881495
-0.14130414
-2.8258033
2.861645240266539
0.44265074
0.24704468
-3.1455398
3.186124766759442
0.54565674
0.73010623
-3.4319746
3.550950049489191
0.7697983
1.2965994
-3.4427717
3.7585151634017
0.9644344
1.7268097
-3.2100732
3.7704874515848203
1.1124818
2.124608
-2.288416
3.3148789410472936
1.1121674
2.0406208
-0.47848725
2.372761926693574
0.9203797
1.046396
1.639832
2.1519972285142943
0.11189598
0.25867772
3.2731957
3.2853074917809075
-0.68811995
-0.28339028
4.3002434
4.364162427807776
-0.9986905
-0.437402
4.428521
4.560756820649354
-0.7299994
-0.123909235
3.1903915
3.275187240955526
-0.4269399
0.984967
1.1196232
1.5511266674408137
-0.2381224
1.9256983
-0.023674965
1.940509427817093
-0.060253352
2.07686
-0.2641058
2.0944521281840363
-0.14397073
1.6844721
0.16029549
1.698195647116916
-0.20328325
0.9300289
0.50747776
1.0788009293823426
-0.22774893
0.08896971
0.5975189
0.6456113838983082
-0.23965997
-0.38468027
0.66572
0.8053563865631487
-0.32580322
-0.9359832
0.6130209
1.165335554333221
-0.32193416
-1.1739969
0.97308826
1.5584644082306793
-0.10814911
-0.80512214
1.6633673
1.8511370721408305
0.4651048
-0.4372387
2.3458347
2.431139840030484
1.2071815
0.029450417
3.148468
3.372092230643001
2.2643602
-0.095191956
3.4304857
4.111522968957802
2.711708
-1.2253706
3.1121378
4.305844243260176
1.5449586
-2.3900025
1.6277971
3.278525829265217
0.17102599
-2.670485
-1.0881338
2.8887324555746137
-0.54887867
-1.9218676
-3.0118809
3.614729439515278
-0.48124093
-1.0471616
-3.3327093
3.526342577281889
-0.06321204
-0.3933655
-2.9228258
2.949854740510506
0.20225811
0.20628595
-2.6370578
2.652835491367038
0.06986916
0.7664523
-2.8719602
2.973295566621196
-0.17777872
0.9540961
-3.3165402
3.4556248794530804
-0.5176338
0.92416716
-3.6147442
3.7667499302351186
-0.8469787
0.7201803
-3.4051123
3.5820136782216223
-1.0683167
0.5723133
-2.6436448
2.908212634827467
-1.0346974
0.52297306
-1.7931352
2.1352828813528286
-0.71283627
0.66354465
-1.0207901
1.4108293781273895
-0.2025196
0.91007733
-0.62892675
1.1246349484185012
0.04867407
0.7855227
-0.108576775
0.7944834857038195
0.19216816
0.17639303
0.7597289
0.8032628011671851
0.29547125
-0.36454105
1.9945049
2.0489615950552795
0.037179448
-0.651721
3.1355548
3.2027842270616276
-0.17328475
-0.77803516
3.3780174
3.47078789310698
-0.2535495
-0.3734312
2.2618809
2.306478547967947
-0.080256455
0.47123027
0.4917364
0.6857869741253511
0.096685186
1.1507905
-0.6140914
1.3079659393612102
0.22674634
1.5143943
-0.82454586
1.7391606881526784
0.34228742
1.2804685
-0.6289911
1.4671025878255228
0.20870766
0.6374717
-0.49936247
0.836236739744876
-0.024570003
-0.18338346
-0.13900042
0.23141801246560362
-0.1882078
-0.51445603
0.53619146
0.7665431686806613
-0.43787044
-0.41156507
1.3942957
1.5182808485008024
-0.42691082
-0.13005447
2.7779703
2.8135896055583265
-0.42580456
0.439919
4.0841074
4.129742295027602
-0.14910752
1.5930896
4.1483517
4.446233188102968
0.0032971203
2.5041337
2.790042
3.749003977425725
0.10223648
1.8424163
1.5080261
2.3830847412678637
0.08945062
-0.16561651
1.6009855
1.6120126830659864
-0.13912925
-2.3121746
3.2114716
3.9596790368603325
-0.697404
-3.7919166
3.729887
5.364425548220643
-1.0405943
-4.3551326
1.7274323
4.799378974794673
-1.1121182
-3.4764447
-1.4489584
3.9270797176327576
-0.49896097
-1.9843653
-3.5725212
4.11698620646151
0.48572826
-1.1546206
-4.1528015
4.337607672066765
0.9402067
-0.6746995
-4.007941
4.171666057940713
0.63341296
-0.451653
-4.1410494
4.2134893325303056
0.03555143
-0.31918448
-4.3586273
4.370443314472189
-0.12861848
-0.21704036
-4.6591034
4.665929168372839
-0.11821765
0.098349035
-4.7500854
4.75257382178526
0.047162592
0.69159484
-4.401492
4.455744672161556
0.2790656
1.5262793
-3.7280526
4.038041891575078
0.59866333
2.3166103
-2.5380783
3.4881117417521503
0.68962044
2.454712
-0.839108
2.6842669179915633
0.33334517
1.6994495
1.0793538
2.0406499653759744
-0.15470338
0.95350313
2.5911393
2.765339809735083
-0.38425183
0.5942507
3.4174953
3.4899937782122836
-0.48744547
0.44092417
3.5652628
3.6253435695550915
-0.56233895
0.47532272
3.32722
3.407719146555261
-0.6375766
0.6407471
2.378302
2.544284181484998
-0.65179795
1.0910368
0.94879246
1.5860040960752069
-0.7168052
1.1601338
-0.27909184
1.3919815133719757
-0.6155821
0.9779062
-0.48376274
1.2527044127937064
-0.4235127
0.65591097
0.4480877
0.9002026343053052
-0.28517997
0.33319283
0.96372414
1.0588244647757443
-0.14386809
0.23973942
1.2689734
1.2994100314028625
-0.118925214
-0.31769466
1.0764704
1.1286547423561077
-0.206231
-0.89005566
0.8803301
1.268744028011605
-0.099862576
-0.96870327
1.535531
1.818299781158758
0.20741415
-0.5221348
2.9024506
2.956326157474042
0.9052608
0.22968388
4.1032476
4.208193534316789
1.616767
1.0188451
3.680993
4.1474920944865135
2.0250816
1.1713333
1.5887184
2.827897373544141
2.524116
-0.016783714
-0.4107132
2.557367627996198
2.0499387
-1.8904812
-0.9491482
2.945683220721607
0.8967906
-3.0101976
-0.9431925
3.279502330566918
-0.1559723
-3.2700706
-1.593482
3.640999050325701
-0.47720435
-2.681179
-2.2286348
3.5189854815813146
-0.029336989
-1.635457
-2.2004576
2.7418230906873298
0.52049303
-0.41580725
-2.112792
2.215332623171207
0.6653913
0.54075897
-2.548316
2.6886949765699475
0.28331614
0.9076166
-3.3525915
3.4848107035603006
-0.27517182
0.9789212
-3.6857224
3.8234219056977907
-0.8253916
0.7601526
-3.4580643
3.635562110476296
-1.3421819
0.17525053
-2.7089908
3.0283322793821923
-1.5525858
-0.242872
-1.3933864
2.100246428608455
-1.2305765
-0.018084526
-0.29110384
1.2646687509680106
-0.5477589
0.6674011
0.10038996
0.8692192470693804
-0.08194989
0.8633628
0.34080124
0.9318028594658269
0.20259067
0.39572477
1.0043092
1.0983069178096887
0.48002252
-0.33081222
2.0714169
2.1518889845039957
0.48361683
-0.483001
3.4001122
3.4681317577478397
0.5056459
-0.46684575
4.4324226
4.485531541505295
0.50411546
-0.18194056
4.178008
4.2122424762918325
0.4569225
0.14175153
2.0246382
2.0803921601267854
0.3961838
0.7301476
-0.49101734
0.9649741513244301
0.62340486
1.28514
-1.5956612
2.1415771816968903
0.76304376
1.4916296
-1.6136327
2.3261567058436974
0.5721277
1.2775795
-1.0687246
1.7611677911116523
0.2087053
0.66197586
-0.76687336
1.034342665613503
-0.15864724
-0.04502821
-0.47176266
0.49975642589542574
-0.5482973
-0.3999412
0.23933601
0.7196280879195799
-0.95578545
-0.41572094
1.1185036
1.528855768071079
-1.2932682
-0.12954831
1.7682076
2.19451205502213
-1.5172856
0.5782299
1.9930058
2.570715319018099
-1.0146309
1.6577692
1.7591257
2.6214877655366617
-0.2447578
1.9391313
1.82868
2.676603717119158
0.5396925
0.5131793
2.6274834
2.730987019393841
0.19424921
-1.4282033
4.4923573
4.717920293557565
-0.986156
-2.866388
4.172325
5.157226100199988
-1.6086996
-3.254622
0.6218777
3.68336953768191
-1.432527
-1.937152
-2.735629
3.645319976995185
-0.46032226
-0.6265174
-3.8778515
3.9550161549929075
0.64688367
-0.51653695
-3.3091402
3.4111108656340217
0.8239648
-1.0338066
-2.325532
2.675027604718246
0.40634418
-1.1258417
-2.2894669
2.583465501008977
0.05309403
-1.0232565
-2.6321945
2.824592196307186
-0.15672237
-0.531301
-3.2166648
3.264012134650992
-0.03344053
-0.030476332
-3.8374703
3.837737055610743
0.06901568
0.251431
-4.085118
4.093429669376266
0.23525655
0.6340165
-3.3945081
3.461214695974646
0.3261113
0.978392
-2.1103525
2.348869327683061
0.54053175
1.0470335
-0.40498972
1.2459817674597908
0.7733598
0.94105625
0.86353254
1.49310434345505
0.63401073
0.8217981
1.6714907
1.9675372187815532
0.23139656
0.73788357
2.2489047
2.3781482509925094
-0.36650681
0.47538495
2.971325
3.0313511467801697
-0.8563217
0.1466341
3.2926025
3.4052929014804363
-1.0872833
0.3241663
2.4272232
2.6793060476099093
-0.9349489
1.1442299
0.5167494
1.5653822446072292
-0.6598525
1.7160048
-0.65154076
1.950534048065389
-0.25590074
1.7750297
-0.08453083
1.7953721105441691
-0.0016922951
1.1710267
1.1850224
1.6660084696322017
-0.16990566
0.39668941
1.6796865
1.7342368405961759
-0.2623384
-0.16148901
1.6693602
1.6975463354109983
0.0046497583
-0.12152958
1.2703657
1.276173980496307
0.1761024
0.08665085
0.27696323
0.3394540547488773
0.12555897
0.03867483
-0.47945118
0.4971259784818347
-0.110242605
-0.16825724
-0.29545403
0.3574311302112418
-0.11883986
-0.222713
0.06626415
0.2609883692833754
0.03517258
0.12445688
0.32499218
0.3497807066943958
0.30778086
0.59755945
0.48217678
0.8272247459405005
0.6139741
0.6695838
0.868412
1.256760151081662
1.0236498
0.0606575
1.2846603
1.643742823131834
1.5161114
-0.8593552
2.4604187
3.0150863878010727
1.5308392
-1.7754095
2.2862844
3.27454483130616
0.7611539
-1.9566289
-0.013549805
2.0995084232634666
-0.057622656
-1.6917169
-1.9223709
2.5613934988964435
-0.026944518
-1.4338187
-2.7062664
3.062750358468803
0.17381124
-1.104917
-2.8047447
3.0195438833823687
0.2578014
-0.71921265
-3.0559092
3.149969821361513
0.31350136
0.1218214
-2.9503827
2.969491805708088
0.45766008
1.0436456
-2.233893
2.5077732356435085
0.45040405
1.1950042
-1.6147318
2.0587028460033006
0.25306296
0.5039785
-1.1692028
1.2981025676965499
-0.12699175
-0.071826935
-0.38756895
0.4141204001772574
-0.43486628
-0.24133635
0.5212116
0.7204258910192194
-0.3938617
-0.124115944
0.7847185
0.8867440241097955
-0.16569117
0.52128434
0.8346338
0.9979000692772547
0.19305849
0.8920374
0.72899914
1.168093314274316
0.30001426
0.96645737
1.1348228
1.520483821613479
0.370256
0.84211874
1.2258081
1.5325987967278218
0.16212952
0.6277263
1.1338749
1.3061388360866968
0.064581335
0.44088936
0.9492378
1.048621301131319
-0.028780162
0.27992773
0.36099434
0.4577168921409953
-0.17242229
0.15115881
-0.50033283
0.5503738736486161
-0.23370588
0.120927334
-0.89825964
0.9360086977566787
-0.4742689
-0.21737719
-1.071034
1.1913427117086557
-0.7318417
-0.4573753
-0.61549234
1.060007200396572
1.9964337
1.3081255
2.4687548
3.433903008639251
0.75821877
1.008193
1.936697
2.311307857567047
-1.9561785
-0.19709444
-1.0133953
2.2118885165122495
-2.3157644
-0.30707407
-1.9944091
3.071600025245457
-2.1245928
-0.66320777
-0.6263542
2.3121545894511506
-1.6881821
-0.3466916
0.30719852
1.7505784441127765
-1.2624391
0.15551853
0.2419281
1.2947848378392925
-0.8988602
0.25465918
0.3965702
1.014923087903281
-0.5735208
0.3186493
0.41302395
0.7752755798011942
-0.3553871
0.43879414
-0.029668808
0.5654383314456943
-0.13874221
0.43914175
0.23292255
0.5160889416804711
-0.1991005
-0.6753204
0.5196104
0.8750392019481964
-0.8871176
-0.21847582
-0.01718235
0.9137858762886524
-0.8859074
-0.040705204
-0.3853264
0.9669360128138168
-0.8083248
-0.21643925
-0.56108856
1.007499527942935
-0.64665985
-0.02375269
-0.3147955
0.7196036121210957
-0.76632476
-0.019002438
-1.0179801
1.2743226701844286
-0.67435145
0.0039515495
-1.9980774
2.10880978393832
