0.9730036
2.6202142
6.6731195
7.234831365110855
0.9852619
2.3451686
5.3308334
5.906635574591949
1.0180528
2.109809
4.7013693
5.252675419256228
0.9638405
1.7453079
4.36635
4.800010625509581
0.8821635
1.2162023
3.7382464
4.0288765004294795
0.4797181
0.9921155
3.117011
3.306082356751202
0.06199372
0.9354291
2.045415
2.2500206628486437
-0.17258692
0.78281975
0.63268185
1.0212146410196228
-0.14573109
0.77565384
-0.053140163
0.7910121964745336
-0.039970398
0.73927593
-0.14594126
0.7546027726341609
0.07145321
0.53395987
0.09393692
0.5468480784737941
0.099300385
0.31990743
0.3126545
0.4582075647267491
0.08327103
0.1486659
0.17734003
0.24593719164915034
-0.082781315
0.06530261
0.046103954
0.11507715394438453
-0.15816236
0.1135335
0.113497734
0.22535953472581155
-0.18016005
0.19808674
0.15975142
0.3117956329603889
-0.08666718
0.2235918
0.2044158
0.3151036517346591
-0.10381019
0.19802713
0.06776476
0.2336308268080152
-0.014095187
0.06265354
-0.091355324
0.1116688683664044
-0.1951508
-0.09927511
-0.11522198
0.24741763554257334
-0.53153145
-0.2249875
-0.14963818
0.5962689573445205
-0.77765167
-0.0037767887
-0.20781755
0.8049500046481538
-0.4382466
0.5677562
-0.09730053
0.7237917665015907
0.09759724
1.350594
0.3320465
1.3942325389658576
0.2657832
1.7010522
0.98198223
1.9820465484257284
0.044074774
1.2420893
1.8658495
2.241901552262686
-0.23289078
0.5684614
2.8755693
2.940456606901022
-0.3855102
0.42029285
3.5416098
3.587236156796609
-0.3620383
0.73462963
3.553463
3.646621938520636
-0.109586686
0.21612358
2.3907442
2.402993215213997
0.0042679906
-1.2712841
2.6480942
2.937445132777982
0.053213775
-2.6948838
4.0146837
4.835588433358051
-0.37497777
-3.4583528
2.7750454
4.449908892095345
-0.5834557
-2.893096
-0.22396564
2.959828674925647
-0.6391471
-1.5291787
-2.8530169
3.2994850277064574
-0.6224086
-0.64107335
-4.3510046
4.44180218249507
-0.6013564
-0.29833817
-5.185475
5.22874598945028
-0.5002387
-0.11608744
-5.278443
5.3033645171170365
-0.28910005
-0.17331505
-4.5905037
4.602862189120075
0.2130838
-0.3570032
-3.3774376
3.4029312064598716
0.64930737
-0.5460919
-1.8438678
2.0296958259488105
0.62287545
-0.6705476
-0.48293734
1.0348122078997166
0.23014976
-0.8467267
-0.110538006
0.8843832305417375
-0.2717362
-0.75782657
-0.42936468
0.9124120173430915
-0.5659847
-0.16572821
-1.0713291
1.2229270756986317
-0.5715402
0.2734741
-1.4546556
1.5866535242856046
-0.4802165
0.6554818
-1.4778438
1.6865012427516852
-0.1543298
0.9304421
-1.3584881
1.653792663623639
0.17533252
1.2844856
-0.67307234
1.4607090898955017
0.2896642
1.3302155
0.71035814
1.5355738879816399
0.20874703
1.0794954
1.6830263
2.0103390008290627
0.017599434
0.8674271
2.2964401
2.454867964727057
-0.13914934
0.5905123
2.6032968
2.673054663370714
-0.042366475
0.45325613
2.7491832
2.786618740895603
0.046551973
0.63458633
2.364067
2.4481993383515928
0.12151748
1.1014309
1.676734
2.0098142627284004
0.062737495
1.3599849
1.004283
1.691768052519071
-0.018763006
1.4174304
0.95665455
1.710160588537353
0.14204924
0.9041014
1.2939634
1.5849033234772671
0.13279301
0.2750864
2.2993097
2.3195110953596627
-0.081470996
-0.11703396
3.3372602
3.3403054436912383
-0.17626777
-0.26217937
2.9647741
2.9815590240455054
0.26504236
-0.493217
2.6169853
2.676214252716032
1.4148809
-0.73933864
2.9516706
3.3557218338509647
2.373059
-1.1201105
2.7061014
3.7694882405253614
1.886955
-2.0453053
1.5289812
3.175162429859873
0.35651636
-2.7509847
-0.7113304
2.863740850306613
-0.68395966
-2.878826
-2.8291912
4.09386880716795
-0.9379015
-2.310722
-4.3319435
4.99848266466681
-0.53963137
-1.250985
-4.5190034
4.71991073782618
0.28464007
-0.32275015
-3.7684312
3.7929224862008617
0.932565
0.36620772
-2.980269
3.1441672926018405
1.0218642
0.73349917
-2.9281778
3.1869190659050934
0.36546588
0.9928559
-3.2619162
3.4292018259748205
-0.5082483
0.7368239
-3.4216459
3.536790400529875
-1.1420975
0.18723321
-3.1816807
3.3856365582383443
-1.5151014
-0.110702634
-2.813495
3.197427287643243
-1.3423258
0.1872499
-1.9864764
2.404784710104654
-0.7635721
0.7971921
-1.3248615
1.7244754795444819
-0.12818661
1.3426068
-0.61552525
1.4825302707611554
0.20007782
1.3077595
0.277555
1.3517776494416411
0.52781165
0.8623328
1.7121954
1.9884204628403512
0.54100174
0.33743978
3.2583027
3.320103106908418
0.25275743
0.1856761
4.3994207
4.4105854754726375
-0.12723622
-0.046826124
4.469556
4.471611547273747
-0.23586427
0.09661436
2.8822842
2.8935321107898346
-0.31127453
0.6748841
0.52454185
0.9096727519541784
-0.35627988
1.3864975
-0.7985363
1.6391982641440825
-0.3156697
1.7604208
-1.3475132
2.2393125385130146
-0.20656708
1.6151958
-0.99756575
1.9096242713854419
-0.22654523
0.9818678
-0.05872345
1.009373837874839
-0.28849643
-0.041941643
1.5849094
1.6114984225822586
-0.6598381
-0.8763125
3.256073
3.4358873225733713
-1.0526795
-0.643589
4.179285
4.357609873451741
-0.55483943
0.39684057
3.1097546
3.183693202050907
0.37973386
0.76183605
1.99364
2.167761990422182
0.87456477
-0.40184164
2.4491625
2.6314894977224466
0.25911874
-1.765656
3.0664082
3.547892689171209
-0.67377126
-2.5808952
1.6639967
3.143862597532775
-1.2936693
-2.0225782
-1.2085714
2.6879449520378103
-1.0694121
-1.0472848
-3.322752
3.6443283171747596
-0.100877166
-0.48923206
-3.818911
3.8514420372499942
0.41729218
-0.39904714
-3.2083583
3.2598978590614878
0.19592774
-0.4418211
-2.6969314
2.7398964203796425
-0.2722987
-0.7403599
-2.5291252
2.649293024298175
-0.4821589
-0.99834466
-2.8124294
3.0230660616981417
-0.23249817
-0.9442432
-3.0965328
3.2456380476047495
0.2162273
-0.6021656
-2.982882
3.050728263834441
0.6288378
0.07372224
-2.5088882
2.5875455806237344
0.81335884
0.6910471
-1.9496498
2.2226635441719065
0.9533142
1.1427691
-1.6861334
2.2489496534520748
0.99632543
1.4083786
-0.80877495
1.9053376312625605
0.9196435
1.260778
0.29533815
1.5882474116048042
0.78551424
0.9549923
1.320365
1.8089794299725923
0.44070596
0.9516995
1.7381606
2.0300629888825044
-0.061153293
0.76519036
1.7429547
1.9045070747370272
-0.5047786
0.48956895
1.7850981
1.9186073995776178
-0.9286319
0.52573085
1.5889688
1.914045933243037
-1.0033947
0.8496256
1.4588804
1.963923820995474
-0.72993207
1.1508794
1.3050108
1.8868962237998832
-0.4039017
1.3880515
1.4730492
2.0639034466966657
-0.21969187
1.4015765
1.6611109
2.1844840921602904
0.057920575
0.74585056
2.0605564
2.192154319767663
0.3681172
0.025902271
2.4490662
2.4767128691165157
0.04549676
0.12798214
2.0473595
2.05186018400162
-0.055539966
0.35138226
1.3046141
1.352247031734888
0.67574394
0.009124756
1.5340242
1.676288661297592
1.9005017
-0.7243686
3.0544739
3.66966317296827
2.451267
-1.686574
4.508339
5.4016997311357065
1.6737094
-3.0615923
2.867342
4.5162264413480475
0.15527427
-3.0660203
-0.85498047
3.1867823073288517
-0.69172454
-2.1616812
-4.1469574
4.727431036225754
-0.7870537
-1.1164294
-5.6159997
5.779733819871332
-0.2618936
-0.37599576
-5.1555147
5.175837448102922
0.35360134
-0.0020003319
-3.6340795
3.6512424705816913
0.35566485
0.38530278
-2.6352825
2.686944327461619
-0.0027723312
0.6032078
-2.5525904
2.622896259724376
-0.53468835
0.60131884
-2.555389
2.679083486386038
-0.8836067
0.4887166
-2.350769
2.55846040101575
-1.1435877
0.241575
-2.030013
2.3424569186846433
-1.1753594
0.19325995
-1.3520293
1.8018885453926083
-0.79472005
0.5108652
-0.7445197
1.2028602705181222
-0.29101098
0.8109181
-0.2202053
0.8892502129001915
-0.0029654205
1.0777755
0.478889
1.1793826890461296
0.31557766
0.8430667
1.0534878
1.3857081639613915
0.41718322
0.31819606
1.5131669
1.6015506650906093
0.3567309
-0.16682267
2.321443
2.3546092424760032
0.124494374
-0.37479353
2.8224964
2.8499920426642444
-0.17238581
-0.476048
2.6870384
2.734321462924552
-0.3447677
-0.24676299
1.1038437
1.1824667824722987
-0.36009008
0.56107235
-0.40404797
0.7795651387616751
-0.08504376
1.402708
-1.0702295
1.7664126099544117
0.15031618
1.8538346
-0.76041603
2.009360581223175
0.20835957
1.7167416
0.18845749
1.7395779348811218
-0.024848476
0.9022145
1.4302273
1.6912003671562712
-0.21524565
-0.029049873
2.6726398
2.6814508002791375
-0.44800854
-0.5480485
4.0994415
4.160106733860247
-0.53462005
-0.3196864
4.7888584
4.829200995089826
-0.06377739
0.41462755
3.6203966
3.644619955964282
0.35886544
0.7722354
1.455965
1.6867027518718278
0.42882907
-0.010450363
0.35649014
0.5577533508911424
-0.009363234
-1.1652386
0.6912489
1.354877749836814
-0.5897604
-1.5719216
-0.02161026
1.6790538923510434
-0.85488063
-1.2537067
-1.8177271
2.367854159812963
-0.6302744
-1.0067961
-2.9136877
3.146499681109963
0.09720397
-1.0046344
-2.6565628
2.8418418435015984
0.36889812
-1.113996
-1.8226223
2.1677234957701064
0.16487396
-1.1746703
-1.5308819
1.9366551680012871
-0.2013737
-1.3151473
-1.7495146
2.197945641301044
-0.31815863
-1.481159
-2.1619253
2.6398821807348942
-0.35029495
-1.3573096
-2.73319
3.071697204349732
-0.06571549
-0.94411093
-3.1020947
3.243247720569235
0.52586675
-0.34157073
-3.2554817
3.3153232562997847
0.76162773
0.47756505
-3.1138713
3.241039983063147
0.81999195
1.1788423
-3.019737
3.343780517438863
0.60619414
1.6938953
-2.5307117
3.1050369442325203
0.7262909
2.1480763
-1.0170891
2.485196151820798
0.9296285
2.1053638
0.925477
2.480579379761038
0.71305704
1.4391251
2.3761
2.867992818134419
-0.23017544
0.7988734
2.9045296
3.0211704636040992
-1.2146049
0.550992
2.7871418
3.0898246137602743
-1.3585869
0.41014814
2.417419
2.8031936109772686
-0.9298098
0.7763133
2.1446247
2.463051702206866
-0.31480688
1.2224741
1.7616682
2.1672611765862095
-0.025832891
1.4146814
1.4553032
2.0297531481456623
0.27046865
1.0474691
1.8844185
2.1728731784388287
0.4079111
0.2901821
2.5341682
2.5831386944038384
0.15394637
-0.30798674
3.2263508
3.244671635170586
-0.36334467
-0.3498187
3.1058903
3.146576968250811
-0.21406132
0.07640219
2.1093016
2.121511850194945
0.7136479
0.4212098
1.3809843
1.6105367670845343
1.819734
-0.13421106
1.6908875
2.4876784907572893
1.9882576
-1.4481218
2.1763153
3.2842919191256703
0.9317218
-2.8631692
1.0323696
3.1830222898248723
-0.10121226
-3.301846
-1.2082186
3.5174172135339505
-0.27633667
-2.7065992
-3.1309338
4.14786550023115
0.25394028
-1.6251477
-3.4930735
3.8609781371957186
0.7011462
-0.7331711
-3.476328
3.6213260316882825
0.48047173
-0.038743496
-3.5740213
3.606380789515552
0.058766007
0.48998356
-3.8705282
3.9018617929983317
-0.3743667
0.78655124
-4.1345487
4.22531724449779
-0.66724277
0.7020247
-3.958862
4.0756154724767875
-0.7291611
0.5309739
-3.3394723
3.459144971965291
-0.73272705
0.5205469
-2.4608881
2.6198909632001133
-0.65130395
0.59265065
-1.2485347
1.52783195322487
-0.6627799
0.6158571
-0.3361125
0.9651574308324244
-0.6451456
0.6152687
0.118012905
0.8992749830439138
-0.45865566
0.6377826
0.6383729
1.012250782471456
-0.052805275
0.4374423
1.2998271
1.3724775585570337
0.15312263
-0.010134459
2.2580314
2.2632399007794612
0.107175216
-0.2609353
3.1931467
3.2055825830822777
-0.16708751
-0.39262295
3.57732
3.6026781716585403
-0.47843504
-0.18768454
2.7814112
2.8284932102326197
-0.37125587
0.61599684
1.0337744
1.2593540199368596
-0.11312997
1.4581394
-0.13449287
1.4686923725916323
0.13933939
2.085885
-0.46385098
2.1413755562888284
0.2915155
2.0709338
-0.030146599
2.0915681088798546
0.1642594
1.2238755
0.8569498
1.5030686461101614
-0.033313543
0.08654165
2.0837727
2.0858350864372044
-0.39440024
-0.5781584
3.3295517
3.4023129169455375
-0.86714435
-0.37442017
3.97758
4.088186895767678
-0.71669984
0.79988146
2.4887037
2.710556311287887
-0.25924063
1.3830652
0.6731949
1.559893073672325
0.21781772
0.12578678
-0.05903721
0.25836459202743267
0.10913193
-1.8032398
1.6382885
2.438764586451485
-0.5945631
-2.7182221
2.0652828
3.4652026484076295
-1.0349361
-2.530835
-0.16736603
2.7393847974967125
-0.965855
-1.8293011
-3.1141949
3.7386399179754255
-0.29001284
-1.268074
-3.947031
4.155860136863709
0.41538185
-1.1178888
-2.9162893
3.1507080069611964
0.504688
-0.9249569
-1.7201157
2.0171894241902977
0.18922997
-0.96597815
-1.46803
1.767493617951392
-0.28914917
-1.0945631
-1.7911701
2.118953967333866
-0.56459224
-1.0863402
-2.524692
2.805881256821174
-0.42868948
-0.719674
-3.1842933
3.2926324964553615
-0.13226187
-0.07391465
-3.6200368
3.6232062538647223
0.1853255
0.50781536
-3.6085439
3.6488095732971675
0.7343611
1.2834878
-3.0553868
3.394409458446968
1.0510063
1.8887029
-1.7586102
2.7864893736254213
1.1932316
1.7139907
0.04495573
2.088919918470129
0.9162781
0.90767527
1.924511
2.3167180949844584
0.2924894
0.56524944
3.0565748
3.122131709788849
-0.45553857
0.3028016
3.3301568
3.374781142308918
-1.027146
0.012397766
2.6296487
2.823160440164647
-1.1013596
0.45811272
1.4026966
1.8413087879748307
-0.71636665
1.58466
0.39048958
1.782361001992739
-0.43518734
2.183271
0.1361785
2.2303821660487735
-0.09149146
2.0722284
0.8597646
2.2453722516460193
0.08003569
1.4815693
1.4156485
2.0507349790166933
0.2325803
0.8902898
1.7301111
1.9595902514823944
0.7913184
0.1950841
1.8744221
2.043942396341386
0.92035896
-0.3878951
2.514679
2.705759341402414
0.5064438
-0.72786474
3.1916065
3.312495105667817
0.5047538
-1.0534706
3.6795177
3.8604957096237573
0.88264346
-1.3637547
4.51038
4.79399733321872
1.629319
-1.5545211
4.546831
5.0739422752937084
2.0849228
-1.825887
2.997734
4.082545197908867
1.1546212
-2.177055
-0.08028889
2.4655961763851115
0.15372169
-2.086409
-2.9640884
3.6280232680561917
-0.24860275
-1.8300176
-4.347924
4.723897993157331
0.038622618
-1.5099827
-4.121901
4.389944003362814
0.35267878
-0.9743121
-3.1519532
3.31790224443848
0.2859738
-0.2737944
-2.6939445
2.7228810287357708
-0.11981672
0.4206952
-2.9749303
3.0069171315969956
-0.5402172
0.6813214
-3.7513433
3.8507934793009935
-0.7692774
0.9128065
-4.265213
4.429113280200964
-1.0061557
1.0022264
-4.0250864
4.268269931054701
-1.1879967
0.90521073
-2.9136112
3.27412163406774
-1.0729806
0.7126763
-1.3655467
1.8772088074177387
-0.9579833
0.81147647
-0.23052502
1.2764669786478733
-0.8123553
0.9249933
0.3059125
1.2685093919333414
-0.53496253
0.6710417
0.68143225
1.0958246989810512
-0.10618931
0.32614326
1.230845
1.2777421429175515
0.21001416
0.0157485
1.8197737
1.8319197826189229
0.076073945
-0.30535126
2.639513
2.658205367289879
-0.17281497
-0.5047703
3.2033663
3.2474935109556
-0.38724887
-0.5417223
2.827013
2.9043807714744374
-0.39407504
-0.0043370724
0.90170383
0.984064931324402
-0.03178656
1.0614712
-0.5236225
1.184023687753981
0.38062733
1.8681493
-1.2233496
2.265268863442404
0.5611603
2.069128
-1.0399714
2.3827992923558137
0.6826023
1.3067064
0.022274017
1.474423185808681
0.5920505
0.48224878
1.7531366
1.912217477113692
0.15952113
-0.10453367
3.4327927
3.4380865810337125
-0.59638965
-0.32496262
4.0027113
4.059923499377886
-0.95978284
0.23802423
2.7194986
2.8937020085682787
-0.7141962
1.4966955
0.43262005
1.713865170382538
-0.33002138
1.9749932
-0.6613846
2.1087773359389037
0.1650238
0.4997306
-0.59039974
0.7909079395981384
0.22778714
-1.3929935
1.577117
2.116510261804552
-0.11656666
-2.8228974
2.6828918
3.896183562558291
-0.62572384
-3.568425
1.7785635
4.0358982936418375
-0.8568363
-3.2799501
-0.76449203
3.475153056554415
-0.7620834
-2.2562108
-2.7069988
3.605426560771919
-0.12699568
-1.590448
-3.318646
3.682263292835491
0.49216557
-1.1995747
-3.0801272
3.3419141631777216
0.6695446
-0.8026002
-2.9122963
3.0941762919489864
0.6314038
-0.38159096
-3.1074734
3.1938494105087103
0.5817375
-0.021799207
-2.938004
2.9951229188688235
0.5688195
0.2124039
-2.4998012
2.5724845451283698
0.50102425
0.42658162
-2.1645622
2.2623719110639056
0.53872544
0.6975225
-1.8618946
2.0599548357114283
0.7795762
1.0291967
-1.5737915
2.035633697444336
1.0143946
1.3749814
-0.44691992
1.7661562095194043
1.0528513
1.460073
0.7840195
1.9634142428740002
0.911234
1.3366101
1.5312657
2.22747591256113
0.33442283
1.0769496
1.9298654
2.2351821828575775
-0.38751537
0.89603615
2.0801935
2.297880406812694
-0.769699
0.62106085
2.4609451
2.6522451390852835
-0.7804803
0.7037077
2.8306684
3.0194432886100584
-0.40603304
1.0647907
2.030861
2.328741721580317
-0.05284512
1.602654
0.9313278
1.8543634917413505
0.38676485
1.8529005
0.30069923
1.916571766812114
0.431995
1.6470418
-0.031422615
1.7030424745496628
0.34559602
0.88859224
0.15107536
0.9653271842375627
-0.010827385
-0.09357786
0.50010204
0.5088969462232066
-0.6675463
-1.0746808
1.0244904
1.6279242686528739
-1.3040123
-1.3462462
1.3827085
2.3291006412144406
-1.0738556
-1.0118747
1.523716
2.121029678978794
0.27864018
-1.1619263
2.406496
2.6868077650795374
1.3146682
-1.6956854
4.258107
4.7681421854977275
1.2700857
-2.3525362
4.2492447
5.020321177508646
0.2116168
-2.4183302
1.2618523
2.735941062415139
-0.723265
-1.5898992
-2.5492601
3.090245737964588
-1.2336656
-0.6551732
-4.7515593
4.952625526250848
-0.9907632
0.10409999
-5.3680134
5.459671768830454
-0.44784546
0.53147435
-4.439978
4.494044495590217
0.20867053
0.861882
-2.9007592
3.0332799976676217
0.47339427
1.0572553
-1.7383375
2.0889490226562715
0.20250216
0.93391085
-1.0612278
1.4280759974113157
-0.37046874
0.22615027
-0.36631107
0.5679567359377778
-0.9935665
-0.38602686
-0.21260357
1.0869182850497774
-1.25454
-0.622941
-0.16625261
1.4105197511958096
-1.0112934
-0.5136757
-0.5582123
1.2641906616726624
-0.55620706
0.0602386
-1.174407
1.300856167122245
0.20625734
0.5768306
-1.2919526
1.4298311588673824
0.72046065
0.84070635
-0.5891981
1.2541949929030507
0.97476375
0.7951479
0.2220025
1.2773839728412344
0.87940985
0.5365195
0.9897151
1.428548557234649
0.5809447
0.17638779
1.4123492
1.5373157328772382
0.43794075
0.007035017
1.340569
1.4103073926749077
0.5495502
0.21631765
0.36377144
0.693634193652338
0.6962986
0.74766254
-0.6590018
1.2157773174971893
0.7830515
0.9428954
-0.87196636
1.5041763657585638
0.44639724
0.81943846
-0.5405135
1.0783806097013626
0.13876662
0.73216534
0.36821032
0.8312045723111031
0.12250546
0.78876066
1.0645437
1.3305654207278461
-0.055224545
0.5850396
1.3457975
1.4684999943058792
-0.13611698
0.3301258
1.8274603
1.8620209020103173
-0.33873695
0.6778188
2.9597807
3.05523848381647
-0.47018713
1.3696909
3.4595804
3.750443368768726
-0.4757485
1.8312516
2.6872196
3.2864826441297414
-0.20821631
0.997653
1.793519
2.062856238840114
-0.05165136
-0.7303362
2.541894
2.645237973329975
-0.6657289
-1.9978054
3.2478542
3.8707852976884136
-1.4826025
-2.8508906
2.4105778
4.01703544812638
-1.7989976
-2.5220482
-0.30867958
3.113262564149539
-1.2897999
-1.4353685
-2.300212
3.0024724944138814
-0.05883634
-1.0908341
-2.0431976
2.316902506325184
0.056360364
-1.1906173
-1.5962505
1.9921751732538369
-0.52568936
-1.324074
-2.1235905
2.557177715261816
-0.7499937
-1.4997922
-2.786798
3.2524006120419635
-0.5233805
-1.5407681
-3.2215958
3.609234431448357
-0.081600666
-1.1521695
-3.5541105
3.7370917362001417
0.55529654
-0.59995484
-3.3221288
3.4212336527078793
1.1299367
-0.0470922
-3.0675905
3.2694167615016876
1.4134355
0.42584383
-2.6609316
3.0429754881484286
1.5866044
0.94975996
-2.327943
2.972991162556108
1.774939
1.3497393
-1.6823106
2.793272799501345
1.8719765
1.5318167
-0.5835347
2.488226538135993
1.7006097
1.5625572
0.5100069
2.365114216859106
1.1153214
1.4032745
0.8102317
1.967128994581505
0.3099873
1.023021
0.5830631
1.217631584905487
-0.41855595
0.71115685
0.405159
0.9192860991999782
-0.85199237
0.6493707
0.5309863
1.1956252144047115
-0.9076066
0.8834152
0.7197547
1.4567838157027142
-0.7873768
1.1242809
1.0929513
1.7545689475687358
-0.760146
1.3744345
1.6060286
2.2463792702356895
-0.6579162
1.0114408
2.0509672
2.379565618929228
-0.4765336
0.039177418
3.0772953
3.1142199930578336
-0.24715161
-0.5892353
4.488289
4.533543709941076
-0.124937534
-0.31049776
5.0539675
5.065037597637209
0.18735418
0.6862979
4.376446
4.433890580647243
0.9466737
1.2155838
3.5471249
3.867289840422989
1.8720793
0.5970564
3.20928
3.7630619174426077
2.0990868
-0.706048
3.4676437
4.114513592994146
1.0893382
-2.0856352
1.9351864
3.0465518095318225
-0.2126239
-2.5495744
-0.9801283
2.7397426563731555
-0.76769185
-2.284826
-3.6264982
4.354453970208217
-0.33068004
-1.9121366
-4.8625283
5.2354367218463285
0.14917403
-1.5143864
-4.8285503
5.0626589903178445
0.17296934
-1.0429574
-3.640658
3.7910510950330605
-0.21405104
-0.5240774
-2.943172
2.9971212244168735
-0.48152938
-0.07832742
-2.8333783
2.8750718149254992
-0.5729289
0.11738205
-3.009863
3.0661540128144007
-0.46217388
0.26628828
-3.2238348
3.2676634928421886
-0.3352626
0.43904305
-2.9314945
2.983088830344575
-0.421439
0.7381375
-2.2111201
2.3688626546920006
-0.5440102
0.84333754
-1.2900558
1.634444593767692
-0.60759073
0.6555164
-0.5685272
1.0592881631285467
-0.47841114
0.38650703
-0.025781155
0.6155725669800673
-0.24099216
0.43178892
0.7799959
0.9235326120931073
-0.0012575686
0.4909985
1.3594956
1.4454443794087108
0.087100595
0.4962287
1.6775279
1.751550532494938
0.1884329
0.2629075
1.5986805
1.6310752862783668
0.30397522
0.091573715
1.5049572
1.5380776444468889
0.5419766
0.16902685
1.541069
1.6423161827359973
0.6710861
0.7328143
1.0068431
1.414604631056689
0.8586496
1.4903021
0.18106651
1.7294694413294591
0.9550702
2.0771384
-0.1999116
2.2949134599247314
0.794702
1.9375229
0.38786364
2.129785086844163
0.37144172
1.1554537
1.4901538
1.921874255668682
-0.17785627
0.024143219
2.7473965
2.7532531396703677
-0.78201574
-0.61658573
3.894927
4.020221854773276
-1.2730048
-0.43197727
4.2728195
4.479300468871193
-1.0337267
0.7193589
2.9126005
3.1732176396039176
-0.8423042
1.3799391
0.99315834
1.8973854823479803
-0.5397681
0.3569603
0.10499668
0.6555871795131571
-0.2785856
-1.5072098
1.3634596
2.051417428296447
-0.5791257
-2.6231356
2.1174011
3.420469927486764
-0.88851076
-2.669286
0.4451046
2.8482727304450797
-0.9061755
-1.7140493
-2.2526388
2.972120600198044
-0.17331636
-1.2563176
-3.8285642
4.033147084583426
0.6083379
-1.1352987
-3.7638736
3.978155690065055
0.6743757
-1.0001762
-2.8348856
3.080862154741123
0.40159458
-0.9686928
-2.2602472
2.4916584087052116
0.049294293
-0.99713624
-1.9384427
2.180428983844433
-0.044840455
-0.9585993
-2.052579
2.265833983155251
-0.009057283
-0.5446975
-2.26264
2.3272982159757665
0.2149361
-0.07183933
-2.75247
2.7617837555611935
0.37114647
0.47116828
-3.1596568
3.2160814204181443
0.5574063
1.0473113
-2.9337823
3.1645917285023466
0.7983516
1.3703196
-1.845201
2.433086017773571
0.9413084
1.1154094
-0.36142063
1.5036038181348803
0.6342943
0.857851
0.990325
1.4556720519988633
0.043917984
0.6403122
1.4894514
1.6218489393077253
-0.6160885
0.5160804
1.5708022
1.7644613026380263
-0.9678805
0.55077004
1.4788232
1.8512315414095741
-1.06927
0.6972747
1.313303
1.8314734547175624
-0.9550148
1.0673056
1.0468116
1.7739810866731425
-0.5303377
1.3939762
1.289474
1.9715909290788434
-0.09482801
1.5710373
2.1080132
2.630754611755058
-0.056708813
1.6590557
3.195716
3.601150058788254
-0.29436398
1.4306741
3.1848106
3.5037832249166088
-0.26230633
0.37456417
2.2337294
2.2800547983042563
-0.19835293
-0.7652898
1.9631968
2.116401104024867
-0.4498173
-0.88421345
2.6584826
2.837551529874371
-0.06105745
-0.63458633
3.551814
3.608574584460769
1.0697252
-0.39274788
4.385233
4.530875354932377
1.9168904
-0.34101343
4.3586073
4.773700413432648
2.337964
-0.8167734
2.215086
3.3226195454672354
1.736296
-1.572792
-0.7255621
2.4525169056223204
0.56926215
-1.9937325
-3.1163874
3.7431134888068636
-0.19964385
-2.2002401
-4.7800517
5.265910064497214
-0.3665741
-1.9900355
-5.1494713
5.53278152900997
-0.009785771
-1.4004924
-4.5064797
4.719092552433425
0.5208112
-0.8407513
-3.0037603
3.162385774140287
0.61967725
-0.1286385
-2.119535
2.2120071896786277
0.26972914
0.39125252
-2.4119735
2.458342622211386
-0.32434857
0.6922436
-2.7799993
2.883192580063869
-0.7268271
0.66871643
-2.8713915
3.036502652420099
-1.0449791
0.3319447
-2.124731
2.390951794995548
-1.1079646
0.07785034
-0.8915024
1.4242271000402336
-1.020447
0.15804839
-0.21137762
1.0540264742564736
-0.797204
0.3907585
-0.08482647
0.8918643158965749
-0.50368786
0.4466822
-0.117661
0.6834255992618993
-0.3531509
0.25774693
-0.025176048
0.43793021915503216
-0.27485925
0.05296874
0.6195898
0.679885879154626
-0.18541086
-0.20662212
0.96685076
1.0059176233703329
0.19260564
-0.13848233
1.309782
1.3310910035942503
0.5409875
0.18417978
1.7756629
1.865360084012396
0.7430786
0.74493694
2.0564303
2.3099788635079577
0.70938456
1.2548337
1.7792192
2.289859151381697
0.42577088
1.6819048
0.7415066
1.886774097839181
-0.092254944
1.8665023
-0.027371883
1.8689812380000543
-0.46070698
1.880105
-0.15597248
1.9420023872132954
-0.5715939
1.48493
0.28510904
1.6164850745840957
-0.66030335
0.8125334
1.2547216
1.634177919252136
-0.8117162
0.07158756
2.2870684
2.4278982756231122
-1.3618875
-0.4407239
3.5419884
3.8202954001326783
-1.5185509
-0.10741329
4.3505564
4.609216305861945
-0.9811666
1.0019946
3.809888
4.059793832740213
-0.46698344
1.0429311
1.906354
2.222603044727869
-0.67238307
-0.46043968
0.45631123
0.9339826723447793
-0.6221825
-2.2568982
0.67916775
2.4376155141210925
-0.7352507
-3.4412374
0.91491413
3.635901141015631
-1.0287337
-3.6838555
-0.6547909
3.8804427039860356
-0.8727865
-3.0620062
-2.8337584
4.262373023505088
-0.48753953
-2.0627022
-4.013816
4.539069643523854
0.081147194
-1.0142618
-4.264502
4.384209231820364
0.26028466
-0.4513216
-3.982379
4.016314376851749
0.27334976
-0.2997657
-3.5115147
3.5348712279351133
0.43703127
-0.17852092
-2.8973184
2.935527220233187
0.65608263
0.21727121
-2.50173
2.595439039219556
0.8045088
0.73693323
-2.2005816
2.4561890339747214
0.796836
0.9113271
-1.8715565
2.2289433114881225
0.7523905
0.92442846
-1.3746619
1.8194380857956731
0.70534194
0.78934216
-0.57108974
1.2027933233273067
0.70984095
0.43227625
1.0217872
1.317112764204482
0.9317914
0.24239159
2.1083832
2.317815496703267
0.71861815
0.35480356
2.2153463
2.3558558814912023
0.1688379
0.51751685
1.7607851
1.8430122580573385
-0.12924957
0.4523208
1.381813
1.459694073122644
-0.11872256
0.6108537
1.086297
1.2519098949853993
-0.0145328045
1.3812413
1.1218648
1.779499733307731
0.24886292
2.0167055
0.96261406
2.248479329264207
0.25272048
2.4599538
0.5747242
2.5388083932341474
0.23665291
2.3970041
0.67046833
2.500232208911849
0.28509042
1.7069135
1.4557476
2.261422515074751
0.26637957
0.5802326
1.5323477
1.6600353959917344
-0.03589332
-0.78462934
1.44806
1.647364407228667
-0.47307843
-1.5547385
1.5530128
2.2478576633557186
-0.8419802
-1.0522552
1.7787104
2.2315874117091252
-0.3977722
0.08523083
1.2812309
1.3442617816859244
1.0876575
0.01838541
1.6149158
1.9471235921746533
2.2760012
-1.0847092
3.61335
4.406026848086558
2.5179925
-2.3081193
4.595352
5.725815374288579
1.3899864
-3.1489413
1.8030586
3.885732124892726
-0.2938862
-2.4080622
-2.5070286
3.4885993291342356
-0.8901626
-1.382487
-5.487751
5.728793304299665
-0.6470078
-0.48924327
-6.305562
6.357522380637956
-0.4371611
0.20619798
-5.5807514
5.601643879617191
-0.13137767
0.7433975
-4.165805
4.233654453583645
0.0059888214
0.9509752
-2.9763868
3.1246227799671824
-0.014362559
1.0365922
-2.2585263
2.4850896611147246
-0.37157798
0.85608864
-1.186244
1.5093485069714105
-0.5960588
0.14473891
-0.19817352
0.6445992405027365
-0.9173802
-0.075745106
0.3969159
1.0024300494249827
-0.80668783
-0.010796785
0.20261097
0.8318131210160881
-0.47296774
0.31314325
-0.197999
0.6008001426236279
0.04683596
0.46120405
-0.058800697
0.46729037003911955
0.64655364
0.3229947
1.1366525
1.3469729252949598
0.83902365
-0.028908253
2.8783135
2.9982471113404947
0.560128
-0.16103268
3.3829145
3.432751931032495
0.12632164
0.15081668
2.5186262
2.5262979174282947
0.14319527
0.22408295
0.8503618
0.8909732070987445
0.3290767
0.38995624
-0.35017586
0.6188541555883559
0.16749328
0.91721916
-1.1114068
1.4507136693280884
0.05738018
1.3466911
-1.3143363
1.8826442659173763
0.030581258
1.7247448
-1.3426042
2.1859245076314884
0.089587286
1.8433137
-1.560585
2.4168692755995127
0.07550056
1.4899735
-1.0875778
1.8462251116831998
0.0067703277
0.2879281
0.22552443
0.36580008284342075
-0.4427783
-0.53197145
2.022997
2.138121317191522
-1.0705678
-0.1842413
4.3075647
4.442429075002299
-0.8909307
0.8600874
5.3920593
5.532432817619182
-0.42544043
1.2320323
3.953559
4.162875523396179
-0.095186055
0.15052843
2.3698874
2.376570032071449
-0.16042477
-1.9136913
2.1334143
2.870436654185798
-0.7565783
-3.1360261
2.2008953
3.9052542676214297
-1.1530559
-3.6273918
1.025217
3.9419004283621346
-1.2289026
-3.0551426
-1.7464104
3.727471902435653
-0.73412514
-1.9576125
-3.52701
4.100120189114649
-0.0050302744
-1.4511683
-3.6375513
3.916336830265091
0.09557462
-1.1034739
-2.898549
3.1029624566017677
-0.13423014
-0.6605973
-2.6214662
2.7067492229417924
-0.07673824
-0.2986344
-2.7637186
2.7808653319014107
0.13397634
-0.05886352
-2.76643
2.7702976559899124
0.4749304
0.28235126
-2.416172
2.4785415972708336
0.84346175
0.7162137
-1.7528939
2.072927069198603
1.1536098
0.9981811
-1.0767035
1.8672095261555517
1.3097908
1.2160935
-0.81922483
1.9661039705851353
1.2163844
1.4708686
-0.5787654
1.9944961036726312
0.9041546
1.46783
-0.0301404
1.7242183047502753
0.3708972
1.0938189
0.4662199
1.245538234952299
-0.2549063
0.7907789
0.8633084
1.1981693609439705
-0.5984895
0.70540714
0.9243212
1.3077303187209797
-0.55540603
0.55283356
0.8275633
1.1397200874876585
-0.6167074
0.6759405
0.6199126
1.105221778051998
-0.7347014
0.8510413
0.52657604
1.2415070499430474
-0.69119066
0.9528146
0.4940443
1.2765891736534447
-0.43803084
1.0035872
0.41821957
1.1721629488353726
-0.15505779
0.93694544
0.66018677
1.1566140916145655
-0.15469193
0.5312052
1.0874352
1.220091741426918
-0.2846439
-0.39097977
1.456049
1.5342639144806032
-0.380944
-1.2896183
1.7586021
2.213801062849601
-0.50778353
-1.2768607
2.4909763
2.8448516053448385
0.16072023
-0.09828472
3.2301054
3.235594588621842
1.2433164
0.88671446
4.6028748
4.849593249696309
2.0519326
0.3109765
4.6859493
5.124963899810928
2.2965996
-0.95406604
4.3463516
5.007532739784598
1.6687281
-2.0197299
2.6687994
3.73984653464031
0.4041168
-2.6002798
-1.2896271
2.930512579130216
-0.4773276
-2.2794216
-4.762826
5.30170879527557
-0.535091
-1.7928915
-5.9669576
6.253428319983674
-0.26718244
-1.3845139
-5.1911154
5.3792140321347715
-0.12563933
-0.9543822
-3.4633632
3.5946509517312966
-0.24990965
-0.24635828
-2.5140324
2.5384061463854772
-0.43743253
0.36602974
-2.543696
2.606859010671612
-0.4112376
0.5839586
-3.096067
3.1773817245356413
-0.38645092
0.7429788
-2.9786785
3.094169819408413
-0.45472822
1.0272548
-2.2258835
2.4933085536065422
-0.51701146
0.93289495
-0.7042737
1.2781217579695567
-0.5476845
0.6084101
0.51684475
0.9681165531546
-0.5415771
0.5212045
0.87316275
1.1521167596218336
-0.23789483
0.63148403
1.1199098
1.3075029068252606
-0.010271907
0.3672812
1.1832323
1.2389671760441514
0.12202704
0.0869658
1.6859155
1.6925615061145018
0.2431891
0.050418854
2.5056105
2.5178893897900934
0.41673324
0.30465484
2.8280935
2.8748207036377007
0.5249227
0.7340565
1.8181114
2.0297566719983884
0.5118755
0.88221097
0.3435793
1.0762711217847902
0.42865402
0.7977061
-0.4912815
1.0302605940031804
0.23183227
0.9024849
-0.87186575
1.2760779965996443
0.0015911311
1.0092921
-1.2184706
1.5821958103070934
-0.04469578
1.1330452
-1.173974
1.6321777862312363
0.03702712
1.0749884
-1.0196247
1.482095031491924
0.1483741
0.9634199
-0.22959852
1.001453059223387
0.12253
0.34552574
1.2719955
1.3237727491605131
-0.10117358
-0.13729763
3.1628017
3.1673967289517457
-0.8738985
0.06254387
4.38048
4.467237736838786
-1.1204983
0.7663803
4.446742
4.649340937679787
-0.7048625
1.0574684
3.0785532
3.3305494763556847
-0.08888042
0.07216883
1.9725103
1.9758302440428772
0.30813724
-1.7120593
2.8766232
3.361704315998527
-0.19019264
-2.9479053
2.7609844
4.0434334160813385
-0.95277524
-3.1589453
0.032938004
3.2996668271734833
-1.2487218
-2.3969116
-3.2450867
4.223159858816054
-0.8189336
-1.7221624
-5.0094247
5.360114844501024
0.061198354
-1.2666389
-4.7009006
4.868941038641622
0.8572412
-0.9826654
-3.4657545
3.70296481144169
0.88115984
-0.89339256
-2.6921587
2.9702376001537636
0.54786825
-0.7606828
-2.5712762
2.7368337856969367
0.2237742
-0.76177514
-2.6699362
2.785486573564405
0.32458687
-0.48300636
-2.6262817
2.689982753400573
0.55080444
0.19969547
-2.9246304
2.9827381058813005
0.8122237
0.9488853
-3.1748023
3.4116653651346973
0.9102681
1.7589269
-2.8884377
3.5022114170728598
0.9810422
2.215424
-1.7208185
2.9718284306452496
0.9112476
1.7531857
0.5616908
2.054149252590109
0.48000115
1.0233068
2.4336667
2.683335915163429
-0.064193666
0.8492913
3.6592665
3.7570796259833252
-0.44208866
0.9973831
3.8774328
4.027989688136549
-0.48008478
1.1196871
3.3356204
3.551132805839837
-0.33426845
1.2290225
2.4692993
2.778429551482724
-0.36701354
1.2935066
1.0790501
1.7240091491155523
-0.760959
1.4485235
0.0013275146
1.6362397942978804
-0.98034734
1.4997535
-0.056399345
1.7926300327269482
-0.8187543
1.1576648
0.4796896
1.4968795903718841
-0.42899084
0.42047596
1.3184481
1.4488403978031101
-0.094195664
-0.52553225
1.9434872
2.0154897954971576
-0.21709323
-1.3321376
1.9991531
2.4121221256305203
-0.5069475
-1.5330584
2.0321941
2.595588032831007
-0.19486833
-1.2877381
1.9130592
2.3143116839362956
0.64855707
-0.7888551
2.2046547
2.429695644549
1.5722945
-0.6349149
2.9397554
3.393727935101067
2.1159174
-1.5192425
3.4435606
4.317790449011191
1.4092605
-2.4297333
1.4409103
3.1568722253219685
0.25400358
-2.4456112
-1.7318068
3.0074386562518884
0.023158938
-1.7036612
-4.193365
4.526290810608313
0.27901632
-0.6044457
-4.745244
4.791716445443144
0.5871317
-0.10048413
-3.800026
3.84642915473971
0.62293434
-0.1110332
-2.3696442
2.4526697210134056
0.21104324
0.15633965
-1.6199036
1.641057275408343
-0.34448224
0.38173032
-2.0122676
2.076922534877348
-0.8693478
0.4471209
-2.3797894
2.572757288723697
-1.017259
0.32322025
-2.375011
2.603836486229787
-0.9210675
0.38498998
-1.9000087
2.146302761346935
-0.8019762
0.6642492
-1.1790724
1.573087602973343
-0.6224274
0.86850286
-0.45675564
1.1620407981834207
-0.38685095
0.8978307
0.17472744
0.9931179999938444
-0.003022939
0.89064693
0.58797646
1.0672288453790586
0.23125574
0.79296255
1.1484194
1.414615080546945
0.20415822
0.43900347
1.0987792
1.200716555756885
0.24760248
0.021760464
1.0897131
1.117700792318587
0.23255849
-0.17795849
1.4846864
1.5132899436248006
0.2358462
-0.15768981
1.4214239
1.4494603205049745
0.27295285
0.1879673
0.33651733
0.47231226612674365
0.32945326
0.9011955
-0.5084224
1.0859033592949925
0.37082285
1.3875022
-0.64424324
1.5740778933376942
0.26218176
1.5083971
-0.49624062
1.6094271456964704
0.17143819
1.1722412
0.10100174
1.1890087581725832
0.07585901
0.4781065
0.78948545
0.9260819023382378
0.22923899
-0.4755969
1.5624542
1.6492441382322043
-0.08859013
-0.7405653
2.9010048
2.9953486623954086
-0.48075944
-0.20938015
4.5541153
4.584204897230808
-0.38460755
0.47988796
3.8616428
3.910307097216721
-0.4340999
1.4833279
1.3041983
2.022285162757839
-0.37792572
1.646349
-0.91031075
1.9188429943499656
-0.31383273
0.52028847
-1.2722111
1.409862413727806
-0.32768065
-1.4071932
0.56814957
1.5525338289319262
-0.4613421
-2.661874
0.99081993
2.8775222329375327
-0.78279173
-2.7500763
-0.50978947
2.9044049056278225
-0.9097069
-2.215384
-2.583682
3.5229115569387623
-0.6626432
-1.707185
-3.3004384
3.774449688544673
-0.15470374
-1.3887324
-2.536921
2.8962871461214075
0.31677008
-0.96924937
-1.2404075
1.6057391530667895
0.18829381
-0.73709226
-0.77014446
1.0825350032900014
-0.15582281
-0.6892725
-1.0604796
1.2743604159116992
-0.23574924
-0.53226435
-1.4153309
1.530373926034127
0.014428914
-0.050400734
-1.9060707
1.9067915475514357
0.429092
0.5113034
-2.1301107
2.2322460782844065
0.7569916
1.1407108
-1.9415936
2.3757195637505615
0.64773124
1.4373777
-1.7103343
2.3261241123218883
0.43773982
1.0273187
-0.6327691
1.2835095183491754
0.43829846
0.565197
1.0835347
1.298306835224088
0.45789903
0.41768122
2.1731043
2.2597590836254717
0.38930357
0.48354292
2.2364779
2.321035150579812
0.23865913
0.5745399
1.9079347
2.0068056424492537
0.07983634
0.48644686
1.4612255
1.5421362840366868
-0.03956044
0.45811033
0.5177574
0.6924614478304296
-0.24233809
0.6116543
-0.09144974
0.6642377285611665
-0.28197712
0.74215126
-0.2340498
0.8276949431607447
-0.21792026
0.8159032
0.08091068
0.8483712481349294
-0.18582836
0.93619585
1.0722094
1.4354887451028289
-0.0030952096
0.7987566
1.8844013
2.046702253900011
0.035831064
0.14484215
1.7067184
1.7132281989682847
-0.23182431
-0.5736561
1.0282717
1.2000693619073324
-0.41913348
-0.4052949
0.76898766
0.9650278880976515
0.03244257
-0.0407629
1.3698425
1.3708328477033471
1.0947257
-0.5535884
2.9116364
3.1595111278030696
1.9522136
-1.3162751
4.811618
5.356807349461809
2.0635958
-2.232883
5.201539
6.0249648476995805
0.8272712
-2.2996233
1.9509039
3.1270867056492753
-0.18860352
-1.6673162
-2.2048779
2.77074015372259
-0.5646008
-0.66730726
-4.4952073
4.579406142401592
3.4457445E-4
-0.1584351
-4.550016
4.552773546257377
0.55573046
-0.40639067
-2.5597486
2.650717505001391
0.50587595
-0.4323728
-0.9483824
1.1585706156750815
-0.116277575
0.09463477
-1.2911758
1.299850451597392
-0.5833545
0.33236623
-2.3353863
2.4299792148344785
-0.81144863
0.3731532
-3.3048296
3.423388838672445
-0.9173095
0.30235338
-3.7432811
3.8658800168983145
-0.8985687
0.22655988
-3.592218
3.7098227663711567
-0.71885496
0.3727839
-2.4179187
2.5499119350709805
-0.35290205
0.4093182
-0.8081026
0.9721682139941931
-0.12526202
0.38874602
0.3265214
0.5229055918955733
0.0376964
0.45273352
0.92010164
1.026146020117045
-0.008150108
0.3775096
1.0080628
1.0764620574912345
-0.06781165
0.19474745
1.5917478
1.6050501368169678
-0.042757154
0.11749077
2.1353106
2.1389679446892615
-0.049528614
0.18976068
2.1717663
2.1806033818317814
-0.11623735
0.4199593
1.8370113
1.8879850888431216
0.060239032
0.5964565
1.2052898
1.3461473946888354
0.09415989
0.72999287
0.73821926
1.0424602283237085
-0.25028354
1.2926781
0.29944038
1.350304828772972
-0.1619196
1.6355658
-0.020936966
1.6436945220519932
0.09264625
1.3697443
-0.20828533
1.3885840107823169
0.2886375
0.5824785
0.2509203
0.6968169064106603
-0.11002434
-0.38826847
1.5376587
1.589733298024246
-0.65113574
-0.643888
3.1684723
3.298148971218938
-0.7660748
-0.15885305
3.1362019
3.2323159560629797
-0.36769363
0.8344288
1.2524843
1.5492536963110488
0.09657884
0.947186
0.37374973
1.0228282483663267
0.27262995
-0.3416686
2.0458088
2.0919842462475313
-0.1956141
-2.2882948
2.8394938
3.652024394878289
-1.1333256
-3.3859093
1.1108866
3.739368627365219
-1.0483972
-2.4252539
-1.5782766
3.0776534130739703
-0.48246062
-1.0055069
-3.2507677
3.4367576491124465
0.15033275
-0.35621095
-2.9990091
3.0238290774668277
0.4497084
-0.52630436
-2.0544434
2.167941696410594
0.08012396
-0.66237915
-1.6742
1.8022518483423773
-0.1082834
-0.53756464
-1.6304941
1.7202361184330544
0.047448635
-0.26916146
-1.7181134
1.739716355345047
0.23332578
-0.031454563
-1.9874063
2.0013030099132396
0.3322281
0.38855433
-2.153041
2.212901937753795
0.29642826
0.6096399
-1.8335238
1.954824760856417
0.35206428
0.541342
-1.0301166
1.2157880541340556
0.61875504
0.31049037
-0.06944084
0.6957615034829473
0.9087221
0.10282493
0.35816526
0.9821564029403519
0.75762343
0.14355135
0.43593025
0.8857964916468978
0.3762554
0.27573133
0.41769695
0.6261522400669505
0.09031459
0.27038455
0.039191723
0.28775078626487155
-0.06565435
0.3197372
-0.3708725
0.4940534069906263
0.066228926
0.34006548
-0.3541584
0.49543815005825104
0.16407411
0.5363722
0.05760765
0.5638564232650056
0.001014702
0.6282952
0.582387
0.8566974194890896
0.031457543
0.5600972
1.2243929
1.3467874573759417
0.021335319
0.16077328
1.9142103
1.9210685961031786
-0.12083776
0.29333973
2.2745285
2.2965473797754994
-0.55635697
1.2957821
1.585949
2.1222201846092434
-0.7515434
1.9598303
-0.7576933
2.231558031035744
-0.003641963
2.2573938
-1.0466871
2.4882512592322836
0.9585979
0.23914957
3.3343067
3.4776003542144993
1.0695055
-3.4938354
6.2798176
7.265454887121444
-0.013969719
-4.679784
3.0893383
5.60754704775825
-0.82711977
-2.9010682
-0.15257454
3.0205302294674135
-0.8149247
-0.43230844
-2.8150587
2.962355140975202
-0.51786447
2.4965496
-3.152267
4.054347147098355
-0.395138
2.8055224
-3.127068
4.219673564271728
0.26615947
0.5895457
-3.7006702
3.756775901400008
1.1629468
-0.23704696
-2.650248
2.9038683248675285
1.8727152
-0.07088542
0.78732014
2.0327222916968104
1.3564355
-0.19844484
1.6947966
2.179824113837363
0.0010539293
-1.0474837
0.01891613
1.047655014276309
