0.8734048
2.7964275
5.7269306
6.432773669841209
1.4457147
2.2141578
5.8916516
6.457874831464852
1.1144339
1.4993451
5.1845007
5.510811669579025
1.4355098
1.6055326
4.5306726
5.016514589321746
1.47785
1.4568086
3.505786
4.07392520889449
0.9830824
1.0850015
2.4790168
2.8790977134857423
0.510654
0.8718319
1.7840161
2.050261397094828
0.1786797
0.5787132
1.2816458
1.4175511946003023
-0.06008458
0.46680117
0.66905975
0.8180186215475274
-0.293234
0.45005536
0.27092743
0.6016125843947397
-0.5333836
0.25661492
0.07883644
0.5971301886397187
-0.69102675
0.025247812
-0.044190884
0.692898427842116
-0.54899067
-0.021939993
-0.0736599
0.554344581664023
-0.45834607
0.06672382
-0.0052981377
0.4632075709507424
-0.43179923
0.18745446
0.09152937
0.4795491326541115
-0.57145196
0.17294765
-0.026374817
0.5976318902929209
-0.6563592
0.11537385
0.067007065
0.6697823960378063
-0.5595638
0.26468158
0.118727684
0.6302890147957849
-0.36337522
0.63695574
0.2252264
0.767125236330933
-0.12980986
0.88880634
0.5096235
1.0327359100429658
-0.015741289
1.0175033
1.0206146
1.44125464657831
0.25172687
0.8676324
1.4983597
1.7496382475657564
0.29714954
0.43744707
1.8307571
1.9056047692105487
0.2760268
-0.040776253
2.4567633
2.4725572225739465
0.23614442
-0.17435741
2.6434488
2.659696609289638
0.10080892
0.38532305
1.9691916
2.0090673659077773
-0.20282638
1.0744028
0.33802986
1.1444405269144242
-0.38827378
0.710124
-1.5376778
1.7376666750653913
-0.038637698
-0.40490437
-0.87005424
0.9604346968033436
0.4479301
-1.8906894
2.1616755
2.9065768150417566
-0.02855897
-2.803505
3.307598
4.33597291124335
-0.88092905
-3.1162088
1.3934326
3.5254003635599562
-1.1912451
-2.3320768
-1.9115248
3.2421557321485817
-0.90702736
-1.2335923
-3.6897478
3.9948325157149305
-0.53408575
-0.68807733
-2.9019985
3.0299000044333533
-0.19359453
-0.7688132
-1.329442
1.5478916873003108
-0.15487564
-0.7261416
-1.0329075
1.2720715270174994
-0.26946798
-0.57708263
-1.5618253
1.6866936346519166
-0.20025149
-0.35057515
-1.9964509
2.036865219743535
-0.28661507
-0.065939546
-2.2177377
2.2371536796689444
-0.35187516
0.20773745
-2.1189556
2.1579954297686417
-0.33513024
0.48030925
-1.7411332
1.836995960054643
-0.1455211
0.55663
-0.929389
1.0930586673595872
0.19387166
0.6981317
-0.23785639
0.7625940624440106
0.50752383
0.8841169
0.1391573
1.0288866879769447
0.76993775
0.9371369
0.54036665
1.3277898477770962
0.7270412
0.72289443
1.1141615
1.5141073277375179
0.21388355
0.30250335
1.6268282
1.6684796803728652
-0.273257
-0.029978514
1.5581212
1.5821851867381602
-0.5403863
0.129246
0.9055624
1.062433577312564
-0.53190786
0.54009914
-0.106817245
0.7655344539739883
-0.31826603
0.907089
-0.48001814
1.0744864390366429
0.11696727
1.070436
0.03353405
1.07732959099
0.16635755
1.078531
0.61675835
1.2535130249643152
0.20203905
1.0735149
0.93393993
1.437184008821982
0.09650895
1.0580094
1.045948
1.4908738670290445
0.050392106
0.85406923
1.1470461
1.4309745790101638
0.036482964
0.5300269
1.3773241
1.4762388813268708
-0.0052901357
0.20183945
2.002079
2.0122344605969906
-0.054031506
0.027396679
2.1762724
2.1771155055344393
-0.19262338
0.2555914
2.127921
2.151854748571045
0.38986394
0.14318132
1.2847891
1.3502510190641008
1.4113085
-0.6630914
1.3419504
2.057258534868861
1.6232101
-1.89038
2.7935543
3.743299729107793
0.54391575
-2.994794
2.1429062
3.722456295251316
-0.5148867
-3.1275032
-0.7028618
3.2465980037136233
-0.60727626
-2.1917138
-2.8607235
3.6546042887464876
0.20370907
-1.121302
-2.809557
3.0319013387384883
1.2700461
-0.5867531
-1.5964241
2.122702534676071
1.3684635
-0.18975973
-1.0013266
1.7062696071518237
0.75766706
0.020574808
-1.3411932
1.540545992730822
0.077493906
0.42634714
-2.4443536
2.4824668225917046
-0.5126133
0.48281455
-3.154499
3.2321426132671744
-1.0459907
0.40923595
-3.6728163
3.8407226053472785
-1.3730937
0.23162067
-3.2255573
3.513296755094205
-1.1904124
0.09335911
-1.8755932
2.223431443657203
-0.6152263
0.37348354
-0.5427942
0.9014538096158736
-0.017171443
1.030455
0.121219635
1.0377024878108962
0.45361102
1.2917123
0.14294434
1.376487057856067
0.46248764
1.3551505
0.14883184
1.4396105489996722
0.33934432
0.96536803
0.58641386
1.179394464539386
0.1871996
0.278131
1.1165228
1.1657717144551474
0.14592898
-0.3099656
1.7206545
1.754430339988195
0.13972747
-0.6272142
2.368681
2.4542964397978286
-0.033785462
-0.50177145
2.5231829
2.5728131683990005
-0.19558021
-0.15625072
1.1911106
1.2171320323523498
-0.30586234
0.57985234
-0.41467953
0.775718754059503
-0.10678384
1.1878889
-0.8833685
1.4841909194041376
0.113770485
1.2567687
-0.37342167
1.3159996332933326
0.0450477
0.8560169
0.478899
0.9819055189978172
-0.105698556
0.35537124
1.164587
1.2221799660130788
-0.050082326
-0.10260606
1.3607111
1.365492942238681
-0.124341756
-0.34257388
1.3337345
1.3826298997221609
-0.21056437
-0.59583974
2.062976
2.1575986542142718
-0.68176836
-0.52264047
2.841735
2.968740202235066
-1.0472393
-0.5560186
2.0282211
2.3493717165368655
-0.6002867
-0.47162986
0.32779217
0.8307987451065423
-0.18526372
-0.20109057
0.0132369995
0.27374309084721526
-0.55043685
-0.32942438
-0.26905346
0.6956226642908742
-0.8464061
-0.42059922
-1.2763529
1.5882014009187786
-0.619664
-0.4858775
-1.630167
1.810388058113363
-0.062859595
-0.8177432
-0.26600742
0.8622152729269175
0.2944774
-1.0908968
1.0091944
1.5150069716894303
0.4309488
-1.1025608
0.6771107
1.3637579928687507
0.37923554
-0.9280173
-0.46195984
1.1038309102627712
0.031407118
-0.53172415
-2.0933943
2.160096428096282
-0.24685562
-0.16489017
-3.4943085
3.506895765380078
-0.3085755
0.03280902
-3.9408326
3.953031395569161
-0.21238387
0.2829057
-3.7157822
3.7325834821191566
0.1135664
0.6285504
-3.0722244
3.137919005117599
0.3934802
0.797806
-2.2087822
2.3811846065803537
0.5369661
1.0443015
-1.1847558
1.6680961042111817
0.7015542
0.81245685
0.29718018
1.1138134671333284
0.58422774
0.18261719
1.4520836
1.5758228695564236
0.07281773
-0.07608819
1.9009967
1.9039118450898116
-0.50486207
-0.10683918
1.6778564
1.755420871925463
-0.8176077
0.102234125
0.7638459
1.1235633790186261
-0.5315031
0.5682893
0.30078888
0.8342195130248438
0.061299324
1.0100863
0.527935
1.1413795379291112
0.20226836
1.2869096
1.3110762
1.848234122560141
-0.03355217
1.4585686
1.6158075
2.177012124486479
-0.30648452
1.4005289
1.1547403
1.8408800191328412
-0.37160146
0.9901786
0.76290226
1.3040556148417681
-0.4581715
0.52399254
0.94742584
1.175629615510989
-0.5733962
0.4575014
1.4206562
1.5988604570517269
0.0967378
0.24724865
1.6881495
1.7088998304980516
1.1921306
-0.34616375
1.9442816
2.3067802625957077
1.8194479
-0.7481098
3.3137274
3.8536798255611493
2.0493202
-1.4297547
4.7004185
5.323330240425895
1.4019514
-2.411773
3.1780643
4.228736191562679
0.19835705
-2.6151178
-0.6945076
2.713029213888302
0.10505545
-2.3219376
-2.7352877
3.589460914961212
0.94595695
-2.2559452
-1.9430647
3.1240396168305637
1.0593927
-1.7396338
-0.45120335
2.0861983118345364
0.36101234
-1.2921083
-0.57931423
1.4613277301721517
-0.38539732
-0.46290898
-2.0302172
2.1176868708458483
-0.5649763
0.61033785
-3.918777
4.006060777025075
-0.6205329
1.38849
-4.943123
5.171791652226815
-0.6458245
1.5934632
-4.843226
5.139363142702921
-0.7388416
1.420338
-3.3267875
3.6919861998956236
-0.5451046
0.7608595
-1.3091846
1.6093509264876917
-0.29817766
0.60868764
-0.19309664
0.7047672590298745
-0.03934455
0.87002254
-0.0702014
0.8737364910647696
0.23284423
1.0254602
-0.13660622
1.0603991663799657
0.3126893
0.8969829
0.26612568
0.9864967730779214
0.34975028
0.2425766
0.8143239
0.9188536903360797
0.3410918
-0.38054729
1.5708327
1.6518702628983906
0.30734992
-0.6721872
2.2871304
2.403594099475146
0.027528763
-0.5722264
2.4885883
2.55367826072545
-0.24995828
-0.10918546
1.3741245
1.400934983437784
-0.15399796
0.73625684
-0.057578087
0.7543903042079187
-0.07722974
1.4317646
-0.27590656
1.4601502770984962
0.06846082
1.4978383
0.19682407
1.5122652076515268
-0.10612172
1.0220573
0.5252085
1.153996049180036
-0.36454013
0.3426361
0.92965317
1.0557196758629686
-0.5597827
-0.23537707
1.2187328
1.3616419338811196
-0.9573123
-0.51391315
1.6798391
2.00060322724364
-1.1795679
-0.34983897
1.8648491
2.23415080192802
-0.65251946
-0.118980885
1.5033712
1.6431869122553215
0.22114468
-0.41696572
1.286973
1.3707898447081897
0.54466516
-0.92733455
1.8914909
2.1758555428715445
-0.012462463
-1.151755
1.9498959
2.264682863277312
-0.71482295
-1.4232287
0.5179596
1.6747638308154282
-0.5565355
-1.3186269
-1.4052258
2.0057836590733347
-0.15792418
-1.200469
-0.79473877
1.448335445228386
0.13031907
-1.1902186
0.07289219
1.1995484833835321
-0.09494233
-1.1207267
-0.43201923
1.2048580518983572
-0.19470626
-0.7318603
-1.6327381
1.7998232330840496
-0.26685596
-0.21007735
-2.719727
2.7408501387958815
-0.17134681
0.15371883
-3.462905
3.4705474595349184
-0.037478685
0.46774006
-3.5709448
3.6016429966600834
0.10026163
0.7496029
-3.009985
3.1035409761885453
0.25259185
0.85634065
-2.4846025
2.640146065341441
0.18675058
0.899593
-1.6582398
1.8957591688580078
0.35242876
1.0376244
-0.6562152
1.2772974595014381
0.55775505
1.0254664
0.35226345
1.2193283273904558
0.74116975
0.6862979
1.0288019
1.441794242432743
0.65805805
0.18511987
1.880321
2.0007290703382927
0.016960353
-0.18517709
2.5730295
2.579740168624733
-0.64914674
-0.366493
2.3074207
2.4248503098054073
-0.9100512
-0.032705307
0.9303942
1.3018817999960244
-0.56331986
0.8051026
-0.5198231
1.1116363687880824
-0.2169818
1.4102268
-0.6725168
1.577371096173226
0.0064585507
1.6070218
-0.051511765
1.6078601114621278
0.21202588
1.2817869
0.8207035
1.5367130219314475
0.47990927
0.45848227
1.6448889
1.7737469508203343
0.37626594
-0.37637424
2.4727888
2.5294106476281617
-0.2008119
-0.30876088
2.5413475
2.567899086903537
-0.16448024
-0.109102726
1.6308527
1.6427530928057112
0.83758867
-0.38990927
0.9867315
1.351748150549968
2.133407
-1.2811003
1.6857738
3.005740713016796
2.2238731
-1.7680404
3.8998804
4.825002308583078
1.1240449
-2.4717116
3.280795
4.258691315555919
-0.008645296
-2.2301972
-0.9724121
2.4329898874909155
-0.6006784
-1.1520885
-4.6776056
4.854700520292022
-0.35412884
-0.30109382
-4.814687
4.83707287699224
0.7701458
-0.114461124
-1.9019117
2.055114121621221
0.78466845
-0.13370681
0.16398811
0.8126956630743619
0.007157564
0.007956207
-0.30934238
0.3095274453312039
-0.61102027
0.2553619
-1.5843964
1.7172266364735915
-0.9140265
0.52223957
-2.2711658
2.503272489662526
-0.9227573
0.5288826
-2.5332785
2.747489390053365
-0.9603878
0.40778327
-2.5131245
2.7211076007219983
-0.7261723
0.41433322
-1.9760232
2.145615489481942
-0.29746437
0.6149399
-0.9602418
1.1784313663635622
0.10296282
0.79074836
-0.34298325
0.8680563346011587
0.18963051
0.7590127
-0.34717083
0.8559132992964157
0.1363815
0.65317893
-0.27773666
0.7227588065292728
0.089951575
0.14713216
0.3370967
0.37864672237888297
-0.11191341
-0.36496532
1.1584053
1.219683216506743
-0.36151206
-0.63290656
1.7158532
1.8642462384847307
-0.40030062
-0.48334086
1.6791401
1.7925876054411267
-0.10188931
0.24922729
0.9372549
0.9751627541685617
0.17897767
1.0153258
0.3245945
1.0808704636214894
0.1355207
1.3064239
0.163908
1.3236219473510091
0.06627861
1.1753836
0.31117058
1.2176808289140206
0.07983798
0.87135386
1.0610495
1.3753027582636168
0.20943785
0.28719592
1.6724453
1.7098008652232755
0.3284406
-0.22609925
2.2649908
2.299821170820707
-0.11265835
-0.14640307
3.072301
3.0778495549149945
-0.6647351
-0.14776802
2.645546
2.7317798615564937
-1.1830109
0.057998657
1.4269066
1.8544382546503588
-0.9272552
0.8776655
0.0497694
1.2777230169245684
0.17373863
0.6216872
-0.51180935
0.8237893310210713
0.6063391
-0.9583247
0.8508606
1.4177435914232617
-0.26575038
-1.9963219
1.5617542
2.548529152125476
-0.7718859
-2.324895
-0.11433506
2.452349206019685
-0.7209382
-1.9518533
-1.8191242
2.763819045606624
-0.28561562
-1.2895013
-1.8460331
2.2698520558414628
-0.010141313
-0.71748185
-1.4193659
1.59043472141208
-0.038758814
-0.30200422
-1.5338879
1.563816126607644
0.0034694672
-0.13051236
-1.8668413
1.8714010667183687
0.033421338
0.1522485
-2.037435
2.043388950758825
0.09569007
0.535517
-2.2237105
2.2892845488771245
0.080382794
0.918746
-2.5642667
2.725072327800116
0.11793634
1.217668
-2.943972
3.188039696574306
0.17096353
1.295915
-2.5850205
2.896714513256955
0.07164855
1.0022557
-1.5049
1.8095231438637946
0.12244111
0.31913352
-0.23857832
0.41684246725538066
0.3661035
-0.054981947
0.885571
0.9598389525730638
0.45377317
-0.20104527
1.3788328
1.465438193187614
0.07571433
-0.17232847
1.6623516
1.6729741984063369
-0.36463875
-0.1914928
1.6248474
1.676233901843345
-0.6632911
-0.03827262
0.76740694
1.015053338777502
-0.6110781
0.6244354
-0.2288332
0.903161508158864
-0.3471257
1.1737554
-0.458879
1.3071985350892439
0.00960362
1.2684467
0.3415804
1.3136690473795487
0.103450984
1.1756475
1.1351767
1.6375210418514028
0.17852882
1.1435461
1.5593643
1.9419545065347024
0.17346886
0.76926947
1.9102068
2.066581040833807
0.05832991
0.036976576
2.3862467
2.3872459316380787
-0.313424
-0.34582973
2.544898
2.587342033540009
-0.49590546
-0.34561658
1.8941813
1.9882896438151652
0.426881
-0.3722613
1.2012253
1.32806171939663
1.9274241
-0.70769644
1.8497086
2.76355195880521
2.2774382
-1.0373359
4.0923195
4.796860287920232
1.2281883
-1.8373487
2.9673977
3.6999656624102792
-0.250942
-1.9985187
-1.8437071
2.730623472793512
-0.9209295
-1.4762318
-5.1524587
5.438308831051665
-0.38814783
-1.0890481
-4.2368884
4.391800149605757
0.96511245
-0.863577
-1.0297861
1.6545895584413302
1.2164538
-0.56827855
0.81955147
1.5730113659913083
0.5824293
-0.24776381
0.06188011
0.6359559386858364
-0.20060235
0.3304286
-1.6513376
1.6959776386595224
-0.5665386
0.75850606
-2.933804
3.0827753404097544
-0.7098893
0.8366482
-3.4234762
3.595012144617357
-0.77860117
0.68847215
-3.1601605
3.3266842011299858
-0.73014116
0.6465459
-2.0952568
2.3111097951216903
-0.3542696
0.6857885
-0.9560299
1.2287416477637427
-0.015265107
0.73633623
-0.4966731
0.8883176328107771
0.17549333
0.6886678
-0.1789875
0.7328695327916619
0.2744699
0.35556746
0.39311123
0.5969073521499201
0.18509945
-0.27100086
1.2338619
1.27676098329904
0.067634374
-0.6803181
2.075015
2.1847413242952247
0.031123161
-0.82389736
2.3533726
2.493619405821359
0.02872926
-0.574842
1.7026539
1.797303256540665
0.118751466
0.31010175
0.16310692
0.369957922334239
0.14863127
1.1444707
-0.788888
1.3979444433750956
0.16870445
1.6319218
-0.7383704
1.7991166437405952
0.020041823
1.527719
-0.06971836
1.5294403749374774
-0.083565295
0.9157171
0.89424515
1.2826517392345347
-0.14729741
-0.09869313
1.6462612
1.6557816617007102
-0.351512
-0.87191415
2.1827526
2.376595011732643
-0.9362632
-1.0001585
2.8800955
3.189334715346395
-1.3121268
-0.45536184
3.0012674
3.307058795730425
-0.90413404
0.8462188
1.3130884
1.8049226417766084
-0.064422905
1.6614709
0.123435974
1.6672948686514248
1.0057411
0.804368
0.45883656
1.3671335264178792
0.7164863
-0.89645624
2.0449257
2.3449323596430816
-0.22360128
-2.1153789
2.1913958
3.054020411245191
-0.9067184
-2.5082471
-0.11244583
2.669473025719943
-0.62577593
-2.1061966
-1.8329363
2.8613484560924447
-0.15202495
-1.6543114
-1.9528513
2.563881106472178
0.023947507
-1.3924022
-1.7653103
2.2484833586087376
-0.011487782
-1.1752133
-1.7914896
2.1425903653792338
-0.18540347
-0.61455923
-1.8737259
1.9806327676665896
-0.2517523
0.052315235
-2.2957711
2.31012583336207
-0.23587835
0.5206926
-3.0203104
3.0739282182342733
-0.15422618
1.0409619
-3.4084058
3.5671582468498433
-0.031443596
1.3422557
-3.1825805
3.4541941925044184
0.15871981
1.564137
-2.3085594
2.793056246580745
0.46407944
1.5271218
-1.141995
1.9625552370109463
0.57812256
1.2638354
0.45780277
1.4632460362341433
0.64637274
0.72759485
1.8563933
2.096041094857586
0.45197594
0.1606965
2.530902
2.5759600247841363
0.10875305
-0.17023897
2.6989288
2.7064784422698955
-0.3573614
-0.22812867
2.178297
2.2191728001031215
-0.50807106
-0.025443316
1.0569382
1.1729884135299256
-0.29153514
0.82240415
-0.19640636
0.894380681721616
-0.11447573
1.3934224
-0.71641064
1.57097888680299
0.065479055
1.624224
-0.68805027
1.7651640703923397
-0.15830651
1.5713606
-0.47765636
1.649966863819659
-0.25688982
1.0961981
0.29591274
1.1641335689688475
-0.12123594
0.2563815
1.3284855
1.358419455194947
-0.12763453
-0.39248776
2.0664387
2.1072508112337536
-0.63457805
-0.6434324
2.292881
2.464548132530301
-0.5727848
-0.64115953
1.4780483
1.709910742231572
0.40751553
-0.55506563
1.0407019
1.2478890714741395
1.7242262
-0.71986485
1.2769241
2.263116645028516
2.4596448
-1.1236852
2.5040283
3.6854685990876166
1.7187189
-1.7225537
3.4320822
4.207181313334557
0.12232888
-2.6153665
0.7651825
2.7277482304609713
-0.6223128
-2.1191082
-3.2032537
3.8908517304197487
-0.5361575
-1.0555559
-4.726962
4.872969767050267
0.4751246
-0.12043816
-3.0192556
3.058783007694266
0.66357315
0.378659
-0.61879635
0.9831688166783074
0.12863266
0.46764827
-0.43374538
0.6506737445084153
-0.3223041
0.49670172
-1.4847202
1.5984325807855557
-0.45321012
0.65401983
-1.7700462
1.9406712328430014
-0.5043048
0.630476
-1.634388
1.822922762906008
-0.5605035
0.5924876
-1.2194042
1.4670216557023146
-0.5518323
0.5122973
-0.80314064
1.100909749877013
-0.5142496
0.75077224
-0.6654968
1.127385312779426
-0.32329306
0.8764298
-0.5630431
1.0907176899256843
-0.15137422
0.79691195
-0.5155568
0.9611355957288624
-0.25517467
0.23530364
-0.24772453
0.4264379913492739
-0.32289216
-0.27144384
0.34578323
0.5454421755442898
-0.3004517
-0.5351051
0.90103483
1.0901708624725555
-0.06797883
-0.56982064
1.0962386
1.2373583510277175
0.15247597
-0.114922285
0.8808222
0.9012789698586112
0.2254103
0.53247
0.22198677
0.6193643641015775
0.14202102
1.0733681
-0.09056187
1.0865037937229736
0.13277042
1.2609205
-0.16438675
1.278503591339235
0.12536995
1.2539024
0.09067249
1.2634122366576668
0.058158018
1.0529213
0.67396164
1.2514990401163355
-0.0569031
0.52438736
1.1482544
1.2636091874152398
-0.026368868
-0.08614564
1.9337454
1.9358429129017691
-0.31223002
-0.520942
2.818797
2.883484966135034
-0.5332575
-0.3056624
3.1437654
3.203288004379479
-0.51854336
0.37221622
2.4920282
2.5724767599733585
-0.25011364
1.1060555
1.1125565
1.5886149238412752
0.29407233
0.75460005
0.03196335
0.8105069070176977
0.16247414
-0.8136873
0.6882858
1.0780641289817616
-0.42930624
-2.0568252
1.2516508
2.4457030548110317
-0.8337775
-2.4575734
0.0091638565
2.5951754777852782
-0.42951715
-1.6596009
-1.8543997
2.5253827890745115
0.24248683
-0.7607337
-2.2956324
2.4305233023789308
0.6077075
-0.6354022
-1.1776218
1.4696386368010064
0.2141847
-0.86457896
-0.89612865
1.2634945115580458
-0.24237025
-0.90618366
-1.410264
1.693740467452923
-0.4352318
-0.8168843
-1.9633083
2.1705544388382543
-0.3022167
-0.30491173
-2.4900203
2.5267582352216156
0.05702305
0.41112423
-2.811791
2.8422602849179173
0.36356843
1.0758904
-2.981101
3.1900918931789835
0.4517451
1.3816905
-2.641539
3.015107105434029
0.25796658
1.3390267
-2.071093
2.4797108370879233
0.12209734
0.79157853
-0.8677454
1.1808837484304409
0.13981584
0.21571422
0.82276964
0.8619924392523501
0.25742012
0.015511751
1.8227558
1.8409085766099067
0.3055349
-0.010574818
2.0059972
2.0291594090681166
0.041399613
0.20222974
1.7733502
1.7853240554037648
-0.33079895
0.28819776
1.5757399
1.6356778351380623
-0.5672662
0.25354242
0.92348766
1.1130607520468918
-0.5993805
0.7544582
-0.10396862
0.969161284725064
-0.318614
1.1820056
-0.69992113
1.4101566726810741
-0.02887857
1.4474292
-0.5790906
1.5592406037233904
0.13395679
1.5027084
-0.29472065
1.5371848333854834
0.14164194
1.2213202
0.4192772
1.2990299383564876
0.17077437
0.21091175
1.8523884
1.8721619425891487
0.052343607
-0.7085061
2.7192335
2.8105073439606136
-0.28756732
-0.63192725
2.7193499
2.8065798865046183
0.14535695
-0.31017494
1.796238
1.828608196338057
0.97436744
-0.29027772
1.7855873
2.054744589124908
1.6260837
-0.1747613
2.0528784
2.624690355475801
1.8448297
-0.4884045
2.3816319
3.051902027842445
1.3724341
-1.130053
1.7022772
2.4613701334124425
0.38543296
-1.6625257
-0.63398457
1.8205731905143647
-0.12069464
-1.5292182
-2.7481604
3.1472941326901775
0.052842498
-1.2463589
-2.6697073
2.946784585028903
0.8467257
-0.901319
-1.239377
1.7508214657414738
1.0374686
-0.46822762
-0.068297386
1.1402818346487018
0.24770498
-0.42055082
-0.5258169
0.717428859081418
-0.5603191
-0.064459324
-1.6694689
1.7621688098731478
-0.77769744
0.2855363
-2.63419
2.7613948216587905
-0.76389474
0.6153321
-3.179954
3.3278036186249484
-0.7643447
1.0094132
-3.103249
3.3516104456888898
-0.718736
1.048866
-2.3446927
2.66726179237344
-0.65543395
0.7586479
-1.3662682
1.694647170622236
-0.554993
0.5609498
-0.75207996
1.090094534073051
-0.23713535
0.5292051
-0.36032867
0.682735623848416
-0.063294426
0.27396584
0.10630131
0.30060510307816707
0.14856204
-0.06813145
0.83586264
0.8516918049204741
0.05372733
-0.48737693
1.6723399
1.7427402868113742
-0.19069222
-0.8495883
1.8856654
2.076992558134923
-0.28662905
-0.8022537
2.2018929
2.3609529990817886
-0.21781108
-0.27405357
1.7117147
1.747144685785945
-0.18957177
0.51625586
0.2584629
0.6076681980754425
-0.036735732
1.1983027
-0.56320477
1.3245673156918576
0.12767103
1.7745862
-0.2666893
1.7990495212094062
0.10596757
1.7950797
0.1658907
1.805840524372499
0.08860477
1.0798066
0.6805048
1.279421641548314
0.09386815
-0.04403591
1.5059156
1.5094807937224048
-0.043657877
-0.7094357
2.6029463
2.6982465171710195
-0.5099359
-0.6671474
3.2200823
3.3277695157035736
-0.62246925
-0.081692696
2.6871567
2.7595203503941588
-0.42902237
1.026402
0.920064
1.4436339657876935
0.26969773
1.066288
-0.2637682
1.1310528472743135
0.5720154
-0.4723997
0.601099
0.9548210000755174
-0.17062621
-1.8795631
2.2085352
2.9050815653552977
-1.0290594
-2.5609303
0.74785614
2.859478224261702
-1.079906
-2.217296
-1.9223309
3.12697203402309
-0.52682114
-1.371611
-2.9284172
3.2763523425520624
0.23359665
-0.8559533
-1.9405069
2.133726937024667
0.45885867
-0.6502861
-1.2765942
1.5043656081131127
0.41688636
-0.52405953
-1.1247044
1.3089661936463481
0.27604824
-0.21238863
-1.5969553
1.6344962313968299
0.09059405
0.13654685
-2.1816149
2.1877603648413935
-0.011800647
0.530617
-2.4654675
2.5219483129724214
-0.18948448
0.8267195
-2.776826
2.903468944595662
-0.23203278
1.00231
-2.7347775
2.921895399379408
-0.03239733
0.9627383
-2.298913
2.492572049215875
0.29203212
0.83914375
-1.2300453
1.517384716852245
0.45580763
0.57171607
0.4907918
0.8806227812458187
0.3608154
0.2313602
1.7027402
1.7558586281848036
-0.01014407
-0.09072375
1.6341739
1.6367216633700206
-0.5176014
-0.24113083
0.96640444
1.1224940257773686
-0.7741691
-0.10479808
0.6620326
1.0240154236213102
-0.6193353
0.29157233
0.60624075
0.9143951332446701
-0.20816398
0.78488183
0.557776
0.985132380172913
-0.009471536
1.0646081
0.81397057
1.3401597876433693
0.06520659
1.2385895
1.3023996
1.7984995919917273
0.23220924
1.3088212
1.6356812
2.1076971091773182
0.59182405
1.2462549
2.024891
2.450222460709254
0.88334656
0.88208246
2.1638756
2.4981448920066147
0.48449534
0.29194784
2.1294956
2.2033430492092645
6.932914E-4
0.16843557
1.8798094
1.8873405616569732
0.13079922
0.10027218
1.2816658
1.2922190541262908
1.00869
-0.2951932
0.8261337
1.33682141425344
1.9293537
-1.1210513
1.8944006
2.9271000944225594
2.014662
-2.0767038
3.787138
4.765918159848328
0.5850959
-3.3660345
2.2214289
4.075202216063228
-0.68497086
-3.3440504
-2.0497484
3.981623638352243
-1.0574628
-2.2078924
-4.443887
5.0735736815723635
-0.48588234
-1.1457368
-3.7274923
3.929757513859706
0.27017838
-0.09298396
-2.16605
2.184814548609654
0.34638727
0.74155676
-1.7481623
1.9302750901359222
0.097065866
0.99164057
-2.1876583
2.4038763848384517
-0.1943286
1.3717515
-2.7001457
3.0348398247421264
-0.4465978
1.350229
-3.1331205
3.440786559203592
-0.85527223
0.9001391
-3.0849352
3.3254422402809563
-1.1247509
0.3600235
-1.7209573
2.087193257529092
-0.91512364
0.092651844
-0.22371817
0.9466179275278718
-0.7052838
0.19670463
0.25772762
0.7762354709045676
-0.2156313
0.62854266
0.4743328
0.8164277872411497
0.14927566
0.64840126
0.6935859
0.9611288981056618
0.4182169
0.15863323
1.2673836
1.3439981541933146
0.33074284
-0.17189002
2.1401386
2.1723559828104246
0.03858162
-0.42098546
3.0911713
3.119945099910035
-0.064902775
-0.45937157
2.7487488
2.7876252390007545
-0.028937884
0.14965034
0.567111
0.5872371755298273
-0.02315031
0.813081
-1.0977545
1.36627288743347
0.0734171
1.2289038
-1.3953509
1.8608059545957982
0.14300957
1.4734554
-1.1392646
1.8680059961349347
0.14888418
1.335824
-0.55898476
1.4556978480519225
0.08846156
0.91543007
-0.0028238297
0.919698667882942
0.047784917
0.35310268
0.5646877
0.6677103714061307
0.35617793
-0.24998808
1.2485399
1.3221984575755676
0.2964345
-0.5715709
2.3778925
2.4635217086488956
-0.41407526
-0.57983994
3.323513
3.399030962460426
-1.0705898
-0.5060098
2.9078074
3.1396738006848786
-1.0786537
0.30770636
1.065938
1.5473850834936507
0.16371071
0.69052935
-0.19303703
0.7354557931089766
1.2188938
-0.14093757
0.9526491
1.5534174346395322
0.37369162
-1.1815219
1.999443
2.3523205520666806
-0.9805081
-2.1174188
0.08258724
2.3348831297810877
-1.4241371
-2.1153145
-2.5809593
3.628232764090182
-1.2772157
-1.4739006
-3.2446308
3.785669187703869
-0.3858726
-1.0335529
-1.4809637
1.846722163090633
0.11651212
-0.74639726
-0.11216831
0.7637183133808553
0.15833199
-0.55114913
-0.30425453
0.6491572969549679
0.019405305
-0.32216692
-1.0516863
1.100096410080991
-0.19899625
0.090862274
-1.7454
1.7590555500673242
-0.1706891
0.44043922
-2.3961382
2.442253075791319
0.039662004
0.77373075
-2.7903152
2.8958748647515495
0.38798684
1.1514552
-2.5157256
2.793789232221781
0.71261543
1.1854839
-1.418819
1.9814741904315059
0.78461283
0.8219733
-0.19269753
1.1525579221158875
0.5089379
0.25535274
0.74223137
0.9354839582530714
0.39182743
-0.12132931
1.1147633
1.1878327355270697
0.13341798
-0.31924558
1.2787132
1.324698302271508
-0.16524693
-0.32051873
1.1608768
1.2155959569604586
-0.48845476
-0.122339725
0.53413725
0.7340692735979022
-0.6244379
0.32350755
-0.39629602
0.8072362737212248
-0.5914877
0.741477
-1.1942725
1.5251008954050094
-0.32762265
1.0911756
-0.8979573
1.4506302614786368
-0.108869255
1.1334298
0.13205433
1.1462782718412494
-0.1215719
0.860775
1.1973991
1.4796884538754185
-0.11641109
0.6732969
1.7317257
1.8616536387184348
-0.08546746
0.43520808
1.9178514
1.9684676921616542
-0.15264988
0.14513803
2.0054598
2.0164910163783327
-0.4439006
0.19655538
2.083209
2.139028134568041
0.10456622
0.1763978
1.8734264
1.8846158457325801
1.1524246
0.049180984
1.9086294
2.230104754087323
2.1669247
-0.09473038
3.09367
3.778270714208254
2.5456529
-0.96068144
4.631633
5.371711079580263
1.7645411
-2.3429723
3.988779
4.951109274443996
0.23177028
-2.6443532
-0.0037994385
2.6544934916428167
-0.43133008
-1.8128555
-3.9984837
4.411389971507041
-0.4370014
-0.9407983
-5.343992
5.443741647076686
0.20968443
-0.2086761
-3.8576455
3.8689716577583764
0.8649391
0.21613133
-1.7185488
1.9360378039270987
0.5885217
0.49851656
-1.3710079
1.5730668389924645
-0.14975971
0.53288865
-2.3532834
2.417507244679149
-0.7097391
0.48377156
-2.7062325
2.839270952431416
-0.99300146
0.08055925
-2.525074
2.714505532692432
-1.0931976
-0.18838024
-1.6523099
1.990149798482001
-0.95500326
-0.18518066
-0.38715124
1.0470000804365505
-0.68355745
0.07403731
0.21508789
0.7204131496719403
-0.36297128
0.45762515
0.07247162
0.5885754522117955
-0.14097884
0.5882821
0.20737505
0.6394961343235337
0.07109162
0.31739688
0.83627605
0.8973028564700148
0.14881064
0.093027115
1.4428267
1.453460572575708
0.18417081
0.11272907
1.8667755
1.8792226291057272
0.37718
0.30853438
1.5930195
1.6658839613126102
0.48561868
0.62989974
0.5542393
0.9694227220900393
0.31954196
0.81420827
-0.15420055
0.8881553406334751
0.13305044
0.896533
-0.5638943
1.0674504906923532
0.033656627
0.95856214
-0.6273289
1.146087109755176
0.034586728
1.027339
-0.7048917
1.2463923846818936
0.0046850443
0.9099779
-0.46048355
1.0198660699018816
-0.08052784
0.40237093
-0.046606064
0.41298816867627486
-0.2866042
-0.14162064
0.77865887
0.8417291813160306
-0.2905749
-0.46572304
1.3852415
1.4900422178598292
-0.646178
-0.62157536
1.9815979
2.175001569725435
-0.95747554
-0.2520938
2.4395294
2.632796018645094
-0.7161811
0.92838836
1.9784384
2.299791003144001
-0.21285689
1.8038206
1.2341557
2.195954687057514
0.44263014
1.3626113
0.9413557
1.7142874612685792
0.53031737
-0.8214414
2.1359758
2.3491265236017322
-0.31124488
-2.289041
3.2870388
4.01761206954243
-0.9844947
-2.7352834
1.645134
3.340280033638647
-0.8871945
-2.2418566
-1.3998747
2.7879533886509007
-0.29220688
-1.5444884
-3.0314302
3.4147325639464605
0.54770195
-1.0363932
-2.2451
2.5326986053105087
0.7484501
-1.0742809
-1.1027193
1.7117963751528895
0.48000768
-1.077776
-1.4567842
1.8746276485747193
0.24993084
-0.8162522
-2.2112155
2.3702757176843874
0.1501453
-0.38485122
-2.5389476
2.572335325555284
0.10479334
0.094344854
-2.9581933
2.9615519749107317
0.20641783
0.5504855
-3.1441917
3.198684815506241
0.28388667
1.0111661
-3.2929902
3.4564190511077144
0.3879997
1.4524945
-2.7339914
3.120095027552371
0.40999857
1.5757136
-1.5053244
2.217425098551919
0.3701368
1.2835553
0.05221796
1.3368777262484666
0.2501408
0.7318783
1.4629722
1.654842570443751
-0.19445181
0.36332083
2.246811
2.2842882382554373
-0.59609455
0.25618005
2.6172233
2.6964448623381645
-0.72587264
0.23558974
2.5764503
2.6870969425739526
-0.68029696
0.18464112
1.685749
1.8271962602515288
-0.5020996
0.6648605
0.6245928
1.041277825577921
-0.35571104
1.1946037
0.22386265
1.2663818262887891
-0.10452485
1.2314949
0.10630703
1.2404863236798522
0.065778315
0.9813652
0.32254982
1.0351052325650376
0.11774495
0.74678516
0.7636957
1.0746083056085078
0.109518856
0.5667825
1.0859661
1.2298614456479775
0.22935185
0.23124409
0.891757
0.9493717023278649
0.20646581
-0.4011054
0.87046623
0.9804209055378644
-0.2868526
-0.68863344
1.0373068
1.2776954936517486
-0.1835134
-0.39001632
0.898798
0.9968087715463322
0.42396694
-0.10898495
0.9182358
1.0172426692223189
1.285362
-0.19061756
0.8763256
1.5673024950215828
2.0127854
-0.9033158
1.4825277
2.6580393430325455
1.5872442
-1.7531172
2.7910948
3.6582748153513274
0.16271639
-2.5287263
1.1449499
2.7806193461824757
-0.53254193
-2.22984
-2.0988197
3.108187808259986
-0.33792692
-1.5272137
-2.9968238
3.3804628876859413
0.74096924
-0.8501909
-1.2252579
1.6652677227979078
1.056293
0.07449961
0.26094818
1.0905957106015702
0.5347458
0.69166887
-0.30455875
0.9258050070503003
-0.17745763
0.98620677
-2.0249329
2.259302617729959
-0.44076246
1.3712354
-3.0488062
3.3719100936180606
-0.8161274
1.2387252
-3.2549887
3.5770736549052478
-1.06662
0.97948813
-2.9870634
3.3195817210507674
-1.0218477
0.58056235
-1.8495188
2.1913340075547625
-0.58380413
0.28823662
-0.5755639
0.8690117558297613
-0.05715598
0.37998748
0.4397683
0.5839978219719992
0.26073304
0.40358853
0.7042408
0.8525376991706776
0.40012255
0.027905226
0.39867163
0.5655226029922117
0.17453057
-0.54845357
0.8590689
1.0340510388289934
-0.0902189
-0.9520798
1.5759835
1.843453140929637
-0.12580523
-1.0719522
2.1380224
2.3950048479258106
-0.058506235
-0.74264026
1.8023548
1.9502360225548738
0.07960886
0.0073111057
0.62977123
0.6348250375966624
0.20542383
0.7681627
-0.34277248
0.8658902543394094
0.20647705
1.1661541
-0.99056387
1.5439446948132858
0.17667377
1.1895819
-0.96866465
1.544224635993712
0.12601614
1.0129571
-0.53742695
1.1535986323061493
0.031859875
0.4272933
-0.31502056
0.5318200475004975
0.07528728
0.066022635
0.019964218
0.10210647614646601
0.3590262
-0.33791566
0.732317
0.8828221548447093
0.38681978
-0.61892843
1.9878979
2.117649605070092
-0.2421683
-0.6905098
2.8123188
2.9059571149356653
-0.73003584
-0.027598858
2.4184065
2.5263419900234054
-0.58019793
1.5408559
0.7165556
1.7956387454979623
-0.35689813
2.9603405
-0.20056152
2.988514211711819
0.25078267
2.8624353
0.05790329
2.873983452246909
0.12784243
1.0717783
1.218523
1.6278362464747227
-0.70600855
-1.0196319
2.641183
2.917866450997114
-1.2734905
-2.4629164
2.7718306
3.920558510910861
-1.4133569
-2.786277
0.9341717
3.260919274213861
-1.1804849
-2.2213602
-1.2139931
2.793163970313482
-0.8218049
-1.5893829
-2.3196096
2.9295205030529514
-0.339494
-1.5549796
-2.1851301
2.7033333229538448
0.011878252
-1.3627362
-1.7595959
2.225616468259489
0.15507013
-1.090189
-1.8022413
2.112020909986156
0.23514706
-0.722753
-2.1811223
2.3097534365165475
0.21493268
-0.2142837
-2.6872559
2.704340490584289
0.29452932
0.28442907
-3.2607145
3.286321154520942
0.13219392
0.5378319
-3.4666538
3.5106162779490693
0.12873942
0.8363223
-3.2061944
3.315975165684821
0.20259035
0.967854
-2.2699897
2.476012448620046
0.60643613
1.207155
-0.60931396
1.4819755032943365
1.036773
1.130445
0.86096334
1.75899462475587
0.89837146
0.8200803
2.1712608
2.488770058137697
0.5539761
0.6100955
2.9513474
3.0642383857600937
-0.13142754
0.13948059
3.3417425
3.3472333215834613
-0.67208904
-0.14507413
2.7002096
2.7863743754540176
-0.71771514
0.09080005
0.9266758
1.1756222639604659
-0.43626612
0.93838334
-0.5266285
1.1611326585004367
0.05321294
1.2180548
-0.7967143
1.456448681420646
0.36052036
1.0204124
-0.43051243
1.1647134791189924
0.3037392
0.624794
0.19189167
0.7207270259047082
-0.06346646
0.22402287
0.5059395
0.5569461452535321
-0.29977018
0.01449728
0.3319683
0.44752128657002294
-0.36622995
0.04224348
0.16597652
0.40429829399117867
-0.3312912
0.0759325
0.38560867
0.5140171703539541
-0.37612396
0.09139156
0.5766382
0.6945021976191751
-0.3545292
0.28763342
0.2544508
0.5226558713811806
-0.2721312
0.49059582
0.11545372
0.5727732623407715
-0.07979888
0.5648594
0.31454468
0.651438673406117
-0.08682346
0.6855612
0.9220123
1.1522322261314302
0.5587798
0.73232365
0.35836887
0.9884133834863671
1.8145919
0.041896343
0.29052544
1.8381794977134875
2.3902006
-1.2612672
3.0288477
4.0592821728765305
2.4101546
-2.774977
5.0164785
6.218874522740417
1.4914211
-3.2695997
4.177902
5.510851472118796
0.017105103
-2.3475294
1.0285664
2.56303251362396
-0.53027856
-1.3455529
-2.4370928
2.833924643204511
-0.4318843
-0.48268044
-3.9914494
4.043658417927868
0.02224195
0.23826337
-4.0703945
4.077422684451621
0.4353423
0.7460656
-3.409544
3.5172613108214
0.78880703
0.93012524
-2.3752084
2.6700120644171816
0.9451648
1.1080189
-1.54391
2.1224280107239366
0.6220567
1.1085973
-1.5684009
2.018866955466484
-0.073132396
0.52295923
-1.2240748
1.3331143626572457
-0.5488385
-0.51632905
-0.4161439
0.8608107277916954
-0.9102496
-1.0719477
0.264678
1.4309719132040237
-0.8546136
-0.96481824
1.0813165
1.6824042063135811
-0.86756563
-0.9174223
1.2711096
1.7916622013953107
-0.75534403
-0.5577245
1.4574213
1.733689181162495
-0.40890837
-0.070768595
1.4379177
1.4966033784672461
-0.17006707
0.46436357
1.261426
1.354899174081555
0.017175257
0.76605535
0.97849464
1.2428143916740342
0.025232375
0.8771641
0.49166107
1.005874841071176
0.020185888
0.8856058
0.26691532
0.9251750458230409
0.10042465
0.63953185
0.16373253
0.6677532852403383
-0.011597633
0.6073935
-0.003088951
0.6075120472596512
-0.0016166568
0.68128157
-0.6422014
0.9362530999329691
-0.13536862
0.8399911
-1.4331346
1.6666686375924218
-0.57564306
0.55324054
-1.6598244
1.841862374978602
-1.088753
0.19742584
-2.38897
2.632781257783614
-0.76757294
-0.37069893
-0.53211546
1.0048545781535176
-0.23481679
-0.73326135
1.2713184
1.4862912307551401
-0.0154709
-0.44104195
0.6569662
0.7914303292982382
0.09871424
0.21028256
-0.35549355
0.4246633009370485
0.5654732
0.6240821
-0.82452726
1.178593918144035
