23.94
10.02
-27.18
37.58026566148116
23.94
10.02
-27.18
37.58026566148116
23.580002
10.260001
-27.18
37.41706323448902
23.580002
10.260001
-27.18
37.41706323448902
23.580002
10.260001
-27.18
37.41706323448902
23.580002
10.260001
-27.18
37.41706323448902
22.980001
10.02
-27.060001
36.887999231520915
22.980001
10.02
-27.060001
36.887999231520915
22.980001
10.02
-27.060001
36.887999231520915
22.980001
10.02
-27.060001
36.887999231520915
22.44
9.4800005
-26.700003
36.14296901175075
22.44
9.4800005
-26.700003
36.14296901175075
22.44
9.4800005
-26.700003
36.14296901175075
22.44
9.4800005
-26.700003
36.14296901175075
22.44
8.580001
-26.340002
35.650607572838084
22.44
8.580001
-26.340002
35.650607572838084
22.44
8.580001
-26.340002
35.650607572838084
22.44
8.580001
-26.340002
35.650607572838084
22.260002
7.8600006
-26.340002
35.370651786650754
22.260002
7.8600006
-26.340002
35.370651786650754
22.260002
7.8600006
-26.340002
35.370651786650754
22.260002
7.8600006
-26.340002
35.370651786650754
22.68
7.8600006
-26.160002
35.50362925715746
22.68
7.8600006
-26.160002
35.50362925715746
22.68
7.8600006
-26.160002
35.50362925715746
22.68
7.8600006
-26.160002
35.50362925715746
22.68
7.8600006
-25.980001
35.37120914703705
22.68
7.8600006
-25.980001
35.37120914703705
22.68
7.8600006
-25.980001
35.37120914703705
22.68
7.8600006
-25.980001
35.37120914703705
22.5
7.8600006
-26.160002
35.3889141418697
22.5
7.8600006
-26.160002
35.3889141418697
22.5
7.8600006
-26.160002
35.3889141418697
22.5
7.8600006
-26.160002
35.3889141418697
22.68
8.400001
-26.340002
35.75944682331335
22.68
8.400001
-26.340002
35.75944682331335
22.68
8.400001
-26.340002
35.75944682331335
22.68
8.400001
-26.340002
35.75944682331335
22.080002
8.580001
-26.700003
35.69359829135156
22.080002
8.580001
-26.700003
35.69359829135156
22.080002
8.580001
-26.700003
35.69359829135156
22.080002
8.580001
-26.700003
35.69359829135156
21.900002
9.3
-26.520002
35.628789546253884
21.900002
9.3
-26.520002
35.628789546253884
21.900002
9.3
-26.520002
35.628789546253884
21.900002
9.3
-26.520002
35.628789546253884
21.720001
10.200001
-26.520002
35.764633491608194
21.720001
10.200001
-26.520002
35.764633491608194
21.720001
10.200001
-26.520002
35.764633491608194
21.720001
10.200001
-26.520002
35.764633491608194
21.18
10.200001
-26.340002
35.30479036414535
21.18
10.200001
-26.340002
35.30479036414535
21.18
10.200001
-26.340002
35.30479036414535
21.18
10.200001
-26.340002
35.30479036414535
20.820002
10.02
-26.520002
35.17361723805749
20.820002
10.02
-26.520002
35.17361723805749
20.820002
10.02
-26.520002
35.17361723805749
20.820002
10.02
-26.520002
35.17361723805749
20.460001
10.02
-26.880001
35.23558583008182
20.460001
10.02
-26.880001
35.23558583008182
20.460001
10.02
-26.880001
35.23558583008182
20.460001
10.02
-26.880001
35.23558583008182
20.28
10.02
-27.18
35.36143767459211
20.28
10.02
-27.18
35.36143767459211
20.28
10.02
-27.18
35.36143767459211
20.28
10.02
-27.18
35.36143767459211
20.28
10.02
-27.060001
35.26928529686365
20.28
10.02
-27.060001
35.26928529686365
20.28
10.02
-27.060001
35.26928529686365
20.28
10.02
-27.060001
35.26928529686365
20.640001
9.4800005
-26.520002
34.91691100066163
20.640001
9.4800005
-26.520002
34.91691100066163
20.640001
9.4800005
-26.520002
34.91691100066163
20.640001
9.4800005
-26.520002
34.91691100066163
20.640001
9.12
-26.160002
34.54750041835516
20.640001
9.12
-26.160002
34.54750041835516
20.640001
9.12
-26.160002
34.54750041835516
20.640001
9.12
-26.160002
34.54750041835516
20.640001
8.760001
-25.62
34.046023466290265
20.640001
8.760001
-25.62
34.046023466290265
20.640001
8.760001
-25.62
34.046023466290265
20.640001
8.760001
-25.62
34.046023466290265
21.18
8.580001
-25.440002
34.196528886578896
21.18
8.580001
-25.440002
34.196528886578896
21.18
8.580001
-25.440002
34.196528886578896
21.18
8.580001
-25.440002
34.196528886578896
21.720001
8.760001
-25.62
34.7113902809204
21.720001
8.760001
-25.62
34.7113902809204
21.720001
8.760001
-25.62
34.7113902809204
21.720001
8.760001
-25.62
34.7113902809204
22.44
8.400001
-25.980001
35.342242383296615
22.44
8.400001
-25.980001
35.342242383296615
22.44
8.400001
-25.980001
35.342242383296615
22.44
8.400001
-25.980001
35.342242383296615
22.86
7.8600006
-26.520002
35.88411626060599
22.86
7.8600006
-26.520002
35.88411626060599
22.86
7.8600006
-26.520002
35.88411626060599
22.86
7.8600006
-26.520002
35.88411626060599
23.220001
7.5000005
-26.700003
36.1705487067863
23.220001
7.5000005
-26.700003
36.1705487067863
23.220001
7.5000005
-26.700003
36.1705487067863
23.220001
7.5000005
-26.700003
36.1705487067863
22.980001
7.32
-26.880001
36.113671450366276
22.980001
7.32
-26.880001
36.113671450366276
22.980001
7.32
-26.880001
36.113671450366276
22.980001
7.32
-26.880001
36.113671450366276
22.980001
7.8600006
-26.700003
36.093631628593776
22.980001
7.8600006
-26.700003
36.093631628593776
22.980001
7.8600006
-26.700003
36.093631628593776
22.980001
7.8600006
-26.700003
36.093631628593776
22.62
8.400001
-26.520002
35.85435694736938
22.62
8.400001
-26.520002
35.85435694736938
22.62
8.400001
-26.520002
35.85435694736938
22.62
8.400001
-26.520002
35.85435694736938
21.54
8.940001
-26.880001
35.5869314144954
21.54
8.940001
-26.880001
35.5869314144954
21.54
8.940001
-26.880001
35.5869314144954
21.54
8.940001
-26.880001
35.5869314144954
21.720001
9.4800005
-26.700003
35.70040676195091
21.720001
9.4800005
-26.700003
35.70040676195091
21.720001
9.4800005
-26.700003
35.70040676195091
21.720001
9.4800005
-26.700003
35.70040676195091
21.54
9.4800005
-26.340002
35.321915227129175
21.54
9.4800005
-26.340002
35.321915227129175
21.54
9.4800005
-26.340002
35.321915227129175
21.54
9.4800005
-26.340002
35.321915227129175
21.36
9.4800005
-26.340002
35.21243773845223
21.36
9.4800005
-26.340002
35.21243773845223
21.36
9.4800005
-26.340002
35.21243773845223
21.36
9.4800005
-26.340002
35.21243773845223
21.900002
9.3
-26.340002
35.49501024021722
21.900002
9.3
-26.340002
35.49501024021722
21.900002
9.3
-26.340002
35.49501024021722
21.900002
9.3
-26.340002
35.49501024021722
21.900002
8.940001
-26.700003
35.67105028065476
21.900002
8.940001
-26.700003
35.67105028065476
21.900002
8.940001
-26.700003
35.67105028065476
21.900002
8.940001
-26.700003
35.67105028065476
21.900002
8.580001
-27.54
36.217098484779946
21.900002
8.580001
-27.54
36.217098484779946
21.900002
8.580001
-27.54
36.217098484779946
21.900002
8.580001
-27.54
36.217098484779946
23.04
8.400001
-27.54
36.87618840775677
23.04
8.400001
-27.54
36.87618840775677
23.04
8.400001
-27.54
36.87618840775677
23.04
8.400001
-27.54
36.87618840775677
23.220001
8.400001
-26.700003
36.36782441037338
23.220001
8.400001
-26.700003
36.36782441037338
23.220001
8.400001
-26.700003
36.36782441037338
23.220001
8.400001
-26.700003
36.36782441037338
23.220001
8.400001
-26.880001
36.500177252352145
23.220001
8.400001
-26.880001
36.500177252352145
23.220001
8.400001
-26.880001
36.500177252352145
23.220001
8.400001
-26.880001
36.500177252352145
23.220001
7.8600006
-26.520002
36.114519862817986
23.220001
7.8600006
-26.520002
36.114519862817986
23.220001
7.8600006
-26.520002
36.114519862817986
23.220001
7.8600006
-26.520002
36.114519862817986
23.04
8.040001
-26.340002
35.90653047377402
23.04
8.040001
-26.340002
35.90653047377402
23.04
8.040001
-26.340002
35.90653047377402
23.04
8.040001
-26.340002
35.90653047377402
22.86
7.6800003
-27.720001
36.741807919844526
22.86
7.6800003
-27.720001
36.741807919844526
22.86
7.6800003
-27.720001
36.741807919844526
22.86
7.6800003
-27.720001
36.741807919844526
23.220001
7.6800003
-28.080002
37.23758116703977
23.220001
7.6800003
-28.080002
37.23758116703977
23.220001
7.6800003
-28.080002
37.23758116703977
23.220001
7.6800003
-28.080002
37.23758116703977
23.220001
7.8600006
-28.62
37.68358382949232
23.220001
7.8600006
-28.62
37.68358382949232
23.220001
7.8600006
-28.62
37.68358382949232
23.220001
7.8600006
-28.62
37.68358382949232
22.86
7.6800003
-29.340002
37.978911320338355
22.86
7.6800003
-29.340002
37.978911320338355
22.86
7.6800003
-29.340002
37.978911320338355
22.86
7.6800003
-29.340002
37.978911320338355
22.62
8.040001
-29.160002
37.77051517263499
22.62
8.040001
-29.160002
37.77051517263499
22.62
8.040001
-29.160002
37.77051517263499
22.62
8.040001
-29.160002
37.77051517263499
22.260002
8.040001
-29.160002
37.556025856378895
22.260002
8.040001
-29.160002
37.556025856378895
22.260002
8.040001
-29.160002
37.556025856378895
22.260002
8.040001
-29.160002
37.556025856378895
22.080002
8.040001
-28.980001
37.30963072615266
22.080002
8.040001
-28.980001
37.30963072615266
22.080002
8.040001
-28.980001
37.30963072615266
22.080002
8.040001
-28.980001
37.30963072615266
21.900002
8.040001
-28.980001
37.203389134404645
21.900002
8.040001
-28.980001
37.203389134404645
21.900002
8.040001
-28.980001
37.203389134404645
21.900002
8.040001
-28.980001
37.203389134404645
22.080002
8.040001
-28.800001
37.16998996901768
22.080002
8.040001
-28.800001
37.16998996901768
22.080002
8.040001
-28.800001
37.16998996901768
22.080002
8.040001
-28.800001
37.16998996901768
22.080002
7.8600006
-28.980001
37.27125547087192
22.080002
7.8600006
-28.980001
37.27125547087192
22.080002
7.8600006
-28.980001
37.27125547087192
22.080002
7.8600006
-28.980001
37.27125547087192
22.080002
7.8600006
-28.980001
37.27125547087192
22.080002
7.8600006
-28.980001
37.27125547087192
22.080002
7.8600006
-28.980001
37.27125547087192
22.080002
7.8600006
-28.980001
37.27125547087192
22.980001
7.32
-28.260002
37.15226140282378
22.980001
7.32
-28.260002
37.15226140282378
22.980001
7.32
-28.260002
37.15226140282378
22.980001
7.32
-28.260002
37.15226140282378
23.700003
7.1400003
-28.440002
37.702830370792455
23.700003
7.1400003
-28.440002
37.702830370792455
23.700003
7.1400003
-28.440002
37.702830370792455
23.700003
7.1400003
-28.440002
37.702830370792455
24.6
7.8600006
-28.440002
38.415796718277235
24.6
7.8600006
-28.440002
38.415796718277235
24.6
7.8600006
-28.440002
38.415796718277235
24.6
7.8600006
-28.440002
38.415796718277235
25.560001
7.6800003
-28.62
39.13311273966476
25.560001
7.6800003
-28.62
39.13311273966476
25.560001
7.6800003
-28.62
39.13311273966476
25.560001
7.6800003
-28.62
39.13311273966476
25.92
8.400001
-29.340002
40.040505309370005
25.92
8.400001
-29.340002
40.040505309370005
25.92
8.400001
-29.340002
40.040505309370005
25.92
8.400001
-29.340002
40.040505309370005
26.1
8.760001
-28.980001
39.972341511819145
26.1
8.760001
-28.980001
39.972341511819145
26.1
8.760001
-28.980001
39.972341511819145
26.1
8.760001
-28.980001
39.972341511819145
26.460001
7.6800003
-28.260002
39.46823813256759
26.460001
7.6800003
-28.260002
39.46823813256759
26.460001
7.6800003
-28.260002
39.46823813256759
26.460001
7.6800003
-28.260002
39.46823813256759
26.28
7.8600006
-28.440002
39.512677826039265
26.28
7.8600006
-28.440002
39.512677826039265
26.28
7.8600006
-28.440002
39.512677826039265
26.28
7.8600006
-28.440002
39.512677826039265
25.92
7.32
-28.62
39.30054965423512
25.92
7.32
-28.62
39.30054965423512
25.92
7.32
-28.62
39.30054965423512
25.92
7.32
-28.62
39.30054965423512
25.560001
6.96
-28.800001
39.13049082876421
25.560001
6.96
-28.800001
39.13049082876421
25.560001
6.96
-28.800001
39.13049082876421
25.560001
6.96
-28.800001
39.13049082876421
24.840002
7.5000005
-29.340002
39.167733252321355
24.840002
7.5000005
-29.340002
39.167733252321355
24.840002
7.5000005
-29.340002
39.167733252321355
24.840002
7.5000005
-29.340002
39.167733252321355
25.380001
7.8600006
-28.980001
39.316212004301576
25.380001
7.8600006
-28.980001
39.316212004301576
25.380001
7.8600006
-28.980001
39.316212004301576
25.380001
7.8600006
-28.980001
39.316212004301576
25.560001
8.400001
-28.62
39.280758996533535
25.560001
8.400001
-28.62
39.280758996533535
25.560001
8.400001
-28.62
39.280758996533535
25.560001
8.400001
-28.62
39.280758996533535
25.92
8.400001
-28.980001
39.77746631161762
25.92
8.400001
-28.980001
39.77746631161762
25.92
8.400001
-28.980001
39.77746631161762
25.92
8.400001
-28.980001
39.77746631161762
26.820002
8.400001
-28.62
40.112054655813104
26.820002
8.400001
-28.62
40.112054655813104
26.820002
8.400001
-28.62
40.112054655813104
26.820002
8.400001
-28.62
40.112054655813104
27.36
7.8600006
-28.980001
40.62252696799677
27.36
7.8600006
-28.980001
40.62252696799677
27.36
7.8600006
-28.980001
40.62252696799677
27.36
7.8600006
-28.980001
40.62252696799677
27.720001
7.5000005
-29.340002
41.05464810297824
27.720001
7.5000005
-29.340002
41.05464810297824
27.720001
7.5000005
-29.340002
41.05464810297824
27.720001
7.5000005
-29.340002
41.05464810297824
28.440002
7.1400003
-28.800001
41.100528195739166
28.440002
7.1400003
-28.800001
41.100528195739166
28.440002
7.1400003
-28.800001
41.100528195739166
28.440002
7.1400003
-28.800001
41.100528195739166
28.62
6.78
-28.62
41.03872861205315
28.62
6.78
-28.62
41.03872861205315
28.62
6.78
-28.62
41.03872861205315
28.62
6.78
-28.62
41.03872861205315
28.980001
6.78
-28.440002
41.16603670654973
28.980001
6.78
-28.440002
41.16603670654973
28.980001
6.78
-28.440002
41.16603670654973
28.980001
6.78
-28.440002
41.16603670654973
28.62
5.8800006
-27.600002
40.192523743150915
28.62
5.8800006
-27.600002
40.192523743150915
28.62
5.8800006
-27.600002
40.192523743150915
28.62
5.8800006
-27.600002
40.192523743150915
28.62
5.7000003
-27.420002
40.043113362154735
28.62
5.7000003
-27.420002
40.043113362154735
28.62
5.7000003
-27.420002
40.043113362154735
28.62
5.7000003
-27.420002
40.043113362154735
28.62
5.1600003
-27.420002
39.96982046308893
28.62
5.1600003
-27.420002
39.96982046308893
28.62
5.1600003
-27.420002
39.96982046308893
28.62
5.1600003
-27.420002
39.96982046308893
28.440002
5.5200005
-27.420002
39.88935502776712
28.440002
5.5200005
-27.420002
39.88935502776712
28.440002
5.5200005
-27.420002
39.88935502776712
28.440002
5.5200005
-27.420002
39.88935502776712
28.980001
6.2400002
-27.54
40.46269561371468
28.980001
6.2400002
-27.54
40.46269561371468
28.980001
6.2400002
-27.54
40.46269561371468
28.980001
6.2400002
-27.54
40.46269561371468
28.62
6.2400002
-27.900002
40.45308577151439
28.62
6.2400002
-27.900002
40.45308577151439
28.62
6.2400002
-27.900002
40.45308577151439
28.62
6.2400002
-27.900002
40.45308577151439
28.62
6.96
-28.260002
40.81879258533991
28.62
6.96
-28.260002
40.81879258533991
28.62
6.96
-28.260002
40.81879258533991
28.62
6.96
-28.260002
40.81879258533991
27.720001
6.6
-28.260002
40.132109110295026
27.720001
6.6
-28.260002
40.132109110295026
27.720001
6.6
-28.260002
40.132109110295026
27.720001
6.6
-28.260002
40.132109110295026
27.18
7.32
-28.260002
39.88687310988886
27.18
7.32
-28.260002
39.88687310988886
27.18
7.32
-28.260002
39.88687310988886
27.18
7.32
-28.260002
39.88687310988886
26.640001
7.8600006
-28.800001
40.01136618297512
26.640001
7.8600006
-28.800001
40.01136618297512
26.640001
7.8600006
-28.800001
40.01136618297512
26.640001
7.8600006
-28.800001
40.01136618297512
25.92
8.580001
-28.62
39.554609575520715
25.92
8.580001
-28.62
39.554609575520715
25.92
8.580001
-28.62
39.554609575520715
25.92
8.580001
-28.62
39.554609575520715
25.560001
9.3
-28.440002
39.352731178050085
25.560001
9.3
-28.440002
39.352731178050085
25.560001
9.3
-28.440002
39.352731178050085
25.560001
9.3
-28.440002
39.352731178050085
25.560001
9.3
-28.62
39.48301003032428
25.560001
9.3
-28.62
39.48301003032428
25.560001
9.3
-28.62
39.48301003032428
25.560001
9.3
-28.62
39.48301003032428
25.74
9.4800005
-28.62
39.64243258097944
25.74
9.4800005
-28.62
39.64243258097944
25.74
9.4800005
-28.62
39.64243258097944
25.74
9.4800005
-28.62
39.64243258097944
26.28
8.940001
-28.62
39.870622065704595
26.28
8.940001
-28.62
39.870622065704595
26.28
8.940001
-28.62
39.870622065704595
26.28
8.940001
-28.62
39.870622065704595
26.820002
8.940001
-28.62
40.22860395504516
26.820002
8.940001
-28.62
40.22860395504516
26.820002
8.940001
-28.62
40.22860395504516
26.820002
8.940001
-28.62
40.22860395504516
27.000002
8.940001
-29.160002
40.73364079219411
27.000002
8.940001
-29.160002
40.73364079219411
27.000002
8.940001
-29.160002
40.73364079219411
27.000002
8.940001
-29.160002
40.73364079219411
27.000002
9.12
-28.62
40.389094204550595
27.000002
9.12
-28.62
40.389094204550595
27.000002
9.12
-28.62
40.389094204550595
27.000002
9.12
-28.62
40.389094204550595
26.820002
9.4800005
-28.62
40.35204274278596
26.820002
9.4800005
-28.62
40.35204274278596
26.820002
9.4800005
-28.62
40.35204274278596
26.820002
9.4800005
-28.62
40.35204274278596
27.18
9.12
-28.980001
40.76478055852104
27.18
9.12
-28.980001
40.76478055852104
27.18
9.12
-28.980001
40.76478055852104
27.18
9.12
-28.980001
40.76478055852104
27.000002
8.940001
-28.260002
40.094282805306236
27.000002
8.940001
-28.260002
40.094282805306236
27.000002
8.940001
-28.260002
40.094282805306236
27.000002
8.940001
-28.260002
40.094282805306236
27.18
8.400001
-28.440002
40.22618848753104
27.18
8.400001
-28.440002
40.22618848753104
27.18
8.400001
-28.440002
40.22618848753104
27.18
8.400001
-28.440002
40.22618848753104
26.28
8.040001
-28.800001
39.808542962201436
26.28
8.040001
-28.800001
39.808542962201436
26.28
8.040001
-28.800001
39.808542962201436
26.28
8.040001
-28.800001
39.808542962201436
25.74
8.040001
-28.440002
39.19212866404107
25.74
8.040001
-28.440002
39.19212866404107
25.74
8.040001
-28.440002
39.19212866404107
25.74
8.040001
-28.440002
39.19212866404107
25.92
8.400001
-29.160002
39.90879800499039
25.92
8.400001
-29.160002
39.90879800499039
25.92
8.400001
-29.160002
39.90879800499039
25.92
8.400001
-29.160002
39.90879800499039
25.92
8.940001
-29.340002
40.15726226836965
25.92
8.940001
-29.340002
40.15726226836965
25.92
8.940001
-29.340002
40.15726226836965
25.92
8.940001
-29.340002
40.15726226836965
26.28
9.3
-29.340002
40.47176931304246
26.28
9.3
-29.340002
40.47176931304246
26.28
9.3
-29.340002
40.47176931304246
26.28
9.3
-29.340002
40.47176931304246
26.1
9.12
-29.640001
40.53287631663956
26.1
9.12
-29.640001
40.53287631663956
26.1
9.12
-29.640001
40.53287631663956
26.1
9.12
-29.640001
40.53287631663956
26.1
8.760001
-29.340002
40.23410649182249
26.1
8.760001
-29.340002
40.23410649182249
26.1
8.760001
-29.340002
40.23410649182249
26.1
8.760001
-29.340002
40.23410649182249
26.1
8.580001
-29.160002
40.064099641426175
26.1
8.580001
-29.160002
40.064099641426175
26.1
8.580001
-29.160002
40.064099641426175
26.1
8.580001
-29.160002
40.064099641426175
26.28
8.040001
-29.160002
40.06976033568675
26.28
8.040001
-29.160002
40.06976033568675
26.28
8.040001
-29.160002
40.06976033568675
26.28
8.040001
-29.160002
40.06976033568675
27.54
8.040001
-29.340002
41.03570341882938
27.54
8.040001
-29.340002
41.03570341882938
27.54
8.040001
-29.340002
41.03570341882938
27.54
8.040001
-29.340002
41.03570341882938
27.18
7.32
-29.520002
40.789280219922674
27.18
7.32
-29.520002
40.789280219922674
27.18
7.32
-29.520002
40.789280219922674
27.18
7.32
-29.520002
40.789280219922674
27.36
6.78
-30.060001
41.20851518354929
27.36
6.78
-30.060001
41.20851518354929
27.36
6.78
-30.060001
41.20851518354929
27.36
6.78
-30.060001
41.20851518354929
28.080002
6.78
-30.060001
41.69002990824065
28.080002
6.78
-30.060001
41.69002990824065
28.080002
6.78
-30.060001
41.69002990824065
28.080002
6.78
-30.060001
41.69002990824065
27.36
6.6
-30.36
41.3987832300623
27.36
6.6
-30.36
41.3987832300623
27.36
6.6
-30.36
41.3987832300623
27.36
6.6
-30.36
41.3987832300623
27.720001
6.6
-30.900002
42.03294606243417
27.720001
6.6
-30.900002
42.03294606243417
27.720001
6.6
-30.900002
42.03294606243417
27.720001
6.6
-30.900002
42.03294606243417
27.18
5.8800006
-31.260002
41.83915209988725
27.18
5.8800006
-31.260002
41.83915209988725
27.18
5.8800006
-31.260002
41.83915209988725
27.18
5.8800006
-31.260002
41.83915209988725
26.460001
5.34
-31.440002
41.438159874082245
26.460001
5.34
-31.440002
41.438159874082245
26.460001
5.34
-31.440002
41.438159874082245
26.460001
5.34
-31.440002
41.438159874082245
26.28
5.34
-30.900002
40.9141065077575
26.28
5.34
-30.900002
40.9141065077575
26.28
5.34
-30.900002
40.9141065077575
26.28
5.34
-30.900002
40.9141065077575
26.460001
5.5200005
-30.900002
41.05377095194788
26.460001
5.5200005
-30.900002
41.05377095194788
26.460001
5.5200005
-30.900002
41.05377095194788
26.460001
5.5200005
-30.900002
41.05377095194788
26.640001
6.2400002
-30.54
41.00388969020576
26.640001
6.2400002
-30.54
41.00388969020576
26.640001
6.2400002
-30.54
41.00388969020576
26.640001
6.2400002
-30.54
41.00388969020576
26.640001
6.2400002
-30.240002
40.78093869612984
26.640001
6.2400002
-30.240002
40.78093869612984
26.640001
6.2400002
-30.240002
40.78093869612984
26.640001
6.2400002
-30.240002
40.78093869612984
27.18
6.6
-30.600002
41.45687647932337
27.18
6.6
-30.600002
41.45687647932337
27.18
6.6
-30.600002
41.45687647932337
27.18
6.6
-30.600002
41.45687647932337
27.18
6.06
-30.060001
40.976575160865536
27.18
6.06
-30.060001
40.976575160865536
27.18
6.06
-30.060001
40.976575160865536
27.18
6.06
-30.060001
40.976575160865536
27.54
6.06
-29.160002
40.56452831022752
27.54
6.06
-29.160002
40.56452831022752
27.54
6.06
-29.160002
40.56452831022752
27.54
6.06
-29.160002
40.56452831022752
28.080002
5.7000003
-29.700003
41.268228098509695
28.080002
5.7000003
-29.700003
41.268228098509695
28.080002
5.7000003
-29.700003
41.268228098509695
28.080002
5.7000003
-29.700003
41.268228098509695
27.54
4.6200004
-28.980001
40.24470741115377
27.54
4.6200004
-28.980001
40.24470741115377
27.54
4.6200004
-28.980001
40.24470741115377
27.54
4.6200004
-28.980001
40.24470741115377
27.36
4.26
-28.980001
40.081886397567416
27.36
4.26
-28.980001
40.081886397567416
27.36
4.26
-28.980001
40.081886397567416
27.36
4.26
-28.980001
40.081886397567416
27.36
3.72
-29.160002
40.158607360280655
27.36
3.72
-29.160002
40.158607360280655
27.36
3.72
-29.160002
40.158607360280655
27.36
3.72
-29.160002
40.158607360280655
27.000002
3.9
-28.800001
39.669259464784254
27.000002
3.9
-28.800001
39.669259464784254
27.000002
3.9
-28.800001
39.669259464784254
27.000002
3.9
-28.800001
39.669259464784254
26.820002
4.26
-28.980001
39.71524313295054
26.820002
4.26
-28.980001
39.71524313295054
26.820002
4.26
-28.980001
39.71524313295054
26.820002
4.26
-28.980001
39.71524313295054
26.820002
4.6200004
-29.160002
39.88687310988886
26.820002
4.6200004
-29.160002
39.88687310988886
26.820002
4.6200004
-29.160002
39.88687310988886
26.820002
4.6200004
-29.160002
39.88687310988886
26.640001
4.08
-29.700003
40.10519005728872
26.640001
4.08
-29.700003
40.10519005728872
26.640001
4.08
-29.700003
40.10519005728872
26.640001
4.08
-29.700003
40.10519005728872
26.460001
3.72
-30.18
40.308838859912285
26.460001
3.72
-30.18
40.308838859912285
26.460001
3.72
-30.18
40.308838859912285
26.460001
3.72
-30.18
40.308838859912285
26.820002
3.72
-30.36
40.68022238341455
26.820002
3.72
-30.36
40.68022238341455
26.820002
3.72
-30.36
40.68022238341455
26.820002
3.72
-30.36
40.68022238341455
27.18
4.44
-30.900002
41.39173979246191
27.18
4.44
-30.900002
41.39173979246191
27.18
4.44
-30.900002
41.39173979246191
27.18
4.44
-30.900002
41.39173979246191
27.900002
5.1600003
-30.720001
41.8181079245657
27.900002
5.1600003
-30.720001
41.8181079245657
27.900002
5.1600003
-30.720001
41.8181079245657
27.900002
5.1600003
-30.720001
41.8181079245657
28.080002
5.7000003
-30.18
41.61500736381798
28.080002
5.7000003
-30.18
41.61500736381798
28.080002
5.7000003
-30.18
41.61500736381798
28.080002
5.7000003
-30.18
41.61500736381798
28.62
5.8800006
-29.820002
41.74819010392097
28.62
5.8800006
-29.820002
41.74819010392097
28.62
5.8800006
-29.820002
41.74819010392097
28.62
5.8800006
-29.820002
41.74819010392097
29.160002
5.5200005
-28.980001
41.4803155381976
29.160002
5.5200005
-28.980001
41.4803155381976
29.160002
5.5200005
-28.980001
41.4803155381976
29.160002
5.5200005
-28.980001
41.4803155381976
28.980001
5.7000003
-28.800001
41.25252122976849
28.980001
5.7000003
-28.800001
41.25252122976849
28.980001
5.7000003
-28.800001
41.25252122976849
28.980001
5.7000003
-28.800001
41.25252122976849
29.76
5.5200005
-28.62
41.65612106131583
29.76
5.5200005
-28.62
41.65612106131583
29.76
5.5200005
-28.62
41.65612106131583
29.76
5.5200005
-28.62
41.65612106131583
29.94
5.1600003
-28.260002
41.49285459475975
29.94
5.1600003
-28.260002
41.49285459475975
29.94
5.1600003
-28.260002
41.49285459475975
29.94
5.1600003
-28.260002
41.49285459475975
29.340002
4.6200004
-28.62
41.246630721774565
29.340002
4.6200004
-28.62
41.246630721774565
29.340002
4.6200004
-28.62
41.246630721774565
29.340002
4.6200004
-28.62
41.246630721774565
29.880003
4.44
-28.800001
41.73689329261044
29.880003
4.44
-28.800001
41.73689329261044
29.880003
4.44
-28.800001
41.73689329261044
29.880003
4.44
-28.800001
41.73689329261044
30.060001
4.6200004
-28.440002
41.63870627615083
30.060001
4.6200004
-28.440002
41.63870627615083
30.060001
4.6200004
-28.440002
41.63870627615083
30.060001
4.6200004
-28.440002
41.63870627615083
30.420002
4.44
-29.160002
42.37211198445786
30.420002
4.44
-29.160002
42.37211198445786
30.420002
4.44
-29.160002
42.37211198445786
30.420002
4.44
-29.160002
42.37211198445786
31.2
4.44
-28.800001
42.69184641122939
31.2
4.44
-28.800001
42.69184641122939
31.2
4.44
-28.800001
42.69184641122939
31.2
4.44
-28.800001
42.69184641122939
30.84
4.08
-28.440002
42.149563382784585
30.84
4.08
-28.440002
42.149563382784585
30.84
4.08
-28.440002
42.149563382784585
30.84
4.08
-28.440002
42.149563382784585
31.02
3.1800003
-28.800001
42.447531951221855
31.02
3.1800003
-28.800001
42.447531951221855
31.02
3.1800003
-28.800001
42.447531951221855
31.02
3.1800003
-28.800001
42.447531951221855
30.84
3.5400004
-28.62
42.22252596918794
30.84
3.5400004
-28.62
42.22252596918794
30.84
3.5400004
-28.62
42.22252596918794
30.84
3.5400004
-28.62
42.22252596918794
30.66
3.1800003
-28.800001
42.185164865929174
30.66
3.1800003
-28.800001
42.185164865929174
30.66
3.1800003
-28.800001
42.185164865929174
30.66
3.1800003
-28.800001
42.185164865929174
31.02
3.1800003
-28.800001
42.447531951221855
31.02
3.1800003
-28.800001
42.447531951221855
31.02
3.1800003
-28.800001
42.447531951221855
31.02
3.1800003
-28.800001
42.447531951221855
31.2
3.9
-28.440002
42.3967438221233
31.2
3.9
-28.440002
42.3967438221233
31.2
3.9
-28.440002
42.3967438221233
31.2
3.9
-28.440002
42.3967438221233
31.02
3.72
-28.440002
42.24822597052153
31.02
3.72
-28.440002
42.24822597052153
31.02
3.72
-28.440002
42.24822597052153
31.02
3.72
-28.440002
42.24822597052153
31.2
3.9
-28.440002
42.3967438221233
31.2
3.9
-28.440002
42.3967438221233
31.2
3.9
-28.440002
42.3967438221233
31.2
3.9
-28.440002
42.3967438221233
31.380001
3.9
-28.080002
42.28949043174394
31.380001
3.9
-28.080002
42.28949043174394
31.380001
3.9
-28.080002
42.28949043174394
31.380001
3.9
-28.080002
42.28949043174394
31.2
3.72
-27.600002
41.821508511993564
31.2
3.72
-27.600002
41.821508511993564
31.2
3.72
-27.600002
41.821508511993564
31.2
3.72
-27.600002
41.821508511993564
31.2
3.0
-26.880001
41.29133818823265
31.2
3.0
-26.880001
41.29133818823265
31.2
3.0
-26.880001
41.29133818823265
31.2
3.0
-26.880001
41.29133818823265
31.02
3.0
-26.160002
40.68889506536919
31.02
3.0
-26.160002
40.68889506536919
31.02
3.0
-26.160002
40.68889506536919
31.02
3.0
-26.160002
40.68889506536919
30.66
3.3600001
-26.340002
40.560089368853404
30.66
3.3600001
-26.340002
40.560089368853404
30.66
3.3600001
-26.340002
40.560089368853404
30.66
3.3600001
-26.340002
40.560089368853404
30.12
3.72
-26.700003
40.42206072386788
30.12
3.72
-26.700003
40.42206072386788
30.12
3.72
-26.700003
40.42206072386788
30.12
3.72
-26.700003
40.42206072386788
30.12
4.6200004
-26.880001
40.633648418386734
30.12
4.6200004
-26.880001
40.633648418386734
30.12
4.6200004
-26.880001
40.633648418386734
30.12
4.6200004
-26.880001
40.633648418386734
29.76
4.8
-27.18
40.58879095479286
29.76
4.8
-27.18
40.58879095479286
29.76
4.8
-27.18
40.58879095479286
29.76
4.8
-27.18
40.58879095479286
29.76
4.6200004
-27.000002
40.447523994252414
29.76
4.6200004
-27.000002
40.447523994252414
29.76
4.6200004
-27.000002
40.447523994252414
29.76
4.6200004
-27.000002
40.447523994252414
29.94
3.9
-27.18
40.62469801570453
29.94
3.9
-27.18
40.62469801570453
29.94
3.9
-27.18
40.62469801570453
29.94
3.9
-27.18
40.62469801570453
28.800001
2.8200002
-27.18
39.7006913977696
28.800001
2.8200002
-27.18
39.7006913977696
28.800001
2.8200002
-27.18
39.7006913977696
28.800001
2.8200002
-27.18
39.7006913977696
28.980001
3.1800003
-26.880001
39.65460004447782
28.980001
3.1800003
-26.880001
39.65460004447782
28.980001
3.1800003
-26.880001
39.65460004447782
28.980001
3.1800003
-26.880001
39.65460004447782
28.980001
3.9
-27.060001
39.84086080211025
28.980001
3.9
-27.060001
39.84086080211025
28.980001
3.9
-27.060001
39.84086080211025
28.980001
3.9
-27.060001
39.84086080211025
29.160002
4.8
-27.420002
40.313796006299135
29.160002
4.8
-27.420002
40.313796006299135
29.160002
4.8
-27.420002
40.313796006299135
29.160002
4.8
-27.420002
40.313796006299135
30.48
6.06
-27.600002
41.56337522574713
30.48
6.06
-27.600002
41.56337522574713
30.48
6.06
-27.600002
41.56337522574713
30.48
6.06
-27.600002
41.56337522574713
30.48
6.06
-27.720001
41.643154824652754
30.48
6.06
-27.720001
41.643154824652754
30.48
6.06
-27.720001
41.643154824652754
30.48
6.06
-27.720001
41.643154824652754
30.48
5.5200005
-27.060001
41.13082037554837
30.48
5.5200005
-27.060001
41.13082037554837
30.48
5.5200005
-27.060001
41.13082037554837
30.48
5.5200005
-27.060001
41.13082037554837
30.84
5.34
-25.980001
40.67654932561343
30.84
5.34
-25.980001
40.67654932561343
30.84
5.34
-25.980001
40.67654932561343
30.84
5.34
-25.980001
40.67654932561343
31.2
4.98
-25.62
40.677081999573176
31.2
4.98
-25.62
40.677081999573176
31.2
4.98
-25.62
40.677081999573176
31.2
4.98
-25.62
40.677081999573176
31.92
4.8
-25.080002
40.87704565313062
31.92
4.8
-25.080002
40.87704565313062
31.92
4.8
-25.080002
40.87704565313062
31.92
4.8
-25.080002
40.87704565313062
32.460003
4.44
-24.960001
41.18697540921614
32.460003
4.44
-24.960001
41.18697540921614
32.460003
4.44
-24.960001
41.18697540921614
32.460003
4.44
-24.960001
41.18697540921614
33.0
4.26
-24.42
41.27328444392404
33.0
4.26
-24.42
41.27328444392404
33.0
4.26
-24.42
41.27328444392404
33.0
4.26
-24.42
41.27328444392404
