17.28
14.280001
-27.54
35.510118358847734
17.28
14.280001
-27.54
35.510118358847734
17.28
14.280001
-27.54
35.510118358847734
17.28
14.280001
-27.54
35.510118358847734
17.460001
13.56
-26.820002
34.756837021319456
17.460001
13.56
-26.820002
34.756837021319456
17.460001
13.56
-26.820002
34.756837021319456
17.460001
13.56
-26.820002
34.756837021319456
17.28
13.74
-26.820002
34.737565924055836
17.28
13.74
-26.820002
34.737565924055836
17.28
13.74
-26.820002
34.737565924055836
17.28
13.74
-26.820002
34.737565924055836
17.460001
13.56
-26.520002
34.52587097527827
17.460001
13.56
-26.520002
34.52587097527827
17.460001
13.56
-26.520002
34.52587097527827
17.460001
13.56
-26.520002
34.52587097527827
18.0
14.280001
-25.62
34.41370335368783
18.0
14.280001
-25.62
34.41370335368783
18.0
14.280001
-25.62
34.41370335368783
18.0
14.280001
-25.62
34.41370335368783
18.0
14.64
-25.62
34.56463671627586
18.0
14.64
-25.62
34.56463671627586
18.0
14.64
-25.62
34.56463671627586
18.0
14.64
-25.62
34.56463671627586
18.0
15.18
-25.080002
34.40114595145687
18.0
15.18
-25.080002
34.40114595145687
18.0
15.18
-25.080002
34.40114595145687
18.0
15.18
-25.080002
34.40114595145687
17.640001
15.720001
-25.260002
34.58837540114634
17.640001
15.720001
-25.260002
34.58837540114634
17.640001
15.720001
-25.260002
34.58837540114634
17.640001
15.720001
-25.260002
34.58837540114634
18.18
15.540001
-25.440002
34.91701238517193
18.18
15.540001
-25.440002
34.91701238517193
18.18
15.540001
-25.440002
34.91701238517193
18.18
15.540001
-25.440002
34.91701238517193
18.36
15.540001
-25.440002
35.011068283383615
18.36
15.540001
-25.440002
35.011068283383615
18.36
15.540001
-25.440002
35.011068283383615
18.36
15.540001
-25.440002
35.011068283383615
18.54
15.000001
-24.900002
34.47813363885508
18.54
15.000001
-24.900002
34.47813363885508
18.54
15.000001
-24.900002
34.47813363885508
18.54
15.000001
-24.900002
34.47813363885508
19.62
14.1
-24.900002
34.695309861236105
19.62
14.1
-24.900002
34.695309861236105
19.62
14.1
-24.900002
34.695309861236105
19.62
14.1
-24.900002
34.695309861236105
19.980001
13.74
-24.24
34.28652320997457
19.980001
13.74
-24.24
34.28652320997457
19.980001
13.74
-24.24
34.28652320997457
19.980001
13.74
-24.24
34.28652320997457
20.340002
13.2
-23.700003
33.9064264108314
20.340002
13.2
-23.700003
33.9064264108314
20.340002
13.2
-23.700003
33.9064264108314
20.340002
13.2
-23.700003
33.9064264108314
20.880001
12.660001
-23.700003
34.02852017862186
20.880001
12.660001
-23.700003
34.02852017862186
20.880001
12.660001
-23.700003
34.02852017862186
20.880001
12.660001
-23.700003
34.02852017862186
21.06
13.2
-22.800001
33.72837849089399
21.06
13.2
-22.800001
33.72837849089399
21.06
13.2
-22.800001
33.72837849089399
21.06
13.2
-22.800001
33.72837849089399
20.7
13.2
-22.980001
33.6275248093684
20.7
13.2
-22.980001
33.6275248093684
20.7
13.2
-22.980001
33.6275248093684
20.7
13.2
-22.980001
33.6275248093684
20.880001
13.56
-22.980001
33.881093057882225
20.880001
13.56
-22.980001
33.881093057882225
20.880001
13.56
-22.980001
33.881093057882225
20.880001
13.56
-22.980001
33.881093057882225
20.520002
13.14
-23.520002
33.86621700599101
20.520002
13.14
-23.520002
33.86621700599101
20.520002
13.14
-23.520002
33.86621700599101
20.520002
13.14
-23.520002
33.86621700599101
20.340002
13.14
-24.060001
34.13589069005121
20.340002
13.14
-24.060001
34.13589069005121
20.340002
13.14
-24.060001
34.13589069005121
20.340002
13.14
-24.060001
34.13589069005121
20.160002
12.96
-24.060001
33.95984387616866
20.160002
12.96
-24.060001
33.95984387616866
20.160002
12.96
-24.060001
33.95984387616866
20.160002
12.96
-24.060001
33.95984387616866
19.44
12.780001
-24.720001
33.945847413794596
19.44
12.780001
-24.720001
33.945847413794596
19.44
12.780001
-24.720001
33.945847413794596
19.44
12.780001
-24.720001
33.945847413794596
19.080002
13.56
-24.36
33.78357162755386
19.080002
13.56
-24.36
33.78357162755386
19.080002
13.56
-24.36
33.78357162755386
19.080002
13.56
-24.36
33.78357162755386
18.54
13.74
-24.0
33.29443327508932
18.54
13.74
-24.0
33.29443327508932
18.54
13.74
-24.0
33.29443327508932
18.54
13.74
-24.0
33.29443327508932
18.18
14.46
-23.700003
33.185752808292975
18.18
14.46
-23.700003
33.185752808292975
18.18
14.46
-23.700003
33.185752808292975
18.18
14.46
-23.700003
33.185752808292975
18.36
15.000001
-23.160002
33.14325484615045
18.36
15.000001
-23.160002
33.14325484615045
18.36
15.000001
-23.160002
33.14325484615045
18.36
15.000001
-23.160002
33.14325484615045
18.54
15.720001
-23.160002
33.57433305136157
18.54
15.720001
-23.160002
33.57433305136157
18.54
15.720001
-23.160002
33.57433305136157
18.54
15.720001
-23.160002
33.57433305136157
18.54
15.540001
-23.160002
33.49042977805376
18.54
15.540001
-23.160002
33.49042977805376
18.54
15.540001
-23.160002
33.49042977805376
18.54
15.540001
-23.160002
33.49042977805376
19.44
15.720001
-23.460001
34.284162649738875
19.44
15.720001
-23.460001
34.284162649738875
19.44
15.720001
-23.460001
34.284162649738875
19.44
15.720001
-23.460001
34.284162649738875
19.800001
15.18
-23.460001
34.24680998488217
19.800001
15.18
-23.460001
34.24680998488217
19.800001
15.18
-23.460001
34.24680998488217
19.800001
15.18
-23.460001
34.24680998488217
19.800001
14.280001
-23.460001
33.85749663110077
19.800001
14.280001
-23.460001
33.85749663110077
19.800001
14.280001
-23.460001
33.85749663110077
19.800001
14.280001
-23.460001
33.85749663110077
20.160002
13.74
-23.820002
34.09700445626602
20.160002
13.74
-23.820002
34.09700445626602
20.160002
13.74
-23.820002
34.09700445626602
20.160002
13.74
-23.820002
34.09700445626602
19.980001
13.2
-24.0
33.9033984976064
19.980001
13.2
-24.0
33.9033984976064
19.980001
13.2
-24.0
33.9033984976064
19.980001
13.2
-24.0
33.9033984976064
20.340002
13.020001
-24.0
34.047556211633974
20.340002
13.020001
-24.0
34.047556211633974
20.340002
13.020001
-24.0
34.047556211633974
20.340002
13.020001
-24.0
34.047556211633974
20.520002
13.38
-23.700003
34.08496786238308
20.520002
13.38
-23.700003
34.08496786238308
20.520002
13.38
-23.700003
34.08496786238308
20.520002
13.38
-23.700003
34.08496786238308
20.7
13.56
-23.340002
34.01645755756506
20.7
13.56
-23.340002
34.01645755756506
20.7
13.56
-23.340002
34.01645755756506
20.7
13.56
-23.340002
34.01645755756506
20.7
13.56
-23.520002
34.14021381331332
20.7
13.56
-23.520002
34.14021381331332
20.7
13.56
-23.520002
34.14021381331332
20.7
13.56
-23.520002
34.14021381331332
20.160002
13.92
-24.060001
34.33767149347419
20.160002
13.92
-24.060001
34.33767149347419
20.160002
13.92
-24.060001
34.33767149347419
20.160002
13.92
-24.060001
34.33767149347419
20.160002
14.1
-24.54
34.748341911881205
20.160002
14.1
-24.54
34.748341911881205
20.160002
14.1
-24.54
34.748341911881205
20.160002
14.1
-24.54
34.748341911881205
20.160002
14.46
-24.54
34.89597403578599
20.160002
14.46
-24.54
34.89597403578599
20.160002
14.46
-24.54
34.89597403578599
20.160002
14.46
-24.54
34.89597403578599
20.340002
14.46
-24.36
34.8743016983181
20.340002
14.46
-24.36
34.8743016983181
20.340002
14.46
-24.36
34.8743016983181
20.340002
14.46
-24.36
34.8743016983181
20.7
14.64
-24.18
35.035582847009806
20.7
14.64
-24.18
35.035582847009806
20.7
14.64
-24.18
35.035582847009806
20.7
14.64
-24.18
35.035582847009806
21.42
14.46
-24.36
35.51503381602114
21.42
14.46
-24.36
35.51503381602114
21.42
14.46
-24.36
35.51503381602114
21.42
14.46
-24.36
35.51503381602114
21.6
13.74
-24.24
35.255145623990124
21.6
13.74
-24.24
35.255145623990124
21.6
13.74
-24.24
35.255145623990124
21.6
13.74
-24.24
35.255145623990124
21.78
13.56
-24.060001
35.17279818868375
21.78
13.56
-24.060001
35.17279818868375
21.78
13.56
-24.060001
35.17279818868375
21.78
13.56
-24.060001
35.17279818868375
22.380001
12.840001
-24.060001
35.279084023416054
22.380001
12.840001
-24.060001
35.279084023416054
22.380001
12.840001
-24.060001
35.279084023416054
22.380001
12.840001
-24.060001
35.279084023416054
22.380001
12.12
-23.880001
34.900047359051854
22.380001
12.12
-23.880001
34.900047359051854
22.380001
12.12
-23.880001
34.900047359051854
22.380001
12.12
-23.880001
34.900047359051854
22.560001
12.3
-24.36
35.40696711542094
22.560001
12.3
-24.36
35.40696711542094
22.560001
12.3
-24.36
35.40696711542094
22.560001
12.3
-24.36
35.40696711542094
22.74
12.12
-24.900002
35.83311436312699
22.74
12.12
-24.900002
35.83311436312699
22.74
12.12
-24.900002
35.83311436312699
22.74
12.12
-24.900002
35.83311436312699
22.92
12.660001
-24.900002
36.13325422027298
22.92
12.660001
-24.900002
36.13325422027298
22.92
12.660001
-24.900002
36.13325422027298
22.92
12.660001
-24.900002
36.13325422027298
22.74
12.660001
-25.62
36.520784495891
22.74
12.660001
-25.62
36.520784495891
22.74
12.660001
-25.62
36.520784495891
22.74
12.660001
-25.62
36.520784495891
22.320002
12.240001
-26.160002
36.50131097816899
22.320002
12.240001
-26.160002
36.50131097816899
22.320002
12.240001
-26.160002
36.50131097816899
22.320002
12.240001
-26.160002
36.50131097816899
22.140001
12.240001
-26.520002
36.65116452894949
22.140001
12.240001
-26.520002
36.65116452894949
22.140001
12.240001
-26.520002
36.65116452894949
22.140001
12.240001
-26.520002
36.65116452894949
21.960001
12.6
-26.820002
36.88243767681815
21.960001
12.6
-26.820002
36.88243767681815
21.960001
12.6
-26.820002
36.88243767681815
21.960001
12.6
-26.820002
36.88243767681815
21.960001
13.500001
-26.340002
36.85495019011184
21.960001
13.500001
-26.340002
36.85495019011184
21.960001
13.500001
-26.340002
36.85495019011184
21.960001
13.500001
-26.340002
36.85495019011184
22.560001
14.280001
-26.520002
37.63220186472617
22.560001
14.280001
-26.520002
37.63220186472617
22.560001
14.280001
-26.520002
37.63220186472617
22.560001
14.280001
-26.520002
37.63220186472617
22.560001
14.820001
-25.980001
37.463936109131176
22.560001
14.820001
-25.980001
37.463936109131176
22.560001
14.820001
-25.980001
37.463936109131176
22.560001
14.820001
-25.980001
37.463936109131176
22.560001
14.46
-25.260002
36.82544008032185
22.560001
14.46
-25.260002
36.82544008032185
22.560001
14.46
-25.260002
36.82544008032185
22.560001
14.46
-25.260002
36.82544008032185
22.92
14.1
-25.260002
36.90804927874812
22.92
14.1
-25.260002
36.90804927874812
22.92
14.1
-25.260002
36.90804927874812
22.92
14.1
-25.260002
36.90804927874812
23.820002
14.280001
-24.54
37.06106559460767
23.820002
14.280001
-24.54
37.06106559460767
23.820002
14.280001
-24.54
37.06106559460767
23.820002
14.280001
-24.54
37.06106559460767
24.720001
13.56
-24.900002
37.615982749399556
24.720001
13.56
-24.900002
37.615982749399556
24.720001
13.56
-24.900002
37.615982749399556
24.720001
13.56
-24.900002
37.615982749399556
25.260002
13.2
-25.080002
37.96464419673092
25.260002
13.2
-25.080002
37.96464419673092
25.260002
13.2
-25.080002
37.96464419673092
25.260002
13.2
-25.080002
37.96464419673092
25.440002
12.660001
-24.900002
37.781999578999255
25.440002
12.660001
-24.900002
37.781999578999255
25.440002
12.660001
-24.900002
37.781999578999255
25.440002
12.660001
-24.900002
37.781999578999255
25.440002
11.940001
-24.900002
37.54686849771063
25.440002
11.940001
-24.900002
37.54686849771063
25.440002
11.940001
-24.900002
37.54686849771063
25.440002
11.940001
-24.900002
37.54686849771063
26.160002
12.12
-24.36
37.744531500644236
26.160002
12.12
-24.36
37.744531500644236
26.160002
12.12
-24.36
37.744531500644236
26.160002
12.12
-24.36
37.744531500644236
26.520002
12.12
-24.36
37.994927318697755
26.520002
12.12
-24.36
37.994927318697755
26.520002
12.12
-24.36
37.994927318697755
26.520002
12.12
-24.36
37.994927318697755
27.240002
11.52
-24.900002
38.661843711593576
27.240002
11.52
-24.900002
38.661843711593576
27.240002
11.52
-24.900002
38.661843711593576
27.240002
11.52
-24.900002
38.661843711593576
27.600002
10.9800005
-24.900002
38.75990926726029
27.600002
10.9800005
-24.900002
38.75990926726029
27.600002
10.9800005
-24.900002
38.75990926726029
27.600002
10.9800005
-24.900002
38.75990926726029
27.240002
10.260001
-25.260002
38.54027798736991
27.240002
10.260001
-25.260002
38.54027798736991
27.240002
10.260001
-25.260002
38.54027798736991
27.240002
10.260001
-25.260002
38.54027798736991
27.240002
9.72
-25.440002
38.518694413699144
27.240002
9.72
-25.440002
38.518694413699144
27.240002
9.72
-25.440002
38.518694413699144
27.240002
9.72
-25.440002
38.518694413699144
27.240002
10.260001
-25.440002
38.65849200248569
27.240002
10.260001
-25.440002
38.65849200248569
27.240002
10.260001
-25.440002
38.65849200248569
27.060001
10.260001
-25.320002
38.45274722996069
26.880001
10.260001
-24.960001
38.089417308978355
26.880001
10.260001
-24.960001
38.089417308978355
26.880001
10.260001
-24.960001
38.089417308978355
26.880001
10.260001
-24.960001
38.089417308978355
26.880001
9.900001
-24.960001
37.99402772250035
26.880001
9.900001
-24.960001
37.99402772250035
26.880001
9.900001
-24.960001
37.99402772250035
26.880001
9.900001
-24.960001
37.99402772250035
27.060001
10.440001
-24.24
37.79966692096556
27.060001
10.440001
-24.24
37.79966692096556
27.060001
10.440001
-24.24
37.79966692096556
27.060001
10.440001
-24.24
37.79966692096556
27.420002
11.160001
-23.580002
37.84730610098376
27.420002
11.160001
-23.580002
37.84730610098376
27.420002
11.160001
-23.580002
37.84730610098376
27.420002
11.160001
-23.580002
37.84730610098376
27.240002
12.240001
-23.760002
38.16245598589011
27.240002
12.240001
-23.760002
38.16245598589011
27.240002
12.240001
-23.760002
38.16245598589011
27.240002
12.240001
-23.760002
38.16245598589011
27.240002
13.74
-23.400002
38.449516985851886
27.240002
13.74
-23.400002
38.449516985851886
27.240002
13.74
-23.400002
38.449516985851886
27.240002
13.74
-23.400002
38.449516985851886
26.880001
13.56
-24.060001
38.539482975863535
26.880001
13.56
-24.060001
38.539482975863535
26.880001
13.56
-24.060001
38.539482975863535
26.880001
13.56
-24.060001
38.539482975863535
25.980001
13.2
-24.24
37.90485557513542
25.980001
13.2
-24.24
37.90485557513542
25.980001
13.2
-24.24
37.90485557513542
25.980001
13.2
-24.24
37.90485557513542
25.800001
12.840001
-24.6
37.890180409762834
25.800001
12.840001
-24.6
37.890180409762834
25.800001
12.840001
-24.6
37.890180409762834
25.800001
12.840001
-24.6
37.890180409762834
25.440002
13.020001
-24.960001
37.94358734111075
25.440002
13.020001
-24.960001
37.94358734111075
25.440002
13.020001
-24.960001
37.94358734111075
25.440002
13.020001
-24.960001
37.94358734111075
25.260002
13.020001
-24.960001
37.823138999162936
25.260002
13.020001
-24.960001
37.823138999162936
25.260002
13.020001
-24.960001
37.823138999162936
25.260002
13.020001
-24.960001
37.823138999162936
25.260002
13.020001
-25.500002
38.181648168144044
25.260002
13.020001
-25.500002
38.181648168144044
25.260002
13.020001
-25.500002
38.181648168144044
25.260002
13.020001
-25.500002
38.181648168144044
24.54
13.74
-25.680002
38.08492867253643
24.54
13.74
-25.680002
38.08492867253643
24.54
13.74
-25.680002
38.08492867253643
24.54
13.74
-25.680002
38.08492867253643
24.18
13.38
-25.860003
37.84754316250264
24.18
13.38
-25.860003
37.84754316250264
24.18
13.38
-25.860003
37.84754316250264
24.18
13.38
-25.860003
37.84754316250264
23.820002
13.92
-26.160002
38.01979272263166
23.820002
13.92
-26.160002
38.01979272263166
23.820002
13.92
-26.160002
38.01979272263166
23.820002
13.92
-26.160002
38.01979272263166
23.28
14.64
-26.160002
37.95568190748916
23.28
14.64
-26.160002
37.95568190748916
23.28
14.64
-26.160002
37.95568190748916
23.28
14.64
-26.160002
37.95568190748916
23.820002
15.000001
-26.040003
38.34676154636464
23.820002
15.000001
-26.040003
38.34676154636464
23.820002
15.000001
-26.040003
38.34676154636464
23.820002
15.000001
-26.040003
38.34676154636464
23.640001
15.720001
-25.860003
38.401925547323636
23.640001
15.720001
-25.860003
38.401925547323636
23.640001
15.720001
-25.860003
38.401925547323636
23.640001
15.720001
-25.860003
38.401925547323636
23.820002
16.26
-25.860003
38.736543152308066
23.820002
16.26
-25.860003
38.736543152308066
23.820002
16.26
-25.860003
38.736543152308066
23.820002
16.26
-25.860003
38.736543152308066
24.36
15.900001
-25.320002
38.56581415560127
24.36
15.900001
-25.320002
38.56581415560127
24.36
15.900001
-25.320002
38.56581415560127
24.36
15.900001
-25.320002
38.56581415560127
24.18
15.720001
-25.140003
38.25977873623046
24.18
15.720001
-25.140003
38.25977873623046
24.18
15.720001
-25.140003
38.25977873623046
24.18
15.720001
-25.140003
38.25977873623046
24.36
15.000001
-25.320002
38.20356275311571
24.36
15.000001
-25.320002
38.20356275311571
24.36
15.000001
-25.320002
38.20356275311571
24.36
15.000001
-25.320002
38.20356275311571
24.54
15.000001
-25.140003
38.199888027486416
24.54
15.000001
-25.140003
38.199888027486416
24.54
15.000001
-25.140003
38.199888027486416
24.54
15.000001
-25.140003
38.199888027486416
24.36
14.820001
-25.500002
38.25300137581119
24.36
14.820001
-25.500002
38.25300137581119
24.36
14.820001
-25.500002
38.25300137581119
24.36
14.820001
-25.500002
38.25300137581119
24.36
14.280001
-26.040003
38.411061791738454
24.36
14.280001
-26.040003
38.411061791738454
24.36
14.280001
-26.040003
38.411061791738454
24.060001
14.280001
-25.92
38.13985366385141
23.880001
14.820001
-26.1
38.35488135593858
23.880001
14.820001
-26.1
38.35488135593858
23.880001
14.820001
-26.1
38.35488135593858
23.880001
14.820001
-26.1
38.35488135593858
23.700003
14.820001
-26.640001
38.61362721930239
23.700003
14.820001
-26.640001
38.61362721930239
23.700003
14.820001
-26.640001
38.61362721930239
23.700003
14.820001
-26.640001
38.61362721930239
23.700003
15.000001
-26.76
38.76580763761894
23.700003
15.000001
-26.76
38.76580763761894
23.700003
15.000001
-26.76
38.76580763761894
23.700003
15.000001
-26.76
38.76580763761894
23.880001
15.360001
-27.48
39.51372511743546
23.880001
15.360001
-27.48
39.51372511743546
23.880001
15.360001
-27.48
39.51372511743546
23.880001
15.360001
-27.48
39.51372511743546
24.24
15.360001
-28.02
40.10770107531564
24.24
15.360001
-28.02
40.10770107531564
24.24
15.360001
-28.02
40.10770107531564
24.24
15.360001
-28.02
40.10770107531564
24.24
15.000001
-28.2
40.097601261835166
24.24
15.000001
-28.2
40.097601261835166
24.24
15.000001
-28.2
40.097601261835166
24.24
15.000001
-28.2
40.097601261835166
24.24
14.820001
-28.380001
40.15761944406145
24.24
14.820001
-28.380001
40.15761944406145
24.24
14.820001
-28.380001
40.15761944406145
24.24
14.820001
-28.380001
40.15761944406145
24.060001
15.000001
-27.66
39.61008998368503
24.060001
15.000001
-27.66
39.61008998368503
24.060001
15.000001
-27.66
39.61008998368503
24.060001
15.000001
-27.66
39.61008998368503
23.520002
14.820001
-26.94
38.71157999592951
23.520002
14.820001
-26.94
38.71157999592951
23.520002
14.820001
-26.94
38.71157999592951
23.520002
14.820001
-26.94
38.71157999592951
23.700003
15.18
-26.76
38.83581098475671
23.700003
15.18
-26.76
38.83581098475671
23.700003
15.18
-26.76
38.83581098475671
23.700003
15.18
-26.76
38.83581098475671
23.880001
15.540001
-27.12
39.33497779986185
23.880001
15.540001
-27.12
39.33497779986185
23.880001
15.540001
-27.12
39.33497779986185
23.880001
15.540001
-27.12
39.33497779986185
24.060001
15.540001
-27.12
39.44451484017217
24.060001
15.540001
-27.12
39.44451484017217
24.060001
15.540001
-27.12
39.44451484017217
24.060001
15.540001
-27.12
39.44451484017217
24.78
15.360001
-27.12
39.817992593546045
24.78
15.360001
-27.12
39.817992593546045
24.78
15.360001
-27.12
39.817992593546045
24.78
15.360001
-27.12
39.817992593546045
25.320002
14.64
-26.76
39.64252341975644
25.320002
14.64
-26.76
39.64252341975644
25.320002
14.64
-26.76
39.64252341975644
25.320002
14.64
-26.76
39.64252341975644
25.500002
13.92
-26.94
39.62045117571464
25.500002
13.92
-26.94
39.62045117571464
25.500002
13.92
-26.94
39.62045117571464
25.500002
13.92
-26.94
39.62045117571464
25.320002
12.6
-27.3
39.30842741474546
25.320002
12.6
-27.3
39.30842741474546
25.320002
12.6
-27.3
39.30842741474546
25.320002
12.6
-27.3
39.30842741474546
25.500002
13.14
-27.12
39.47662820967221
25.500002
13.14
-27.12
39.47662820967221
25.500002
13.14
-27.12
39.47662820967221
25.500002
13.14
-27.12
39.47662820967221
24.960001
12.420001
-27.66
39.27255553391022
24.960001
12.420001
-27.66
39.27255553391022
24.960001
12.420001
-27.66
39.27255553391022
24.960001
12.420001
-27.66
39.27255553391022
25.140003
11.880001
-27.66
39.220272007319444
25.140003
11.880001
-27.66
39.220272007319444
25.140003
11.880001
-27.66
39.220272007319444
25.140003
11.880001
-27.66
39.220272007319444
25.140003
12.240001
-27.48
39.20443588382251
25.140003
12.240001
-27.48
39.20443588382251
25.140003
12.240001
-27.48
39.20443588382251
25.140003
12.240001
-27.48
39.20443588382251
24.24
11.160001
-28.560001
39.08704229025266
24.24
11.160001
-28.560001
39.08704229025266
24.24
11.160001
-28.560001
39.08704229025266
24.24
11.160001
-28.560001
39.08704229025266
24.060001
10.62
-28.740002
38.957101556953
24.060001
10.62
-28.740002
38.957101556953
24.060001
10.62
-28.740002
38.957101556953
24.060001
10.62
-28.740002
38.957101556953
23.340002
10.260001
-28.380001
38.15033098029754
23.340002
10.260001
-28.380001
38.15033098029754
23.340002
10.260001
-28.380001
38.15033098029754
23.340002
10.260001
-28.380001
38.15033098029754
23.880001
9.900001
-28.560001
38.521918856955644
23.880001
9.900001
-28.560001
38.521918856955644
23.880001
9.900001
-28.560001
38.521918856955644
23.880001
9.900001
-28.560001
38.521918856955644
23.880001
10.260001
-27.84
38.08658092405217
23.880001
10.260001
-27.84
38.08658092405217
23.880001
10.260001
-27.84
38.08658092405217
23.880001
10.260001
-27.84
38.08658092405217
24.24
11.34
-27.48
38.357834745044265
24.24
11.34
-27.48
38.357834745044265
24.24
11.34
-27.48
38.357834745044265
24.24
11.34
-27.48
38.357834745044265
24.060001
12.06
-27.3
38.33558643740826
24.060001
12.06
-27.3
38.33558643740826
24.060001
12.06
-27.3
38.33558643740826
24.060001
12.06
-27.3
38.33558643740826
23.520002
12.840001
-27.66
38.511449127073725
23.520002
12.840001
-27.66
38.511449127073725
23.520002
12.840001
-27.66
38.511449127073725
23.520002
12.840001
-27.66
38.511449127073725
23.880001
12.660001
-27.84
38.80200643169113
23.880001
12.660001
-27.84
38.80200643169113
23.880001
12.660001
-27.84
38.80200643169113
23.880001
12.660001
-27.84
38.80200643169113
24.060001
12.660001
-28.02
39.04202588437555
24.060001
12.660001
-28.02
39.04202588437555
24.060001
12.660001
-28.02
39.04202588437555
24.060001
12.660001
-28.02
39.04202588437555
24.42
12.06
-28.380001
39.33452005266414
24.42
12.06
-28.380001
39.33452005266414
24.42
12.06
-28.380001
39.33452005266414
24.42
12.06
-28.380001
39.33452005266414
24.42
11.34
-27.84
38.72980194364219
24.42
11.34
-27.84
38.72980194364219
24.42
11.34
-27.84
38.72980194364219
24.42
11.34
-27.84
38.72980194364219
24.78
11.160001
-28.2
39.164194188637566
24.78
11.160001
-28.2
39.164194188637566
24.78
11.160001
-28.2
39.164194188637566
24.78
11.160001
-28.2
39.164194188637566
24.6
11.160001
-27.84
38.791381004475404
24.6
11.160001
-27.84
38.791381004475404
24.6
11.160001
-27.84
38.791381004475404
24.6
11.160001
-27.84
38.791381004475404
25.140003
11.880001
-27.66
39.220272007319444
25.140003
11.880001
-27.66
39.220272007319444
25.140003
11.880001
-27.66
39.220272007319444
25.140003
11.880001
-27.66
39.220272007319444
25.680002
11.880001
-27.66
39.56857952152898
25.680002
11.880001
-27.66
39.56857952152898
25.680002
11.880001
-27.66
39.56857952152898
25.680002
11.880001
-27.66
39.56857952152898
25.860003
12.240001
-27.3
39.54551064418533
25.860003
12.240001
-27.3
39.54551064418533
25.860003
12.240001
-27.3
39.54551064418533
25.860003
12.240001
-27.3
39.54551064418533
26.040003
12.240001
-27.3
39.66345082131266
26.040003
12.240001
-27.3
39.66345082131266
26.040003
12.240001
-27.3
39.66345082131266
26.040003
12.240001
-27.3
39.66345082131266
25.860003
12.06
-27.12
39.36594637977093
25.860003
12.06
-27.12
39.36594637977093
25.860003
12.06
-27.12
39.36594637977093
25.860003
12.06
-27.12
39.36594637977093
25.860003
12.3
-26.94
39.31657992541124
25.860003
12.3
-26.94
39.31657992541124
25.860003
12.3
-26.94
39.31657992541124
25.860003
12.3
-26.94
39.31657992541124
26.22
11.940001
-26.58
39.19883084791879
26.22
11.940001
-26.58
39.19883084791879
26.22
11.940001
-26.58
39.19883084791879
26.22
11.940001
-26.58
39.19883084791879
26.76
12.4800005
-26.4
39.60818076355486
26.76
12.4800005
-26.4
39.60818076355486
26.76
12.4800005
-26.4
39.60818076355486
26.76
12.4800005
-26.4
39.60818076355486
26.94
12.660001
-26.22
39.66771467945469
26.94
12.660001
-26.22
39.66771467945469
26.94
12.660001
-26.22
39.66771467945469
26.94
12.660001
-26.22
39.66771467945469
27.3
12.840001
-25.74
39.6573227420903
27.3
12.840001
-25.74
39.6573227420903
27.3
12.840001
-25.74
39.6573227420903
27.3
12.840001
-25.74
39.6573227420903
27.3
13.38
-25.380001
39.603773334174704
27.3
13.38
-25.380001
39.603773334174704
27.3
13.38
-25.380001
39.603773334174704
27.3
13.38
-25.380001
39.603773334174704
27.66
13.020001
-24.480001
39.164607173800746
27.66
13.020001
-24.480001
39.164607173800746
27.66
13.020001
-24.480001
39.164607173800746
27.66
13.020001
-24.480001
39.164607173800746
28.800001
12.840001
-24.18
39.736356493062495
28.800001
12.840001
-24.18
39.736356493062495
28.800001
12.840001
-24.18
39.736356493062495
28.800001
12.840001
-24.18
39.736356493062495
29.340002
11.700001
-24.18
39.779368941190796
29.340002
11.700001
-24.18
39.779368941190796
29.340002
11.700001
-24.18
39.779368941190796
29.340002
11.700001
-24.18
39.779368941190796
30.240002
10.260001
-23.820002
39.83864703841689
30.240002
10.260001
-23.820002
39.83864703841689
30.240002
10.260001
-23.820002
39.83864703841689
30.240002
10.260001
-23.820002
39.83864703841689
29.880003
9.18
-24.480001
39.70336789083515
29.880003
9.18
-24.480001
39.70336789083515
29.880003
9.18
-24.480001
39.70336789083515
29.880003
9.18
-24.480001
39.70336789083515
29.880003
8.28
-24.300001
39.393692859509564
29.880003
8.28
-24.300001
39.393692859509564
29.880003
8.28
-24.300001
39.393692859509564
29.880003
8.28
-24.300001
39.393692859509564
29.880003
8.1
-24.300001
39.356251736938184
29.880003
8.1
-24.300001
39.356251736938184
29.880003
8.1
-24.300001
39.356251736938184
29.880003
8.1
-24.300001
39.356251736938184
29.520002
7.7400007
-24.300001
39.01061554243921
29.520002
7.7400007
-24.300001
39.01061554243921
29.520002
7.7400007
-24.300001
39.01061554243921
29.520002
7.7400007
-24.300001
39.01061554243921
29.1
7.5600004
-24.300001
38.65816360461591
29.1
7.5600004
-24.300001
38.65816360461591
29.1
7.5600004
-24.300001
38.65816360461591
29.1
7.5600004
-24.300001
38.65816360461591
28.02
7.3800006
-24.660002
38.048658839085576
28.02
7.3800006
-24.660002
38.048658839085576
28.02
7.3800006
-24.660002
38.048658839085576
28.02
7.3800006
-24.660002
38.048658839085576
27.48
7.7400007
-24.660002
37.72497294875604
27.48
7.7400007
-24.660002
37.72497294875604
27.48
7.7400007
-24.660002
37.72497294875604
27.48
7.7400007
-24.660002
37.72497294875604
26.76
8.1
-25.380001
37.760456178140245
26.76
8.1
-25.380001
37.760456178140245
26.76
8.1
-25.380001
37.760456178140245
26.76
8.1
-25.380001
37.760456178140245
26.58
8.28
-25.2
37.55122965540293
26.58
8.28
-25.2
37.55122965540293
26.58
8.28
-25.2
37.55122965540293
26.58
8.28
-25.2
37.55122965540293
26.4
9.0
-25.02
37.469460220541606
26.4
9.0
-25.02
37.469460220541606
26.4
9.0
-25.02
37.469460220541606
26.4
9.0
-25.02
37.469460220541606
26.4
8.64
-25.380001
37.62650699068826
26.4
8.64
-25.380001
37.62650699068826
26.4
8.64
-25.380001
37.62650699068826
26.4
8.64
-25.380001
37.62650699068826
26.4
9.0
-24.840002
37.349505963307266
26.4
9.0
-24.840002
37.349505963307266
26.4
9.0
-24.840002
37.349505963307266
26.4
9.0
-24.840002
37.349505963307266
26.58
8.820001
-24.660002
37.31493723719263
26.58
8.820001
-24.660002
37.31493723719263
26.58
8.820001
-24.660002
37.31493723719263
26.58
8.820001
-24.660002
37.31493723719263
27.3
7.9200006
-24.300001
37.39660877213668
27.3
7.9200006
-24.300001
37.39660877213668
27.3
7.9200006
-24.300001
37.39660877213668
27.3
7.9200006
-24.300001
37.39660877213668
27.66
7.3800006
-24.12
37.43413486545402
27.66
7.3800006
-24.12
37.43413486545402
27.66
7.3800006
-24.12
37.43413486545402
27.66
7.3800006
-24.12
37.43413486545402
27.66
6.6600003
-24.300001
37.41552007627483
27.66
6.6600003
-24.300001
37.41552007627483
27.66
6.6600003
-24.300001
37.41552007627483
27.66
6.6600003
-24.300001
37.41552007627483
28.02
6.6600003
-24.300001
37.6824370821889
28.02
6.6600003
-24.300001
37.6824370821889
28.02
6.6600003
-24.300001
37.6824370821889
28.02
6.6600003
-24.300001
37.6824370821889
27.84
7.0200005
-24.480001
37.73084222593136
27.84
7.0200005
-24.480001
37.73084222593136
27.84
7.0200005
-24.480001
37.73084222593136
27.84
7.0200005
-24.480001
37.73084222593136
27.48
7.9200006
-24.12
37.41191314430722
27.48
7.9200006
-24.12
37.41191314430722
27.48
7.9200006
-24.12
37.41191314430722
27.48
7.9200006
-24.12
37.41191314430722
27.900002
8.46
-24.12
37.83855313718569
27.900002
8.46
-24.12
37.83855313718569
27.900002
8.46
-24.12
37.83855313718569
27.900002
8.46
-24.12
37.83855313718569
27.48
8.820001
-24.300001
37.728409207494096
27.48
8.820001
-24.300001
37.728409207494096
27.48
8.820001
-24.300001
37.728409207494096
27.48
8.820001
-24.300001
37.728409207494096
27.3
9.0
-24.480001
37.75659445454115
27.3
9.0
-24.480001
37.75659445454115
27.3
9.0
-24.480001
37.75659445454115
27.3
9.0
-24.480001
37.75659445454115
26.94
9.540001
-24.840002
37.86556355476982
26.94
9.540001
-24.840002
37.86556355476982
26.94
9.540001
-24.840002
37.86556355476982
26.94
9.540001
-24.840002
37.86556355476982
26.58
9.72
-25.02
37.775325540973995
26.58
9.72
-25.02
37.775325540973995
26.58
9.72
-25.02
37.775325540973995
26.58
9.72
-25.02
37.775325540973995
26.040003
9.900001
-25.2
37.56503475224667
26.040003
9.900001
-25.2
37.56503475224667
26.040003
9.900001
-25.2
37.56503475224667
26.040003
9.900001
-25.2
37.56503475224667
25.860003
10.62
-25.2
37.63727154011532
25.860003
10.62
-25.2
37.63727154011532
25.860003
10.62
-25.2
37.63727154011532
25.860003
10.62
-25.2
37.63727154011532
25.860003
10.9800005
-25.380001
37.860858152954286
25.860003
10.9800005
-25.380001
37.860858152954286
25.860003
10.9800005
-25.380001
37.860858152954286
25.860003
10.9800005
-25.380001
37.860858152954286
25.680002
11.52
-24.840002
37.539294191532655
25.680002
11.52
-24.840002
37.539294191532655
25.680002
11.52
-24.840002
37.539294191532655
25.680002
11.52
-24.840002
37.539294191532655
26.76
12.12
-24.480001
38.23954041528056
