-33.18
-20.28
-14.1
41.36424756432178
-33.18
-20.28
-14.1
41.36424756432178
-33.18
-20.28
-14.1
41.36424756432178
-33.18
-20.28
-14.1
41.36424756432178
-33.54
-20.460001
-13.74
41.621278338692036
-33.54
-20.460001
-13.74
41.621278338692036
-33.54
-20.460001
-13.74
41.621278338692036
-33.54
-20.460001
-13.74
41.621278338692036
-33.36
-20.640001
-12.840001
41.27668703491264
-33.36
-20.640001
-12.840001
41.27668703491264
-33.36
-20.640001
-12.840001
41.27668703491264
-33.36
-20.640001
-12.840001
41.27668703491264
-32.94
-21.18
-12.3
41.04784894876116
-32.94
-21.18
-12.3
41.04784894876116
-32.94
-21.18
-12.3
41.04784894876116
-32.94
-21.18
-12.3
41.04784894876116
-32.760002
-21.720001
-12.12
41.13235472798451
-32.760002
-21.720001
-12.12
41.13235472798451
-32.760002
-21.720001
-12.12
41.13235472798451
-32.760002
-21.720001
-12.12
41.13235472798451
-32.58
-21.900002
-11.760001
40.98004706942758
-32.58
-21.900002
-11.760001
40.98004706942758
-32.58
-21.900002
-11.760001
40.98004706942758
-32.58
-21.900002
-11.760001
40.98004706942758
-32.4
-21.54
-12.3
40.80467927316593
-32.4
-21.54
-12.3
40.80467927316593
-32.4
-21.54
-12.3
40.80467927316593
-32.4
-21.54
-12.3
40.80467927316593
-32.22
-21.900002
-12.660001
40.96357113529349
-32.22
-21.900002
-12.660001
40.96357113529349
-32.22
-21.900002
-12.660001
40.96357113529349
-32.22
-21.900002
-12.660001
40.96357113529349
-32.22
-21.0
-12.660001
40.489554859671834
-32.22
-21.0
-12.660001
40.489554859671834
-32.22
-21.0
-12.660001
40.489554859671834
-32.22
-21.0
-12.660001
40.489554859671834
-31.680002
-20.1
-13.38
39.832863095964804
-31.680002
-20.1
-13.38
39.832863095964804
-31.680002
-20.1
-13.38
39.832863095964804
-31.680002
-20.1
-13.38
39.832863095964804
-31.860003
-19.92
-13.92
40.0703452488168
-31.860003
-19.92
-13.92
40.0703452488168
-31.860003
-19.92
-13.92
40.0703452488168
-31.860003
-19.92
-13.92
40.0703452488168
-31.860003
-19.020002
-14.280001
39.758505624976024
-31.860003
-19.020002
-14.280001
39.758505624976024
-31.860003
-19.020002
-14.280001
39.758505624976024
-31.860003
-19.020002
-14.280001
39.758505624976024
-31.860003
-18.840002
-14.9400015
39.91502203901433
-31.860003
-18.840002
-14.9400015
39.91502203901433
-31.860003
-18.840002
-14.9400015
39.91502203901433
-31.860003
-18.840002
-14.9400015
39.91502203901433
-32.82
-19.020002
-15.300001
40.902358485636256
-32.82
-19.020002
-15.300001
40.902358485636256
-32.82
-19.020002
-15.300001
40.902358485636256
-32.82
-19.020002
-15.300001
40.902358485636256
-33.18
-18.300001
-15.660002
41.00046446002167
-33.18
-18.300001
-15.660002
41.00046446002167
-33.18
-18.300001
-15.660002
41.00046446002167
-33.18
-18.300001
-15.660002
41.00046446002167
-33.54
-17.400002
-16.380001
41.182473137853194
-33.54
-17.400002
-16.380001
41.182473137853194
-33.54
-17.400002
-16.380001
41.182473137853194
-33.54
-17.400002
-16.380001
41.182473137853194
-34.260002
-16.86
-16.2
41.47827756507766
-34.260002
-16.86
-16.2
41.47827756507766
-34.260002
-16.86
-16.2
41.47827756507766
-34.260002
-16.86
-16.2
41.47827756507766
-34.980003
-16.32
-16.2
41.86147461139687
-34.980003
-16.32
-16.2
41.86147461139687
-34.980003
-16.32
-16.2
41.86147461139687
-34.980003
-16.32
-16.2
41.86147461139687
-35.160004
-16.32
-16.380001
42.0817380898658
-35.160004
-16.32
-16.380001
42.0817380898658
-35.160004
-16.32
-16.380001
42.0817380898658
-35.160004
-16.32
-16.380001
42.0817380898658
-35.7
-16.86
-15.660002
42.47334872084493
-35.7
-16.86
-15.660002
42.47334872084493
-35.7
-16.86
-15.660002
42.47334872084493
-35.7
-16.86
-15.660002
42.47334872084493
-35.7
-17.76
-15.660002
42.838572695024226
-35.7
-17.76
-15.660002
42.838572695024226
-35.7
-17.76
-15.660002
42.838572695024226
-35.7
-17.76
-15.660002
42.838572695024226
-35.340004
-19.2
-15.300001
43.030756396951126
-35.340004
-19.2
-15.300001
43.030756396951126
-35.340004
-19.2
-15.300001
43.030756396951126
-35.340004
-19.2
-15.300001
43.030756396951126
-35.340004
-20.460001
-14.760001
43.42102317894236
-35.340004
-20.460001
-14.760001
43.42102317894236
-35.340004
-20.460001
-14.760001
43.42102317894236
-35.340004
-20.460001
-14.760001
43.42102317894236
-34.980003
-21.0
-14.9400015
43.44886879101399
-34.980003
-21.0
-14.9400015
43.44886879101399
-34.980003
-21.0
-14.9400015
43.44886879101399
-34.980003
-21.0
-14.9400015
43.44886879101399
-34.620003
-21.54
-15.300001
43.55004389483652
-34.620003
-21.54
-15.300001
43.55004389483652
-34.620003
-21.54
-15.300001
43.55004389483652
-34.620003
-21.54
-15.300001
43.55004389483652
-34.08
-21.36
-15.840001
43.22732708184286
-34.08
-21.36
-15.840001
43.22732708184286
-34.08
-21.36
-15.840001
43.22732708184286
-34.08
-21.36
-15.840001
43.22732708184286
-33.72
-21.54
-16.2
43.167698517670594
-33.72
-21.54
-16.2
43.167698517670594
-33.72
-21.54
-16.2
43.167698517670594
-33.72
-21.54
-16.2
43.167698517670594
-32.94
-21.900002
-16.56
42.88224815738151
-32.94
-21.900002
-16.56
42.88224815738151
-32.94
-21.900002
-16.56
42.88224815738151
-32.94
-21.900002
-16.56
42.88224815738151
-32.760002
-22.44
-16.56
43.023306274768096
-32.760002
-22.44
-16.56
43.023306274768096
-32.760002
-22.44
-16.56
43.023306274768096
-32.760002
-22.44
-16.56
43.023306274768096
-31.860003
-22.800001
-16.380001
42.46415221846319
-31.860003
-22.800001
-16.380001
42.46415221846319
-31.860003
-22.800001
-16.380001
42.46415221846319
-31.860003
-22.800001
-16.380001
42.46415221846319
-31.320004
-22.800001
-16.020002
41.921631859619175
-31.320004
-22.800001
-16.020002
41.921631859619175
-31.320004
-22.800001
-16.020002
41.921631859619175
-31.320004
-22.800001
-16.020002
41.921631859619175
-30.960003
-22.980001
-16.020002
41.752159199873276
-30.960003
-22.980001
-16.020002
41.752159199873276
-30.960003
-22.980001
-16.020002
41.752159199873276
-30.960003
-22.980001
-16.020002
41.752159199873276
-30.420002
-22.44
-16.020002
41.05570214612018
-30.420002
-22.44
-16.020002
41.05570214612018
-30.420002
-22.44
-16.020002
41.05570214612018
-30.420002
-22.44
-16.020002
41.05570214612018
-30.960003
-22.080002
-15.840001
41.19410127059683
-30.960003
-22.080002
-15.840001
41.19410127059683
-30.960003
-22.080002
-15.840001
41.19410127059683
-30.960003
-22.080002
-15.840001
41.19410127059683
-30.600002
-22.080002
-16.380001
41.136251191733244
-30.600002
-22.080002
-16.380001
41.136251191733244
-30.600002
-22.080002
-16.380001
41.136251191733244
-30.600002
-22.080002
-16.380001
41.136251191733244
-30.780003
-22.080002
-16.380001
41.27032229039561
-30.780003
-22.080002
-16.380001
41.27032229039561
-30.780003
-22.080002
-16.380001
41.27032229039561
-30.780003
-22.080002
-16.380001
41.27032229039561
-30.960003
-23.160002
-16.74
42.13235110655024
-30.960003
-23.160002
-16.74
42.13235110655024
-30.960003
-23.160002
-16.74
42.13235110655024
-30.960003
-23.160002
-16.74
42.13235110655024
-30.600002
-23.340002
-17.400002
42.235954523275396
-30.600002
-23.340002
-17.400002
42.235954523275396
-30.600002
-23.340002
-17.400002
42.235954523275396
-30.600002
-23.340002
-17.400002
42.235954523275396
-30.240002
-23.700003
-17.220001
42.10316222721578
-30.240002
-23.700003
-17.220001
42.10316222721578
-30.240002
-23.700003
-17.220001
42.10316222721578
-30.240002
-23.700003
-17.220001
42.10316222721578
-29.520002
-23.880001
-17.220001
41.691887711838646
-29.520002
-23.880001
-17.220001
41.691887711838646
-29.520002
-23.880001
-17.220001
41.691887711838646
-29.520002
-23.880001
-17.220001
41.691887711838646
-28.62
-23.700003
-17.04
40.879778008203516
-28.62
-23.700003
-17.04
40.879778008203516
-28.62
-23.700003
-17.04
40.879778008203516
-28.62
-23.700003
-17.04
40.879778008203516
-28.080002
-24.060001
-16.68
40.56590353112913
-28.080002
-24.060001
-16.68
40.56590353112913
-28.080002
-24.060001
-16.68
40.56590353112913
-28.080002
-24.060001
-16.68
40.56590353112913
-28.440002
-24.42
-17.220001
41.25164976577831
-28.440002
-24.42
-17.220001
41.25164976577831
-28.440002
-24.42
-17.220001
41.25164976577831
-28.440002
-24.42
-17.220001
41.25164976577831
-28.62
-24.960001
-18.300001
42.1544314841275
-28.62
-24.960001
-18.300001
42.1544314841275
-28.62
-24.960001
-18.300001
42.1544314841275
-28.62
-24.960001
-18.300001
42.1544314841275
-28.260002
-24.6
-18.300001
41.69745623470708
-28.260002
-24.6
-18.300001
41.69745623470708
-28.260002
-24.6
-18.300001
41.69745623470708
-28.260002
-24.6
-18.300001
41.69745623470708
-27.54
-24.6
-18.660002
41.373993921869264
-27.54
-24.6
-18.660002
41.373993921869264
-27.54
-24.6
-18.660002
41.373993921869264
-27.54
-24.6
-18.660002
41.373993921869264
-27.36
-24.6
-18.480001
41.17329516051636
-27.36
-24.6
-18.480001
41.17329516051636
-27.36
-24.6
-18.480001
41.17329516051636
-27.36
-24.6
-18.480001
41.17329516051636
-27.720001
-24.6
-17.76
41.09715408904551
-27.720001
-24.6
-17.76
41.09715408904551
-27.720001
-24.6
-17.76
41.09715408904551
-27.720001
-24.6
-17.76
41.09715408904551
-28.440002
-24.960001
-17.640001
41.74931289198811
-28.440002
-24.960001
-17.640001
41.74931289198811
-28.440002
-24.960001
-17.640001
41.74931289198811
-28.440002
-24.960001
-17.640001
41.74931289198811
-28.980001
-25.320002
-17.94
42.459233377717
-28.980001
-25.320002
-17.94
42.459233377717
-28.980001
-25.320002
-17.94
42.459233377717
-28.980001
-25.320002
-17.94
42.459233377717
-28.800001
-25.140003
-18.12
42.30596070914166
-28.800001
-25.140003
-18.12
42.30596070914166
-28.800001
-25.140003
-18.12
42.30596070914166
-28.800001
-25.140003
-18.12
42.30596070914166
-29.160002
-25.680002
-18.12
42.87310092824083
-29.160002
-25.680002
-18.12
42.87310092824083
-29.160002
-25.680002
-18.12
42.87310092824083
-29.160002
-25.680002
-18.12
42.87310092824083
-29.160002
-25.860003
-18.660002
43.211585123288266
-29.160002
-25.860003
-18.660002
43.211585123288266
-29.160002
-25.860003
-18.660002
43.211585123288266
-29.160002
-25.860003
-18.660002
43.211585123288266
-29.160002
-26.040003
-17.76
42.93955115870376
-29.160002
-26.040003
-17.76
42.93955115870376
-29.160002
-26.040003
-17.76
42.93955115870376
-29.160002
-26.040003
-17.76
42.93955115870376
-29.340002
-26.22
-17.460001
43.04852537671151
-29.340002
-26.22
-17.460001
43.04852537671151
-29.340002
-26.22
-17.460001
43.04852537671151
-29.340002
-26.22
-17.460001
43.04852537671151
-28.260002
-25.860003
-17.1
41.9497016177745
-28.260002
-25.860003
-17.1
41.9497016177745
-28.260002
-25.860003
-17.1
41.9497016177745
-28.260002
-25.860003
-17.1
41.9497016177745
-27.900002
-26.22
-16.92
41.85910670873334
-27.900002
-26.22
-16.92
41.85910670873334
-27.900002
-26.22
-16.92
41.85910670873334
-27.900002
-26.22
-16.92
41.85910670873334
-28.080002
-26.4
-16.92
42.091957784786516
-28.080002
-26.4
-16.92
42.091957784786516
-28.080002
-26.4
-16.92
42.091957784786516
-28.080002
-26.4
-16.92
42.091957784786516
-27.720001
-27.12
-16.92
42.31050932355637
-27.720001
-27.12
-16.92
42.31050932355637
-27.720001
-27.12
-16.92
42.31050932355637
-27.720001
-27.12
-16.92
42.31050932355637
-28.080002
-27.12
-17.28
42.69167771010089
-28.080002
-27.12
-17.28
42.69167771010089
-28.080002
-27.12
-17.28
42.69167771010089
-28.080002
-27.12
-17.28
42.69167771010089
-28.080002
-26.76
-16.92
42.318677713256086
-28.080002
-26.76
-16.92
42.318677713256086
-28.080002
-26.76
-16.92
42.318677713256086
-28.080002
-26.76
-16.92
42.318677713256086
-28.080002
-26.4
-17.28
42.23795593864599
-28.080002
-26.4
-17.28
42.23795593864599
-28.080002
-26.4
-17.28
42.23795593864599
-28.080002
-26.4
-17.28
42.23795593864599
-28.800001
-25.860003
-17.1
42.31536179391593
-28.800001
-25.860003
-17.1
42.31536179391593
-28.800001
-25.860003
-17.1
42.31536179391593
-28.800001
-25.860003
-17.1
42.31536179391593
-29.160002
-25.680002
-16.56
42.23744728466672
-29.160002
-25.680002
-16.56
42.23744728466672
-29.160002
-25.680002
-16.56
42.23744728466672
-29.160002
-25.680002
-16.56
42.23744728466672
-29.160002
-25.500002
-16.74
42.19932993858581
-29.160002
-25.500002
-16.74
42.19932993858581
-29.160002
-25.500002
-16.74
42.19932993858581
-29.160002
-25.500002
-16.74
42.19932993858581
-29.160002
-25.500002
-16.56
42.128251219119576
-29.160002
-25.500002
-16.56
42.128251219119576
-29.160002
-25.500002
-16.56
42.128251219119576
-29.160002
-25.500002
-16.56
42.128251219119576
-28.980001
-25.500002
-16.020002
41.79391198609628
-28.980001
-25.500002
-16.020002
41.79391198609628
-28.980001
-25.500002
-16.020002
41.79391198609628
-28.980001
-25.500002
-16.020002
41.79391198609628
-28.440002
-25.500002
-15.480001
41.21546257739624
-28.440002
-25.500002
-15.480001
41.21546257739624
-28.440002
-25.500002
-15.480001
41.21546257739624
-28.440002
-25.500002
-15.480001
41.21546257739624
-28.800001
-26.22
-14.580001
41.58731636944731
-28.800001
-26.22
-14.580001
41.58731636944731
-28.800001
-26.22
-14.580001
41.58731636944731
-28.800001
-26.22
-14.580001
41.58731636944731
-28.980001
-26.76
-13.92
41.82946743269779
-28.980001
-26.76
-13.92
41.82946743269779
-28.980001
-26.76
-13.92
41.82946743269779
-28.980001
-26.76
-13.92
41.82946743269779
-28.62
-27.3
-13.74
41.8710163100436
-28.62
-27.3
-13.74
41.8710163100436
-28.62
-27.3
-13.74
41.8710163100436
-28.62
-27.3
-13.74
41.8710163100436
-28.980001
-27.66
-13.92
42.41087564583965
-28.980001
-27.66
-13.92
42.41087564583965
-28.980001
-27.66
-13.92
42.41087564583965
-28.980001
-27.66
-13.92
42.41087564583965
-28.62
-27.48
-13.74
41.98859941065849
-28.62
-27.48
-13.74
41.98859941065849
-28.62
-27.48
-13.74
41.98859941065849
-28.62
-27.48
-13.74
41.98859941065849
-28.260002
-26.94
-13.56
41.33116275461455
-28.260002
-26.94
-13.56
41.33116275461455
-28.260002
-26.94
-13.56
41.33116275461455
-28.260002
-26.94
-13.56
41.33116275461455
-28.62
-26.4
-14.1
41.41104335462643
-28.62
-26.4
-14.1
41.41104335462643
-28.62
-26.4
-14.1
41.41104335462643
-28.62
-26.4
-14.1
41.41104335462643
-28.440002
-26.4
-13.74
41.16529240547339
-28.440002
-26.4
-13.74
41.16529240547339
-28.440002
-26.4
-13.74
41.16529240547339
-28.440002
-26.4
-13.74
41.16529240547339
-28.800001
-25.860003
-14.1
41.19453687279495
-28.800001
-25.860003
-14.1
41.19453687279495
-28.800001
-25.860003
-14.1
41.19453687279495
-28.800001
-25.860003
-14.1
41.19453687279495
-28.62
-26.040003
-14.1
41.18247461991948
-28.62
-26.040003
-14.1
41.18247461991948
-28.62
-26.040003
-14.1
41.18247461991948
-28.62
-26.040003
-14.1
41.18247461991948
-28.800001
-25.500002
-13.74
40.84700458054574
-28.800001
-25.500002
-13.74
40.84700458054574
-28.800001
-25.500002
-13.74
40.84700458054574
-28.800001
-25.500002
-13.74
40.84700458054574
-29.160002
-24.78
-14.280001
40.84449418315919
-29.160002
-24.78
-14.280001
40.84449418315919
-29.160002
-24.78
-14.280001
40.84449418315919
-29.160002
-24.78
-14.280001
40.84449418315919
-29.340002
-24.42
-13.74
40.57042909308299
-29.340002
-24.42
-13.74
40.57042909308299
-29.340002
-24.42
-13.74
40.57042909308299
-29.340002
-24.42
-13.74
40.57042909308299
-30.060001
-23.880001
-13.74
40.775553361703444
-30.060001
-23.880001
-13.74
40.775553361703444
-30.060001
-23.880001
-13.74
40.775553361703444
-30.060001
-23.880001
-13.74
40.775553361703444
-30.060001
-23.700003
-13.74
40.67039981237506
-30.060001
-23.700003
-13.74
40.67039981237506
-30.060001
-23.700003
-13.74
40.67039981237506
-30.060001
-23.700003
-13.74
40.67039981237506
-29.880003
-23.520002
-13.74
40.43257009651223
-29.880003
-23.520002
-13.74
40.43257009651223
-29.880003
-23.520002
-13.74
40.43257009651223
-29.880003
-23.520002
-13.74
40.43257009651223
-29.520002
-23.340002
-14.46
40.31473467643375
-29.520002
-23.340002
-14.46
40.31473467643375
-29.520002
-23.340002
-14.46
40.31473467643375
-29.520002
-23.340002
-14.46
40.31473467643375
-29.520002
-22.800001
-14.580001
40.04805767859566
-29.520002
-22.800001
-14.580001
40.04805767859566
-29.520002
-22.800001
-14.580001
40.04805767859566
-29.520002
-22.800001
-14.580001
40.04805767859566
-29.520002
-23.160002
-14.580001
40.254100140544686
-29.520002
-23.160002
-14.580001
40.254100140544686
-29.520002
-23.160002
-14.580001
40.254100140544686
-29.520002
-23.160002
-14.580001
40.254100140544686
-29.700003
-23.160002
-14.580001
40.38628784740868
-29.700003
-23.160002
-14.580001
40.38628784740868
-29.700003
-23.160002
-14.580001
40.38628784740868
-29.700003
-23.160002
-14.580001
40.38628784740868
-30.240002
-23.520002
-14.400001
40.926863778097356
-30.240002
-23.520002
-14.400001
40.926863778097356
-30.240002
-23.520002
-14.400001
40.926863778097356
-30.240002
-23.520002
-14.400001
40.926863778097356
-30.780003
-24.24
-14.9400015
41.93077267670636
-30.780003
-24.24
-14.9400015
41.93077267670636
-30.780003
-24.24
-14.9400015
41.93077267670636
-30.780003
-24.24
-14.9400015
41.93077267670636
-30.780003
-23.700003
-15.300001
41.75151159782272
-30.780003
-23.700003
-15.300001
41.75151159782272
-30.780003
-23.700003
-15.300001
41.75151159782272
-30.780003
-23.700003
-15.300001
41.75151159782272
-31.140003
-23.340002
-15.120001
41.750089177019284
-31.140003
-23.340002
-15.120001
41.750089177019284
-31.140003
-23.340002
-15.120001
41.750089177019284
-31.140003
-23.340002
-15.120001
41.750089177019284
-31.140003
-23.340002
-15.660002
41.9486729481324
-31.140003
-23.340002
-15.660002
41.9486729481324
-31.140003
-23.340002
-15.660002
41.9486729481324
-31.140003
-23.340002
-15.660002
41.9486729481324
-30.600002
-22.980001
-15.660002
41.3482317582173
-30.600002
-22.980001
-15.660002
41.3482317582173
-30.600002
-22.980001
-15.660002
41.3482317582173
-30.600002
-22.980001
-15.660002
41.3482317582173
-31.140003
-22.980001
-15.480001
41.682259614871676
-31.140003
-22.980001
-15.480001
41.682259614871676
-31.140003
-22.980001
-15.480001
41.682259614871676
-31.140003
-22.980001
-15.480001
41.682259614871676
-30.960003
-23.340002
-15.480001
41.748149168368826
-30.960003
-23.340002
-15.480001
41.748149168368826
-30.960003
-23.340002
-15.480001
41.748149168368826
-30.960003
-23.340002
-15.480001
41.748149168368826
-30.960003
-23.160002
-15.300001
41.58121641551327
-30.960003
-23.160002
-15.300001
41.58121641551327
-30.960003
-23.160002
-15.300001
41.58121641551327
-30.960003
-23.160002
-15.300001
41.58121641551327
-31.320004
-23.340002
-15.300001
41.94983110905365
-31.320004
-23.340002
-15.300001
41.94983110905365
-31.320004
-23.340002
-15.300001
41.94983110905365
-31.320004
-23.340002
-15.300001
41.94983110905365
-30.420002
-23.340002
-15.120001
41.21585352787505
-30.420002
-23.340002
-15.120001
41.21585352787505
-30.420002
-23.340002
-15.120001
41.21585352787505
-30.420002
-23.340002
-15.120001
41.21585352787505
-30.420002
-23.700003
-15.120001
41.420780174610876
-30.420002
-23.700003
-15.120001
41.420780174610876
-30.420002
-23.700003
-15.120001
41.420780174610876
-30.420002
-23.700003
-15.120001
41.420780174610876
-29.880003
-23.700003
-14.280001
40.72374118009205
-29.880003
-23.700003
-14.280001
40.72374118009205
-29.880003
-23.700003
-14.280001
40.72374118009205
-29.880003
-23.700003
-14.280001
40.72374118009205
-29.340002
-24.060001
-13.56
40.29383349320495
-29.340002
-24.060001
-13.56
40.29383349320495
-29.340002
-24.060001
-13.56
40.29383349320495
-29.340002
-24.060001
-13.56
40.29383349320495
-29.160002
-25.140003
-14.1
41.00165238190865
-29.160002
-25.140003
-14.1
41.00165238190865
-29.160002
-25.140003
-14.1
41.00165238190865
-29.160002
-25.140003
-14.1
41.00165238190865
-28.62
-25.500002
-13.92
40.78137871148271
-28.62
-25.500002
-13.92
40.78137871148271
-28.62
-25.500002
-13.92
40.78137871148271
-28.62
-25.500002
-13.92
40.78137871148271
-28.62
-25.680002
-14.400001
41.0600399401025
-28.62
-25.680002
-14.400001
41.0600399401025
-28.62
-25.680002
-14.400001
41.0600399401025
-28.62
-25.680002
-14.400001
41.0600399401025
-28.260002
-25.500002
-14.760001
40.82567324249687
-28.260002
-25.500002
-14.760001
40.82567324249687
-28.260002
-25.500002
-14.760001
40.82567324249687
-28.260002
-25.500002
-14.760001
40.82567324249687
-27.720001
-24.78
-14.400001
39.87238248168305
-27.720001
-24.78
-14.400001
39.87238248168305
-27.720001
-24.78
-14.400001
39.87238248168305
-27.720001
-24.78
-14.400001
39.87238248168305
-26.820002
-24.6
-14.400001
39.138632060040756
-26.820002
-24.6
-14.400001
39.138632060040756
-26.820002
-24.6
-14.400001
39.138632060040756
-26.820002
-24.6
-14.400001
39.138632060040756
-26.460001
-24.6
-14.400001
38.8928236747917
-26.460001
-24.6
-14.400001
38.8928236747917
-26.460001
-24.6
-14.400001
38.8928236747917
-26.460001
-24.6
-14.400001
38.8928236747917
-26.640001
-24.6
-14.1
38.90578093341737
-26.640001
-24.6
-14.1
38.90578093341737
-26.640001
-24.6
-14.1
38.90578093341737
-26.640001
-24.6
-14.1
38.90578093341737
-26.640001
-24.6
-14.1
38.90578093341737
-26.640001
-24.6
-14.1
38.90578093341737
-26.640001
-24.6
-14.1
38.90578093341737
-26.640001
-24.6
-14.1
38.90578093341737
-27.000002
-24.24
-14.46
39.059815532758535
-27.000002
-24.24
-14.46
39.059815532758535
-27.000002
-24.24
-14.46
39.059815532758535
-27.000002
-24.24
-14.46
39.059815532758535
-27.36
-24.6
-14.1
39.402281595383215
-27.36
-24.6
-14.1
39.402281595383215
-27.36
-24.6
-14.1
39.402281595383215
-27.36
-24.6
-14.1
39.402281595383215
-26.820002
-24.42
-14.64
39.11493980086126
-26.820002
-24.42
-14.64
39.11493980086126
-26.820002
-24.42
-14.64
39.11493980086126
-26.820002
-24.42
-14.64
39.11493980086126
-26.820002
-24.24
-14.46
38.93560952974956
-26.820002
-24.24
-14.46
38.93560952974956
-26.820002
-24.24
-14.46
38.93560952974956
-26.820002
-24.24
-14.46
38.93560952974956
-26.460001
-24.78
-14.1
38.8971751464679
-26.460001
-24.78
-14.1
38.8971751464679
-26.460001
-24.78
-14.1
38.8971751464679
-26.460001
-24.78
-14.1
38.8971751464679
-25.680002
-24.24
-13.92
37.95795564153021
-25.680002
-24.24
-13.92
37.95795564153021
-25.680002
-24.24
-13.92
37.95795564153021
-25.680002
-24.24
-13.92
37.95795564153021
-25.680002
-24.960001
-13.38
38.22941963188331
-25.680002
-24.960001
-13.38
38.22941963188331
-25.680002
-24.960001
-13.38
38.22941963188331
-25.680002
-24.960001
-13.38
38.22941963188331
-25.680002
-25.320002
-13.2
38.403189081645614
-25.680002
-25.320002
-13.2
38.403189081645614
-25.680002
-25.320002
-13.2
38.403189081645614
-25.680002
-25.320002
-13.2
38.403189081645614
-25.860003
-25.140003
-13.020001
38.34422912547027
-25.860003
-25.140003
-13.020001
38.34422912547027
-25.860003
-25.140003
-13.020001
38.34422912547027
-25.860003
-25.140003
-13.020001
38.34422912547027
-25.860003
-25.140003
-13.2
38.405722382462095
-25.860003
-25.140003
-13.2
38.405722382462095
-25.860003
-25.140003
-13.2
38.405722382462095
-25.860003
-25.140003
-13.2
38.405722382462095
-25.140003
-24.42
-13.2
37.451250865708744
-25.140003
-24.42
-13.2
37.451250865708744
-25.140003
-24.42
-13.2
37.451250865708744
-25.140003
-24.42
-13.2
37.451250865708744
-24.960001
-23.880001
-13.020001
36.91580270369063
-24.960001
-23.880001
-13.020001
36.91580270369063
-24.960001
-23.880001
-13.020001
36.91580270369063
-24.960001
-23.880001
-13.020001
36.91580270369063
-25.140003
-24.060001
-12.4800005
36.96828111494704
-25.140003
-24.060001
-12.4800005
36.96828111494704
-25.140003
-24.060001
-12.4800005
36.96828111494704
-25.140003
-24.060001
-12.4800005
36.96828111494704
-25.140003
-24.24
-12.4800005
37.08568158090549
-25.140003
-24.24
-12.4800005
37.08568158090549
-25.140003
-24.24
-12.4800005
37.08568158090549
-25.140003
-24.24
-12.4800005
37.08568158090549
-25.500002
-24.24
-12.840001
37.45254647289938
-25.500002
-24.24
-12.840001
37.45254647289938
-25.500002
-24.24
-12.840001
37.45254647289938
-25.500002
-24.24
-12.840001
37.45254647289938
-25.320002
-24.6
-12.840001
37.5649843838356
-25.320002
-24.6
-12.840001
37.5649843838356
-25.320002
-24.6
-12.840001
37.5649843838356
-25.320002
-24.6
-12.840001
37.5649843838356
-24.960001
-24.060001
-13.38
37.16059294425683
-24.960001
-24.060001
-13.38
37.16059294425683
-24.960001
-24.060001
-13.38
37.16059294425683
-24.960001
-24.060001
-13.38
37.16059294425683
-24.960001
-23.700003
-13.38
36.9285280849838
-24.960001
-23.700003
-13.38
36.9285280849838
-24.960001
-23.700003
-13.38
36.9285280849838
-24.960001
-23.700003
-13.38
36.9285280849838
-25.140003
-23.340002
-12.840001
36.628417809276684
-25.140003
-23.340002
-12.840001
36.628417809276684
-25.140003
-23.340002
-12.840001
36.628417809276684
-25.140003
-23.340002
-12.840001
36.628417809276684
-25.680002
-22.980001
-12.840001
36.77510801256656
-25.680002
-22.980001
-12.840001
36.77510801256656
-25.680002
-22.980001
-12.840001
36.77510801256656
-25.680002
-22.980001
-12.840001
36.77510801256656
-26.040003
-23.700003
-12.3
37.29694209514283
-26.040003
-23.700003
-12.3
37.29694209514283
-26.040003
-23.700003
-12.3
37.29694209514283
-26.040003
-23.700003
-12.3
37.29694209514283
-25.860003
-24.060001
-12.3
37.40205144304838
-25.860003
-24.060001
-12.3
37.40205144304838
-25.860003
-24.060001
-12.3
37.40205144304838
-25.860003
-24.060001
-12.3
37.40205144304838
-25.680002
-24.060001
-12.12
37.218820515781225
-25.680002
-24.060001
-12.12
37.218820515781225
-25.680002
-24.060001
-12.12
37.218820515781225
-25.680002
-24.060001
-12.12
37.218820515781225
-24.960001
-24.24
-11.760001
36.727058567964406
-24.960001
-24.24
-11.760001
36.727058567964406
-24.960001
-24.24
-11.760001
36.727058567964406
-24.960001
-24.24
-11.760001
36.727058567964406
-24.060001
-23.160002
-12.4800005
35.65136257312352
-24.060001
-23.160002
-12.4800005
35.65136257312352
-24.060001
-23.160002
-12.4800005
35.65136257312352
-24.060001
-23.160002
-12.4800005
35.65136257312352
-23.880001
-22.800001
-12.840001
35.425415777486826
-23.880001
-22.800001
-12.840001
35.425415777486826
-23.880001
-22.800001
-12.840001
35.425415777486826
-23.880001
-22.800001
-12.840001
35.425415777486826
-23.700003
-23.160002
-13.2
35.669535964159074
-23.700003
-23.160002
-13.2
35.669535964159074
-23.700003
-23.160002
-13.2
35.669535964159074
-23.700003
-23.160002
-13.2
35.669535964159074
-23.700003
-23.160002
-13.74
35.87287838075323
-23.700003
-23.160002
-13.74
35.87287838075323
-23.700003
-23.160002
-13.74
35.87287838075323
-23.700003
-23.160002
-13.74
35.87287838075323
-23.700003
-23.700003
-13.2
36.02249629409118
-23.700003
-23.700003
-13.2
36.02249629409118
-23.700003
-23.700003
-13.2
36.02249629409118
-23.700003
-23.700003
-13.2
36.02249629409118
-23.520002
-24.060001
-13.2
36.14296901175075
-23.520002
-24.060001
-13.2
36.14296901175075
-23.520002
-24.060001
-13.2
36.14296901175075
-23.520002
-24.060001
-13.2
36.14296901175075
-22.980001
-23.520002
-13.2
35.4331904621659
-22.980001
-23.520002
-13.2
35.4331904621659
-22.980001
-23.520002
-13.2
35.4331904621659
-22.980001
-23.520002
-13.2
35.4331904621659
-23.520002
-23.160002
-12.840001
35.41809950379802
-23.520002
-23.160002
-12.840001
35.41809950379802
-23.520002
-23.160002
-12.840001
35.41809950379802
-23.520002
-23.160002
-12.840001
35.41809950379802
-23.880001
-22.44
-12.840001
35.19479657640725
-23.880001
-22.44
-12.840001
35.19479657640725
-23.880001
-22.44
-12.840001
35.19479657640725
-23.880001
-22.44
-12.840001
35.19479657640725
-24.060001
-22.44
-12.3
35.124454371874236
-24.060001
-22.44
-12.3
35.124454371874236
-24.060001
-22.44
-12.3
35.124454371874236
-24.060001
-22.44
-12.3
35.124454371874236
-24.78
-22.800001
-12.4800005
35.91154123600535
-24.78
-22.800001
-12.4800005
35.91154123600535
-24.78
-22.800001
-12.4800005
35.91154123600535
-24.78
-22.800001
-12.4800005
35.91154123600535
-24.6
-23.160002
-12.660001
36.08076064972162
-24.6
-23.160002
-12.660001
36.08076064972162
-24.6
-23.160002
-12.660001
36.08076064972162
-24.6
-23.160002
-12.660001
36.08076064972162
-24.960001
-24.060001
-12.4800005
36.846107258666926
-24.960001
-24.060001
-12.4800005
36.846107258666926
-24.960001
-24.060001
-12.4800005
36.846107258666926
-24.960001
-24.060001
-12.4800005
36.846107258666926
-24.78
-23.700003
-12.3
36.428403265214975
-24.78
-23.700003
-12.3
36.428403265214975
-24.78
-23.700003
-12.3
36.428403265214975
-24.78
-23.700003
-12.3
36.428403265214975
-24.42
-23.520002
-11.940001
35.94565973941169
-24.42
-23.520002
-11.940001
35.94565973941169
-24.42
-23.520002
-11.940001
35.94565973941169
-24.42
-23.520002
-11.940001
35.94565973941169
-24.42
-23.700003
-11.940001
36.06369656539575
-24.42
-23.700003
-11.940001
36.06369656539575
-24.42
-23.700003
-11.940001
36.06369656539575
-24.42
-23.700003
-11.940001
36.06369656539575
-23.700003
-23.160002
-12.660001
35.47324964574979
-23.700003
-23.160002
-12.660001
35.47324964574979
-23.700003
-23.160002
-12.660001
35.47324964574979
-23.700003
-23.160002
-12.660001
35.47324964574979
-23.520002
-23.160002
-13.56
35.68542880646893
-23.520002
-23.160002
-13.56
35.68542880646893
-23.520002
-23.160002
-13.56
35.68542880646893
-23.520002
-23.160002
-13.56
35.68542880646893
-23.700003
-23.160002
-13.38
35.736539000392334
-23.700003
-23.160002
-13.38
35.736539000392334
-23.700003
-23.160002
-13.38
35.736539000392334
-23.700003
-23.160002
-13.38
35.736539000392334
-23.340002
-22.62
-14.400001
35.5496856718479
-23.340002
-22.62
-14.400001
35.5496856718479
-23.340002
-22.62
-14.400001
35.5496856718479
-23.340002
-22.62
-14.400001
35.5496856718479
-23.520002
-22.800001
-14.580001
35.85536129498279
-23.520002
-22.800001
-14.580001
35.85536129498279
-23.520002
-22.800001
-14.580001
35.85536129498279
-23.520002
-22.800001
-14.580001
35.85536129498279
-23.700003
-22.980001
-14.400001
36.015697871401336
-23.700003
-22.980001
-14.400001
36.015697871401336
-23.700003
-22.980001
-14.400001
36.015697871401336
-23.700003
-22.980001
-14.400001
36.015697871401336
-24.060001
-22.080002
-15.300001
36.06244922548419
-24.060001
-22.080002
-15.300001
36.06244922548419
-24.060001
-22.080002
-15.300001
36.06244922548419
-24.060001
-22.080002
-15.300001
36.06244922548419
-24.42
-22.080002
-15.120001
36.22812850426965
-24.42
-22.080002
-15.120001
36.22812850426965
-24.42
-22.080002
-15.120001
36.22812850426965
-24.42
-22.080002
-15.120001
36.22812850426965
-24.78
-21.720001
-14.9400015
36.180250110341625
-24.78
-21.720001
-14.9400015
36.180250110341625
-24.78
-21.720001
-14.9400015
36.180250110341625
-24.78
-21.720001
-14.9400015
36.180250110341625
-25.140003
-21.720001
-14.9400015
36.427761549722455
-25.140003
-21.720001
-14.9400015
36.427761549722455
-25.140003
-21.720001
-14.9400015
36.427761549722455
-25.140003
-21.720001
-14.9400015
36.427761549722455
-24.78
-23.160002
-14.580001
36.91897206108094
-24.78
-23.160002
-14.580001
36.91897206108094
-24.78
-23.160002
-14.580001
36.91897206108094
-24.78
-23.160002
-14.580001
36.91897206108094
-24.060001
-23.880001
-13.74
36.577667794024265
-24.060001
-23.880001
-13.74
36.577667794024265
-24.060001
-23.880001
-13.74
36.577667794024265
-24.060001
-23.880001
-13.74
36.577667794024265
-24.060001
-24.6
-13.56
36.98536681443672
-24.060001
-24.6
-13.56
36.98536681443672
-24.060001
-24.6
-13.56
36.98536681443672
-24.060001
-24.6
-13.56
36.98536681443672
-23.700003
-24.42
-13.38
36.56570832611649
-23.700003
-24.42
-13.38
36.56570832611649
-23.700003
-24.42
-13.38
36.56570832611649
-23.700003
-24.42
-13.38
36.56570832611649
-23.880001
-23.880001
-13.2
36.2594663690351
-23.880001
-23.880001
-13.2
36.2594663690351
-23.880001
-23.880001
-13.2
36.2594663690351
-23.880001
-23.880001
-13.2
36.2594663690351
-24.78
-23.700003
-13.38
36.80710446983198
-24.78
-23.700003
-13.38
36.80710446983198
-24.78
-23.700003
-13.38
36.80710446983198
-24.78
-23.700003
-13.38
36.80710446983198
