-30.84
-20.28
-10.440001
38.35854123330129
-31.440002
-20.28
-10.62
38.89134378102343
-31.440002
-20.28
-10.62
38.89134378102343
-31.440002
-20.28
-10.62
38.89134378102343
-31.440002
-20.28
-10.62
38.89134378102343
-31.980001
-20.460001
-10.62
39.422285285716725
-31.980001
-20.460001
-10.62
39.422285285716725
-31.980001
-20.460001
-10.62
39.422285285716725
-31.980001
-20.460001
-10.62
39.422285285716725
-32.52
-20.820002
-10.8
40.09567263268179
-32.52
-20.820002
-10.8
40.09567263268179
-32.52
-20.820002
-10.8
40.09567263268179
-32.52
-20.820002
-10.8
40.09567263268179
-32.7
-21.54
-11.34
40.76588401843737
-32.7
-21.54
-11.34
40.76588401843737
-32.7
-21.54
-11.34
40.76588401843737
-32.7
-21.54
-11.34
40.76588401843737
-32.52
-21.36
-11.52
40.577216489637074
-32.52
-21.36
-11.52
40.577216489637074
-32.52
-21.36
-11.52
40.577216489637074
-32.52
-21.36
-11.52
40.577216489637074
-32.280003
-21.36
-12.0
40.52466124405375
-32.280003
-21.36
-12.0
40.52466124405375
-32.280003
-21.36
-12.0
40.52466124405375
-32.280003
-21.36
-12.0
40.52466124405375
-32.100002
-20.820002
-12.18
40.15264605666185
-32.100002
-20.820002
-12.18
40.15264605666185
-32.100002
-20.820002
-12.18
40.15264605666185
-32.100002
-20.820002
-12.18
40.15264605666185
-32.280003
-20.1
-12.0
39.87491122149208
-32.280003
-20.1
-12.0
39.87491122149208
-32.280003
-20.1
-12.0
39.87491122149208
-32.280003
-20.1
-12.0
39.87491122149208
-32.100002
-19.92
-12.360001
39.7490403161471
-32.100002
-19.92
-12.360001
39.7490403161471
-32.100002
-19.92
-12.360001
39.7490403161471
-32.100002
-19.92
-12.360001
39.7490403161471
-31.740002
-19.56
-12.360001
39.27837692108328
-31.740002
-19.56
-12.360001
39.27837692108328
-31.740002
-19.56
-12.360001
39.27837692108328
-31.740002
-19.56
-12.360001
39.27837692108328
-31.740002
-19.74
-12.0
39.25678714456982
-31.740002
-19.74
-12.0
39.25678714456982
-31.740002
-19.74
-12.0
39.25678714456982
-31.740002
-19.74
-12.0
39.25678714456982
-31.560001
-20.1
-11.64
39.18588170751441
-31.560001
-20.1
-11.64
39.18588170751441
-31.560001
-20.1
-11.64
39.18588170751441
-31.560001
-20.1
-11.64
39.18588170751441
-31.560001
-20.1
-11.160001
39.045990261085066
-31.560001
-20.1
-11.160001
39.045990261085066
-31.560001
-20.1
-11.160001
39.045990261085066
-31.560001
-20.1
-11.160001
39.045990261085066
-31.92
-20.460001
-11.34
39.57390084297589
-31.92
-20.460001
-11.34
39.57390084297589
-31.92
-20.460001
-11.34
39.57390084297589
-31.92
-20.460001
-11.34
39.57390084297589
-32.340004
-21.0
-11.820001
40.330983831738315
-32.340004
-21.0
-11.820001
40.330983831738315
-32.340004
-21.0
-11.820001
40.330983831738315
-32.340004
-21.0
-11.820001
40.330983831738315
-33.06
-22.260002
-12.18
41.675218686157635
-33.06
-22.260002
-12.18
41.675218686157635
-33.06
-22.260002
-12.18
41.675218686157635
-33.06
-22.260002
-12.18
41.675218686157635
-33.600002
-23.340002
-13.080001
42.95116117282221
-33.600002
-23.340002
-13.080001
42.95116117282221
-33.600002
-23.340002
-13.080001
42.95116117282221
-33.600002
-23.340002
-13.080001
42.95116117282221
-34.500004
-24.6
-13.260001
44.398625148072576
-34.500004
-24.6
-13.260001
44.398625148072576
-34.500004
-24.6
-13.260001
44.398625148072576
-34.500004
-24.6
-13.260001
44.398625148072576
-34.860004
-24.960001
-13.080001
44.82530380631151
-34.860004
-24.960001
-13.080001
44.82530380631151
-34.860004
-24.960001
-13.080001
44.82530380631151
-34.860004
-24.960001
-13.080001
44.82530380631151
-34.140003
-23.880001
-13.980001
43.94581458046517
-34.140003
-23.880001
-13.980001
43.94581458046517
-34.140003
-23.880001
-13.980001
43.94581458046517
-34.140003
-23.880001
-13.980001
43.94581458046517
-33.960003
-22.62
-13.800001
43.07419448427039
-33.960003
-22.62
-13.800001
43.07419448427039
-33.960003
-22.62
-13.800001
43.07419448427039
-33.960003
-22.62
-13.800001
43.07419448427039
-33.600002
-21.36
-13.980001
42.19775193721447
-33.600002
-21.36
-13.980001
42.19775193721447
-33.600002
-21.36
-13.980001
42.19775193721447
-33.600002
-21.36
-13.980001
42.19775193721447
-33.24
-19.92
-13.980001
41.19641405814346
-33.24
-19.92
-13.980001
41.19641405814346
-33.24
-19.92
-13.980001
41.19641405814346
-33.24
-19.92
-13.980001
41.19641405814346
-34.140003
-20.1
-13.980001
42.011786850537554
-34.140003
-20.1
-13.980001
42.011786850537554
-34.140003
-20.1
-13.980001
42.011786850537554
-34.140003
-20.1
-13.980001
42.011786850537554
-34.680004
-20.640001
-13.800001
42.65152217389199
-34.680004
-20.640001
-13.800001
42.65152217389199
-34.680004
-20.640001
-13.800001
42.65152217389199
-34.680004
-20.640001
-13.800001
42.65152217389199
-34.860004
-21.54
-13.980001
43.297020197789735
-34.860004
-21.54
-13.980001
43.297020197789735
-34.860004
-21.54
-13.980001
43.297020197789735
-34.860004
-21.54
-13.980001
43.297020197789735
-35.040005
-22.62
-14.46
44.14247230647741
-35.040005
-22.62
-14.46
44.14247230647741
-35.040005
-22.62
-14.46
44.14247230647741
-35.040005
-22.62
-14.46
44.14247230647741
-34.320004
-23.340002
-13.92
43.77653213338169
-34.320004
-23.340002
-13.92
43.77653213338169
-34.320004
-23.340002
-13.92
43.77653213338169
-34.320004
-23.340002
-13.92
43.77653213338169
-33.420002
-24.24
-13.92
43.568801664902665
-33.420002
-24.24
-13.92
43.568801664902665
-33.420002
-24.24
-13.92
43.568801664902665
-33.420002
-24.24
-13.92
43.568801664902665
-32.7
-24.060001
-14.1
42.976549008132764
-32.7
-24.060001
-14.1
42.976549008132764
-32.7
-24.060001
-14.1
42.976549008132764
-32.7
-24.060001
-14.1
42.976549008132764
-31.560001
-24.060001
-13.74
41.9964874251965
-31.560001
-24.060001
-13.74
41.9964874251965
-31.560001
-24.060001
-13.74
41.9964874251965
-31.560001
-24.060001
-13.74
41.9964874251965
-30.84
-23.160002
-13.92
41.00314095724101
-30.84
-23.160002
-13.92
41.00314095724101
-30.84
-23.160002
-13.92
41.00314095724101
-30.84
-23.160002
-13.92
41.00314095724101
-30.66
-22.62
-14.280001
40.68929107520952
-30.66
-22.62
-14.280001
40.68929107520952
-30.66
-22.62
-14.280001
40.68929107520952
-30.66
-22.62
-14.280001
40.68929107520952
-29.58
-22.62
-14.280001
39.881816986840946
-29.58
-22.62
-14.280001
39.881816986840946
-29.58
-22.62
-14.280001
39.881816986840946
-29.58
-22.62
-14.280001
39.881816986840946
-29.58
-22.44
-14.46
39.84496934408722
-29.58
-22.44
-14.46
39.84496934408722
-29.58
-22.44
-14.46
39.84496934408722
-29.58
-22.44
-14.46
39.84496934408722
-29.76
-22.980001
-14.820001
40.4149784535194
-29.76
-22.980001
-14.820001
40.4149784535194
-29.76
-22.980001
-14.820001
40.4149784535194
-29.76
-22.980001
-14.820001
40.4149784535194
-29.58
-22.980001
-15.18
40.41644786238024
-29.58
-22.980001
-15.18
40.41644786238024
-29.58
-22.980001
-15.18
40.41644786238024
-29.58
-22.980001
-15.18
40.41644786238024
-29.4
-22.44
-15.18
39.97931899452047
-29.4
-22.44
-15.18
39.97931899452047
-29.4
-22.44
-15.18
39.97931899452047
-29.4
-22.44
-15.18
39.97931899452047
-29.22
-23.160002
-15.18
40.2570051648623
-29.22
-23.160002
-15.18
40.2570051648623
-29.22
-23.160002
-15.18
40.2570051648623
-29.22
-23.160002
-15.18
40.2570051648623
-28.860003
-23.340002
-15.540001
40.23862538228971
-28.860003
-23.340002
-15.540001
40.23862538228971
-28.860003
-23.340002
-15.540001
40.23862538228971
-28.860003
-23.340002
-15.540001
40.23862538228971
-28.860003
-23.520002
-15.360001
40.274306640718535
-28.860003
-23.520002
-15.360001
40.274306640718535
-28.860003
-23.520002
-15.360001
40.274306640718535
-28.860003
-23.520002
-15.360001
40.274306640718535
-29.22
-24.42
-15.360001
41.061835575389374
-29.22
-24.42
-15.360001
41.061835575389374
-29.22
-24.42
-15.360001
41.061835575389374
-29.22
-24.42
-15.360001
41.061835575389374
-30.12
-24.960001
-14.820001
41.83119064456793
-30.12
-24.960001
-14.820001
41.83119064456793
-30.12
-24.960001
-14.820001
41.83119064456793
-30.12
-24.960001
-14.820001
41.83119064456793
-30.300001
-25.680002
-14.160002
42.167027729483884
-30.300001
-25.680002
-14.160002
42.167027729483884
-30.300001
-25.680002
-14.160002
42.167027729483884
-30.300001
-25.680002
-14.160002
42.167027729483884
-29.94
-26.58
-13.800001
42.34784631938943
-29.94
-26.58
-13.800001
42.34784631938943
-29.94
-26.58
-13.800001
42.34784631938943
-29.94
-26.58
-13.800001
42.34784631938943
-29.94
-26.94
-13.800001
42.57472606846329
-29.94
-26.94
-13.800001
42.57472606846329
-29.94
-26.94
-13.800001
42.57472606846329
-29.94
-26.94
-13.800001
42.57472606846329
-29.040003
-26.76
-14.1
41.93124720524659
-29.040003
-26.76
-14.1
41.93124720524659
-29.040003
-26.76
-14.1
41.93124720524659
-29.040003
-26.76
-14.1
41.93124720524659
-29.22
-27.12
-14.46
42.40747914117715
-29.22
-27.12
-14.46
42.40747914117715
-29.22
-27.12
-14.46
42.40747914117715
-29.22
-27.12
-14.46
42.40747914117715
-29.76
-26.76
-14.64
42.61554548280328
-29.76
-26.76
-14.64
42.61554548280328
-29.76
-26.76
-14.64
42.61554548280328
-29.76
-26.76
-14.64
42.61554548280328
-29.58
-26.94
-14.820001
42.66582281549762
-29.58
-26.94
-14.820001
42.66582281549762
-29.58
-26.94
-14.820001
42.66582281549762
-29.58
-26.94
-14.820001
42.66582281549762
-29.4
-27.12
-14.820001
42.65544441775941
-29.4
-27.12
-14.820001
42.65544441775941
-29.4
-27.12
-14.820001
42.65544441775941
-29.4
-27.12
-14.820001
42.65544441775941
-29.22
-26.94
-14.46
42.29259479174516
-29.22
-26.94
-14.46
42.29259479174516
-29.22
-26.94
-14.46
42.29259479174516
-29.22
-26.94
-14.46
42.29259479174516
-28.680002
-27.12
-14.1
41.91475928474882
-28.680002
-27.12
-14.1
41.91475928474882
-28.680002
-27.12
-14.1
41.91475928474882
-28.680002
-27.12
-14.1
41.91475928474882
-28.860003
-27.3
-13.92
42.09460838026053
-28.860003
-27.3
-13.92
42.09460838026053
-28.860003
-27.3
-13.92
42.09460838026053
-28.860003
-27.3
-13.92
42.09460838026053
-29.22
-27.3
-13.620001
42.24455921421272
-29.22
-27.3
-13.620001
42.24455921421272
-29.22
-27.3
-13.620001
42.24455921421272
-29.22
-27.3
-13.620001
42.24455921421272
-28.680002
-27.12
-13.980001
41.874543782496154
-28.680002
-27.12
-13.980001
41.874543782496154
-28.680002
-27.12
-13.980001
41.874543782496154
-28.680002
-27.12
-13.980001
41.874543782496154
-28.680002
-27.3
-14.160002
42.05161274868807
-28.680002
-27.3
-14.160002
42.05161274868807
-28.680002
-27.3
-14.160002
42.05161274868807
-28.680002
-27.3
-14.160002
42.05161274868807
-28.500002
-27.3
-13.620001
41.74978363529265
-28.500002
-27.3
-13.620001
41.74978363529265
-28.500002
-27.3
-13.620001
41.74978363529265
-28.500002
-27.3
-13.620001
41.74978363529265
-27.960003
-27.66
-13.92
41.720543617810456
-27.960003
-27.66
-13.92
41.720543617810456
-27.960003
-27.66
-13.92
41.720543617810456
-27.960003
-27.66
-13.92
41.720543617810456
-27.780003
-28.2
-13.38
41.785080111468915
-27.780003
-28.2
-13.38
41.785080111468915
-27.780003
-28.2
-13.38
41.785080111468915
-27.780003
-28.2
-13.38
41.785080111468915
-27.060001
-28.560001
-13.38
41.55648893326934
-27.060001
-28.560001
-13.38
41.55648893326934
-27.060001
-28.560001
-13.38
41.55648893326934
-27.060001
-28.560001
-13.38
41.55648893326934
-27.060001
-28.92
-13.74
41.92132756817376
-27.060001
-28.92
-13.74
41.92132756817376
-27.060001
-28.92
-13.74
41.92132756817376
-27.060001
-28.92
-13.74
41.92132756817376
-26.880001
-28.740002
-13.74
41.681048624682234
-26.880001
-28.740002
-13.74
41.681048624682234
-26.880001
-28.740002
-13.74
41.681048624682234
-26.880001
-28.740002
-13.74
41.681048624682234
-27.240002
-28.380001
-13.92
41.72779045305119
-27.240002
-28.380001
-13.92
41.72779045305119
-27.240002
-28.380001
-13.92
41.72779045305119
-27.240002
-28.380001
-13.92
41.72779045305119
-27.960003
-27.84
-13.74
41.78055756251196
-27.960003
-27.84
-13.74
41.78055756251196
-27.960003
-27.84
-13.74
41.78055756251196
-27.960003
-27.84
-13.74
41.78055756251196
-27.420002
-27.84
-12.900001
41.15011729412581
-27.420002
-27.84
-12.900001
41.15011729412581
-27.420002
-27.84
-12.900001
41.15011729412581
-27.420002
-27.84
-12.900001
41.15011729412581
-27.600002
-28.2
-13.080001
41.57026184572182
-27.600002
-28.2
-13.080001
41.57026184572182
-27.600002
-28.2
-13.080001
41.57026184572182
-27.600002
-28.2
-13.080001
41.57026184572182
-27.420002
-28.02
-12.360001
41.10652724362945
-27.420002
-28.02
-12.360001
41.10652724362945
-27.420002
-28.02
-12.360001
41.10652724362945
-27.420002
-28.02
-12.360001
41.10652724362945
-27.240002
-28.02
-11.64
40.77533332318925
-27.240002
-28.02
-11.64
40.77533332318925
-27.240002
-28.02
-11.64
40.77533332318925
-27.240002
-28.02
-11.64
40.77533332318925
-27.960003
-27.48
-11.64
40.89500866118551
-27.960003
-27.48
-11.64
40.89500866118551
-27.960003
-27.48
-11.64
40.89500866118551
-27.960003
-27.48
-11.64
40.89500866118551
-28.320004
-27.66
-10.8
41.033378598156986
-28.320004
-27.66
-10.8
41.033378598156986
-28.320004
-27.66
-10.8
41.033378598156986
-28.320004
-27.66
-10.8
41.033378598156986
-28.140003
-27.66
-10.9800005
40.9572426750027
-28.140003
-27.66
-10.9800005
40.9572426750027
-28.140003
-27.66
-10.9800005
40.9572426750027
-28.140003
-27.66
-10.9800005
40.9572426750027
-27.960003
-28.2
-11.34
41.29887906601552
-27.960003
-28.2
-11.34
41.29887906601552
-27.960003
-28.2
-11.34
41.29887906601552
-27.960003
-28.2
-11.34
41.29887906601552
-27.420002
-28.560001
-10.62
40.9916417976351
-27.420002
-28.560001
-10.62
40.9916417976351
-27.420002
-28.560001
-10.62
40.9916417976351
-27.420002
-28.560001
-10.62
40.9916417976351
-27.060001
-28.380001
-10.8
40.67318656644387
-27.060001
-28.380001
-10.8
40.67318656644387
-27.060001
-28.380001
-10.8
40.67318656644387
-27.060001
-28.380001
-10.8
40.67318656644387
-27.240002
-28.740002
-10.8
41.04443184820796
-27.240002
-28.740002
-10.8
41.04443184820796
-27.240002
-28.740002
-10.8
41.04443184820796
-27.240002
-28.740002
-10.8
41.04443184820796
-27.060001
-28.560001
-10.62
40.75170894854058
-27.060001
-28.560001
-10.62
40.75170894854058
-27.060001
-28.560001
-10.62
40.75170894854058
-27.060001
-28.560001
-10.62
40.75170894854058
-27.600002
-28.02
-11.46
40.9659878216445
-27.600002
-28.02
-11.46
40.9659878216445
-27.600002
-28.02
-11.46
40.9659878216445
-27.600002
-28.02
-11.46
40.9659878216445
-27.420002
-27.66
-11.34
40.56510458461727
-27.420002
-27.66
-11.34
40.56510458461727
-27.420002
-27.66
-11.34
40.56510458461727
-27.420002
-27.66
-11.34
40.56510458461727
-27.780003
-27.66
-11.160001
40.75965813700248
-27.780003
-27.66
-11.160001
40.75965813700248
-27.780003
-27.66
-11.160001
40.75965813700248
-27.780003
-27.66
-11.160001
40.75965813700248
-28.500002
-27.3
-11.52
41.11265605967644
-28.500002
-27.3
-11.52
41.11265605967644
-28.500002
-27.3
-11.52
41.11265605967644
-28.500002
-27.3
-11.52
41.11265605967644
-28.500002
-27.3
-11.34
41.06258175172608
-28.500002
-27.3
-11.34
41.06258175172608
-28.500002
-27.3
-11.34
41.06258175172608
-28.500002
-27.3
-11.34
41.06258175172608
-28.860003
-26.76
-11.64
41.04250161084924
-28.860003
-26.76
-11.64
41.04250161084924
-28.860003
-26.76
-11.64
41.04250161084924
-28.860003
-26.76
-11.64
41.04250161084924
-29.040003
-26.040003
-11.34
40.6201815051067
-29.040003
-26.040003
-11.34
40.6201815051067
-29.040003
-26.040003
-11.34
40.6201815051067
-29.040003
-26.040003
-11.34
40.6201815051067
-28.680002
-25.860003
-10.9800005
40.14776022852567
-28.680002
-25.860003
-10.9800005
40.14776022852567
-28.680002
-25.860003
-10.9800005
40.14776022852567
-28.680002
-25.860003
-10.9800005
40.14776022852567
-28.860003
-25.680002
-10.8
40.112371150755195
-28.860003
-25.680002
-10.8
40.112371150755195
-28.860003
-25.680002
-10.8
40.112371150755195
-28.860003
-25.680002
-10.8
40.112371150755195
-29.58
-25.860003
-11.34
40.893907192976954
-29.58
-25.860003
-11.34
40.893907192976954
-29.58
-25.860003
-11.34
40.893907192976954
-29.58
-25.860003
-11.34
40.893907192976954
-29.94
-25.320002
-11.52
40.86828296777802
-29.94
-25.320002
-11.52
40.86828296777802
-29.94
-25.320002
-11.52
40.86828296777802
-29.94
-25.320002
-11.52
40.86828296777802
-30.300001
-24.42
-11.880001
40.68858455495764
-30.300001
-24.42
-11.880001
40.68858455495764
-30.300001
-24.42
-11.880001
40.68858455495764
-30.300001
-24.42
-11.880001
40.68858455495764
-30.300001
-24.060001
-12.360001
40.61703347369334
-30.300001
-24.060001
-12.360001
40.61703347369334
-30.300001
-24.060001
-12.360001
40.61703347369334
-30.300001
-24.060001
-12.360001
40.61703347369334
-30.12
-23.520002
-11.52
39.913850710193636
-30.12
-23.520002
-11.52
39.913850710193636
-30.12
-23.520002
-11.52
39.913850710193636
-30.12
-23.520002
-11.52
39.913850710193636
-29.4
-23.700003
-11.880001
39.58768051101488
-29.4
-23.700003
-11.880001
39.58768051101488
-29.4
-23.700003
-11.880001
39.58768051101488
-29.4
-23.700003
-11.880001
39.58768051101488
-29.040003
-24.24
-11.700001
39.59532079313082
-29.040003
-24.24
-11.700001
39.59532079313082
-29.040003
-24.24
-11.700001
39.59532079313082
-29.040003
-24.24
-11.700001
39.59532079313082
-28.680002
-24.78
-11.700001
39.66712844537102
-28.680002
-24.78
-11.700001
39.66712844537102
-28.680002
-24.78
-11.700001
39.66712844537102
-28.680002
-24.78
-11.700001
39.66712844537102
-28.500002
-24.960001
-12.18
39.79452381894477
-28.500002
-24.960001
-12.18
39.79452381894477
-28.500002
-24.960001
-12.18
39.79452381894477
-28.500002
-24.960001
-12.18
39.79452381894477
-28.680002
-24.78
-12.540001
39.92295895054858
-28.680002
-24.78
-12.540001
39.92295895054858
-28.680002
-24.78
-12.540001
39.92295895054858
-28.680002
-24.78
-12.540001
39.92295895054858
-28.680002
-24.78
-12.720001
39.97986401136436
-28.680002
-24.78
-12.720001
39.97986401136436
-28.680002
-24.78
-12.720001
39.97986401136436
-28.680002
-24.78
-12.720001
39.97986401136436
-28.680002
-24.78
-12.540001
39.92295895054858
-28.680002
-24.78
-12.540001
39.92295895054858
-28.680002
-24.78
-12.540001
39.92295895054858
-28.680002
-24.78
-12.540001
39.92295895054858
-28.500002
-25.320002
-12.18
40.021306276216016
-28.500002
-25.320002
-12.18
40.021306276216016
-28.500002
-25.320002
-12.18
40.021306276216016
-28.500002
-25.320002
-12.18
40.021306276216016
-27.960003
-25.500002
-11.64
39.59168583066478
-27.960003
-25.500002
-11.64
39.59168583066478
-27.960003
-25.500002
-11.64
39.59168583066478
-27.960003
-25.500002
-11.64
39.59168583066478
-28.140003
-26.040003
-11.46
40.015911752193965
-28.140003
-26.040003
-11.46
40.015911752193965
-28.140003
-26.040003
-11.46
40.015911752193965
-28.140003
-26.040003
-11.46
40.015911752193965
-28.320004
-25.860003
-11.160001
39.941306731232984
-28.320004
-25.860003
-11.160001
39.941306731232984
-28.320004
-25.860003
-11.160001
39.941306731232984
-28.320004
-25.860003
-11.160001
39.941306731232984
-28.320004
-25.500002
-11.52
39.811846908889756
-28.320004
-25.500002
-11.52
39.811846908889756
-28.320004
-25.500002
-11.52
39.811846908889756
-28.320004
-25.500002
-11.52
39.811846908889756
-28.680002
-25.860003
-11.880001
40.403175939232334
-28.680002
-25.860003
-11.880001
40.403175939232334
-28.680002
-25.860003
-11.880001
40.403175939232334
-28.680002
-25.860003
-11.880001
40.403175939232334
-28.500002
-25.320002
-12.06
39.98494895055045
-28.500002
-25.320002
-12.06
39.98494895055045
-28.500002
-25.320002
-12.06
39.98494895055045
-28.500002
-25.320002
-12.06
39.98494895055045
-28.320004
-25.500002
-12.06
39.971443664117885
-28.320004
-25.500002
-12.06
39.971443664117885
-28.320004
-25.500002
-12.06
39.971443664117885
-28.320004
-25.500002
-12.06
39.971443664117885
-27.960003
-25.500002
-11.700001
39.609367295364144
-27.960003
-25.500002
-11.700001
39.609367295364144
-27.960003
-25.500002
-11.700001
39.609367295364144
-27.960003
-25.500002
-11.700001
39.609367295364144
-27.960003
-25.680002
-11.52
39.67284731971131
-27.960003
-25.680002
-11.52
39.67284731971131
-27.960003
-25.680002
-11.52
39.67284731971131
-27.960003
-25.680002
-11.52
39.67284731971131
-27.240002
-26.22
-11.820001
39.61336271839813
-27.240002
-26.22
-11.820001
39.61336271839813
-27.240002
-26.22
-11.820001
39.61336271839813
-27.240002
-26.22
-11.820001
39.61336271839813
-26.880001
-26.040003
-11.64
39.19318607820673
-26.880001
-26.040003
-11.64
39.19318607820673
-26.880001
-26.040003
-11.64
39.19318607820673
-26.880001
-26.040003
-11.64
39.19318607820673
-27.060001
-26.22
-11.52
39.4010454532935
-27.060001
-26.22
-11.52
39.4010454532935
-27.060001
-26.22
-11.52
39.4010454532935
-27.060001
-26.22
-11.52
39.4010454532935
-27.060001
-26.94
-11.820001
39.971486419227645
-27.060001
-26.94
-11.820001
39.971486419227645
-27.060001
-26.94
-11.820001
39.971486419227645
-27.060001
-26.94
-11.820001
39.971486419227645
-26.880001
-27.12
-11.52
39.88407426383133
-26.880001
-27.12
-11.52
39.88407426383133
-26.880001
-27.12
-11.52
39.88407426383133
-26.880001
-27.12
-11.52
39.88407426383133
-26.340002
-27.66
-11.820001
39.982292833632926
-26.340002
-27.66
-11.820001
39.982292833632926
-26.340002
-27.66
-11.820001
39.982292833632926
-26.340002
-27.66
-11.820001
39.982292833632926
-25.260002
-28.02
-11.64
39.48009288711211
-25.260002
-28.02
-11.64
39.48009288711211
-25.260002
-28.02
-11.64
39.48009288711211
-25.260002
-28.02
-11.64
39.48009288711211
-24.300001
-27.3
-10.9800005
38.16202895682517
-24.300001
-27.3
-10.9800005
38.16202895682517
-24.300001
-27.3
-10.9800005
38.16202895682517
-24.300001
-27.3
-10.9800005
38.16202895682517
-24.660002
-26.76
-10.8
37.958573096
-24.660002
-26.76
-10.8
37.958573096
-24.660002
-26.76
-10.8
37.958573096
-24.660002
-26.76
-10.8
37.958573096
-24.660002
-26.58
-10.8
37.83189230259719
-24.660002
-26.58
-10.8
37.83189230259719
-24.660002
-26.58
-10.8
37.83189230259719
-24.660002
-26.58
-10.8
37.83189230259719
-25.2
-26.4
-10.9800005
38.11247072553402
-25.2
-26.4
-10.9800005
38.11247072553402
-25.2
-26.4
-10.9800005
38.11247072553402
-25.2
-26.4
-10.9800005
38.11247072553402
-25.02
-26.22
-10.8
37.81704356741398
-25.02
-26.22
-10.8
37.81704356741398
-25.02
-26.22
-10.8
37.81704356741398
-25.02
-26.22
-10.8
37.81704356741398
-25.02
-26.58
-10.080001
37.86955599798306
-25.02
-26.58
-10.080001
37.86955599798306
-25.02
-26.58
-10.080001
37.86955599798306
-25.02
-26.58
-10.080001
37.86955599798306
-25.380001
-26.22
-9.72
37.76388759191362
-25.380001
-26.22
-9.72
37.76388759191362
-25.380001
-26.22
-9.72
37.76388759191362
-25.380001
-26.22
-9.72
37.76388759191362
-25.380001
-26.22
-9.18
37.628516758404125
-25.380001
-26.22
-9.18
37.628516758404125
-25.380001
-26.22
-9.18
37.628516758404125
-25.380001
-26.22
-9.18
37.628516758404125
-25.92
-26.76
-9.540001
38.45719134838438
-25.92
-26.76
-9.540001
38.45719134838438
-25.92
-26.76
-9.540001
38.45719134838438
-25.92
-26.76
-9.540001
38.45719134838438
-25.380001
-26.76
-9.900001
38.187066857711294
-25.380001
-26.76
-9.900001
38.187066857711294
-25.380001
-26.76
-9.900001
38.187066857711294
-25.380001
-26.76
-9.900001
38.187066857711294
-24.660002
-27.12
-9.900001
37.96867283942777
-24.660002
-27.12
-9.900001
37.96867283942777
-24.660002
-27.12
-9.900001
37.96867283942777
-24.660002
-27.12
-9.900001
37.96867283942777
-23.760002
-26.76
-10.260001
37.22771591208961
-23.760002
-26.76
-10.260001
37.22771591208961
-23.760002
-26.76
-10.260001
37.22771591208961
-23.760002
-26.76
-10.260001
37.22771591208961
-23.04
-26.4
-10.62
36.614012857101585
-23.04
-26.4
-10.62
36.614012857101585
-23.04
-26.4
-10.62
36.614012857101585
-23.04
-26.4
-10.62
36.614012857101585
-22.5
-26.040003
-10.9800005
36.123291820016384
-22.5
-26.040003
-10.9800005
36.123291820016384
-22.5
-26.040003
-10.9800005
36.123291820016384
-22.5
-26.040003
-10.9800005
36.123291820016384
-22.320002
-25.860003
-10.8
35.82683708980427
-22.320002
-25.860003
-10.8
35.82683708980427
-22.320002
-25.860003
-10.8
35.82683708980427
-22.320002
-25.860003
-10.8
35.82683708980427
-22.68
-26.040003
-10.440001
36.075722635477106
-22.68
-26.040003
-10.440001
36.075722635477106
-22.68
-26.040003
-10.440001
36.075722635477106
-22.68
-26.040003
-10.440001
36.075722635477106
-22.5
-25.860003
-9.900001
35.67912212848538
-22.5
-25.860003
-9.900001
35.67912212848538
-22.5
-25.860003
-9.900001
35.67912212848538
-22.5
-25.860003
-9.900001
35.67912212848538
-22.86
-25.680002
-9.540001
35.679879946656385
-22.86
-25.680002
-9.540001
35.679879946656385
-22.86
-25.680002
-9.540001
35.679879946656385
-22.86
-25.680002
-9.540001
35.679879946656385
-23.220001
-25.320002
-10.080001
35.80331606717805
-23.220001
-25.320002
-10.080001
35.80331606717805
-23.220001
-25.320002
-10.080001
35.80331606717805
-23.220001
-25.320002
-10.080001
35.80331606717805
-23.04
-25.140003
-10.62
35.71618333407316
-23.04
-25.140003
-10.62
35.71618333407316
-23.04
-25.140003
-10.62
35.71618333407316
-23.04
-25.140003
-10.62
35.71618333407316
-23.220001
-25.500002
-10.8
36.139432670560836
-23.220001
-25.500002
-10.8
36.139432670560836
-23.220001
-25.500002
-10.8
36.139432670560836
-23.220001
-25.500002
-10.8
36.139432670560836
-23.04
-25.500002
-10.9800005
36.078417671506706
-23.04
-25.500002
-10.9800005
36.078417671506706
-23.04
-25.500002
-10.9800005
36.078417671506706
-23.04
-25.500002
-10.9800005
36.078417671506706
-23.400002
-25.500002
-11.160001
36.36421090799218
-23.400002
-25.500002
-11.160001
36.36421090799218
-23.400002
-25.500002
-11.160001
36.36421090799218
-23.400002
-25.500002
-11.160001
36.36421090799218
-23.580002
-25.500002
-10.8
36.37178324210868
-23.580002
-25.500002
-10.8
36.37178324210868
-23.580002
-25.500002
-10.8
36.37178324210868
-23.580002
-25.500002
-10.8
36.37178324210868
-23.760002
-24.960001
-10.440001
36.00740144726324
-23.760002
-24.960001
-10.440001
36.00740144726324
-23.760002
-24.960001
-10.440001
36.00740144726324
-23.760002
-24.960001
-10.440001
36.00740144726324
-24.480001
-25.500002
-10.260001
36.80744606648905
-24.480001
-25.500002
-10.260001
36.80744606648905
-24.480001
-25.500002
-10.260001
36.80744606648905
-24.480001
-25.500002
-10.260001
36.80744606648905
-23.760002
-25.680002
-10.260001
36.459125363420675
-23.760002
-25.680002
-10.260001
36.459125363420675
-23.760002
-25.680002
-10.260001
36.459125363420675
-23.760002
-25.680002
-10.260001
36.459125363420675
-23.760002
-26.040003
-10.9800005
36.92126500501185
-23.760002
-26.040003
-10.9800005
36.92126500501185
-23.760002
-26.040003
-10.9800005
36.92126500501185
-23.760002
-26.040003
-10.9800005
36.92126500501185
-23.760002
-26.4
-11.700001
37.39502233336009
-23.760002
-26.4
-11.700001
37.39502233336009
-23.760002
-26.4
-11.700001
37.39502233336009
-23.760002
-26.4
-11.700001
37.39502233336009
-23.04
-25.500002
-12.360001
36.522067989029765
-23.04
-25.500002
-12.360001
36.522067989029765
-23.04
-25.500002
-12.360001
36.522067989029765
-23.04
-25.500002
-12.360001
36.522067989029765
-23.04
-25.140003
-12.720001
36.39587600318287
-23.04
-25.140003
-12.720001
36.39587600318287
-23.04
-25.140003
-12.720001
36.39587600318287
-23.04
-25.140003
-12.720001
36.39587600318287
-22.86
-24.24
-12.900001
35.72908144274336
-22.86
-24.24
-12.900001
35.72908144274336
-22.86
-24.24
-12.900001
35.72908144274336
-22.86
-24.24
-12.900001
35.72908144274336
-23.220001
-23.520002
-12.900001
35.479133598475
-23.220001
-23.520002
-12.900001
35.479133598475
-23.220001
-23.520002
-12.900001
35.479133598475
-23.220001
-23.520002
-12.900001
35.479133598475
-23.760002
-23.700003
-12.540001
35.82568031618084
-23.760002
-23.700003
-12.540001
35.82568031618084
-23.760002
-23.700003
-12.540001
35.82568031618084
-23.760002
-23.700003
-12.540001
35.82568031618084
-24.300001
-23.880001
-12.540001
36.3042159225344
-24.300001
-23.880001
-12.540001
36.3042159225344
-24.300001
-23.880001
-12.540001
36.3042159225344
-24.300001
-23.880001
-12.540001
36.3042159225344
-25.02
-23.880001
-12.360001
36.72906936110432
-25.02
-23.880001
-12.360001
36.72906936110432
-25.02
-23.880001
-12.360001
36.72906936110432
-25.02
-23.880001
-12.360001
36.72906936110432
-25.02
-23.880001
-12.360001
36.72906936110432
-25.02
-23.880001
-12.360001
36.72906936110432
-25.02
-23.880001
-12.360001
36.72906936110432
-25.02
-23.880001
-12.360001
36.72906936110432
-25.380001
-24.24
-12.720001
37.32988759442627
-25.380001
-24.24
-12.720001
37.32988759442627
-25.380001
-24.24
-12.720001
37.32988759442627
-25.380001
-24.24
-12.720001
37.32988759442627
-25.380001
-23.880001
-12.360001
36.97524278624229
-25.380001
-23.880001
-12.360001
36.97524278624229
-25.380001
-23.880001
-12.360001
36.97524278624229
-25.380001
-23.880001
-12.360001
36.97524278624229
-24.660002
-24.6
-12.540001
37.02063237817106
-24.660002
-24.6
-12.540001
37.02063237817106
-24.660002
-24.6
-12.540001
37.02063237817106
-24.660002
-24.6
-12.540001
37.02063237817106
-24.12
-24.960001
-12.900001
37.02953088045489
-24.12
-24.960001
-12.900001
37.02953088045489
-24.12
-24.960001
-12.900001
37.02953088045489
-24.12
-24.960001
-12.900001
37.02953088045489
-23.580002
-24.42
-12.900001
36.31477577313572
-23.580002
-24.42
-12.900001
36.31477577313572
-23.580002
-24.42
-12.900001
36.31477577313572
-23.580002
-24.42
-12.900001
36.31477577313572
-23.760002
-24.78
-13.260001
36.802361586715804
-23.760002
-24.78
-13.260001
36.802361586715804
-23.760002
-24.78
-13.260001
36.802361586715804
-23.760002
-24.78
-13.260001
36.802361586715804
-24.12
-23.880001
-13.260001
36.43976461659021
-24.12
-23.880001
-13.260001
36.43976461659021
-24.12
-23.880001
-13.260001
36.43976461659021
-24.12
-23.880001
-13.260001
36.43976461659021
-24.840002
-23.880001
-13.440001
36.9853189571129
-24.840002
-23.880001
-13.440001
36.9853189571129
-24.840002
-23.880001
-13.440001
36.9853189571129
-24.840002
-23.880001
-13.440001
36.9853189571129
-24.840002
-23.880001
-13.620001
37.05110721555346
-24.840002
-23.880001
-13.620001
37.05110721555346
-24.840002
-23.880001
-13.620001
37.05110721555346
-24.840002
-23.880001
-13.620001
37.05110721555346
-24.840002
-23.340002
-13.800001
36.77256362489397
-24.840002
-23.340002
-13.800001
36.77256362489397
-24.840002
-23.340002
-13.800001
36.77256362489397
-24.840002
-23.340002
-13.800001
36.77256362489397
-24.660002
-23.340002
-15.000001
37.11968935606311
-24.660002
-23.340002
-15.000001
37.11968935606311
-24.660002
-23.340002
-15.000001
37.11968935606311
-24.660002
-23.340002
-15.000001
37.11968935606311
-24.12
-22.44
-15.360001
36.34910684403917
-24.12
-22.44
-15.360001
36.34910684403917
-24.12
-22.44
-15.360001
36.34910684403917
-24.12
-22.44
-15.360001
36.34910684403917
-24.300001
-22.080002
-16.080002
36.559308087168446
-24.300001
-22.080002
-16.080002
36.559308087168446
-24.300001
-22.080002
-16.080002
36.559308087168446
-24.300001
-22.080002
-16.080002
36.559308087168446
-24.720001
-21.900002
-16.92
37.107611800217285
-24.720001
-21.900002
-16.92
37.107611800217285
-24.720001
-21.900002
-16.92
37.107611800217285
-24.720001
-21.900002
-16.92
37.107611800217285
-25.080002
-21.18
-16.74
36.84869625937429
-25.080002
-21.18
-16.74
36.84869625937429
-25.080002
-21.18
-16.74
36.84869625937429
-25.080002
-21.18
-16.74
36.84869625937429
-25.62
-21.36
-17.1
37.48391744979188
-25.62
-21.36
-17.1
37.48391744979188
-25.62
-21.36
-17.1
37.48391744979188
-25.62
-21.36
-17.1
37.48391744979188
-25.980001
-21.36
-17.1
37.7308907552883
-25.980001
-21.36
-17.1
37.7308907552883
-25.980001
-21.36
-17.1
37.7308907552883
-25.980001
-21.36
-17.1
37.7308907552883
-25.560001
-21.36
-17.1
37.44293346683139
-25.560001
-21.36
-17.1
37.44293346683139
