14.400001
-29.820002
-10.68
34.79446661793456
13.620001
-30.000002
-10.5
34.579683581570876
13.620001
-30.000002
-10.5
34.579683581570876
13.620001
-30.000002
-10.5
34.579683581570876
13.620001
-30.000002
-10.5
34.579683581570876
13.260001
-30.18
-10.14
34.48883318202883
13.260001
-30.18
-10.14
34.48883318202883
13.260001
-30.18
-10.14
34.48883318202883
13.260001
-30.18
-10.14
34.48883318202883
12.900001
-30.36
-9.78
34.40622161670037
12.900001
-30.36
-9.78
34.40622161670037
12.900001
-30.36
-9.78
34.40622161670037
12.900001
-30.36
-9.78
34.40622161670037
12.18
-30.18
-9.6
33.93147283323865
12.18
-30.18
-9.6
33.93147283323865
12.18
-30.18
-9.6
33.93147283323865
12.18
-30.18
-9.6
33.93147283323865
12.540001
-31.320004
-9.420001
35.02757005649264
12.540001
-31.320004
-9.420001
35.02757005649264
12.540001
-31.320004
-9.420001
35.02757005649264
12.540001
-31.320004
-9.420001
35.02757005649264
12.360001
-32.040005
-9.78
35.706861812104826
12.360001
-32.040005
-9.78
35.706861812104826
12.360001
-32.040005
-9.78
35.706861812104826
12.360001
-32.040005
-9.78
35.706861812104826
12.360001
-31.860003
-10.14
35.64616284793147
12.360001
-31.860003
-10.14
35.64616284793147
12.360001
-31.860003
-10.14
35.64616284793147
12.360001
-31.860003
-10.14
35.64616284793147
12.720001
-32.040005
-9.84
35.84948971862693
12.720001
-32.040005
-9.84
35.84948971862693
12.720001
-32.040005
-9.84
35.84948971862693
12.720001
-32.040005
-9.84
35.84948971862693
12.720001
-31.140003
-9.660001
34.99734225400194
12.720001
-31.140003
-9.660001
34.99734225400194
12.720001
-31.140003
-9.660001
34.99734225400194
12.720001
-31.140003
-9.660001
34.99734225400194
13.68
-30.36
-9.3
34.57400845356053
13.68
-30.36
-9.3
34.57400845356053
13.68
-30.36
-9.3
34.57400845356053
13.68
-30.36
-9.3
34.57400845356053
14.220001
-30.18
-9.4800005
34.68300928138301
14.220001
-30.18
-9.4800005
34.68300928138301
14.220001
-30.18
-9.4800005
34.68300928138301
14.220001
-30.18
-9.4800005
34.68300928138301
14.040001
-29.820002
-10.14
34.48439800916768
14.040001
-29.820002
-10.14
34.48439800916768
14.040001
-29.820002
-10.14
34.48439800916768
14.040001
-29.820002
-10.14
34.48439800916768
14.040001
-29.28
-10.68
34.18336498073661
14.040001
-29.28
-10.68
34.18336498073661
14.040001
-29.28
-10.68
34.18336498073661
14.040001
-29.28
-10.68
34.18336498073661
13.68
-28.92
-11.400001
33.962755335808666
13.68
-28.92
-11.400001
33.962755335808666
13.68
-28.92
-11.400001
33.962755335808666
13.68
-28.92
-11.400001
33.962755335808666
13.14
-29.1
-10.68
33.667966710537705
13.14
-29.1
-10.68
33.667966710537705
13.14
-29.1
-10.68
33.667966710537705
13.14
-29.1
-10.68
33.667966710537705
12.720001
-28.92
-10.5
33.29286402401985
12.720001
-28.92
-10.5
33.29286402401985
12.720001
-28.92
-10.5
33.29286402401985
12.720001
-28.92
-10.5
33.29286402401985
12.720001
-29.460001
-10.320001
33.70745473753265
12.720001
-29.460001
-10.320001
33.70745473753265
12.720001
-29.460001
-10.320001
33.70745473753265
12.720001
-29.460001
-10.320001
33.70745473753265
12.720001
-29.640001
-9.6
33.65246141338977
12.720001
-29.640001
-9.6
33.65246141338977
12.720001
-29.640001
-9.6
33.65246141338977
12.720001
-29.640001
-9.6
33.65246141338977
12.900001
-29.640001
-9.6
33.72090941011693
12.900001
-29.640001
-9.6
33.72090941011693
12.900001
-29.640001
-9.6
33.72090941011693
12.900001
-29.640001
-9.6
33.72090941011693
13.080001
-29.820002
-9.12
33.81557756615747
13.080001
-29.820002
-9.12
33.81557756615747
13.080001
-29.820002
-9.12
33.81557756615747
13.080001
-29.820002
-9.12
33.81557756615747
12.900001
-29.640001
-8.580001
33.444822504294294
12.900001
-29.640001
-8.580001
33.444822504294294
12.900001
-29.640001
-8.580001
33.444822504294294
12.900001
-29.640001
-8.580001
33.444822504294294
12.900001
-29.820002
-8.22
33.51433746070012
12.900001
-29.820002
-8.22
33.51433746070012
12.900001
-29.820002
-8.22
33.51433746070012
12.900001
-29.820002
-8.22
33.51433746070012
13.080001
-29.640001
-8.22
33.42430924106267
13.080001
-29.640001
-8.22
33.42430924106267
13.080001
-29.640001
-8.22
33.42430924106267
13.080001
-29.640001
-8.22
33.42430924106267
13.68
-29.820002
-8.400001
33.8664278677784
13.68
-29.820002
-8.400001
33.8664278677784
13.68
-29.820002
-8.400001
33.8664278677784
13.68
-29.820002
-8.400001
33.8664278677784
13.860001
-29.820002
-8.400001
33.939535792991485
13.860001
-29.820002
-8.400001
33.939535792991485
13.860001
-29.820002
-8.400001
33.939535792991485
13.860001
-29.820002
-8.400001
33.939535792991485
13.860001
-29.460001
-8.580001
33.6690906621433
13.860001
-29.460001
-8.580001
33.6690906621433
13.860001
-29.460001
-8.580001
33.6690906621433
13.860001
-29.460001
-8.580001
33.6690906621433
13.860001
-29.1
-9.3
33.54697688619833
13.860001
-29.1
-9.3
33.54697688619833
13.860001
-29.1
-9.3
33.54697688619833
13.860001
-29.1
-9.3
33.54697688619833
14.400001
-28.380001
-9.3
33.155307479534855
14.400001
-28.380001
-9.3
33.155307479534855
14.400001
-28.380001
-9.3
33.155307479534855
14.400001
-28.380001
-9.3
33.155307479534855
14.400001
-28.380001
-9.4800005
33.2062461768302
14.400001
-28.380001
-9.4800005
33.2062461768302
14.400001
-28.380001
-9.4800005
33.2062461768302
14.400001
-28.380001
-9.4800005
33.2062461768302
14.9400015
-28.380001
-9.78
33.5302324665042
14.9400015
-28.380001
-9.78
33.5302324665042
14.9400015
-28.380001
-9.78
33.5302324665042
14.9400015
-28.380001
-9.78
33.5302324665042
15.300001
-28.2
-9.12
33.354227866967065
15.300001
-28.2
-9.12
33.354227866967065
15.300001
-28.2
-9.12
33.354227866967065
15.300001
-28.2
-9.12
33.354227866967065
14.9400015
-28.740002
-9.3
33.699870540019326
14.9400015
-28.740002
-9.3
33.699870540019326
14.9400015
-28.740002
-9.3
33.699870540019326
14.9400015
-28.740002
-9.3
33.699870540019326
15.660002
-28.560001
-9.6
33.95687644657283
15.660002
-28.560001
-9.6
33.95687644657283
15.660002
-28.560001
-9.6
33.95687644657283
15.660002
-28.560001
-9.6
33.95687644657283
15.660002
-28.380001
-9.420001
33.754949362209274
15.660002
-28.380001
-9.420001
33.754949362209274
15.660002
-28.380001
-9.420001
33.754949362209274
15.660002
-28.380001
-9.420001
33.754949362209274
15.480001
-29.28
-9.420001
34.43378141788054
15.480001
-29.28
-9.420001
34.43378141788054
15.480001
-29.28
-9.420001
34.43378141788054
15.480001
-29.28
-9.420001
34.43378141788054
15.840001
-29.460001
-9.6
34.79881316167173
15.840001
-29.460001
-9.6
34.79881316167173
15.840001
-29.460001
-9.6
34.79881316167173
15.840001
-29.460001
-9.6
34.79881316167173
15.300001
-29.640001
-9.78
34.76015230801733
15.300001
-29.640001
-9.78
34.76015230801733
15.300001
-29.640001
-9.78
34.76015230801733
15.300001
-29.640001
-9.78
34.76015230801733
15.120001
-30.36
-9.96
35.348913056795325
15.120001
-30.36
-9.96
35.348913056795325
15.120001
-30.36
-9.96
35.348913056795325
15.120001
-30.36
-9.96
35.348913056795325
14.760001
-30.960003
-10.14
35.765891217882086
14.760001
-30.960003
-10.14
35.765891217882086
14.760001
-30.960003
-10.14
35.765891217882086
14.760001
-30.960003
-10.14
35.765891217882086
14.220001
-31.320004
-10.5
35.96388637295579
14.220001
-31.320004
-10.5
35.96388637295579
14.220001
-31.320004
-10.5
35.96388637295579
14.220001
-31.320004
-10.5
35.96388637295579
14.040001
-31.860003
-10.5
36.36524984768254
14.040001
-31.860003
-10.5
36.36524984768254
14.040001
-31.860003
-10.5
36.36524984768254
14.040001
-31.860003
-10.5
36.36524984768254
13.320001
-32.58
-10.5
36.730490144429055
13.320001
-32.58
-10.5
36.730490144429055
13.320001
-32.58
-10.5
36.730490144429055
13.320001
-32.58
-10.5
36.730490144429055
12.720001
-33.12
-10.68
37.05125053241287
12.720001
-33.12
-10.68
37.05125053241287
12.720001
-33.12
-10.68
37.05125053241287
12.720001
-33.12
-10.68
37.05125053241287
11.820001
-34.38
-10.5
37.841074237051764
11.820001
-34.38
-10.5
37.841074237051764
11.820001
-34.38
-10.5
37.841074237051764
11.820001
-34.38
-10.5
37.841074237051764
11.64
-35.100002
-10.14
38.34474326341878
11.64
-35.100002
-10.14
38.34474326341878
11.64
-35.100002
-10.14
38.34474326341878
11.64
-35.100002
-10.14
38.34474326341878
11.820001
-34.920002
-10.14
38.23530406002416
11.820001
-34.920002
-10.14
38.23530406002416
11.820001
-34.920002
-10.14
38.23530406002416
11.820001
-34.920002
-10.14
38.23530406002416
12.540001
-34.38
-9.78
37.87986960754188
12.540001
-34.38
-9.78
37.87986960754188
12.540001
-34.38
-9.78
37.87986960754188
12.540001
-34.38
-9.78
37.87986960754188
13.320001
-33.48
-9.420001
37.24337812104573
13.320001
-33.48
-9.420001
37.24337812104573
13.320001
-33.48
-9.420001
37.24337812104573
13.320001
-33.48
-9.420001
37.24337812104573
13.68
-33.3
-9.6
37.25845384355744
13.68
-33.3
-9.6
37.25845384355744
13.68
-33.3
-9.6
37.25845384355744
13.68
-33.3
-9.6
37.25845384355744
13.500001
-33.48
-9.420001
37.30813383949856
13.500001
-33.48
-9.420001
37.30813383949856
13.500001
-33.48
-9.420001
37.30813383949856
13.500001
-33.48
-9.420001
37.30813383949856
13.320001
-33.84
-9.6
37.61287212396924
13.320001
-33.84
-9.6
37.61287212396924
13.320001
-33.84
-9.6
37.61287212396924
13.320001
-33.84
-9.6
37.61287212396924
13.500001
-34.02
-9.6
37.83874347560315
13.500001
-34.02
-9.6
37.83874347560315
13.500001
-34.02
-9.6
37.83874347560315
13.500001
-34.02
-9.6
37.83874347560315
13.68
-33.84
-9.3
37.66667062765005
13.68
-33.84
-9.3
37.66667062765005
13.68
-33.84
-9.3
37.66667062765005
13.68
-33.84
-9.3
37.66667062765005
14.040001
-33.84
-8.940001
37.71194500285603
14.040001
-33.84
-8.940001
37.71194500285603
14.040001
-33.84
-8.940001
37.71194500285603
14.040001
-33.84
-8.940001
37.71194500285603
13.440001
-33.66
-8.580001
37.2457477779553
13.440001
-33.66
-8.580001
37.2457477779553
13.440001
-33.66
-8.580001
37.2457477779553
13.440001
-33.66
-8.580001
37.2457477779553
12.900001
-33.84
-8.22
37.13655912221137
12.900001
-33.84
-8.22
37.13655912221137
12.900001
-33.84
-8.22
37.13655912221137
12.900001
-33.84
-8.22
37.13655912221137
12.360001
-34.56
-8.400001
37.65266774973421
12.360001
-34.56
-8.400001
37.65266774973421
12.360001
-34.56
-8.400001
37.65266774973421
12.360001
-34.56
-8.400001
37.65266774973421
12.0
-34.920002
-8.400001
37.86775082750988
12.0
-34.920002
-8.400001
37.86775082750988
12.0
-34.920002
-8.400001
37.86775082750988
12.0
-34.920002
-8.400001
37.86775082750988
12.0
-35.460003
-8.400001
38.36628629184906
12.0
-35.460003
-8.400001
38.36628629184906
12.0
-35.460003
-8.400001
38.36628629184906
12.0
-35.460003
-8.400001
38.36628629184906
12.360001
-35.64
-8.040001
38.569688222869715
12.360001
-35.64
-8.040001
38.569688222869715
12.360001
-35.64
-8.040001
38.569688222869715
12.360001
-35.64
-8.040001
38.569688222869715
12.360001
-35.64
-7.2000003
38.40337503224407
12.360001
-35.64
-7.2000003
38.40337503224407
12.360001
-35.64
-7.2000003
38.40337503224407
12.360001
-35.64
-7.2000003
38.40337503224407
12.360001
-35.64
-7.2000003
38.40337503224407
12.360001
-35.64
-7.2000003
38.40337503224407
12.360001
-35.64
-7.2000003
38.40337503224407
12.360001
-35.64
-7.2000003
38.40337503224407
12.96
-35.280003
-6.6600003
38.17061340270893
12.96
-35.280003
-6.6600003
38.17061340270893
12.96
-35.280003
-6.6600003
38.17061340270893
12.96
-35.280003
-6.6600003
38.17061340270893
12.780001
-34.920002
-6.1200004
37.685397821760816
12.780001
-34.920002
-6.1200004
37.685397821760816
12.780001
-34.920002
-6.1200004
37.685397821760816
12.780001
-34.920002
-6.1200004
37.685397821760816
12.780001
-34.56
-6.3
37.381975728618194
12.780001
-34.56
-6.3
37.381975728618194
12.780001
-34.56
-6.3
37.381975728618194
12.780001
-34.56
-6.3
37.381975728618194
13.14
-34.56
-6.1200004
37.47676037705734
13.14
-34.56
-6.1200004
37.47676037705734
13.14
-34.56
-6.1200004
37.47676037705734
13.14
-34.56
-6.1200004
37.47676037705734
13.14
-34.38
-6.48
37.37157207576452
13.14
-34.38
-6.48
37.37157207576452
13.14
-34.38
-6.48
37.37157207576452
13.14
-34.38
-6.48
37.37157207576452
13.860001
-34.56
-7.3800006
37.95994786089099
13.860001
-34.56
-7.3800006
37.95994786089099
13.860001
-34.56
-7.3800006
37.95994786089099
13.860001
-34.56
-7.3800006
37.95994786089099
14.400001
-34.74
-7.6800003
38.38241893116968
14.400001
-34.74
-7.6800003
38.38241893116968
14.400001
-34.74
-7.6800003
38.38241893116968
14.400001
-34.74
-7.6800003
38.38241893116968
14.040001
-34.2
-7.5600004
37.73480039874085
14.040001
-34.2
-7.5600004
37.73480039874085
14.040001
-34.2
-7.5600004
37.73480039874085
14.040001
-34.2
-7.5600004
37.73480039874085
14.400001
-34.56
-7.2000003
38.126022975517486
14.400001
-34.56
-7.2000003
38.126022975517486
14.400001
-34.56
-7.2000003
38.126022975517486
14.400001
-34.56
-7.2000003
38.126022975517486
13.860001
-34.74
-6.84
38.02305786871303
13.860001
-34.74
-6.84
38.02305786871303
13.860001
-34.74
-6.84
38.02305786871303
13.860001
-34.74
-6.84
38.02305786871303
13.500001
-34.74
-6.84
37.893314981834195
13.500001
-34.74
-6.84
37.893314981834195
13.500001
-34.74
-6.84
37.893314981834195
13.500001
-34.74
-6.84
37.893314981834195
13.260001
-35.280003
-6.84
38.30524598690351
13.260001
-35.280003
-6.84
38.30524598690351
13.260001
-35.280003
-6.84
38.30524598690351
13.260001
-35.280003
-6.84
38.30524598690351
12.540001
-34.920002
-7.0200005
37.7616005561536
12.540001
-34.920002
-7.0200005
37.7616005561536
12.540001
-34.920002
-7.0200005
37.7616005561536
12.540001
-34.920002
-7.0200005
37.7616005561536
12.900001
-34.74
-7.5000005
37.809095598294036
12.900001
-34.74
-7.5000005
37.809095598294036
12.900001
-34.74
-7.5000005
37.809095598294036
12.900001
-34.74
-7.5000005
37.809095598294036
13.080001
-34.38
-7.0200005
37.44798149913257
13.080001
-34.38
-7.0200005
37.44798149913257
13.080001
-34.38
-7.0200005
37.44798149913257
13.080001
-34.38
-7.0200005
37.44798149913257
13.68
-34.02
-6.6600003
37.26739218818258
13.68
-34.02
-6.6600003
37.26739218818258
13.68
-34.02
-6.6600003
37.26739218818258
13.68
-34.02
-6.6600003
37.26739218818258
14.220001
-34.38
-6.48
37.76484115601524
14.220001
-34.38
-6.48
37.76484115601524
14.220001
-34.38
-6.48
37.76484115601524
14.220001
-34.38
-6.48
37.76484115601524
14.400001
-34.56
-5.76
37.88048672356339
14.400001
-34.56
-5.76
37.88048672356339
14.400001
-34.56
-5.76
37.88048672356339
14.400001
-34.56
-5.76
37.88048672356339
15.120001
-33.48
-6.1200004
37.242168652974044
15.120001
-33.48
-6.1200004
37.242168652974044
15.120001
-33.48
-6.1200004
37.242168652974044
15.120001
-33.48
-6.1200004
37.242168652974044
15.660002
-33.3
-7.0200005
37.46205925718797
15.660002
-33.3
-7.0200005
37.46205925718797
15.660002
-33.3
-7.0200005
37.46205925718797
15.660002
-33.3
-7.0200005
37.46205925718797
16.020002
-32.4
-6.84
36.78568035658543
16.020002
-32.4
-6.84
36.78568035658543
16.020002
-32.4
-6.84
36.78568035658543
16.020002
-32.4
-6.84
36.78568035658543
16.56
-31.500002
-6.6600003
36.20551385353393
16.56
-31.500002
-6.6600003
36.20551385353393
16.56
-31.500002
-6.6600003
36.20551385353393
16.56
-31.500002
-6.6600003
36.20551385353393
16.380001
-32.4
-6.3
36.84772229964662
16.380001
-32.4
-6.3
36.84772229964662
16.380001
-32.4
-6.3
36.84772229964662
16.380001
-32.4
-6.3
36.84772229964662
16.020002
-32.4
-5.76
36.60024927606795
16.020002
-32.4
-5.76
36.60024927606795
16.020002
-32.4
-5.76
36.60024927606795
16.020002
-32.4
-5.76
36.60024927606795
16.020002
-32.58
-5.9400005
36.78832172353579
16.020002
-32.58
-5.9400005
36.78832172353579
16.020002
-32.58
-5.9400005
36.78832172353579
16.020002
-32.58
-5.9400005
36.78832172353579
14.9400015
-33.3
-6.3
37.03759505240081
14.9400015
-33.3
-6.3
37.03759505240081
14.9400015
-33.3
-6.3
37.03759505240081
14.9400015
-33.3
-6.3
37.03759505240081
14.040001
-33.48
-6.84
36.94343821239605
14.040001
-33.48
-6.84
36.94343821239605
14.040001
-33.48
-6.84
36.94343821239605
14.040001
-33.48
-6.84
36.94343821239605
14.040001
-33.66
-7.0200005
37.14024209678516
14.040001
-33.66
-7.0200005
37.14024209678516
14.040001
-33.66
-7.0200005
37.14024209678516
14.040001
-33.66
-7.0200005
37.14024209678516
13.68
-33.48
-7.5000005
36.93647054667395
13.68
-33.48
-7.5000005
36.93647054667395
13.68
-33.48
-7.5000005
36.93647054667395
13.68
-33.48
-7.5000005
36.93647054667395
14.220001
-32.94
-8.040001
36.768105127780245
14.220001
-32.94
-8.040001
36.768105127780245
14.220001
-32.94
-8.040001
36.768105127780245
14.220001
-32.94
-8.040001
36.768105127780245
14.9400015
-32.040005
-8.22
36.29509419060223
14.9400015
-32.040005
-8.22
36.29509419060223
14.9400015
-32.040005
-8.22
36.29509419060223
14.9400015
-32.040005
-8.22
36.29509419060223
14.760001
-31.620003
-8.22
35.850392052968715
14.760001
-31.620003
-8.22
35.850392052968715
14.760001
-31.620003
-8.22
35.850392052968715
14.760001
-31.620003
-8.22
35.850392052968715
14.760001
-31.620003
-8.22
35.850392052968715
14.760001
-31.620003
-8.22
35.850392052968715
14.760001
-31.620003
-8.22
35.850392052968715
14.760001
-31.620003
-8.22
35.850392052968715
14.760001
-31.260002
-8.22
35.53327693207101
14.760001
-31.260002
-8.22
35.53327693207101
14.760001
-31.260002
-8.22
35.53327693207101
14.760001
-31.260002
-8.22
35.53327693207101
14.580001
-30.900002
-8.580001
35.22787322217753
14.580001
-30.900002
-8.580001
35.22787322217753
14.580001
-30.900002
-8.580001
35.22787322217753
14.580001
-30.900002
-8.580001
35.22787322217753
14.760001
-30.720001
-9.3
35.32797814819102
14.760001
-30.720001
-9.3
35.32797814819102
14.760001
-30.720001
-9.3
35.32797814819102
14.760001
-30.720001
-9.3
35.32797814819102
14.9400015
-30.54
-9.6
35.32782611273389
14.9400015
-30.54
-9.6
35.32782611273389
14.9400015
-30.54
-9.6
35.32782611273389
14.9400015
-30.54
-9.6
35.32782611273389
15.300001
-30.900002
-9.78
35.84059965994396
15.300001
-30.900002
-9.78
35.84059965994396
15.300001
-30.900002
-9.78
35.84059965994396
15.300001
-30.900002
-9.78
35.84059965994396
15.840001
-31.080002
-9.96
36.2777305032819
15.840001
-31.080002
-9.96
36.2777305032819
15.840001
-31.080002
-9.96
36.2777305032819
15.840001
-31.080002
-9.96
36.2777305032819
16.380001
-31.500002
-9.78
36.82666157730955
16.380001
-31.500002
-9.78
36.82666157730955
16.380001
-31.500002
-9.78
36.82666157730955
16.380001
-31.500002
-9.78
36.82666157730955
16.74
-31.680002
-9.78
37.141601138834204
16.74
-31.680002
-9.78
37.141601138834204
16.74
-31.680002
-9.78
37.141601138834204
16.74
-31.680002
-9.78
37.141601138834204
16.380001
-31.500002
-9.6
36.77926861167001
16.380001
-31.500002
-9.6
36.77926861167001
16.380001
-31.500002
-9.6
36.77926861167001
16.380001
-31.500002
-9.6
36.77926861167001
16.2
-32.040005
-9.6
37.16398777452021
16.2
-32.040005
-9.6
37.16398777452021
16.2
-32.040005
-9.6
37.16398777452021
16.2
-32.040005
-9.6
37.16398777452021
15.840001
-31.620003
-9.78
36.69303288240664
15.840001
-31.620003
-9.78
36.69303288240664
15.840001
-31.620003
-9.78
36.69303288240664
15.840001
-31.620003
-9.78
36.69303288240664
15.300001
-31.260002
-10.14
36.25048154313781
15.300001
-31.260002
-10.14
36.25048154313781
15.300001
-31.260002
-10.14
36.25048154313781
15.300001
-31.260002
-10.14
36.25048154313781
15.300001
-31.440002
-10.68
36.559899079498635
15.300001
-31.440002
-10.68
36.559899079498635
15.300001
-31.440002
-10.68
36.559899079498635
15.300001
-31.440002
-10.68
36.559899079498635
15.120001
-31.860003
-10.68
36.84747714926525
15.120001
-31.860003
-10.68
36.84747714926525
15.120001
-31.860003
-10.68
36.84747714926525
15.120001
-31.860003
-10.68
36.84747714926525
14.760001
-32.760002
-10.68
37.485167965247435
14.760001
-32.760002
-10.68
37.485167965247435
14.760001
-32.760002
-10.68
37.485167965247435
14.760001
-32.760002
-10.68
37.485167965247435
14.580001
-34.02
-10.02
38.34497724961429
14.580001
-34.02
-10.02
38.34497724961429
14.580001
-34.02
-10.02
38.34497724961429
14.580001
-34.02
-10.02
38.34497724961429
15.120001
-34.38
-9.4800005
38.73589082854879
15.120001
-34.38
-9.4800005
38.73589082854879
15.120001
-34.38
-9.4800005
38.73589082854879
15.120001
-34.38
-9.4800005
38.73589082854879
15.480001
-34.38
-9.3
38.834327346675515
15.480001
-34.38
-9.3
38.834327346675515
15.480001
-34.38
-9.3
38.834327346675515
15.480001
-34.38
-9.3
38.834327346675515
16.2
-33.48
-9.660001
38.427412294155324
16.2
-33.48
-9.660001
38.427412294155324
16.2
-33.48
-9.660001
38.427412294155324
16.2
-33.48
-9.660001
38.427412294155324
16.56
-32.760002
-9.78
37.988154120931235
16.56
-32.760002
-9.78
37.988154120931235
16.56
-32.760002
-9.78
37.988154120931235
16.56
-32.760002
-9.78
37.988154120931235
16.74
-32.4
-9.78
37.757598314362504
16.74
-32.4
-9.78
37.757598314362504
16.74
-32.4
-9.78
37.757598314362504
16.74
-32.4
-9.78
37.757598314362504
16.56
-32.94
-9.12
37.97962003609222
16.56
-32.94
-9.12
37.97962003609222
16.56
-32.94
-9.12
37.97962003609222
16.56
-32.94
-9.12
37.97962003609222
16.74
-33.12
-8.580001
38.0890840046397
16.74
-33.12
-8.580001
38.0890840046397
16.74
-33.12
-8.580001
38.0890840046397
16.74
-33.12
-8.580001
38.0890840046397
16.56
-32.94
-8.580001
37.853580473813835
16.56
-32.94
-8.580001
37.853580473813835
16.56
-32.94
-8.580001
37.853580473813835
16.56
-32.94
-8.580001
37.853580473813835
16.380001
-33.3
-8.22
38.010034139849175
16.380001
-33.3
-8.22
38.010034139849175
16.380001
-33.3
-8.22
38.010034139849175
16.380001
-33.3
-8.22
38.010034139849175
15.480001
-33.12
-9.12
37.679427514394376
15.480001
-33.12
-9.12
37.679427514394376
15.480001
-33.12
-9.12
37.679427514394376
15.480001
-33.12
-9.12
37.679427514394376
14.9400015
-33.3
-8.940001
37.57681585557443
14.9400015
-33.3
-8.940001
37.57681585557443
14.9400015
-33.3
-8.940001
37.57681585557443
14.9400015
-33.3
-8.940001
37.57681585557443
15.120001
-33.66
-9.12
38.010319964821726
15.120001
-33.66
-9.12
38.010319964821726
15.120001
-33.66
-9.12
38.010319964821726
15.120001
-33.66
-9.12
38.010319964821726
14.760001
-33.84
-9.12
38.02864360419656
14.760001
-33.84
-9.12
38.02864360419656
14.760001
-33.84
-9.12
38.02864360419656
14.760001
-33.84
-9.12
38.02864360419656
15.300001
-34.2
-8.940001
38.5182253812846
15.300001
-34.2
-8.940001
38.5182253812846
15.300001
-34.2
-8.940001
38.5182253812846
15.300001
-34.2
-8.940001
38.5182253812846
15.120001
-34.56
-8.940001
38.76766230539314
15.120001
-34.56
-8.940001
38.76766230539314
15.120001
-34.56
-8.940001
38.76766230539314
15.120001
-34.56
-8.940001
38.76766230539314
15.120001
-34.920002
-8.400001
38.96897397439645
15.120001
-34.920002
-8.400001
38.96897397439645
15.120001
-34.920002
-8.400001
38.96897397439645
15.120001
-34.920002
-8.400001
38.96897397439645
15.300001
-35.100002
-8.580001
39.23922367739565
15.300001
-35.100002
-8.580001
39.23922367739565
15.300001
-35.100002
-8.580001
39.23922367739565
15.300001
-35.100002
-8.580001
39.23922367739565
15.840001
-34.56
-8.400001
38.934038770720925
15.840001
-34.56
-8.400001
38.934038770720925
15.840001
-34.56
-8.400001
38.934038770720925
15.840001
-34.56
-8.400001
38.934038770720925
16.380001
-34.02
-9.4800005
38.929876423131795
16.380001
-34.02
-9.4800005
38.929876423131795
16.380001
-34.02
-9.4800005
38.929876423131795
16.380001
-34.02
-9.4800005
38.929876423131795
16.92
-33.66
-9.78
38.922107084815885
16.92
-33.66
-9.78
38.922107084815885
16.92
-33.66
-9.78
38.922107084815885
16.92
-33.66
-9.78
38.922107084815885
16.92
-33.48
-10.5
38.95441922739639
16.92
-33.48
-10.5
38.95441922739639
16.92
-33.48
-10.5
38.95441922739639
16.92
-33.48
-10.5
38.95441922739639
16.56
-33.12
-10.5
38.48919288254821
16.56
-33.12
-10.5
38.48919288254821
16.56
-33.12
-10.5
38.48919288254821
16.56
-33.12
-10.5
38.48919288254821
16.56
-33.66
-9.6
38.72194832684123
16.56
-33.66
-9.6
38.72194832684123
16.56
-33.66
-9.6
38.72194832684123
16.56
-33.66
-9.6
38.72194832684123
16.2
-34.02
-8.760001
38.68511610435999
16.2
-34.02
-8.760001
38.68511610435999
16.2
-34.02
-8.760001
38.68511610435999
16.2
-34.02
-8.760001
38.68511610435999
15.480001
-33.84
-7.6800003
37.996822826676905
15.480001
-33.84
-7.6800003
37.996822826676905
15.480001
-33.84
-7.6800003
37.996822826676905
15.480001
-33.84
-7.6800003
37.996822826676905
16.020002
-34.02
-7.5000005
38.343851874355295
16.020002
-34.02
-7.5000005
38.343851874355295
16.020002
-34.02
-7.5000005
38.343851874355295
16.020002
-34.02
-7.5000005
38.343851874355295
15.480001
-33.66
-7.6800003
37.836602919762925
15.480001
-33.66
-7.6800003
37.836602919762925
15.480001
-33.66
-7.6800003
37.836602919762925
15.480001
-33.66
-7.6800003
37.836602919762925
15.480001
-33.48
-8.400001
37.829894952913065
15.480001
-33.48
-8.400001
37.829894952913065
15.480001
-33.48
-8.400001
37.829894952913065
15.480001
-33.48
-8.400001
37.829894952913065
15.840001
-33.84
-8.940001
38.41841815478124
15.840001
-33.84
-8.940001
38.41841815478124
15.840001
-33.84
-8.940001
38.41841815478124
15.840001
-33.84
-8.940001
38.41841815478124
15.120001
-34.02
-8.940001
38.28705313157439
15.120001
-34.02
-8.940001
38.28705313157439
15.120001
-34.02
-8.940001
38.28705313157439
15.120001
-34.02
-8.940001
38.28705313157439
15.480001
-34.2
-7.8600006
38.35427187287535
15.480001
-34.2
-7.8600006
38.35427187287535
15.480001
-34.2
-7.8600006
38.35427187287535
15.480001
-34.2
-7.8600006
38.35427187287535
15.840001
-34.38
-7.3800006
38.5662351311027
15.840001
-34.38
-7.3800006
38.5662351311027
15.840001
-34.38
-7.3800006
38.5662351311027
15.840001
-34.38
-7.3800006
38.5662351311027
16.380001
-33.66
-6.3
37.96037394750446
16.380001
-33.66
-6.3
37.96037394750446
16.380001
-33.66
-6.3
37.96037394750446
16.380001
-33.66
-6.3
37.96037394750446
17.28
-33.48
-5.9400005
38.141740369291455
17.28
-33.48
-5.9400005
38.141740369291455
17.28
-33.48
-5.9400005
38.141740369291455
17.28
-33.48
-5.9400005
38.141740369291455
17.82
-32.94
-6.1200004
37.94799297589317
17.82
-32.94
-6.1200004
37.94799297589317
17.82
-32.94
-6.1200004
37.94799297589317
17.82
-32.94
-6.1200004
37.94799297589317
18.0
-32.58
-6.3
37.75111235943916
18.0
-32.58
-6.3
37.75111235943916
18.0
-32.58
-6.3
37.75111235943916
18.0
-32.58
-6.3
37.75111235943916
17.460001
-32.94
-6.48
37.840261309570295
17.460001
-32.94
-6.48
37.840261309570295
17.460001
-32.94
-6.48
37.840261309570295
17.460001
-32.94
-6.48
37.840261309570295
17.640001
-33.3
-6.84
38.29941533292317
17.640001
-33.3
-6.84
38.29941533292317
17.640001
-33.3
-6.84
38.29941533292317
17.640001
-33.3
-6.84
38.29941533292317
17.460001
-33.66
-6.84
38.530933190100654
17.460001
-33.66
-6.84
38.530933190100654
17.460001
-33.66
-6.84
38.530933190100654
17.460001
-33.66
-6.84
38.530933190100654
16.92
-33.84
-6.6600003
38.41598101905313
16.92
-33.84
-6.6600003
38.41598101905313
16.92
-33.84
-6.6600003
38.41598101905313
16.92
-33.84
-6.6600003
38.41598101905313
17.28
-33.66
-7.5600004
38.58429160414572
17.28
-33.66
-7.5600004
38.58429160414572
17.28
-33.66
-7.5600004
38.58429160414572
17.28
-33.66
-7.5600004
38.58429160414572
16.74
-33.12
-7.5600004
37.872357065378175
16.74
-33.12
-7.5600004
37.872357065378175
16.74
-33.12
-7.5600004
37.872357065378175
16.74
-33.12
-7.5600004
37.872357065378175
16.56
-33.3
-7.3800006
37.91553626977996
16.56
-33.3
-7.3800006
37.91553626977996
16.56
-33.3
-7.3800006
37.91553626977996
16.56
-33.3
-7.3800006
37.91553626977996
16.56
-33.12
-7.3800006
37.757546586328274
16.56
-33.12
-7.3800006
37.757546586328274
16.56
-33.12
-7.3800006
37.757546586328274
16.56
-33.12
-7.3800006
37.757546586328274
16.380001
-33.3
-6.1200004
37.61181571847636
16.380001
-33.3
-6.1200004
37.61181571847636
16.380001
-33.3
-6.1200004
37.61181571847636
16.380001
-33.3
-6.1200004
37.61181571847636
16.56
-33.3
-5.4
37.580361484902426
16.56
-33.3
-5.4
37.580361484902426
16.56
-33.3
-5.4
37.580361484902426
16.56
-33.3
-5.4
37.580361484902426
16.74
-33.12
-5.5800004
37.5272996333794
16.74
-33.12
-5.5800004
37.5272996333794
16.74
-33.12
-5.5800004
37.5272996333794
16.74
-33.12
-5.5800004
37.5272996333794
17.1
-32.58
-5.0400004
37.138500083828944
17.1
-32.58
-5.0400004
37.138500083828944
17.1
-32.58
-5.0400004
37.138500083828944
17.1
-32.58
-5.0400004
37.138500083828944
17.1
-32.22
-4.92
36.80685904891743
17.1
-32.22
-4.92
36.80685904891743
17.1
-32.22
-4.92
36.80685904891743
17.1
-32.22
-4.92
36.80685904891743
17.460001
-32.22
-4.7400002
36.95196384275046
17.460001
-32.22
-4.7400002
36.95196384275046
17.460001
-32.22
-4.7400002
36.95196384275046
17.460001
-32.22
-4.7400002
36.95196384275046
17.460001
-31.440002
-4.56
36.25077955788934
17.460001
-31.440002
-4.56
36.25077955788934
17.460001
-31.440002
-4.56
36.25077955788934
17.460001
-31.440002
-4.56
36.25077955788934
17.460001
-31.800001
-4.56
36.56344149428839
17.460001
-31.800001
-4.56
36.56344149428839
17.460001
-31.800001
-4.56
36.56344149428839
17.460001
-31.800001
-4.56
36.56344149428839
18.18
-31.260002
-4.86
36.487255641096795
18.18
-31.260002
-4.86
36.487255641096795
18.18
-31.260002
-4.86
36.487255641096795
18.18
-31.260002
-4.86
36.487255641096795
18.54
-30.54
-4.86
36.05610861906759
18.54
-30.54
-4.86
36.05610861906759
18.54
-30.54
-4.86
36.05610861906759
18.54
-30.54
-4.86
36.05610861906759
18.720001
-30.54
-4.2000003
36.066191115802106
18.720001
-30.54
-4.2000003
36.066191115802106
18.720001
-30.54
-4.2000003
36.066191115802106
18.720001
-30.54
-4.2000003
36.066191115802106
18.900002
-30.780003
-3.66
36.304466422556914
18.900002
-30.780003
-3.66
36.304466422556914
18.900002
-30.780003
-3.66
36.304466422556914
18.900002
-30.780003
-3.66
36.304466422556914
18.54
-30.960003
-2.9400003
36.206311226860024
18.54
-30.960003
-2.9400003
36.206311226860024
18.54
-30.960003
-2.9400003
36.206311226860024
18.54
-30.960003
-2.9400003
36.206311226860024
17.640001
-31.500002
-2.22
36.171095428964406
17.640001
-31.500002
-2.22
36.171095428964406
17.640001
-31.500002
-2.22
36.171095428964406
17.640001
-31.500002
-2.22
36.171095428964406
17.640001
-31.860003
-2.22
36.4850341214552
17.640001
-31.860003
-2.22
36.4850341214552
17.640001
-31.860003
-2.22
36.4850341214552
17.640001
-31.860003
-2.22
36.4850341214552
17.460001
-31.260002
-1.9200001
35.85701755595148
17.460001
-31.260002
-1.9200001
35.85701755595148
17.460001
-31.260002
-1.9200001
35.85701755595148
17.460001
-31.260002
-1.9200001
35.85701755595148
17.640001
-31.080002
-1.5600001
35.77107353922213
17.640001
-31.080002
-1.5600001
35.77107353922213
17.640001
-31.080002
-1.5600001
35.77107353922213
17.640001
-31.080002
-1.5600001
35.77107353922213
17.640001
-30.900002
-1.2
35.60083816055986
17.640001
-30.900002
-1.2
35.60083816055986
17.640001
-30.900002
-1.2
35.60083816055986
17.640001
-30.900002
-1.2
35.60083816055986
17.28
-30.720001
-0.48000002
35.24978356261124
17.28
-30.720001
-0.48000002
35.24978356261124
17.28
-30.720001
-0.48000002
35.24978356261124
17.28
-30.720001
-0.48000002
35.24978356261124
17.28
-30.54
-1.02
35.10456443734828
17.28
-30.54
-1.02
35.10456443734828
17.28
-30.54
-1.02
35.10456443734828
17.28
-30.54
-1.02
35.10456443734828
16.92
-30.900002
-0.3
35.23047719571082
16.92
-30.900002
-0.3
35.23047719571082
16.92
-30.900002
-0.3
35.23047719571082
16.92
-30.900002
-0.3
35.23047719571082
16.92
-30.36
0.060000002
34.756575367115786
16.92
-30.36
0.060000002
34.756575367115786
16.92
-30.36
0.060000002
34.756575367115786
16.92
-30.36
0.060000002
34.756575367115786
16.92
-30.000002
0.36
34.44439196292065
16.92
-30.000002
0.36
34.44439196292065
16.92
-30.000002
0.36
34.44439196292065
16.92
-30.000002
0.36
34.44439196292065
16.56
-30.54
1.08
34.75761319199993
16.56
-30.54
1.08
34.75761319199993
16.56
-30.54
1.08
34.75761319199993
16.56
-30.54
1.08
34.75761319199993
16.92
-30.54
0.72
34.92128949453238
16.92
-30.54
0.72
34.92128949453238
16.92
-30.54
0.72
34.92128949453238
16.92
-30.54
0.72
34.92128949453238
16.92
-31.680002
1.08
35.931536529667255
16.92
-31.680002
1.08
35.931536529667255
16.92
-31.680002
1.08
35.931536529667255
16.92
-31.680002
1.08
35.931536529667255
16.92
-32.4
0.90000004
36.563049207947806
16.92
-32.4
0.90000004
36.563049207947806
16.92
-32.4
0.90000004
36.563049207947806
16.92
-32.4
0.90000004
36.563049207947806
17.460001
-32.4
1.2600001
36.82661351374336
17.460001
-32.4
1.2600001
36.82661351374336
17.460001
-32.4
1.2600001
36.82661351374336
17.460001
-32.4
1.2600001
36.82661351374336
16.56
-32.58
1.8000001
36.59139483240903
16.56
-32.58
1.8000001
36.59139483240903
16.56
-32.58
1.8000001
36.59139483240903
16.56
-32.58
1.8000001
36.59139483240903
16.74
-31.980001
2.16
36.1609425973833
16.74
-31.980001
2.16
36.1609425973833
16.74
-31.980001
2.16
36.1609425973833
16.74
-31.980001
2.16
36.1609425973833
16.56
-31.080002
2.8200002
35.32920131874357
16.56
-31.080002
2.8200002
35.32920131874357
16.56
-31.080002
2.8200002
35.32920131874357
16.56
-31.080002
2.8200002
35.32920131874357
15.840001
-31.080002
3.0
35.01245593088979
15.840001
-31.080002
3.0
35.01245593088979
15.840001
-31.080002
3.0
35.01245593088979
15.840001
-31.080002
3.0
35.01245593088979
16.2
-30.720001
3.1800003
34.875075254735115
16.2
-30.720001
3.1800003
34.875075254735115
16.2
-30.720001
3.1800003
34.875075254735115
16.2
-30.720001
3.1800003
34.875075254735115
15.300001
-31.320004
3.1800003
35.002073390037374
15.300001
-31.320004
3.1800003
35.002073390037374
15.300001
-31.320004
3.1800003
35.002073390037374
15.300001
-31.320004
3.1800003
35.002073390037374
15.120001
-32.58
3.3600001
36.074374195996974
15.120001
-32.58
3.3600001
36.074374195996974
15.120001
-32.58
3.3600001
36.074374195996974
