15.300001
-30.900002
-12.18
36.56846405684224
15.300001
-30.900002
-12.18
36.56846405684224
15.300001
-30.900002
-12.18
36.56846405684224
15.840001
-30.000002
-12.360001
36.10644561624783
15.840001
-30.000002
-12.360001
36.10644561624783
15.840001
-30.000002
-12.360001
36.10644561624783
15.840001
-30.000002
-12.360001
36.10644561624783
15.300001
-29.820002
-12.720001
35.84858395640876
15.300001
-29.820002
-12.720001
35.84858395640876
15.300001
-29.820002
-12.720001
35.84858395640876
15.300001
-29.820002
-12.720001
35.84858395640876
15.300001
-30.36
-13.440001
36.55753505285367
15.300001
-30.36
-13.440001
36.55753505285367
15.300001
-30.36
-13.440001
36.55753505285367
15.300001
-30.36
-13.440001
36.55753505285367
15.120001
-31.440002
-14.160002
37.65094620324966
15.120001
-31.440002
-14.160002
37.65094620324966
15.120001
-31.440002
-14.160002
37.65094620324966
15.120001
-31.440002
-14.160002
37.65094620324966
14.760001
-32.160004
-14.280001
38.158118299878204
14.760001
-32.160004
-14.280001
38.158118299878204
14.760001
-32.160004
-14.280001
38.158118299878204
14.760001
-32.160004
-14.280001
38.158118299878204
14.520001
-32.52
-14.280001
38.3705527247947
14.520001
-32.52
-14.280001
38.3705527247947
14.520001
-32.52
-14.280001
38.3705527247947
14.520001
-32.52
-14.280001
38.3705527247947
14.520001
-31.440002
-14.280001
37.45961366925719
14.520001
-31.440002
-14.280001
37.45961366925719
14.520001
-31.440002
-14.280001
37.45961366925719
14.520001
-31.440002
-14.280001
37.45961366925719
14.160002
-30.000002
-14.64
36.26065811797184
14.160002
-30.000002
-14.64
36.26065811797184
14.160002
-30.000002
-14.64
36.26065811797184
14.160002
-30.000002
-14.64
36.26065811797184
13.800001
-29.1
-15.000001
35.52815784698103
13.800001
-29.1
-15.000001
35.52815784698103
13.800001
-29.1
-15.000001
35.52815784698103
13.800001
-29.1
-15.000001
35.52815784698103
14.160002
-28.560001
-15.18
35.30738866492306
14.160002
-28.560001
-15.18
35.30738866492306
14.160002
-28.560001
-15.18
35.30738866492306
14.160002
-28.560001
-15.18
35.30738866492306
14.7
-28.380001
-15.000001
35.30601088054094
14.7
-28.380001
-15.000001
35.30601088054094
14.7
-28.380001
-15.000001
35.30601088054094
14.7
-28.380001
-15.000001
35.30601088054094
16.2
-28.740002
-14.46
36.02109502929325
16.2
-28.740002
-14.46
36.02109502929325
16.2
-28.740002
-14.46
36.02109502929325
16.2
-28.740002
-14.46
36.02109502929325
17.460001
-28.740002
-14.46
36.605066701252234
17.460001
-28.740002
-14.46
36.605066701252234
17.460001
-28.740002
-14.46
36.605066701252234
17.460001
-28.740002
-14.46
36.605066701252234
18.18
-28.380001
-14.46
36.6746294102996
18.18
-28.380001
-14.46
36.6746294102996
18.18
-28.380001
-14.46
36.6746294102996
18.18
-28.380001
-14.46
36.6746294102996
18.18
-28.02
-14.280001
36.32562827441874
18.18
-28.02
-14.280001
36.32562827441874
18.18
-28.02
-14.280001
36.32562827441874
18.18
-28.02
-14.280001
36.32562827441874
17.640001
-27.12
-14.64
35.51047243199884
17.640001
-27.12
-14.64
35.51047243199884
17.640001
-27.12
-14.64
35.51047243199884
17.640001
-27.12
-14.64
35.51047243199884
17.28
-27.3
-14.64
35.47136898370466
17.28
-27.3
-14.64
35.47136898370466
17.28
-27.3
-14.64
35.47136898370466
17.28
-27.3
-14.64
35.47136898370466
16.92
-28.02
-14.160002
35.66388194779051
16.92
-28.02
-14.160002
35.66388194779051
16.92
-28.02
-14.160002
35.66388194779051
16.92
-28.02
-14.160002
35.66388194779051
16.74
-28.2
-13.980001
35.64979777017939
16.74
-28.2
-13.980001
35.64979777017939
16.74
-28.2
-13.980001
35.64979777017939
16.74
-28.2
-13.980001
35.64979777017939
16.92
-28.92
-13.440001
36.101059527712444
16.92
-28.92
-13.440001
36.101059527712444
16.92
-28.92
-13.440001
36.101059527712444
16.92
-28.92
-13.440001
36.101059527712444
16.92
-29.1
-12.720001
35.98464808027081
16.92
-29.1
-12.720001
35.98464808027081
16.92
-29.1
-12.720001
35.98464808027081
16.92
-29.1
-12.720001
35.98464808027081
16.92
-28.380001
-12.720001
35.404932952114876
16.92
-28.380001
-12.720001
35.404932952114876
16.92
-28.380001
-12.720001
35.404932952114876
16.92
-28.380001
-12.720001
35.404932952114876
16.92
-28.560001
-12.720001
35.54938177974232
16.92
-28.560001
-12.720001
35.54938177974232
16.92
-28.560001
-12.720001
35.54938177974232
16.92
-28.560001
-12.720001
35.54938177974232
16.92
-28.2
-13.080001
35.39227196774831
16.92
-28.2
-13.080001
35.39227196774831
16.92
-28.2
-13.080001
35.39227196774831
16.92
-28.2
-13.080001
35.39227196774831
16.56
-27.48
-14.46
35.191981841571526
16.56
-27.48
-14.46
35.191981841571526
16.56
-27.48
-14.46
35.191981841571526
16.56
-27.48
-14.46
35.191981841571526
16.380001
-27.66
-15.18
35.55013892982259
16.380001
-27.66
-15.18
35.55013892982259
16.380001
-27.66
-15.18
35.55013892982259
16.380001
-27.66
-15.18
35.55013892982259
15.840001
-27.84
-15.360001
35.52324248764374
15.840001
-27.84
-15.360001
35.52324248764374
15.840001
-27.84
-15.360001
35.52324248764374
15.840001
-27.84
-15.360001
35.52324248764374
15.840001
-28.02
-15.360001
35.664487778132504
15.840001
-28.02
-15.360001
35.664487778132504
15.840001
-28.02
-15.360001
35.664487778132504
15.840001
-28.02
-15.360001
35.664487778132504
16.56
-28.02
-15.000001
35.837885036735216
16.56
-28.02
-15.000001
35.837885036735216
16.56
-28.02
-15.000001
35.837885036735216
16.56
-28.02
-15.000001
35.837885036735216
17.1
-28.2
-15.000001
36.23051233993335
17.1
-28.2
-15.000001
36.23051233993335
17.1
-28.2
-15.000001
36.23051233993335
17.1
-28.2
-15.000001
36.23051233993335
17.82
-27.84
-15.360001
36.44924700761149
17.82
-27.84
-15.360001
36.44924700761149
17.82
-27.84
-15.360001
36.44924700761149
17.82
-27.84
-15.360001
36.44924700761149
17.28
-28.2
-15.720001
36.619078486216544
17.28
-28.2
-15.720001
36.619078486216544
17.28
-28.2
-15.720001
36.619078486216544
17.28
-28.2
-15.720001
36.619078486216544
16.380001
-28.560001
-16.26
36.72009970923622
16.380001
-28.560001
-16.26
36.72009970923622
16.380001
-28.560001
-16.26
36.72009970923622
16.380001
-28.560001
-16.26
36.72009970923622
16.380001
-28.380001
-16.080002
36.500622051634274
16.380001
-28.380001
-16.080002
36.500622051634274
16.380001
-28.380001
-16.080002
36.500622051634274
16.380001
-28.380001
-16.080002
36.500622051634274
15.840001
-29.1
-15.720001
36.67197819009768
15.840001
-29.1
-15.720001
36.67197819009768
15.840001
-29.1
-15.720001
36.67197819009768
15.840001
-29.1
-15.720001
36.67197819009768
16.020002
-29.640001
-15.000001
36.880484893987294
16.020002
-29.640001
-15.000001
36.880484893987294
16.020002
-29.640001
-15.000001
36.880484893987294
16.020002
-29.640001
-15.000001
36.880484893987294
16.020002
-30.18
-14.280001
37.03230154097737
16.020002
-30.18
-14.280001
37.03230154097737
16.020002
-30.18
-14.280001
37.03230154097737
16.020002
-30.18
-14.280001
37.03230154097737
15.300001
-31.440002
-14.64
37.90637720248649
15.300001
-31.440002
-14.64
37.90637720248649
15.300001
-31.440002
-14.64
37.90637720248649
15.300001
-31.440002
-14.64
37.90637720248649
15.120001
-31.980001
-14.820001
38.353192920884204
15.120001
-31.980001
-14.820001
38.353192920884204
15.120001
-31.980001
-14.820001
38.353192920884204
15.120001
-31.980001
-14.820001
38.353192920884204
14.9400015
-32.52
-15.360001
38.94462214157431
14.9400015
-32.52
-15.360001
38.94462214157431
14.9400015
-32.52
-15.360001
38.94462214157431
14.9400015
-32.52
-15.360001
38.94462214157431
14.340001
-33.420002
-15.540001
39.547739273448045
14.340001
-33.420002
-15.540001
39.547739273448045
14.340001
-33.420002
-15.540001
39.547739273448045
14.340001
-33.420002
-15.540001
39.547739273448045
13.980001
-33.24
-14.820001
38.98680008739737
13.980001
-33.24
-14.820001
38.98680008739737
13.980001
-33.24
-14.820001
38.98680008739737
13.980001
-33.24
-14.820001
38.98680008739737
14.160002
-33.420002
-14.64
39.13734392435344
14.160002
-33.420002
-14.64
39.13734392435344
14.160002
-33.420002
-14.64
39.13734392435344
14.160002
-33.420002
-14.64
39.13734392435344
14.340001
-33.600002
-14.1
39.15872678968333
14.340001
-33.600002
-14.1
39.15872678968333
14.340001
-33.600002
-14.1
39.15872678968333
14.340001
-33.600002
-14.1
39.15872678968333
14.7
-33.600002
-13.56
39.101455575528135
14.7
-33.600002
-13.56
39.101455575528135
14.7
-33.600002
-13.56
39.101455575528135
14.7
-33.600002
-13.56
39.101455575528135
15.300001
-33.960003
-13.74
39.70087434588972
15.300001
-33.960003
-13.74
39.70087434588972
15.300001
-33.960003
-13.74
39.70087434588972
15.300001
-33.960003
-13.74
39.70087434588972
15.480001
-33.960003
-13.92
39.83313430885382
15.480001
-33.960003
-13.92
39.83313430885382
15.480001
-33.960003
-13.92
39.83313430885382
15.480001
-33.960003
-13.92
39.83313430885382
15.300001
-33.780003
-14.46
39.802892654578194
15.300001
-33.780003
-14.46
39.802892654578194
15.300001
-33.780003
-14.46
39.802892654578194
15.300001
-33.780003
-14.46
39.802892654578194
16.2
-33.780003
-14.46
40.15744313645744
16.2
-33.780003
-14.46
40.15744313645744
16.2
-33.780003
-14.46
40.15744313645744
16.2
-33.780003
-14.46
40.15744313645744
16.380001
-34.02
-13.800001
40.200808206661094
16.380001
-34.02
-13.800001
40.200808206661094
16.380001
-34.02
-13.800001
40.200808206661094
16.380001
-34.02
-13.800001
40.200808206661094
16.56
-34.38
-12.900001
40.28185760063471
16.56
-34.38
-12.900001
40.28185760063471
16.56
-34.38
-12.900001
40.28185760063471
16.56
-34.38
-12.900001
40.28185760063471
16.56
-34.74
-12.18
40.36649273037679
16.56
-34.74
-12.18
40.36649273037679
16.56
-34.74
-12.18
40.36649273037679
16.56
-34.74
-12.18
40.36649273037679
15.660002
-35.100002
-11.46
40.10707409644993
15.660002
-35.100002
-11.46
40.10707409644993
15.660002
-35.100002
-11.46
40.10707409644993
15.660002
-35.100002
-11.46
40.10707409644993
15.480001
-35.64
-11.64
40.56266401401741
15.480001
-35.64
-11.64
40.56266401401741
15.480001
-35.64
-11.64
40.56266401401741
15.480001
-35.64
-11.64
40.56266401401741
15.120001
-35.64
-12.0
40.53176500732943
15.120001
-35.64
-12.0
40.53176500732943
15.120001
-35.64
-12.0
40.53176500732943
15.120001
-35.64
-12.0
40.53176500732943
14.760001
-35.82
-12.0
40.557737285392754
14.760001
-35.82
-12.0
40.557737285392754
14.760001
-35.82
-12.0
40.557737285392754
14.760001
-35.82
-12.0
40.557737285392754
14.580001
-36.36
-11.880001
40.936053767392806
14.580001
-36.36
-11.880001
40.936053767392806
14.580001
-36.36
-11.880001
40.936053767392806
14.580001
-36.36
-11.880001
40.936053767392806
14.760001
-36.0
-11.160001
40.47719506478308
14.760001
-36.0
-11.160001
40.47719506478308
14.760001
-36.0
-11.160001
40.47719506478308
14.760001
-36.0
-11.160001
40.47719506478308
14.9400015
-36.36
-10.9800005
40.81438129756624
14.9400015
-36.36
-10.9800005
40.81438129756624
14.9400015
-36.36
-10.9800005
40.81438129756624
14.9400015
-36.36
-10.9800005
40.81438129756624
15.300001
-36.0
-10.080001
40.39426361753764
15.300001
-36.0
-10.080001
40.39426361753764
15.300001
-36.0
-10.080001
40.39426361753764
15.300001
-36.0
-10.080001
40.39426361753764
15.840001
-35.64
-10.080001
40.28301974390078
15.840001
-35.64
-10.080001
40.28301974390078
15.840001
-35.64
-10.080001
40.28301974390078
15.840001
-35.64
-10.080001
40.28301974390078
15.660002
-35.64
-10.62
40.351328804986395
15.660002
-35.64
-10.62
40.351328804986395
15.660002
-35.64
-10.62
40.351328804986395
15.660002
-35.64
-10.62
40.351328804986395
15.660002
-35.460003
-10.62
40.19243566600095
15.660002
-35.460003
-10.62
40.19243566600095
15.660002
-35.460003
-10.62
40.19243566600095
15.660002
-35.460003
-10.62
40.19243566600095
15.06
-35.100002
-10.9800005
39.74134050969862
15.06
-35.100002
-10.9800005
39.74134050969862
15.06
-35.100002
-10.9800005
39.74134050969862
15.06
-35.100002
-10.9800005
39.74134050969862
14.88
-34.74
-10.440001
39.20810830473638
14.88
-34.74
-10.440001
39.20810830473638
14.88
-34.74
-10.440001
39.20810830473638
14.88
-34.74
-10.440001
39.20810830473638
15.06
-34.74
-9.900001
39.13669984061076
15.06
-34.74
-9.900001
39.13669984061076
15.06
-34.74
-9.900001
39.13669984061076
15.06
-34.74
-9.900001
39.13669984061076
14.88
-35.100002
-9.540001
39.2993149714669
14.88
-35.100002
-9.540001
39.2993149714669
14.88
-35.100002
-9.540001
39.2993149714669
14.88
-35.100002
-9.540001
39.2993149714669
15.300001
-36.0
-9.18
40.17913076247575
15.300001
-36.0
-9.18
40.17913076247575
15.300001
-36.0
-9.18
40.17913076247575
15.300001
-36.0
-9.18
40.17913076247575
15.660002
-36.0
-9.540001
40.401079099237094
15.660002
-36.0
-9.540001
40.401079099237094
15.660002
-36.0
-9.540001
40.401079099237094
15.660002
-36.0
-9.540001
40.401079099237094
15.660002
-35.460003
-9.360001
39.87802753494868
15.660002
-35.460003
-9.360001
39.87802753494868
15.660002
-35.460003
-9.360001
39.87802753494868
15.660002
-35.460003
-9.360001
39.87802753494868
15.840001
-34.56
-9.18
39.109740185070905
15.840001
-34.56
-9.18
39.109740185070905
15.840001
-34.56
-9.18
39.109740185070905
15.840001
-34.56
-9.18
39.109740185070905
16.380001
-34.02
-8.88
38.78813332849849
16.380001
-34.02
-8.88
38.78813332849849
16.380001
-34.02
-8.88
38.78813332849849
16.380001
-34.02
-8.88
38.78813332849849
16.380001
-33.780003
-8.52
38.496539071815434
16.380001
-33.780003
-8.52
38.496539071815434
16.380001
-33.780003
-8.52
38.496539071815434
16.380001
-33.780003
-8.52
38.496539071815434
16.2
-34.2
-8.88
38.87074025847961
16.2
-34.2
-8.88
38.87074025847961
16.2
-34.2
-8.88
38.87074025847961
16.2
-34.2
-8.88
38.87074025847961
16.56
-34.02
-9.06
38.90600997666925
16.56
-34.02
-9.06
38.90600997666925
16.56
-34.02
-9.06
38.90600997666925
16.56
-34.02
-9.06
38.90600997666925
16.74
-33.66
-9.72
38.82913259507528
16.74
-33.66
-9.72
38.82913259507528
16.74
-33.66
-9.72
38.82913259507528
16.74
-33.66
-9.72
38.82913259507528
16.92
-33.12
-9.900001
38.48676022855945
16.92
-33.12
-9.900001
38.48676022855945
16.92
-33.12
-9.900001
38.48676022855945
16.92
-33.12
-9.900001
38.48676022855945
17.82
-31.980001
-9.900001
37.92470117198519
17.82
-31.980001
-9.900001
37.92470117198519
17.82
-31.980001
-9.900001
37.92470117198519
17.82
-31.980001
-9.900001
37.92470117198519
18.18
-31.440002
-10.62
37.83874508863649
18.18
-31.440002
-10.62
37.83874508863649
18.18
-31.440002
-10.62
37.83874508863649
18.18
-31.440002
-10.62
37.83874508863649
18.0
-31.080002
-11.64
37.7552139016297
18.0
-31.080002
-11.64
37.7552139016297
18.0
-31.080002
-11.64
37.7552139016297
18.0
-31.080002
-11.64
37.7552139016297
18.18
-31.620003
-11.820001
38.34122374777
18.18
-31.620003
-11.820001
38.34122374777
18.18
-31.620003
-11.820001
38.34122374777
18.18
-31.620003
-11.820001
38.34122374777
18.18
-32.160004
-12.360001
38.95571811214385
18.18
-32.160004
-12.360001
38.95571811214385
18.18
-32.160004
-12.360001
38.95571811214385
18.18
-32.160004
-12.360001
38.95571811214385
18.720001
-31.980001
-11.52
38.80553291433613
18.720001
-31.980001
-11.52
38.80553291433613
18.720001
-31.980001
-11.52
38.80553291433613
18.720001
-31.980001
-11.52
38.80553291433613
19.44
-31.980001
-10.8
38.95220365938075
19.44
-31.980001
-10.8
38.95220365938075
19.44
-31.980001
-10.8
38.95220365938075
19.44
-31.980001
-10.8
38.95220365938075
19.260002
-31.260002
-11.34
38.42825886117614
19.260002
-31.260002
-11.34
38.42825886117614
19.260002
-31.260002
-11.34
38.42825886117614
19.260002
-31.260002
-11.34
38.42825886117614
19.260002
-30.54
-11.34
37.84488056992072
19.260002
-30.54
-11.34
37.84488056992072
19.260002
-30.54
-11.34
37.84488056992072
19.260002
-30.54
-11.34
37.84488056992072
18.54
-30.900002
-11.64
37.86860668245285
18.54
-30.900002
-11.64
37.86860668245285
18.54
-30.900002
-11.64
37.86860668245285
18.54
-30.900002
-11.64
37.86860668245285
18.18
-30.720001
-12.0
37.65940566393657
18.18
-30.720001
-12.0
37.65940566393657
18.18
-30.720001
-12.0
37.65940566393657
18.18
-30.720001
-12.0
37.65940566393657
18.36
-30.36
-12.0
37.45422825085557
18.36
-30.36
-12.0
37.45422825085557
18.36
-30.36
-12.0
37.45422825085557
18.36
-30.36
-12.0
37.45422825085557
18.18
-30.18
-12.360001
37.33784275976753
18.18
-30.18
-12.360001
37.33784275976753
18.18
-30.18
-12.360001
37.33784275976753
18.18
-30.18
-12.360001
37.33784275976753
18.54
-29.640001
-13.080001
37.32757233266048
18.54
-29.640001
-13.080001
37.32757233266048
18.54
-29.640001
-13.080001
37.32757233266048
18.54
-29.640001
-13.080001
37.32757233266048
18.54
-29.1
-13.260001
36.96443240055652
18.54
-29.1
-13.260001
36.96443240055652
18.54
-29.1
-13.260001
36.96443240055652
18.54
-29.1
-13.260001
36.96443240055652
18.720001
-28.560001
-13.56
36.74215344592298
18.720001
-28.560001
-13.56
36.74215344592298
18.720001
-28.560001
-13.56
36.74215344592298
18.720001
-28.560001
-13.56
36.74215344592298
18.900002
-29.1
-13.56
37.25444506039263
18.900002
-29.1
-13.56
37.25444506039263
18.900002
-29.1
-13.56
37.25444506039263
18.900002
-29.1
-13.56
37.25444506039263
19.080002
-29.1
-14.1
37.54552575083015
19.080002
-29.1
-14.1
37.54552575083015
19.080002
-29.1
-14.1
37.54552575083015
19.080002
-29.1
-14.1
37.54552575083015
19.260002
-29.28
-14.46
37.91250012879163
19.260002
-29.28
-14.46
37.91250012879163
19.260002
-29.28
-14.46
37.91250012879163
19.260002
-29.28
-14.46
37.91250012879163
18.720001
-30.000002
-14.1
38.068998637034866
18.720001
-30.000002
-14.1
38.068998637034866
18.720001
-30.000002
-14.1
38.068998637034866
18.720001
-30.000002
-14.1
38.068998637034866
18.36
-30.000002
-13.980001
37.84878005124059
18.36
-30.000002
-13.980001
37.84878005124059
18.36
-30.000002
-13.980001
37.84878005124059
18.36
-30.000002
-13.980001
37.84878005124059
18.54
-30.54
-13.440001
38.171416096811726
18.54
-30.54
-13.440001
38.171416096811726
18.54
-30.54
-13.440001
38.171416096811726
18.54
-30.54
-13.440001
38.171416096811726
18.54
-30.720001
-13.440001
38.315580906915336
18.54
-30.720001
-13.440001
38.315580906915336
18.54
-30.720001
-13.440001
38.315580906915336
18.54
-30.720001
-13.440001
38.315580906915336
18.720001
-30.36
-14.160002
38.37543102109327
18.720001
-30.36
-14.160002
38.37543102109327
18.720001
-30.36
-14.160002
38.37543102109327
18.720001
-30.36
-14.160002
38.37543102109327
19.080002
-30.18
-14.46
38.522337143329906
19.080002
-30.18
-14.46
38.522337143329906
19.080002
-30.18
-14.46
38.522337143329906
19.080002
-30.18
-14.46
38.522337143329906
18.900002
-30.000002
-14.64
38.360654255654644
18.900002
-30.000002
-14.64
38.360654255654644
18.900002
-30.000002
-14.64
38.360654255654644
18.900002
-30.000002
-14.64
38.360654255654644
18.54
-30.36
-15.18
38.676783148130355
18.54
-30.36
-15.18
38.676783148130355
18.54
-30.36
-15.18
38.676783148130355
18.54
-30.36
-15.18
38.676783148130355
18.36
-31.260002
-15.18
39.302795279685576
18.36
-31.260002
-15.18
39.302795279685576
18.36
-31.260002
-15.18
39.302795279685576
18.36
-31.260002
-15.18
39.302795279685576
18.18
-31.620003
-15.18
39.50657425264417
18.18
-31.620003
-15.18
39.50657425264417
18.18
-31.620003
-15.18
39.50657425264417
18.18
-31.620003
-15.18
39.50657425264417
17.28
-31.620003
-15.360001
39.17081233600472
17.28
-31.620003
-15.360001
39.17081233600472
17.28
-31.620003
-15.360001
39.17081233600472
17.28
-31.620003
-15.360001
39.17081233600472
17.28
-31.620003
-14.820001
38.962230684624245
17.28
-31.620003
-14.820001
38.962230684624245
17.28
-31.620003
-14.820001
38.962230684624245
17.28
-31.620003
-14.820001
38.962230684624245
18.0
-31.440002
-15.000001
39.2106331864561
18.0
-31.440002
-15.000001
39.2106331864561
18.0
-31.440002
-15.000001
39.2106331864561
18.0
-31.440002
-15.000001
39.2106331864561
18.18
-31.080002
-15.540001
39.21696646840975
18.18
-31.080002
-15.540001
39.21696646840975
18.18
-31.080002
-15.540001
39.21696646840975
18.18
-31.080002
-15.540001
39.21696646840975
19.260002
-31.080002
-15.900001
39.871346141860606
19.260002
-31.080002
-15.900001
39.871346141860606
19.260002
-31.080002
-15.900001
39.871346141860606
19.260002
-31.080002
-15.900001
39.871346141860606
19.800001
-31.080002
-16.26
40.27895436874029
19.800001
-31.080002
-16.26
40.27895436874029
19.800001
-31.080002
-16.26
40.27895436874029
19.800001
-31.080002
-16.26
40.27895436874029
19.44
-30.900002
-16.080002
39.890979972960366
19.44
-30.900002
-16.080002
39.890979972960366
19.44
-30.900002
-16.080002
39.890979972960366
19.44
-30.900002
-16.080002
39.890979972960366
19.62
-31.080002
-15.540001
39.90491781498005
19.62
-31.080002
-15.540001
39.90491781498005
19.62
-31.080002
-15.540001
39.90491781498005
19.62
-31.080002
-15.540001
39.90491781498005
18.720001
-31.440002
-14.820001
39.47840774061658
18.720001
-31.440002
-14.820001
39.47840774061658
18.720001
-31.440002
-14.820001
39.47840774061658
18.720001
-31.440002
-14.820001
39.47840774061658
18.18
-31.620003
-14.280001
39.169573563724974
18.18
-31.620003
-14.280001
39.169573563724974
18.18
-31.620003
-14.280001
39.169573563724974
18.18
-31.620003
-14.280001
39.169573563724974
18.18
-31.980001
-14.46
39.52625030142152
18.18
-31.980001
-14.46
39.52625030142152
18.18
-31.980001
-14.46
39.52625030142152
18.18
-31.980001
-14.46
39.52625030142152
17.460001
-31.980001
-14.280001
39.13426376701033
17.460001
-31.980001
-14.280001
39.13426376701033
17.460001
-31.980001
-14.280001
39.13426376701033
17.460001
-31.980001
-14.280001
39.13426376701033
17.640001
-31.800001
-14.64
39.201266023082724
17.640001
-31.800001
-14.64
39.201266023082724
17.640001
-31.800001
-14.64
39.201266023082724
17.640001
-31.800001
-14.64
39.201266023082724
17.82
-31.980001
-14.820001
39.49563767693608
17.82
-31.980001
-14.820001
39.49563767693608
17.82
-31.980001
-14.820001
39.49563767693608
17.82
-31.980001
-14.820001
39.49563767693608
17.82
-31.980001
-14.46
39.36196770936541
17.82
-31.980001
-14.46
39.36196770936541
17.82
-31.980001
-14.46
39.36196770936541
17.82
-31.980001
-14.46
39.36196770936541
17.82
-32.52
-14.340001
39.75850101953433
17.82
-32.52
-14.340001
39.75850101953433
17.82
-32.52
-14.340001
39.75850101953433
17.82
-32.52
-14.340001
39.75850101953433
18.0
-32.340004
-13.800001
39.50083439585485
18.0
-32.340004
-13.800001
39.50083439585485
18.0
-32.340004
-13.800001
39.50083439585485
18.0
-32.340004
-13.800001
39.50083439585485
17.640001
-31.980001
-13.800001
39.04267152994672
17.640001
-31.980001
-13.800001
39.04267152994672
17.640001
-31.980001
-13.800001
39.04267152994672
17.640001
-31.980001
-13.800001
39.04267152994672
18.0
-31.620003
-14.46
39.15247294482575
18.0
-31.620003
-14.46
39.15247294482575
18.0
-31.620003
-14.46
39.15247294482575
18.0
-31.620003
-14.46
39.15247294482575
18.54
-31.080002
-14.820001
39.10665629283908
18.54
-31.080002
-14.820001
39.10665629283908
18.54
-31.080002
-14.820001
39.10665629283908
18.54
-31.080002
-14.820001
39.10665629283908
18.900002
-31.440002
-15.360001
39.769503433162356
18.900002
-31.440002
-15.360001
39.769503433162356
18.900002
-31.440002
-15.360001
39.769503433162356
18.900002
-31.440002
-15.360001
39.769503433162356
19.44
-31.080002
-15.360001
39.746819902764706
19.44
-31.080002
-15.360001
39.746819902764706
19.44
-31.080002
-15.360001
39.746819902764706
19.44
-31.080002
-15.360001
39.746819902764706
19.62
-30.900002
-15.18
39.625583776752585
19.62
-30.900002
-15.18
39.625583776752585
19.62
-30.900002
-15.18
39.625583776752585
19.62
-30.900002
-15.18
39.625583776752585
19.260002
-31.620003
-14.64
39.81333704477213
19.260002
-31.620003
-14.64
39.81333704477213
19.260002
-31.620003
-14.64
39.81333704477213
19.260002
-31.620003
-14.64
39.81333704477213
18.54
-32.160004
-14.1
39.70903697129282
18.54
-32.160004
-14.1
39.70903697129282
18.54
-32.160004
-14.1
39.70903697129282
18.54
-32.160004
-14.1
39.70903697129282
18.0
-33.06
-13.56
40.01046616004055
18.0
-33.06
-13.56
40.01046616004055
18.0
-33.06
-13.56
40.01046616004055
18.0
-33.06
-13.56
40.01046616004055
17.1
-34.38
-13.260001
40.62292662978321
17.1
-34.38
-13.260001
40.62292662978321
17.1
-34.38
-13.260001
40.62292662978321
17.1
-34.38
-13.260001
40.62292662978321
16.74
-34.56
-13.56
40.72462394077062
16.74
-34.56
-13.56
40.72462394077062
16.74
-34.56
-13.56
40.72462394077062
16.74
-34.56
-13.56
40.72462394077062
16.380001
-34.74
-13.92
40.85264344644664
16.380001
-34.74
-13.92
40.85264344644664
16.380001
-34.74
-13.92
40.85264344644664
16.380001
-34.74
-13.92
40.85264344644664
16.2
-34.56
-14.280001
40.752327507341526
16.2
-34.56
-14.280001
40.752327507341526
16.2
-34.56
-14.280001
40.752327507341526
16.2
-34.56
-14.280001
40.752327507341526
16.020002
-33.66
-15.000001
40.18253486775613
16.020002
-33.66
-15.000001
40.18253486775613
16.020002
-33.66
-15.000001
40.18253486775613
16.020002
-33.66
-15.000001
40.18253486775613
16.56
-33.3
-15.18
40.169091453543295
16.56
-33.3
-15.18
40.169091453543295
16.56
-33.3
-15.18
40.169091453543295
16.56
-33.3
-15.18
40.169091453543295
16.92
-32.340004
-14.820001
39.392825206303435
16.92
-32.340004
-14.820001
39.392825206303435
16.92
-32.340004
-14.820001
39.392825206303435
16.92
-32.340004
-14.820001
39.392825206303435
17.1
-31.980001
-14.280001
38.97497851436627
17.1
-31.980001
-14.280001
38.97497851436627
17.1
-31.980001
-14.280001
38.97497851436627
17.1
-31.980001
-14.280001
38.97497851436627
17.640001
-31.620003
-13.260001
38.55932960275713
17.640001
-31.620003
-13.260001
38.55932960275713
17.640001
-31.620003
-13.260001
38.55932960275713
17.640001
-31.620003
-13.260001
38.55932960275713
17.640001
-31.440002
-13.260001
38.41186105014879
17.640001
-31.440002
-13.260001
38.41186105014879
17.640001
-31.440002
-13.260001
38.41186105014879
17.640001
-31.440002
-13.260001
38.41186105014879
18.36
-31.440002
-13.260001
38.74778692017052
18.36
-31.440002
-13.260001
38.74778692017052
18.36
-31.440002
-13.260001
38.74778692017052
18.36
-31.440002
-13.260001
38.74778692017052
19.080002
-31.800001
-13.38
39.42475000663844
19.080002
-31.800001
-13.38
39.42475000663844
19.080002
-31.800001
-13.38
39.42475000663844
19.080002
-31.800001
-13.38
39.42475000663844
19.44
-32.52
-12.900001
40.02341996266452
19.44
-32.52
-12.900001
40.02341996266452
19.44
-32.52
-12.900001
40.02341996266452
19.44
-32.52
-12.900001
40.02341996266452
19.44
-32.52
-11.46
39.58276966429806
19.44
-32.52
-11.46
39.58276966429806
19.44
-32.52
-11.46
39.58276966429806
19.44
-32.52
-11.46
39.58276966429806
19.080002
-32.88
-10.440001
39.42251442456059
19.080002
-32.88
-10.440001
39.42251442456059
19.080002
-32.88
-10.440001
39.42251442456059
19.080002
-32.88
-10.440001
39.42251442456059
18.900002
-33.24
-9.360001
39.36645027465091
18.900002
-33.24
-9.360001
39.36645027465091
18.900002
-33.24
-9.360001
39.36645027465091
18.900002
-33.24
-9.360001
39.36645027465091
18.54
-33.420002
-9.0
39.26357311590636
18.54
-33.420002
-9.0
39.26357311590636
18.54
-33.420002
-9.0
39.26357311590636
18.54
-33.420002
-9.0
39.26357311590636
18.720001
-33.24
-9.540001
39.32362875321036
18.720001
-33.24
-9.540001
39.32362875321036
18.720001
-33.24
-9.540001
39.32362875321036
18.720001
-33.24
-9.540001
39.32362875321036
18.54
-33.24
-9.06
39.1243276325014
18.54
-33.24
-9.06
39.1243276325014
18.54
-33.24
-9.06
39.1243276325014
18.54
-33.24
-9.06
39.1243276325014
18.36
-32.7
-9.06
38.58060726370099
18.36
-32.7
-9.06
38.58060726370099
18.36
-32.7
-9.06
38.58060726370099
18.36
-32.7
-9.06
38.58060726370099
18.720001
-31.980001
-9.240001
38.190790761955135
18.720001
-31.980001
-9.240001
38.190790761955135
18.720001
-31.980001
-9.240001
38.190790761955135
18.720001
-31.980001
-9.240001
38.190790761955135
18.18
-32.160004
-8.34
37.87260202804925
18.18
-32.160004
-8.34
37.87260202804925
18.18
-32.160004
-8.34
37.87260202804925
18.18
-32.160004
-8.34
37.87260202804925
18.900002
-31.800001
-8.88
38.04345467172211
18.900002
-31.800001
-8.88
38.04345467172211
18.900002
-31.800001
-8.88
38.04345467172211
18.900002
-31.800001
-8.88
38.04345467172211
19.62
-31.260002
-8.52
37.87773298720503
19.62
-31.260002
-8.52
37.87773298720503
19.62
-31.260002
-8.52
37.87773298720503
19.62
-31.260002
-8.52
37.87773298720503
20.160002
-31.080002
-8.16
37.93385903296437
20.160002
-31.080002
-8.16
37.93385903296437
20.160002
-31.080002
-8.16
37.93385903296437
20.160002
-31.080002
-8.16
37.93385903296437
21.480001
-30.18
-8.34
37.97075933469233
21.480001
-30.18
-8.34
37.97075933469233
21.480001
-30.18
-8.34
37.97075933469233
21.480001
-30.18
-8.34
37.97075933469233
22.200003
-29.460001
-7.98
37.741386188709505
22.200003
-29.460001
-7.98
37.741386188709505
22.200003
-29.460001
-7.98
37.741386188709505
22.200003
-29.460001
-7.98
37.741386188709505
22.380001
-28.560001
-8.52
37.27101474388727
22.380001
-28.560001
-8.52
37.27101474388727
22.380001
-28.560001
-8.52
37.27101474388727
22.380001
-28.560001
-8.52
37.27101474388727
22.74
-28.02
-7.98
36.95819864746691
22.74
-28.02
-7.98
36.95819864746691
22.74
-28.02
-7.98
36.95819864746691
22.74
-28.02
-7.98
36.95819864746691
22.560001
-28.560001
-7.2600007
37.1124653318506
22.560001
-28.560001
-7.2600007
37.1124653318506
22.560001
-28.560001
-7.2600007
37.1124653318506
22.560001
-28.560001
-7.2600007
37.1124653318506
21.840002
-28.92
-6.6
36.83628794239452
21.840002
-28.92
-6.6
36.83628794239452
21.840002
-28.92
-6.6
36.83628794239452
21.840002
-28.92
-6.6
36.83628794239452
21.24
-29.820002
-5.34
36.99845594328904
21.24
-29.820002
-5.34
36.99845594328904
21.24
-29.820002
-5.34
36.99845594328904
21.24
-29.820002
-5.34
36.99845594328904
20.340002
-30.54
-5.1600003
37.05445936705021
20.340002
-30.54
-5.1600003
37.05445936705021
20.340002
-30.54
-5.1600003
37.05445936705021
20.340002
-30.54
-5.1600003
37.05445936705021
19.980001
-30.36
-5.7000003
36.78885760587453
19.980001
-30.36
-5.7000003
36.78885760587453
19.980001
-30.36
-5.7000003
36.78885760587453
19.980001
-30.36
-5.7000003
36.78885760587453
19.980001
-30.720001
-6.06
37.14354019375374
19.980001
-30.720001
-6.06
37.14354019375374
19.980001
-30.720001
-6.06
37.14354019375374
19.980001
-30.720001
-6.06
37.14354019375374
19.800001
-31.080002
-6.3600006
37.395937971360105
19.800001
-31.080002
-6.3600006
37.395937971360105
19.800001
-31.080002
-6.3600006
37.395937971360105
19.800001
-31.080002
-6.3600006
37.395937971360105
19.62
-30.54
-6.1800003
36.82157643571141
19.62
-30.54
-6.1800003
36.82157643571141
19.62
-30.54
-6.1800003
36.82157643571141
19.62
-30.54
-6.1800003
36.82157643571141
19.44
-30.000002
-6.3600006
36.30927434306988
19.44
-30.000002
-6.3600006
36.30927434306988
19.44
-30.000002
-6.3600006
36.30927434306988
19.44
-30.000002
-6.3600006
36.30927434306988
19.080002
-29.640001
-6.3600006
35.81934891697416
19.080002
-29.640001
-6.3600006
35.81934891697416
19.080002
-29.640001
-6.3600006
35.81934891697416
19.080002
-29.640001
-6.3600006
35.81934891697416
19.260002
-29.28
-6.06
35.56669433745214
19.260002
-29.28
-6.06
35.56669433745214
19.260002
-29.28
-6.06
35.56669433745214
19.260002
-29.28
-6.06
35.56669433745214
19.980001
-29.28
-6.4200006
36.02409404221708
19.980001
-29.28
-6.4200006
36.02409404221708
19.980001
-29.28
-6.4200006
36.02409404221708
19.980001
-29.28
-6.4200006
36.02409404221708
20.340002
-29.460001
-5.8800006
36.27922111575199
20.340002
-29.460001
-5.8800006
36.27922111575199
20.340002
-29.460001
-5.8800006
36.27922111575199
20.340002
-29.460001
-5.8800006
36.27922111575199
20.520002
-29.1
-5.1600003
35.979245455062355
20.520002
-29.1
-5.1600003
35.979245455062355
20.520002
-29.1
-5.1600003
35.979245455062355
20.520002
-29.1
-5.1600003
35.979245455062355
20.160002
-29.28
-4.98
35.896302813299066
20.160002
-29.28
-4.98
35.896302813299066
20.160002
-29.28
-4.98
35.896302813299066
20.160002
-29.28
-4.98
35.896302813299066
19.800001
-29.28
-3.9
35.560769949130744
19.800001
-29.28
-3.9
35.560769949130744
19.800001
-29.28
-3.9
35.560769949130744
19.800001
-29.28
-3.9
35.560769949130744
19.260002
-29.28
-2.5200002
35.13710937282868
19.260002
-29.28
-2.5200002
35.13710937282868
19.260002
-29.28
-2.5200002
35.13710937282868
19.260002
-29.28
-2.5200002
35.13710937282868
18.900002
-29.460001
-1.32
35.02633460998935
18.900002
-29.460001
-1.32
35.02633460998935
18.900002
-29.460001
-1.32
35.02633460998935
18.900002
-29.460001
-1.32
35.02633460998935
18.900002
-29.460001
-0.24000001
35.00227566541656
18.900002
-29.460001
-0.24000001
35.00227566541656
18.900002
-29.460001
-0.24000001
35.00227566541656
18.900002
-29.460001
-0.24000001
35.00227566541656
18.18
-29.640001
0.48000002
34.774595050661624
18.18
-29.640001
0.48000002
34.774595050661624
18.18
-29.640001
0.48000002
34.774595050661624
18.18
-29.640001
0.48000002
34.774595050661624
18.18
-29.28
0.120000005
34.46513041965386
18.18
-29.28
0.120000005
34.46513041965386
18.18
-29.28
0.120000005
34.46513041965386
18.18
-29.28
0.120000005
34.46513041965386
18.720001
-29.460001
0.120000005
34.90479168283167
18.720001
-29.460001
0.120000005
34.90479168283167
18.720001
-29.460001
0.120000005
34.90479168283167
