-22.800001
27.36
-15.480001
38.83349277534552
-22.800001
27.36
-15.480001
38.83349277534552
-22.980001
27.18
-15.120001
38.67101324797425
-22.980001
27.18
-15.120001
38.67101324797425
-22.980001
27.18
-15.120001
38.67101324797425
-22.980001
27.18
-15.120001
38.67101324797425
-23.160002
27.000002
-14.820001
38.5359337304361
-23.160002
27.000002
-14.820001
38.5359337304361
-23.160002
27.000002
-14.820001
38.5359337304361
-23.160002
27.000002
-14.820001
38.5359337304361
-23.340002
26.28
-14.46
38.00638888007022
-23.340002
26.28
-14.46
38.00638888007022
-23.340002
26.28
-14.46
38.00638888007022
-23.340002
26.28
-14.46
38.00638888007022
-24.42
25.560001
-14.1
38.058641660970046
-24.42
25.560001
-14.1
38.058641660970046
-24.42
25.560001
-14.1
38.058641660970046
-24.42
25.560001
-14.1
38.058641660970046
-25.140003
23.94
-13.74
37.33538413091695
-25.140003
23.94
-13.74
37.33538413091695
-25.140003
23.94
-13.74
37.33538413091695
-25.140003
23.94
-13.74
37.33538413091695
-25.860003
23.04
-13.56
37.1948243181049
-25.860003
23.04
-13.56
37.1948243181049
-25.860003
23.04
-13.56
37.1948243181049
-25.860003
23.04
-13.56
37.1948243181049
-26.22
22.5
-13.56
37.116195096973
-26.22
22.5
-13.56
37.116195096973
-26.22
22.5
-13.56
37.116195096973
-26.22
22.5
-13.56
37.116195096973
-25.680002
22.5
-13.38
36.670655004738634
-25.680002
22.5
-13.38
36.670655004738634
-25.680002
22.5
-13.38
36.670655004738634
-25.680002
22.5
-13.38
36.670655004738634
-25.320002
23.400002
-13.92
37.18102950535562
-25.320002
23.400002
-13.92
37.18102950535562
-25.320002
23.400002
-13.92
37.18102950535562
-25.320002
23.400002
-13.92
37.18102950535562
-25.500002
23.220001
-14.64
37.466627402867644
-25.500002
23.220001
-14.64
37.466627402867644
-25.500002
23.220001
-14.64
37.466627402867644
-25.500002
23.220001
-14.64
37.466627402867644
-25.860003
23.760002
-14.64
38.04743165660545
-25.860003
23.760002
-14.64
38.04743165660545
-25.860003
23.760002
-14.64
38.04743165660545
-25.860003
23.760002
-14.64
38.04743165660545
-26.22
23.220001
-14.9400015
38.077031811349215
-26.22
23.220001
-14.9400015
38.077031811349215
-26.22
23.220001
-14.9400015
38.077031811349215
-26.22
23.220001
-14.9400015
38.077031811349215
-26.58
22.86
-14.280001
37.85491390606955
-26.58
22.86
-14.280001
37.85491390606955
-26.58
22.86
-14.280001
37.85491390606955
-26.58
22.86
-14.280001
37.85491390606955
-26.58
23.220001
-14.280001
38.073392966126946
-26.58
23.220001
-14.280001
38.073392966126946
-26.58
23.220001
-14.280001
38.073392966126946
-26.58
23.220001
-14.280001
38.073392966126946
-27.18
22.320002
-14.280001
37.95857470394124
-27.18
22.320002
-14.280001
37.95857470394124
-27.18
22.320002
-14.280001
37.95857470394124
-27.18
22.320002
-14.280001
37.95857470394124
-27.54
22.320002
-14.46
38.28479734839682
-27.54
22.320002
-14.46
38.28479734839682
-27.54
22.320002
-14.46
38.28479734839682
-27.54
22.320002
-14.46
38.28479734839682
-27.36
23.220001
-14.9400015
38.87083290065477
-27.36
23.220001
-14.9400015
38.87083290065477
-27.36
23.220001
-14.9400015
38.87083290065477
-27.36
23.220001
-14.9400015
38.87083290065477
-26.640001
24.12
-15.480001
39.1292039849035
-26.640001
24.12
-15.480001
39.1292039849035
-26.640001
24.12
-15.480001
39.1292039849035
-26.640001
24.12
-15.480001
39.1292039849035
-25.380001
25.2
-16.56
39.41342680978939
-25.380001
25.2
-16.56
39.41342680978939
-25.380001
25.2
-16.56
39.41342680978939
-25.380001
25.2
-16.56
39.41342680978939
-24.6
26.28
-17.220001
39.90397103418249
-24.6
26.28
-17.220001
39.90397103418249
-24.6
26.28
-17.220001
39.90397103418249
-24.6
26.28
-17.220001
39.90397103418249
-24.24
25.92
-18.12
39.84668647267377
-24.24
25.92
-18.12
39.84668647267377
-24.24
25.92
-18.12
39.84668647267377
-24.24
25.92
-18.12
39.84668647267377
-24.060001
25.74
-18.12
39.62026939674076
-24.060001
25.74
-18.12
39.62026939674076
-24.060001
25.74
-18.12
39.62026939674076
-24.060001
25.74
-18.12
39.62026939674076
-24.060001
25.02
-18.12
39.15633417289436
-24.060001
25.02
-18.12
39.15633417289436
-24.060001
25.02
-18.12
39.15633417289436
-24.060001
25.02
-18.12
39.15633417289436
-24.24
24.12
-18.12
38.69995508314577
-24.24
24.12
-18.12
38.69995508314577
-24.24
24.12
-18.12
38.69995508314577
-24.24
24.12
-18.12
38.69995508314577
-23.700003
24.480001
-18.12
38.59138561836453
-23.700003
24.480001
-18.12
38.59138561836453
-23.700003
24.480001
-18.12
38.59138561836453
-23.700003
24.480001
-18.12
38.59138561836453
-23.880001
24.660002
-19.2
39.33204967753318
-23.880001
24.660002
-19.2
39.33204967753318
-23.880001
24.660002
-19.2
39.33204967753318
-23.880001
24.660002
-19.2
39.33204967753318
-24.060001
25.560001
-19.56
40.18445932800857
-24.060001
25.560001
-19.56
40.18445932800857
-24.060001
25.560001
-19.56
40.18445932800857
-24.060001
25.560001
-19.56
40.18445932800857
-23.700003
26.1
-20.220001
40.64170930406655
-23.700003
26.1
-20.220001
40.64170930406655
-23.700003
26.1
-20.220001
40.64170930406655
-23.700003
26.1
-20.220001
40.64170930406655
-24.060001
26.1
-20.94
41.21380099648812
-24.060001
26.1
-20.94
41.21380099648812
-24.060001
26.1
-20.94
41.21380099648812
-24.060001
26.1
-20.94
41.21380099648812
-23.880001
25.74
-20.760002
40.78945529283197
-23.880001
25.74
-20.760002
40.78945529283197
-23.880001
25.74
-20.760002
40.78945529283197
-23.880001
25.74
-20.760002
40.78945529283197
-23.340002
25.2
-21.660002
40.607281292217934
-23.340002
25.2
-21.660002
40.607281292217934
-23.340002
25.2
-21.660002
40.607281292217934
-23.340002
25.2
-21.660002
40.607281292217934
-22.980001
26.1
-21.660002
40.968843857157935
-22.980001
26.1
-21.660002
40.968843857157935
-22.980001
26.1
-21.660002
40.968843857157935
-22.980001
26.1
-21.660002
40.968843857157935
-23.160002
25.92
-21.840002
41.051404037346884
-23.160002
25.92
-21.840002
41.051404037346884
-23.160002
25.92
-21.840002
41.051404037346884
-23.160002
25.92
-21.840002
41.051404037346884
-22.980001
25.560001
-22.5
41.08094501065853
-22.980001
25.560001
-22.5
41.08094501065853
-22.980001
25.560001
-22.5
41.08094501065853
-22.980001
25.560001
-22.5
41.08094501065853
-22.800001
26.1
-22.68
41.41777846585781
-22.800001
26.1
-22.68
41.41777846585781
-22.800001
26.1
-22.68
41.41777846585781
-22.800001
26.1
-22.68
41.41777846585781
-22.62
25.2
-23.400002
41.16144465840804
-22.62
25.2
-23.400002
41.16144465840804
-22.62
25.2
-23.400002
41.16144465840804
-22.62
25.2
-23.400002
41.16144465840804
-22.260002
25.2
-24.060001
41.34527054554577
-22.260002
25.2
-24.060001
41.34527054554577
-22.260002
25.2
-24.060001
41.34527054554577
-22.260002
25.2
-24.060001
41.34527054554577
-21.900002
25.74
-24.78
41.90711367724831
-21.900002
25.74
-24.78
41.90711367724831
-21.900002
25.74
-24.78
41.90711367724831
-21.900002
25.74
-24.78
41.90711367724831
-22.080002
25.380001
-24.960001
41.88881243747398
-22.080002
25.380001
-24.960001
41.88881243747398
-22.080002
25.380001
-24.960001
41.88881243747398
-22.080002
25.380001
-24.960001
41.88881243747398
-21.54
24.840002
-25.680002
41.718818761647455
-21.54
24.840002
-25.680002
41.718818761647455
-21.54
24.840002
-25.680002
41.718818761647455
-21.54
24.840002
-25.680002
41.718818761647455
-21.0
24.660002
-26.040003
41.55956580338184
-21.0
24.660002
-26.040003
41.55956580338184
-21.0
24.660002
-26.040003
41.55956580338184
-21.0
24.660002
-26.040003
41.55956580338184
-21.18
23.94
-26.22
41.34252466532644
-21.18
23.94
-26.22
41.34252466532644
-21.18
23.94
-26.22
41.34252466532644
-21.18
23.94
-26.22
41.34252466532644
-21.0
23.400002
-25.860003
40.70994724496091
-21.0
23.400002
-25.860003
40.70994724496091
-21.0
23.400002
-25.860003
40.70994724496091
-21.0
23.400002
-25.860003
40.70994724496091
-21.900002
23.04
-25.860003
40.97793804292744
-21.900002
23.04
-25.860003
40.97793804292744
-21.900002
23.04
-25.860003
40.97793804292744
-21.900002
23.04
-25.860003
40.97793804292744
-22.62
22.86
-26.040003
41.380260121637406
-22.62
22.86
-26.040003
41.380260121637406
-22.62
22.86
-26.040003
41.380260121637406
-22.62
22.86
-26.040003
41.380260121637406
-22.800001
22.68
-25.500002
41.04232613022424
-22.800001
22.68
-25.500002
41.04232613022424
-22.800001
22.68
-25.500002
41.04232613022424
-22.800001
22.68
-25.500002
41.04232613022424
-22.980001
22.5
-26.4
41.608777983418804
-22.980001
22.5
-26.4
41.608777983418804
-22.980001
22.5
-26.4
41.608777983418804
-22.980001
22.5
-26.4
41.608777983418804
-22.62
22.140001
-26.58
41.33207684319619
-22.62
22.140001
-26.58
41.33207684319619
-22.62
22.140001
-26.58
41.33207684319619
-22.62
22.140001
-26.58
41.33207684319619
-22.62
21.960001
-26.22
41.004809585945985
-22.62
21.960001
-26.22
41.004809585945985
-22.62
21.960001
-26.22
41.004809585945985
-22.62
21.960001
-26.22
41.004809585945985
-23.160002
20.160002
-27.060001
40.92743495066146
-23.160002
20.160002
-27.060001
40.92743495066146
-23.160002
20.160002
-27.060001
40.92743495066146
-23.160002
20.160002
-27.060001
40.92743495066146
-23.520002
19.080002
-27.420002
40.8545408230147
-23.520002
19.080002
-27.420002
40.8545408230147
-23.520002
19.080002
-27.420002
40.8545408230147
-23.520002
19.080002
-27.420002
40.8545408230147
-23.880001
18.0
-27.240002
40.450861755924
-23.880001
18.0
-27.240002
40.450861755924
-23.880001
18.0
-27.240002
40.450861755924
-23.880001
18.0
-27.240002
40.450861755924
-24.42
16.020002
-27.780003
40.30763506255282
-24.42
16.020002
-27.780003
40.30763506255282
-24.42
16.020002
-27.780003
40.30763506255282
-24.42
16.020002
-27.780003
40.30763506255282
-24.6
16.2
-26.880001
39.876490837138306
-24.6
16.2
-26.880001
39.876490837138306
-24.6
16.2
-26.880001
39.876490837138306
-24.6
16.2
-26.880001
39.876490837138306
-24.960001
15.300001
-26.4
39.421461613468715
-24.960001
15.300001
-26.4
39.421461613468715
-24.960001
15.300001
-26.4
39.421461613468715
-24.960001
15.300001
-26.4
39.421461613468715
-24.960001
15.660002
-26.4
39.5625740520634
-24.960001
15.660002
-26.4
39.5625740520634
-24.960001
15.660002
-26.4
39.5625740520634
-24.960001
15.660002
-26.4
39.5625740520634
-24.78
16.380001
-25.860003
39.383913611615434
-24.78
16.380001
-25.860003
39.383913611615434
-24.78
16.380001
-25.860003
39.383913611615434
-24.78
16.380001
-25.860003
39.383913611615434
-25.140003
15.660002
-26.040003
39.43776309836963
-25.140003
15.660002
-26.040003
39.43776309836963
-25.140003
15.660002
-26.040003
39.43776309836963
-25.140003
15.660002
-26.040003
39.43776309836963
-26.1
15.480001
-25.680002
39.75302477190415
-26.1
15.480001
-25.680002
39.75302477190415
-26.1
15.480001
-25.680002
39.75302477190415
-26.1
15.480001
-25.680002
39.75302477190415
-26.640001
15.120001
-26.22
40.32111705383111
-26.640001
15.120001
-26.22
40.32111705383111
-26.640001
15.120001
-26.22
40.32111705383111
-26.640001
15.120001
-26.22
40.32111705383111
-26.820002
15.480001
-26.58
40.809794548057795
-26.820002
15.480001
-26.58
40.809794548057795
-26.820002
15.480001
-26.58
40.809794548057795
-26.820002
15.480001
-26.58
40.809794548057795
-25.92
17.640001
-27.240002
41.533524909478245
-25.92
17.640001
-27.240002
41.533524909478245
-25.92
17.640001
-27.240002
41.533524909478245
-25.92
17.640001
-27.240002
41.533524909478245
-24.060001
19.44
-27.960003
41.69603196985596
-24.060001
19.44
-27.960003
41.69603196985596
-24.060001
19.44
-27.960003
41.69603196985596
-24.060001
19.44
-27.960003
41.69603196985596
-23.340002
20.880001
-27.600002
41.74314595685141
-23.340002
20.880001
-27.600002
41.74314595685141
-23.340002
20.880001
-27.600002
41.74314595685141
-23.340002
20.880001
-27.600002
41.74314595685141
-22.260002
21.42
-27.780003
41.54578934506706
-22.260002
21.42
-27.780003
41.54578934506706
-22.260002
21.42
-27.780003
41.54578934506706
-22.260002
21.42
-27.780003
41.54578934506706
-21.36
21.42
-27.600002
40.94906802205637
-21.36
21.42
-27.600002
40.94906802205637
-21.36
21.42
-27.600002
40.94906802205637
-21.36
21.42
-27.600002
40.94906802205637
-21.36
21.42
-27.420002
40.82796354732716
-21.36
21.42
-27.420002
40.82796354732716
-21.36
21.42
-27.420002
40.82796354732716
-21.36
21.42
-27.420002
40.82796354732716
-21.0
21.6
-27.600002
40.85731501738321
-21.0
21.6
-27.600002
40.85731501738321
-21.0
21.6
-27.600002
40.85731501738321
-21.0
21.6
-27.600002
40.85731501738321
-21.54
21.24
-27.960003
41.19309521934471
-21.54
21.24
-27.960003
41.19309521934471
-21.54
21.24
-27.960003
41.19309521934471
-21.54
21.24
-27.960003
41.19309521934471
-21.900002
21.06
-27.780003
41.168703921998656
-21.900002
21.06
-27.780003
41.168703921998656
-21.900002
21.06
-27.780003
41.168703921998656
-21.900002
21.06
-27.780003
41.168703921998656
-22.260002
21.06
-27.780003
41.36133176802942
-22.260002
21.06
-27.780003
41.36133176802942
-22.260002
21.06
-27.780003
41.36133176802942
-22.260002
21.06
-27.780003
41.36133176802942
-22.44
20.520002
-28.140003
41.4304705104679
-22.44
20.520002
-28.140003
41.4304705104679
-22.44
20.520002
-28.140003
41.4304705104679
-22.44
20.520002
-28.140003
41.4304705104679
-22.44
20.880001
-27.600002
41.24667511458121
-22.44
20.880001
-27.600002
41.24667511458121
-22.44
20.880001
-27.600002
41.24667511458121
-22.44
20.880001
-27.600002
41.24667511458121
-23.700003
19.980001
-27.060001
41.147712905382114
-23.700003
19.980001
-27.060001
41.147712905382114
-23.700003
19.980001
-27.060001
41.147712905382114
-23.700003
19.980001
-27.060001
41.147712905382114
-23.880001
18.720001
-26.4
40.220055097317434
-23.880001
18.720001
-26.4
40.220055097317434
-23.880001
18.720001
-26.4
40.220055097317434
-23.880001
18.720001
-26.4
40.220055097317434
-24.6
17.28
-25.680002
39.53758904214602
-24.6
17.28
-25.680002
39.53758904214602
-24.6
17.28
-25.680002
39.53758904214602
-24.6
17.28
-25.680002
39.53758904214602
-24.6
16.56
-25.320002
38.993539128296625
-24.6
16.56
-25.320002
38.993539128296625
-24.6
16.56
-25.320002
38.993539128296625
-24.6
16.56
-25.320002
38.993539128296625
-24.24
16.92
-25.680002
39.157713647325444
-24.24
16.92
-25.680002
39.157713647325444
-24.24
16.92
-25.680002
39.157713647325444
-24.24
16.92
-25.680002
39.157713647325444
-24.24
17.28
-26.040003
39.55069926689034
-24.24
17.28
-26.040003
39.55069926689034
-24.24
17.28
-26.040003
39.55069926689034
-24.24
17.28
-26.040003
39.55069926689034
-23.880001
19.080002
-25.680002
39.92196673179285
-23.880001
19.080002
-25.680002
39.92196673179285
-23.880001
19.080002
-25.680002
39.92196673179285
-23.880001
19.080002
-25.680002
39.92196673179285
-23.880001
19.800001
-25.320002
40.042439644160666
-23.880001
19.800001
-25.320002
40.042439644160666
-23.880001
19.800001
-25.320002
40.042439644160666
-23.880001
19.800001
-25.320002
40.042439644160666
-23.340002
19.44
-25.140003
39.42954586238678
-23.340002
19.44
-25.140003
39.42954586238678
-23.340002
19.44
-25.140003
39.42954586238678
-23.340002
19.44
-25.140003
39.42954586238678
-23.700003
19.800001
-24.960001
39.70808244581243
-23.700003
19.800001
-24.960001
39.70808244581243
-23.700003
19.800001
-24.960001
39.70808244581243
-23.700003
19.800001
-24.960001
39.70808244581243
-23.520002
19.080002
-24.78
39.131641933231286
-23.520002
19.080002
-24.78
39.131641933231286
-23.520002
19.080002
-24.78
39.131641933231286
-23.520002
19.080002
-24.78
39.131641933231286
-23.700003
18.54
-24.660002
38.904207401200516
-23.700003
18.54
-24.660002
38.904207401200516
-23.700003
18.54
-24.660002
38.904207401200516
-23.700003
18.54
-24.660002
38.904207401200516
-23.880001
19.44
-24.300001
39.225733939915
-23.880001
19.44
-24.300001
39.225733939915
-23.880001
19.44
-24.300001
39.225733939915
-23.880001
19.44
-24.300001
39.225733939915
-22.980001
20.160002
-23.760002
38.717487305379045
-22.980001
20.160002
-23.760002
38.717487305379045
-22.980001
20.160002
-23.760002
38.717487305379045
-22.980001
20.160002
-23.760002
38.717487305379045
-23.520002
20.7
-23.400002
39.10550601367968
-23.520002
20.7
-23.400002
39.10550601367968
-23.520002
20.7
-23.400002
39.10550601367968
-23.520002
20.7
-23.400002
39.10550601367968
-23.880001
20.520002
-23.04
39.01495231198226
-23.880001
20.520002
-23.04
39.01495231198226
-23.880001
20.520002
-23.04
39.01495231198226
-23.880001
20.520002
-23.04
39.01495231198226
-24.42
20.7
-23.04
39.4419569589289
-24.42
20.7
-23.04
39.4419569589289
-24.42
20.7
-23.04
39.4419569589289
-24.42
20.7
-23.04
39.4419569589289
-25.680002
20.160002
-23.400002
40.16775127123125
-25.680002
20.160002
-23.400002
40.16775127123125
-25.680002
20.160002
-23.400002
40.16775127123125
-25.680002
20.160002
-23.400002
40.16775127123125
-25.320002
20.520002
-23.220001
40.016764370249405
-25.320002
20.520002
-23.220001
40.016764370249405
-25.320002
20.520002
-23.220001
40.016764370249405
-25.320002
20.520002
-23.220001
40.016764370249405
-24.6
21.6
-23.400002
40.24028020984928
-24.6
21.6
-23.400002
40.24028020984928
-24.6
21.6
-23.400002
40.24028020984928
-24.6
21.6
-23.400002
40.24028020984928
-23.880001
22.5
-23.04
40.091719185707476
-23.880001
22.5
-23.04
40.091719185707476
-23.880001
22.5
-23.04
40.091719185707476
-23.880001
22.5
-23.04
40.091719185707476
-23.160002
23.400002
-22.68
39.97909610033724
-23.160002
23.400002
-22.68
39.97909610033724
-23.160002
23.400002
-22.68
39.97909610033724
-23.160002
23.400002
-22.68
39.97909610033724
-22.62
23.760002
-22.86
39.98476882865837
-22.62
23.760002
-22.86
39.98476882865837
-22.62
23.760002
-22.86
39.98476882865837
-22.62
23.760002
-22.86
39.98476882865837
-22.260002
24.12
-23.220001
40.2051061623202
-22.260002
24.12
-23.220001
40.2051061623202
-22.260002
24.12
-23.220001
40.2051061623202
-22.260002
24.12
-23.220001
40.2051061623202
-22.260002
23.04
-23.400002
39.67252731838652
-22.260002
23.04
-23.400002
39.67252731838652
-22.260002
23.04
-23.400002
39.67252731838652
-22.260002
23.04
-23.400002
39.67252731838652
-22.260002
22.5
-23.220001
39.25463217839313
-22.260002
22.5
-23.220001
39.25463217839313
-22.260002
22.5
-23.220001
39.25463217839313
-22.260002
22.5
-23.220001
39.25463217839313
-22.44
21.78
-23.04
38.842807208993015
-22.44
21.78
-23.04
38.842807208993015
-22.44
21.78
-23.04
38.842807208993015
-22.44
21.78
-23.04
38.842807208993015
-22.800001
21.06
-22.68
38.44146321031498
-22.800001
21.06
-22.68
38.44146321031498
-22.800001
21.06
-22.68
38.44146321031498
-22.800001
21.06
-22.68
38.44146321031498
-22.260002
22.320002
-22.140001
38.52103156779261
-22.260002
22.320002
-22.140001
38.52103156779261
-22.260002
22.320002
-22.140001
38.52103156779261
-22.260002
22.320002
-22.140001
38.52103156779261
-21.900002
23.220001
-22.86
39.26013441516566
-21.900002
23.220001
-22.86
39.26013441516566
-21.900002
23.220001
-22.86
39.26013441516566
-21.900002
23.220001
-22.86
39.26013441516566
-21.54
24.480001
-23.04
39.9259782627098
-21.54
24.480001
-23.04
39.9259782627098
-21.54
24.480001
-23.04
39.9259782627098
-21.54
24.480001
-23.04
39.9259782627098
-21.18
25.560001
-23.04
40.40727111045424
-21.18
25.560001
-23.04
40.40727111045424
-21.18
25.560001
-23.04
40.40727111045424
-21.18
25.560001
-23.04
40.40727111045424
-21.54
25.380001
-23.580002
40.79378100102239
-21.54
25.380001
-23.580002
40.79378100102239
-21.54
25.380001
-23.580002
40.79378100102239
-21.54
25.380001
-23.580002
40.79378100102239
-21.54
25.560001
-23.580002
40.90601126744699
-21.54
25.560001
-23.580002
40.90601126744699
-21.54
25.560001
-23.580002
40.90601126744699
-21.54
25.560001
-23.580002
40.90601126744699
-21.54
25.02
-24.12
40.88699622081497
-21.54
25.02
-24.12
40.88699622081497
-21.54
25.02
-24.12
40.88699622081497
-21.54
25.02
-24.12
40.88699622081497
-21.54
25.380001
-24.42
41.28501561884696
-21.54
25.380001
-24.42
41.28501561884696
-21.54
25.380001
-24.42
41.28501561884696
-21.54
25.380001
-24.42
41.28501561884696
-21.36
25.2
-24.78
41.295739910620625
-21.36
25.2
-24.78
41.295739910620625
-21.36
25.2
-24.78
41.295739910620625
-21.36
25.2
-24.78
41.295739910620625
-21.0
25.380001
-24.78
41.221268699108016
-21.0
25.380001
-24.78
41.221268699108016
-21.0
25.380001
-24.78
41.221268699108016
-21.0
25.380001
-24.78
41.221268699108016
-21.0
25.74
-24.78
41.443890615336024
-21.0
25.74
-24.78
41.443890615336024
-21.0
25.74
-24.78
41.443890615336024
-21.0
25.74
-24.78
41.443890615336024
-20.640001
25.560001
-24.960001
41.259240797327756
-20.640001
25.560001
-24.960001
41.259240797327756
-20.640001
25.560001
-24.960001
41.259240797327756
-20.640001
25.560001
-24.960001
41.259240797327756
-20.640001
25.2
-25.140003
41.146925255817266
-20.640001
25.2
-25.140003
41.146925255817266
-20.640001
25.2
-25.140003
41.146925255817266
-20.640001
25.2
-25.140003
41.146925255817266
-20.820002
24.840002
-25.140003
41.01850733919919
-20.820002
24.840002
-25.140003
41.01850733919919
-20.820002
24.840002
-25.140003
41.01850733919919
-20.820002
24.840002
-25.140003
41.01850733919919
-21.0
25.02
-25.680002
41.550728184898425
-21.0
25.02
-25.680002
41.550728184898425
-21.0
25.02
-25.680002
41.550728184898425
-21.0
25.02
-25.680002
41.550728184898425
-21.54
25.02
-25.500002
41.71597017892248
-21.54
25.02
-25.500002
41.71597017892248
-21.54
25.02
-25.500002
41.71597017892248
-21.54
25.02
-25.500002
41.71597017892248
-21.54
25.560001
-25.320002
41.93313362142758
-21.54
25.560001
-25.320002
41.93313362142758
-21.54
25.560001
-25.320002
41.93313362142758
-21.54
25.560001
-25.320002
41.93313362142758
-21.720001
25.74
-25.860003
42.4622865183587
-21.720001
25.74
-25.860003
42.4622865183587
-21.720001
25.74
-25.860003
42.4622865183587
-21.720001
25.74
-25.860003
42.4622865183587
-21.36
25.560001
-25.680002
42.05978788386762
-21.36
25.560001
-25.680002
42.05978788386762
-21.36
25.560001
-25.680002
42.05978788386762
-21.36
25.560001
-25.680002
42.05978788386762
-21.720001
25.2
-26.58
42.58280077537174
-21.720001
25.2
-26.58
42.58280077537174
-21.720001
25.2
-26.58
42.58280077537174
-21.720001
25.2
-26.58
42.58280077537174
-21.720001
24.480001
-26.76
42.274418563047675
-21.720001
24.480001
-26.76
42.274418563047675
-21.720001
24.480001
-26.76
42.274418563047675
-21.720001
24.480001
-26.76
42.274418563047675
-21.720001
23.760002
-26.58
41.74676610791248
-21.720001
23.760002
-26.58
41.74676610791248
-21.720001
23.760002
-26.58
41.74676610791248
-21.720001
23.760002
-26.58
41.74676610791248
-22.44
23.04
-27.240002
42.14751432608082
-22.44
23.04
-27.240002
42.14751432608082
-22.44
23.04
-27.240002
42.14751432608082
-22.44
23.04
-27.240002
42.14751432608082
-22.080002
22.5
-27.420002
41.780773767854335
-22.080002
22.5
-27.420002
41.780773767854335
-22.080002
22.5
-27.420002
41.780773767854335
-22.080002
22.5
-27.420002
41.780773767854335
-21.54
22.86
-27.780003
41.93184690848055
-21.54
22.86
-27.780003
41.93184690848055
-21.54
22.86
-27.780003
41.93184690848055
-21.54
22.86
-27.780003
41.93184690848055
-21.54
23.580002
-28.320004
42.68501777190095
-21.54
23.580002
-28.320004
42.68501777190095
-21.54
23.580002
-28.320004
42.68501777190095
-21.54
23.580002
-28.320004
42.68501777190095
-21.18
24.12
-27.960003
42.56910454906674
-21.18
24.12
-27.960003
42.56910454906674
-21.18
24.12
-27.960003
42.56910454906674
-21.18
24.12
-27.960003
42.56910454906674
-20.28
24.840002
-27.780003
42.42679241757206
-20.28
24.840002
-27.780003
42.42679241757206
-20.28
24.840002
-27.780003
42.42679241757206
-20.28
24.840002
-27.780003
42.42679241757206
-19.92
24.480001
-28.500002
42.524427148368204
-19.92
24.480001
-28.500002
42.524427148368204
-19.92
24.480001
-28.500002
42.524427148368204
-19.92
24.480001
-28.500002
42.524427148368204
-19.2
23.94
-28.680002
42.00364451263426
-19.2
23.94
-28.680002
42.00364451263426
-19.2
23.94
-28.680002
42.00364451263426
-19.2
23.94
-28.680002
42.00364451263426
-18.6
22.86
-28.860003
41.24850849576261
-18.6
22.86
-28.860003
41.24850849576261
-18.6
22.86
-28.860003
41.24850849576261
-18.6
22.86
-28.860003
41.24850849576261
-18.78
22.5
-29.700003
41.72563438047557
-18.78
22.5
-29.700003
41.72563438047557
-18.78
22.5
-29.700003
41.72563438047557
-18.78
22.5
-29.700003
41.72563438047557
-19.140001
22.320002
-29.22
41.452749538914034
-19.140001
22.320002
-29.22
41.452749538914034
-19.140001
22.320002
-29.22
41.452749538914034
-19.140001
22.320002
-29.22
41.452749538914034
-19.320002
22.320002
-29.040003
41.4097418928543
-19.320002
22.320002
-29.040003
41.4097418928543
-19.320002
22.320002
-29.040003
41.4097418928543
-19.320002
22.320002
-29.040003
41.4097418928543
-18.960001
23.400002
-28.500002
41.464343091949196
-18.960001
23.400002
-28.500002
41.464343091949196
-18.960001
23.400002
-28.500002
41.464343091949196
-18.960001
23.400002
-28.500002
41.464343091949196
-19.320002
23.04
-27.420002
40.693495442012136
-19.320002
23.04
-27.420002
40.693495442012136
-19.320002
23.04
-27.420002
40.693495442012136
-19.320002
23.04
-27.420002
40.693495442012136
-19.92
23.220001
-27.420002
41.08322405591028
-19.92
23.220001
-27.420002
41.08322405591028
-19.92
23.220001
-27.420002
41.08322405591028
-19.92
23.220001
-27.420002
41.08322405591028
-20.28
22.86
-27.420002
41.05745486034631
-20.28
22.86
-27.420002
41.05745486034631
-20.28
22.86
-27.420002
41.05745486034631
-20.28
22.86
-27.420002
41.05745486034631
-20.820002
21.960001
-27.960003
41.200434828750595
-20.820002
21.960001
-27.960003
41.200434828750595
-20.820002
21.960001
-27.960003
41.200434828750595
-20.820002
21.960001
-27.960003
41.200434828750595
-21.36
21.42
-28.320004
41.437768075113254
-21.36
21.42
-28.320004
41.437768075113254
-21.36
21.42
-28.320004
41.437768075113254
-21.36
21.42
-28.320004
41.437768075113254
-21.18
21.24
-28.500002
41.37608128543667
-21.18
21.24
-28.500002
41.37608128543667
-21.18
21.24
-28.500002
41.37608128543667
-21.18
21.24
-28.500002
41.37608128543667
-21.0
21.06
-28.320004
41.067580188977836
-21.0
21.06
-28.320004
41.067580188977836
-21.0
21.06
-28.320004
41.067580188977836
-21.0
21.06
-28.320004
41.067580188977836
-21.0
21.24
-28.500002
41.28423058883985
-21.0
21.24
-28.500002
41.28423058883985
-21.0
21.24
-28.500002
41.28423058883985
-21.0
21.24
-28.500002
41.28423058883985
-19.86
22.140001
-28.320004
41.06850163046949
-19.86
22.140001
-28.320004
41.06850163046949
-19.86
22.140001
-28.320004
41.06850163046949
-19.86
22.140001
-28.320004
41.06850163046949
-19.68
22.140001
-28.140003
40.857579429954
-19.68
22.140001
-28.140003
40.857579429954
-19.68
22.140001
-28.140003
40.857579429954
-19.68
22.140001
-28.140003
40.857579429954
-19.68
22.140001
-28.320004
40.981759828878445
-19.68
22.140001
-28.320004
40.981759828878445
-19.68
22.140001
-28.320004
40.981759828878445
-19.68
22.140001
-28.320004
40.981759828878445
-19.320002
21.78
-27.960003
40.365735198618644
-19.320002
21.78
-27.960003
40.365735198618644
-19.320002
21.78
-27.960003
40.365735198618644
-19.320002
21.78
-27.960003
40.365735198618644
-19.68
20.880001
-27.780003
39.937518339197666
-19.68
20.880001
-27.780003
39.937518339197666
-19.68
20.880001
-27.780003
39.937518339197666
-19.68
20.880001
-27.780003
39.937518339197666
-19.5
20.7
-27.960003
39.881094631220634
-19.5
20.7
-27.960003
39.881094631220634
-19.5
20.7
-27.960003
39.881094631220634
-19.5
20.7
-27.960003
39.881094631220634
-19.74
19.980001
-27.240002
39.126535013817666
-19.74
19.980001
-27.240002
39.126535013817666
-19.74
19.980001
-27.240002
39.126535013817666
-19.74
19.980001
-27.240002
39.126535013817666
-20.460001
19.800001
-26.880001
39.155921100474224
-20.460001
19.800001
-26.880001
39.155921100474224
-20.460001
19.800001
-26.880001
39.155921100474224
-20.460001
19.800001
-26.880001
39.155921100474224
-20.640001
19.44
-26.4
38.74123514785312
-20.640001
19.44
-26.4
38.74123514785312
-20.640001
19.44
-26.4
38.74123514785312
-20.640001
19.44
-26.4
38.74123514785312
-21.54
19.080002
-25.500002
38.44825497401508
-21.54
19.080002
-25.500002
38.44825497401508
-21.54
19.080002
-25.500002
38.44825497401508
-21.54
19.080002
-25.500002
38.44825497401508
-21.900002
19.260002
-25.140003
38.504253202061165
-21.900002
19.260002
-25.140003
38.504253202061165
-21.900002
19.260002
-25.140003
38.504253202061165
-21.900002
19.260002
-25.140003
38.504253202061165
-22.260002
19.44
-24.78
38.56772908225865
-22.260002
19.44
-24.78
38.56772908225865
-22.260002
19.44
-24.78
38.56772908225865
-22.260002
19.44
-24.78
38.56772908225865
-22.44
19.62
-24.6
38.64787291759648
-22.44
19.62
-24.6
38.64787291759648
-22.44
19.62
-24.6
38.64787291759648
-22.44
19.62
-24.6
38.64787291759648
-21.900002
20.160002
-24.24
38.38767095370596
-21.900002
20.160002
-24.24
38.38767095370596
-21.900002
20.160002
-24.24
38.38767095370596
-21.900002
20.160002
-24.24
38.38767095370596
-21.36
20.7
-24.24
38.37078496293599
-21.36
20.7
-24.24
38.37078496293599
-21.36
20.7
-24.24
38.37078496293599
-21.36
20.7
-24.24
38.37078496293599
-20.640001
20.880001
-23.880001
37.84492734027408
-20.640001
20.880001
-23.880001
37.84492734027408
-20.640001
20.880001
-23.880001
37.84492734027408
-20.640001
20.880001
-23.880001
37.84492734027408
-20.220001
21.24
-23.760002
37.742864275395654
-20.220001
21.24
-23.760002
37.742864275395654
-20.220001
21.24
-23.760002
37.742864275395654
-20.220001
21.24
-23.760002
37.742864275395654
-19.68
20.520002
-24.12
37.28467968036185
-19.68
20.520002
-24.12
37.28467968036185
-19.68
20.520002
-24.12
37.28467968036185
-19.68
20.520002
-24.12
37.28467968036185
-19.320002
19.800001
-24.78
37.13961432417463
-19.320002
19.800001
-24.78
37.13961432417463
-19.320002
19.800001
-24.78
37.13961432417463
-19.320002
19.800001
-24.78
37.13961432417463
-18.78
19.62
-25.320002
37.131325744746846
-18.78
19.62
-25.320002
37.131325744746846
-18.78
19.62
-25.320002
37.131325744746846
-18.78
19.62
-25.320002
37.131325744746846
-18.42
19.62
-26.22
37.57298561529114
-18.42
19.62
-26.22
37.57298561529114
-18.42
19.62
-26.22
37.57298561529114
-18.42
19.62
-26.22
37.57298561529114
-18.78
20.160002
-26.4
38.15853737513238
-18.78
20.160002
-26.4
38.15853737513238
-18.78
20.160002
-26.4
38.15853737513238
-18.78
20.160002
-26.4
38.15853737513238
-18.6
21.06
-26.4
38.55442391627224
-18.6
21.06
-26.4
38.55442391627224
-18.6
21.06
-26.4
38.55442391627224
-18.6
21.06
-26.4
38.55442391627224
-18.42
21.78
-26.76
39.112177786104866
-18.42
21.78
-26.76
39.112177786104866
-18.42
21.78
-26.76
39.112177786104866
-18.42
21.78
-26.76
39.112177786104866
-18.24
21.6
-26.76
38.927563815494224
-18.24
21.6
-26.76
38.927563815494224
-18.24
21.6
-26.76
38.927563815494224
-18.24
21.6
-26.76
38.927563815494224
-18.24
21.960001
-27.060001
39.334245401788564
-18.24
21.960001
-27.060001
39.334245401788564
-18.24
21.960001
-27.060001
39.334245401788564
-18.24
21.960001
-27.060001
39.334245401788564
-18.42
21.24
-27.240002
39.146540845344816
-18.42
21.24
-27.240002
39.146540845344816
-18.42
21.24
-27.240002
39.146540845344816
-18.42
21.24
-27.240002
39.146540845344816
-19.140001
20.520002
-26.94
38.89953506309555
-19.140001
20.520002
-26.94
38.89953506309555
-19.140001
20.520002
-26.94
38.89953506309555
-19.140001
20.520002
-26.94
38.89953506309555
-19.140001
20.340002
-27.12
38.93006299362358
-19.140001
20.340002
-27.12
38.93006299362358
-19.140001
20.340002
-27.12
38.93006299362358
-19.140001
20.340002
-27.12
38.93006299362358
-18.78
20.520002
-26.94
38.72366796853702
-18.78
20.520002
-26.94
38.72366796853702
-18.78
20.520002
-26.94
38.72366796853702
-18.78
20.520002
-26.94
38.72366796853702
-18.6
21.6
-26.58
38.974560387794945
-18.6
21.6
-26.58
38.974560387794945
-18.6
21.6
-26.58
38.974560387794945
-18.6
21.6
-26.58
38.974560387794945
-18.6
22.320002
-26.58
39.37815277556357
-18.6
22.320002
-26.58
39.37815277556357
-18.6
22.320002
-26.58
39.37815277556357
-18.6
22.320002
-26.58
39.37815277556357
-18.6
22.68
-26.58
39.58331551534687
-18.6
22.68
-26.58
39.58331551534687
-18.6
22.68
-26.58
39.58331551534687
-18.6
22.68
-26.58
39.58331551534687
-18.24
21.960001
-26.94
39.25178825046542
-18.24
21.960001
-26.94
39.25178825046542
-18.24
21.960001
-26.94
39.25178825046542
-18.24
21.960001
-26.94
39.25178825046542
-18.6
21.42
-27.780003
39.70522488051793
-18.6
21.42
-27.780003
39.70522488051793
-18.6
21.42
-27.780003
39.70522488051793
-18.6
21.42
-27.780003
39.70522488051793
-18.42
20.520002
-28.320004
39.52707333419953
-18.42
20.520002
-28.320004
39.52707333419953
-18.42
20.520002
-28.320004
39.52707333419953
-18.42
20.520002
-28.320004
39.52707333419953
-18.6
19.980001
-29.040003
39.85576871426127
-18.6
19.980001
-29.040003
39.85576871426127
-18.6
19.980001
-29.040003
39.85576871426127
-18.6
19.980001
-29.040003
39.85576871426127
-20.1
19.080002
-28.860003
40.01195194973778
-20.1
19.080002
-28.860003
40.01195194973778
-20.1
19.080002
-28.860003
40.01195194973778
-20.1
19.080002
-28.860003
40.01195194973778
-20.820002
19.080002
-27.780003
39.61372787965603
-20.820002
19.080002
-27.780003
39.61372787965603
-20.820002
19.080002
-27.780003
39.61372787965603
-20.820002
19.080002
-27.780003
39.61372787965603
-22.080002
18.900002
-27.420002
39.95739002460152
-22.080002
18.900002
-27.420002
39.95739002460152
-22.080002
18.900002
-27.420002
39.95739002460152
-22.080002
18.900002
-27.420002
39.95739002460152
-23.700003
18.18
-26.76
40.103616405857025
-23.700003
18.18
-26.76
40.103616405857025
-23.700003
18.18
-26.76
40.103616405857025
-23.700003
18.18
-26.76
40.103616405857025
-24.060001
17.640001
-26.94
40.197224960577195
-24.060001
17.640001
-26.94
40.197224960577195
-24.060001
17.640001
-26.94
40.197224960577195
-24.060001
17.640001
-26.94
40.197224960577195
