-22.5
25.92
-12.900001
36.667512456213366
-22.5
25.92
-12.900001
36.667512456213366
-22.5
25.92
-12.900001
36.667512456213366
-22.140001
26.28
-13.440001
36.89785606544861
-22.140001
26.28
-13.440001
36.89785606544861
-22.140001
26.28
-13.440001
36.89785606544861
-22.140001
26.28
-13.440001
36.89785606544861
-21.42
26.640001
-13.980001
36.931646770799766
-21.42
26.640001
-13.980001
36.931646770799766
-21.42
26.640001
-13.980001
36.931646770799766
-21.42
26.640001
-13.980001
36.931646770799766
-21.78
25.74
-13.620001
36.365098792059534
-21.78
25.74
-13.620001
36.365098792059534
-21.78
25.74
-13.620001
36.365098792059534
-21.78
25.74
-13.620001
36.365098792059534
-22.320002
25.92
-13.800001
36.88453432090898
-22.320002
25.92
-13.800001
36.88453432090898
-22.320002
25.92
-13.800001
36.88453432090898
-22.320002
25.92
-13.800001
36.88453432090898
-21.960001
25.74
-13.260001
36.34029366088523
-21.960001
25.74
-13.260001
36.34029366088523
-21.960001
25.74
-13.260001
36.34029366088523
-21.960001
25.74
-13.260001
36.34029366088523
-22.320002
25.74
-12.720001
36.3665858234331
-22.320002
25.74
-12.720001
36.3665858234331
-22.320002
25.74
-12.720001
36.3665858234331
-22.320002
25.74
-12.720001
36.3665858234331
-21.960001
26.640001
-13.080001
36.919071254104225
-21.960001
26.640001
-13.080001
36.919071254104225
-21.960001
26.640001
-13.080001
36.919071254104225
-21.960001
26.640001
-13.080001
36.919071254104225
-21.78
26.28
-12.900001
36.488585477066486
-21.78
26.28
-12.900001
36.488585477066486
-21.78
26.28
-12.900001
36.488585477066486
-21.78
26.28
-12.900001
36.488585477066486
-22.140001
26.28
-13.080001
36.76825452772575
-22.140001
26.28
-13.080001
36.76825452772575
-22.140001
26.28
-13.080001
36.76825452772575
-22.140001
26.28
-13.080001
36.76825452772575
-22.320002
26.28
-13.620001
37.071893900673764
-22.320002
26.28
-13.620001
37.071893900673764
-22.320002
26.28
-13.620001
37.071893900673764
-22.320002
26.28
-13.620001
37.071893900673764
-21.960001
25.92
-14.280001
36.851139327388
-21.960001
25.92
-14.280001
36.851139327388
-21.960001
25.92
-14.280001
36.851139327388
-21.960001
25.92
-14.280001
36.851139327388
-22.68
25.560001
-15.360001
37.4649917970305
-22.68
25.560001
-15.360001
37.4649917970305
-22.68
25.560001
-15.360001
37.4649917970305
-22.68
25.560001
-15.360001
37.4649917970305
-23.220001
25.2
-15.900001
37.775899124805754
-23.220001
25.2
-15.900001
37.775899124805754
-23.220001
25.2
-15.900001
37.775899124805754
-23.220001
25.2
-15.900001
37.775899124805754
-23.400002
25.02
-16.080002
37.84345323995949
-23.400002
25.02
-16.080002
37.84345323995949
-23.400002
25.02
-16.080002
37.84345323995949
-23.400002
25.02
-16.080002
37.84345323995949
-23.580002
25.380001
-15.900001
38.117856016119596
-23.580002
25.380001
-15.900001
38.117856016119596
-23.580002
25.380001
-15.900001
38.117856016119596
-23.580002
25.380001
-15.900001
38.117856016119596
-22.68
25.560001
-15.540001
37.53914786020472
-22.68
25.560001
-15.540001
37.53914786020472
-22.68
25.560001
-15.540001
37.53914786020472
-22.68
25.560001
-15.540001
37.53914786020472
-22.5
25.74
-15.540001
37.55381717709017
-22.5
25.74
-15.540001
37.55381717709017
-22.5
25.74
-15.540001
37.55381717709017
-22.5
25.74
-15.540001
37.55381717709017
-21.78
26.1
-16.26
37.6824370821889
-21.78
26.1
-16.26
37.6824370821889
-21.78
26.1
-16.26
37.6824370821889
-21.78
26.1
-16.26
37.6824370821889
-21.78
26.28
-16.74
38.01623830680779
-21.78
26.28
-16.74
38.01623830680779
-21.78
26.28
-16.74
38.01623830680779
-21.78
26.28
-16.74
38.01623830680779
-22.140001
26.640001
-17.460001
38.79073274978993
-22.140001
26.640001
-17.460001
38.79073274978993
-22.140001
26.640001
-17.460001
38.79073274978993
-22.140001
26.640001
-17.460001
38.79073274978993
-21.42
27.36
-17.82
39.05045908170847
-21.42
27.36
-17.82
39.05045908170847
-21.42
27.36
-17.82
39.05045908170847
-21.42
27.36
-17.82
39.05045908170847
-21.42
27.900002
-17.82
39.430685140687864
-21.42
27.900002
-17.82
39.430685140687864
-21.42
27.900002
-17.82
39.430685140687864
-21.42
27.900002
-17.82
39.430685140687864
-20.880001
28.080002
-18.0
39.35048840230576
-20.880001
28.080002
-18.0
39.35048840230576
-20.880001
28.080002
-18.0
39.35048840230576
-20.880001
28.080002
-18.0
39.35048840230576
-20.340002
28.260002
-18.0
39.196218004539354
-20.340002
28.260002
-18.0
39.196218004539354
-20.340002
28.260002
-18.0
39.196218004539354
-20.340002
28.260002
-18.0
39.196218004539354
-20.520002
28.440002
-17.640001
39.25651505940606
-20.520002
28.440002
-17.640001
39.25651505940606
-20.520002
28.440002
-17.640001
39.25651505940606
-20.520002
28.440002
-17.640001
39.25651505940606
-20.880001
28.080002
-17.640001
39.18712307932766
-20.880001
28.080002
-17.640001
39.18712307932766
-20.880001
28.080002
-17.640001
39.18712307932766
-20.880001
28.080002
-17.640001
39.18712307932766
-20.880001
28.080002
-17.82
39.26847725165903
-20.880001
28.080002
-17.82
39.26847725165903
-20.880001
28.080002
-17.82
39.26847725165903
-20.880001
28.080002
-17.82
39.26847725165903
-21.42
28.440002
-18.18
39.977025873071774
-21.42
28.440002
-18.18
39.977025873071774
-21.42
28.440002
-18.18
39.977025873071774
-21.42
28.440002
-18.18
39.977025873071774
-21.24
28.62
-19.020002
40.3980514811861
-21.24
28.62
-19.020002
40.3980514811861
-21.24
28.62
-19.020002
40.3980514811861
-21.24
28.62
-19.020002
40.3980514811861
-21.06
28.440002
-18.900002
40.119414038748126
-21.06
28.440002
-18.900002
40.119414038748126
-21.06
28.440002
-18.900002
40.119414038748126
-21.06
28.440002
-18.900002
40.119414038748126
-21.24
28.440002
-18.36
39.963244526513826
-21.24
28.440002
-18.36
39.963244526513826
-21.24
28.440002
-18.36
39.963244526513826
-21.24
28.440002
-18.36
39.963244526513826
-20.880001
28.62
-18.18
39.81948403223917
-20.880001
28.62
-18.18
39.81948403223917
-20.880001
28.62
-18.18
39.81948403223917
-20.880001
28.62
-18.18
39.81948403223917
-21.06
28.62
-18.0
39.83249994361153
-21.06
28.62
-18.0
39.83249994361153
-21.06
28.62
-18.0
39.83249994361153
-21.06
28.62
-18.0
39.83249994361153
-21.06
28.800001
-18.720001
40.29146435176283
-21.06
28.800001
-18.720001
40.29146435176283
-21.06
28.800001
-18.720001
40.29146435176283
-21.06
28.800001
-18.720001
40.29146435176283
-21.06
28.980001
-19.56
40.81614287915077
-21.06
28.980001
-19.56
40.81614287915077
-21.06
28.980001
-19.56
40.81614287915077
-21.06
28.980001
-19.56
40.81614287915077
-21.06
28.260002
-20.28
40.66238814396312
-21.06
28.260002
-20.28
40.66238814396312
-21.06
28.260002
-20.28
40.66238814396312
-21.06
28.260002
-20.28
40.66238814396312
-21.42
27.900002
-21.0
40.966163629268486
-21.42
27.900002
-21.0
40.966163629268486
-21.42
27.900002
-21.0
40.966163629268486
-21.42
27.900002
-21.0
40.966163629268486
-21.24
28.080002
-21.0
40.99541615239212
-21.24
28.080002
-21.0
40.99541615239212
-21.24
28.080002
-21.0
40.99541615239212
-21.24
28.080002
-21.0
40.99541615239212
-21.06
27.54
-21.660002
40.879467454640356
-21.06
27.54
-21.660002
40.879467454640356
-21.06
27.54
-21.660002
40.879467454640356
-21.06
27.54
-21.660002
40.879467454640356
-20.7
27.54
-22.020002
40.88792173190865
-20.7
27.54
-22.020002
40.88792173190865
-20.7
27.54
-22.020002
40.88792173190865
-20.7
27.54
-22.020002
40.88792173190865
-20.520002
27.54
-22.020002
40.797091930196906
-20.520002
27.54
-22.020002
40.797091930196906
-20.520002
27.54
-22.020002
40.797091930196906
-20.520002
27.54
-22.020002
40.797091930196906
-20.7
27.000002
-22.74
40.921848152912155
-20.7
27.000002
-22.74
40.921848152912155
-20.7
27.000002
-22.74
40.921848152912155
-20.7
27.000002
-22.74
40.921848152912155
-21.24
27.000002
-22.74
41.1976378124781
-21.24
27.000002
-22.74
41.1976378124781
-21.24
27.000002
-22.74
41.1976378124781
-21.24
27.000002
-22.74
41.1976378124781
-21.42
27.18
-22.74
41.408652642556184
-21.42
27.18
-22.74
41.408652642556184
-21.42
27.18
-22.74
41.408652642556184
-21.42
27.18
-22.74
41.408652642556184
-21.6
26.460001
-22.560001
40.934646250723546
-21.6
26.460001
-22.560001
40.934646250723546
-21.6
26.460001
-22.560001
40.934646250723546
-21.6
26.460001
-22.560001
40.934646250723546
-21.24
26.460001
-22.74
40.84577032111159
-21.24
26.460001
-22.74
40.84577032111159
-21.24
26.460001
-22.74
40.84577032111159
-21.24
26.460001
-22.74
40.84577032111159
-20.880001
26.460001
-23.1
40.862159321958565
-20.880001
26.460001
-23.1
40.862159321958565
-20.880001
26.460001
-23.1
40.862159321958565
-20.880001
26.460001
-23.1
40.862159321958565
-21.06
26.640001
-23.1
41.07095375307834
-21.06
26.640001
-23.1
41.07095375307834
-21.06
26.640001
-23.1
41.07095375307834
-21.06
26.640001
-23.1
41.07095375307834
-20.160002
26.640001
-24.12
41.20545801842048
-20.160002
26.640001
-24.12
41.20545801842048
-20.160002
26.640001
-24.12
41.20545801842048
-20.160002
26.640001
-24.12
41.20545801842048
-20.160002
26.1
-24.12
40.85841597822901
-20.160002
26.1
-24.12
40.85841597822901
-20.160002
26.1
-24.12
40.85841597822901
-20.160002
26.1
-24.12
40.85841597822901
-19.980001
26.460001
-23.94
40.89566982636273
-19.980001
26.460001
-23.94
40.89566982636273
-19.980001
26.460001
-23.94
40.89566982636273
-19.980001
26.460001
-23.94
40.89566982636273
-19.62
26.1
-24.480001
40.809616571189444
-19.62
26.1
-24.480001
40.809616571189444
-19.62
26.1
-24.480001
40.809616571189444
-19.62
26.1
-24.480001
40.809616571189444
-20.160002
25.92
-24.12
40.7436668295669
-20.160002
25.92
-24.12
40.7436668295669
-20.160002
25.92
-24.12
40.7436668295669
-20.160002
25.92
-24.12
40.7436668295669
-20.340002
26.28
-24.12
41.06249554081026
-20.340002
26.28
-24.12
41.06249554081026
-20.340002
26.28
-24.12
41.06249554081026
-20.340002
26.28
-24.12
41.06249554081026
-20.340002
25.92
-24.300001
40.939614091404486
-20.340002
25.92
-24.300001
40.939614091404486
-20.340002
25.92
-24.300001
40.939614091404486
-20.340002
25.92
-24.300001
40.939614091404486
-20.160002
26.28
-23.94
40.8679305096383
-20.160002
26.28
-23.94
40.8679305096383
-20.160002
26.28
-23.94
40.8679305096383
-20.160002
26.28
-23.94
40.8679305096383
-20.160002
27.18
-23.460001
41.17705434689932
-20.160002
27.18
-23.460001
41.17705434689932
-20.160002
27.18
-23.460001
41.17705434689932
-20.160002
27.18
-23.460001
41.17705434689932
-20.160002
27.000002
-23.820002
41.26521825102452
-20.160002
27.000002
-23.820002
41.26521825102452
-20.160002
27.000002
-23.820002
41.26521825102452
-20.160002
27.000002
-23.820002
41.26521825102452
-19.980001
26.28
-23.820002
40.70910614644084
-19.980001
26.28
-23.820002
40.70910614644084
-19.980001
26.28
-23.820002
40.70910614644084
-19.980001
26.28
-23.820002
40.70910614644084
-20.7
25.74
-24.0
40.82937175191715
-20.7
25.74
-24.0
40.82937175191715
-20.7
25.74
-24.0
40.82937175191715
-20.7
25.74
-24.0
40.82937175191715
-20.340002
24.840002
-24.480001
40.373406629743606
-20.340002
24.840002
-24.480001
40.373406629743606
-20.340002
24.840002
-24.480001
40.373406629743606
-20.340002
24.840002
-24.480001
40.373406629743606
-20.340002
25.02
-24.660002
40.59349439392198
-20.340002
25.02
-24.660002
40.59349439392198
-20.340002
25.02
-24.660002
40.59349439392198
-20.340002
25.02
-24.660002
40.59349439392198
-20.520002
25.74
-24.840002
41.23886272471787
-20.520002
25.74
-24.840002
41.23886272471787
-20.520002
25.74
-24.840002
41.23886272471787
-20.520002
25.74
-24.840002
41.23886272471787
-20.160002
26.1
-24.840002
41.287545058444984
-20.160002
26.1
-24.840002
41.287545058444984
-20.160002
26.1
-24.840002
41.287545058444984
-20.160002
26.1
-24.840002
41.287545058444984
-20.7
26.28
-24.840002
41.66718196295947
-20.7
26.28
-24.840002
41.66718196295947
-20.7
26.28
-24.840002
41.66718196295947
-20.7
26.28
-24.840002
41.66718196295947
-20.340002
25.560001
-24.840002
41.03723835299623
-20.340002
25.560001
-24.840002
41.03723835299623
-20.340002
25.560001
-24.840002
41.03723835299623
-20.340002
25.560001
-24.840002
41.03723835299623
-20.160002
24.840002
-25.2
40.72458047761972
-20.160002
24.840002
-25.2
40.72458047761972
-20.160002
24.840002
-25.2
40.72458047761972
-20.160002
24.840002
-25.2
40.72458047761972
-20.160002
23.94
-25.2
40.18195310669642
-20.160002
23.94
-25.2
40.18195310669642
-20.160002
23.94
-25.2
40.18195310669642
-20.160002
23.94
-25.2
40.18195310669642
-19.800001
23.580002
-25.2
39.78814594344888
-19.800001
23.580002
-25.2
39.78814594344888
-19.800001
23.580002
-25.2
39.78814594344888
-19.800001
23.580002
-25.2
39.78814594344888
-19.800001
24.480001
-24.660002
39.99282619996913
-19.800001
24.480001
-24.660002
39.99282619996913
-19.800001
24.480001
-24.660002
39.99282619996913
-19.800001
24.480001
-24.660002
39.99282619996913
-19.62
25.2
-23.94
39.913758959748144
-19.62
25.2
-23.94
39.913758959748144
-19.62
25.2
-23.94
39.913758959748144
-19.62
25.2
-23.94
39.913758959748144
-19.44
25.380001
-23.580002
39.724986909512474
-19.44
25.380001
-23.580002
39.724986909512474
-19.44
25.380001
-23.580002
39.724986909512474
-19.44
25.380001
-23.580002
39.724986909512474
-19.980001
25.74
-23.94
40.43354525676978
-19.980001
25.74
-23.94
40.43354525676978
-19.980001
25.74
-23.94
40.43354525676978
-19.980001
25.74
-23.94
40.43354525676978
-20.880001
25.02
-23.94
40.4363498435736
-20.880001
25.02
-23.94
40.4363498435736
-20.880001
25.02
-23.94
40.4363498435736
-20.880001
25.02
-23.94
40.4363498435736
-21.42
24.480001
-23.94
40.388246424160954
-21.42
24.480001
-23.94
40.388246424160954
-21.42
24.480001
-23.94
40.388246424160954
-21.42
24.480001
-23.94
40.388246424160954
-22.5
24.660002
-24.300001
41.289898436429034
-22.5
24.660002
-24.300001
41.289898436429034
-22.5
24.660002
-24.300001
41.289898436429034
-22.5
24.660002
-24.300001
41.289898436429034
-22.320002
24.12
-23.760002
40.5523689678698
-22.320002
24.12
-23.760002
40.5523689678698
-22.320002
24.12
-23.760002
40.5523689678698
-22.320002
24.12
-23.760002
40.5523689678698
-21.78
24.300001
-23.580002
40.26009190252799
-21.78
24.300001
-23.580002
40.26009190252799
-21.78
24.300001
-23.580002
40.26009190252799
-21.78
24.300001
-23.580002
40.26009190252799
-21.78
24.300001
-23.1
39.980851740043946
-21.78
24.300001
-23.1
39.980851740043946
-21.78
24.300001
-23.1
39.980851740043946
-21.78
24.300001
-23.1
39.980851740043946
-21.24
23.94
-22.74
39.26027122275615
-21.24
23.94
-22.74
39.26027122275615
-21.24
23.94
-22.74
39.26027122275615
-21.24
23.94
-22.74
39.26027122275615
-20.880001
24.660002
-22.74
39.511995063603784
-20.880001
24.660002
-22.74
39.511995063603784
-20.880001
24.660002
-22.74
39.511995063603784
-20.880001
24.660002
-22.74
39.511995063603784
-21.06
24.660002
-23.1
39.81518890546829
-21.06
24.660002
-23.1
39.81518890546829
-21.06
24.660002
-23.1
39.81518890546829
-21.06
24.660002
-23.1
39.81518890546829
-20.7
24.480001
-23.28
39.61967937957884
-20.7
24.480001
-23.28
39.61967937957884
-20.7
24.480001
-23.28
39.61967937957884
-20.7
24.480001
-23.28
39.61967937957884
-20.340002
24.300001
-23.28
39.32129428910387
-20.340002
24.300001
-23.28
39.32129428910387
-20.340002
24.300001
-23.28
39.32129428910387
-20.340002
24.300001
-23.28
39.32129428910387
-20.340002
24.12
-22.560001
38.78716086098917
-20.340002
24.12
-22.560001
38.78716086098917
-20.340002
24.12
-22.560001
38.78716086098917
-20.340002
24.12
-22.560001
38.78716086098917
-20.520002
24.480001
-21.840002
38.695305402028424
-20.520002
24.480001
-21.840002
38.695305402028424
-20.520002
24.480001
-21.840002
38.695305402028424
-20.520002
24.480001
-21.840002
38.695305402028424
-21.06
24.660002
-22.020002
39.19846649284414
-21.06
24.660002
-22.020002
39.19846649284414
-21.06
24.660002
-22.020002
39.19846649284414
-21.06
24.660002
-22.020002
39.19846649284414
-20.880001
25.2
-21.840002
39.34463424840324
-20.880001
25.2
-21.840002
39.34463424840324
-20.880001
25.2
-21.840002
39.34463424840324
-20.880001
25.2
-21.840002
39.34463424840324
-21.42
24.840002
-21.840002
39.40593557814689
-21.42
24.840002
-21.840002
39.40593557814689
-21.42
24.840002
-21.840002
39.40593557814689
-21.42
24.840002
-21.840002
39.40593557814689
-21.42
24.840002
-21.660002
39.30645851083588
-21.42
24.840002
-21.660002
39.30645851083588
-21.42
24.840002
-21.660002
39.30645851083588
-21.42
24.840002
-21.660002
39.30645851083588
-21.78
24.300001
-21.18
38.90309663425747
-21.78
24.300001
-21.18
38.90309663425747
-21.78
24.300001
-21.18
38.90309663425747
-21.78
24.300001
-21.18
38.90309663425747
-22.5
24.300001
-20.640001
39.02242475537704
-22.5
24.300001
-20.640001
39.02242475537704
-22.5
24.300001
-20.640001
39.02242475537704
-22.5
24.300001
-20.640001
39.02242475537704
-22.86
24.480001
-20.460001
39.24871551938834
-22.86
24.480001
-20.460001
39.24871551938834
-22.86
24.480001
-20.460001
39.24871551938834
-22.86
24.480001
-20.460001
39.24871551938834
-22.5
24.660002
-19.74
38.78186851088164
-22.5
24.660002
-19.74
38.78186851088164
-22.5
24.660002
-19.74
38.78186851088164
-22.5
24.660002
-19.74
38.78186851088164
-22.5
24.840002
-19.56
38.80552976864251
-22.5
24.840002
-19.56
38.80552976864251
-22.5
24.840002
-19.56
38.80552976864251
-22.5
24.840002
-19.56
38.80552976864251
-22.140001
25.2
-19.380001
38.74021423816278
-22.140001
25.2
-19.380001
38.74021423816278
-22.140001
25.2
-19.380001
38.74021423816278
-22.140001
25.2
-19.380001
38.74021423816278
-21.6
25.92
-19.56
39.0
-21.6
25.92
-19.56
39.0
-21.6
25.92
-19.56
39.0
-21.6
25.92
-19.56
39.0
-21.06
26.820002
-19.56
39.31195349381661
-21.06
26.820002
-19.56
39.31195349381661
-21.06
26.820002
-19.56
39.31195349381661
-21.06
26.820002
-19.56
39.31195349381661
-20.340002
27.54
-19.92
39.61027335026625
-20.340002
27.54
-19.92
39.61027335026625
-20.340002
27.54
-19.92
39.61027335026625
-20.340002
27.54
-19.92
39.61027335026625
-20.340002
27.720001
-20.28
39.91732178046268
-20.340002
27.720001
-20.28
39.91732178046268
-20.340002
27.720001
-20.28
39.91732178046268
-20.340002
27.720001
-20.28
39.91732178046268
-19.980001
27.720001
-20.28
39.735089270516774
-19.980001
27.720001
-20.28
39.735089270516774
-19.980001
27.720001
-20.28
39.735089270516774
-19.980001
27.720001
-20.28
39.735089270516774
-20.340002
27.36
-20.460001
39.76049512589412
-20.340002
27.36
-20.460001
39.76049512589412
-20.340002
27.36
-20.460001
39.76049512589412
-20.340002
27.36
-20.460001
39.76049512589412
-20.340002
28.080002
-19.92
39.98760489103936
-20.340002
28.080002
-19.92
39.98760489103936
-20.340002
28.080002
-19.92
39.98760489103936
-20.340002
28.080002
-19.92
39.98760489103936
-19.980001
28.260002
-19.380001
39.66626677324906
-19.980001
28.260002
-19.380001
39.66626677324906
-19.980001
28.260002
-19.380001
39.66626677324906
-19.980001
28.260002
-19.380001
39.66626677324906
-19.980001
28.800001
-19.380001
40.0527773766806
-19.980001
28.800001
-19.380001
40.0527773766806
-19.980001
28.800001
-19.380001
40.0527773766806
-19.980001
28.800001
-19.380001
40.0527773766806
-20.160002
28.980001
-19.56
40.35913303256928
-20.160002
28.980001
-19.56
40.35913303256928
-20.160002
28.980001
-19.56
40.35913303256928
-20.160002
28.980001
-19.56
40.35913303256928
-19.800001
28.62
-20.28
40.27931198062862
-19.800001
28.62
-20.28
40.27931198062862
-19.800001
28.62
-20.28
40.27931198062862
-19.800001
28.62
-20.28
40.27931198062862
-19.800001
28.980001
-20.820002
40.80873714468202
-19.800001
28.980001
-20.820002
40.80873714468202
-19.800001
28.980001
-20.820002
40.80873714468202
-19.800001
28.980001
-20.820002
40.80873714468202
-19.800001
28.080002
-20.820002
40.17460669922607
-19.800001
28.080002
-20.820002
40.17460669922607
-19.800001
28.080002
-20.820002
40.17460669922607
-19.800001
28.080002
-20.820002
40.17460669922607
-19.260002
27.900002
-21.0
39.87929021542306
-19.260002
27.900002
-21.0
39.87929021542306
-19.260002
27.900002
-21.0
39.87929021542306
-19.260002
27.900002
-21.0
39.87929021542306
-19.260002
28.980001
-20.820002
40.549482093448184
-19.260002
28.980001
-20.820002
40.549482093448184
-19.260002
28.980001
-20.820002
40.549482093448184
-19.260002
28.980001
-20.820002
40.549482093448184
-19.260002
28.980001
-21.0
40.642195879867266
-19.260002
28.980001
-21.0
40.642195879867266
-19.260002
28.980001
-21.0
40.642195879867266
-19.260002
28.980001
-21.0
40.642195879867266
-18.840002
29.700003
-21.0
40.96383635198094
-18.840002
29.700003
-21.0
40.96383635198094
-18.840002
29.700003
-21.0
40.96383635198094
-18.840002
29.700003
-21.0
40.96383635198094
-18.480001
29.700003
-21.36
40.98597589086494
-18.480001
29.700003
-21.36
40.98597589086494
-18.480001
29.700003
-21.36
40.98597589086494
-18.480001
29.700003
-21.36
40.98597589086494
-18.12
28.800001
-22.020002
40.52968084375789
-18.12
28.800001
-22.020002
40.52968084375789
-18.12
28.800001
-22.020002
40.52968084375789
-18.12
28.800001
-22.020002
40.52968084375789
-17.220001
28.260002
-22.380001
39.95022843430466
-17.220001
28.260002
-22.380001
39.95022843430466
-17.220001
28.260002
-22.380001
39.95022843430466
-17.220001
28.260002
-22.380001
39.95022843430466
-16.32
27.900002
-23.640001
40.04500032190348
-16.32
27.900002
-23.640001
40.04500032190348
-16.32
27.900002
-23.640001
40.04500032190348
-16.32
27.900002
-23.640001
40.04500032190348
-15.6
27.54
-24.12
39.79429682216175
-15.6
27.54
-24.12
39.79429682216175
-15.6
27.54
-24.12
39.79429682216175
-15.6
27.54
-24.12
39.79429682216175
-15.24
27.54
-24.12
39.654553869361905
-15.24
27.54
-24.12
39.654553869361905
-15.24
27.54
-24.12
39.654553869361905
-15.24
27.54
-24.12
39.654553869361905
-15.42
27.36
-24.300001
39.70939664160896
-15.42
27.36
-24.300001
39.70939664160896
-15.42
27.36
-24.300001
39.70939664160896
-15.42
27.36
-24.300001
39.70939664160896
-15.6
27.900002
-23.94
39.93612147953435
-15.6
27.900002
-23.94
39.93612147953435
-15.6
27.900002
-23.94
39.93612147953435
-15.6
27.900002
-23.94
39.93612147953435
-16.32
28.080002
-23.760002
40.24135406703454
-16.32
28.080002
-23.760002
40.24135406703454
-16.32
28.080002
-23.760002
40.24135406703454
-16.32
28.080002
-23.760002
40.24135406703454
-16.86
27.900002
-24.12
40.55174585387015
-16.86
27.900002
-24.12
40.55174585387015
-16.86
27.900002
-24.12
40.55174585387015
-16.86
27.900002
-24.12
40.55174585387015
-17.82
27.900002
-24.840002
41.388262602457715
-17.82
27.900002
-24.840002
41.388262602457715
-17.82
27.900002
-24.840002
41.388262602457715
-17.82
27.900002
-24.840002
41.388262602457715
-18.900002
26.820002
-25.2
41.371036028486316
-18.900002
26.820002
-25.2
41.371036028486316
-18.900002
26.820002
-25.2
41.371036028486316
-18.900002
26.820002
-25.2
41.371036028486316
-18.900002
26.640001
-25.560001
41.4754551380241
-18.900002
26.640001
-25.560001
41.4754551380241
-18.900002
26.640001
-25.560001
41.4754551380241
-18.900002
26.640001
-25.560001
41.4754551380241
-19.44
26.28
-25.2
41.27459316596137
-19.44
26.28
-25.2
41.27459316596137
-19.44
26.28
-25.2
41.27459316596137
-19.44
26.28
-25.2
41.27459316596137
-19.62
25.92
-25.2
41.13187098281423
-19.62
25.92
-25.2
41.13187098281423
-19.62
25.92
-25.2
41.13187098281423
-19.62
25.92
-25.2
41.13187098281423
-19.44
25.74
-25.02
40.82231828206079
-19.44
25.74
-25.02
40.82231828206079
-19.44
25.74
-25.02
40.82231828206079
-19.44
25.74
-25.02
40.82231828206079
-19.980001
25.74
-25.02
41.0822167750993
-19.980001
25.74
-25.02
41.0822167750993
-19.980001
25.74
-25.02
41.0822167750993
-19.980001
25.74
-25.02
41.0822167750993
-19.44
26.28
-25.74
41.606485184103214
-19.44
26.28
-25.74
41.606485184103214
-19.44
26.28
-25.74
41.606485184103214
-19.44
26.28
-25.74
41.606485184103214
-18.660002
25.74
-26.1
41.133360781008705
-18.660002
25.74
-26.1
41.133360781008705
-18.660002
25.74
-26.1
41.133360781008705
-18.660002
25.74
-26.1
41.133360781008705
-17.76
25.74
-26.76
41.15899347822569
-17.76
25.74
-26.76
41.15899347822569
-17.76
25.74
-26.76
41.15899347822569
-17.76
25.74
-26.76
41.15899347822569
-17.220001
25.2
-27.84
41.311427392467635
-17.220001
25.2
-27.84
41.311427392467635
-17.220001
25.2
-27.84
41.311427392467635
-17.220001
25.2
-27.84
41.311427392467635
-17.04
24.480001
-27.66
40.67809781198677
-17.04
24.480001
-27.66
40.67809781198677
-17.04
24.480001
-27.66
40.67809781198677
-17.04
24.480001
-27.66
40.67809781198677
-17.400002
25.2
-27.3
41.025480958675246
-17.400002
25.2
-27.3
41.025480958675246
-17.400002
25.2
-27.3
41.025480958675246
-17.400002
25.2
-27.3
41.025480958675246
-18.12
25.2
-26.94
41.099126311805584
-18.12
25.2
-26.94
41.099126311805584
-18.12
25.2
-26.94
41.099126311805584
-18.12
25.2
-26.94
41.099126311805584
-18.12
25.380001
-26.22
40.74269609581882
-18.12
25.380001
-26.22
40.74269609581882
-18.12
25.380001
-26.22
40.74269609581882
-18.12
25.380001
-26.22
40.74269609581882
-18.660002
25.02
-26.040003
40.64822052724141
-18.660002
25.02
-26.040003
40.64822052724141
-18.660002
25.02
-26.040003
40.64822052724141
-18.660002
25.02
-26.040003
40.64822052724141
-18.900002
24.480001
-25.560001
40.12224058366039
-18.900002
24.480001
-25.560001
40.12224058366039
-18.900002
24.480001
-25.560001
40.12224058366039
-18.900002
24.480001
-25.560001
40.12224058366039
-19.44
23.94
-25.74
40.16945156293757
-19.44
23.94
-25.74
40.16945156293757
-19.44
23.94
-25.74
40.16945156293757
-19.44
23.94
-25.74
40.16945156293757
-20.160002
23.04
-25.92
40.11375882986955
-20.160002
23.04
-25.92
40.11375882986955
-20.160002
23.04
-25.92
40.11375882986955
-20.160002
23.04
-25.92
40.11375882986955
-20.160002
23.04
-25.74
39.9976867006862
-20.160002
23.04
-25.74
39.9976867006862
-20.160002
23.04
-25.74
39.9976867006862
-20.160002
23.04
-25.74
39.9976867006862
-19.980001
23.04
-25.74
39.90726402147468
-19.980001
23.04
-25.74
39.90726402147468
-19.980001
23.04
-25.74
39.90726402147468
-19.980001
23.04
-25.74
39.90726402147468
-19.44
23.400002
-25.2
39.50333747767396
-19.44
23.400002
-25.2
39.50333747767396
-19.44
23.400002
-25.2
39.50333747767396
-19.44
23.400002
-25.2
39.50333747767396
-18.660002
24.12
-24.840002
39.33186811746138
-18.660002
24.12
-24.840002
39.33186811746138
-18.660002
24.12
-24.840002
39.33186811746138
-18.660002
24.12
-24.840002
39.33186811746138
-17.94
24.480001
-24.840002
39.21912506045759
-17.94
24.480001
-24.840002
39.21912506045759
-17.94
24.480001
-24.840002
39.21912506045759
-17.94
24.480001
-24.840002
39.21912506045759
-16.5
25.380001
-24.840002
39.15890915252396
-16.5
25.380001
-24.840002
39.15890915252396
-16.5
25.380001
-24.840002
39.15890915252396
-16.5
25.380001
-24.840002
39.15890915252396
-15.42
25.2
-25.02
38.714556623203755
-15.42
25.2
-25.02
38.714556623203755
-15.42
25.2
-25.02
38.714556623203755
-15.42
25.2
-25.02
38.714556623203755
-14.7
25.02
-25.380001
38.55171673585043
-14.7
25.02
-25.380001
38.55171673585043
-14.7
25.02
-25.380001
38.55171673585043
-14.7
25.02
-25.380001
38.55171673585043
-15.06
24.660002
-25.380001
38.45859748746859
-15.06
24.660002
-25.380001
38.45859748746859
-15.06
24.660002
-25.380001
38.45859748746859
-15.06
24.660002
-25.380001
38.45859748746859
-15.780001
23.760002
-25.560001
38.299606568230566
-15.780001
23.760002
-25.560001
38.299606568230566
-15.780001
23.760002
-25.560001
38.299606568230566
-15.780001
23.760002
-25.560001
38.299606568230566
-16.68
23.400002
-25.380001
38.33962704504473
-16.68
23.400002
-25.380001
38.33962704504473
-16.68
23.400002
-25.380001
38.33962704504473
-16.68
23.400002
-25.380001
38.33962704504473
-17.76
23.400002
-24.36
38.16264151013724
-17.76
23.400002
-24.36
38.16264151013724
-17.76
23.400002
-24.36
38.16264151013724
-17.76
23.400002
-24.36
38.16264151013724
-18.36
22.86
-23.28
37.438318412381655
-18.36
22.86
-23.28
37.438318412381655
-18.36
22.86
-23.28
37.438318412381655
-18.36
22.86
-23.28
37.438318412381655
-19.260002
22.68
-21.840002
36.90956239104492
-19.260002
22.68
-21.840002
36.90956239104492
-19.260002
22.68
-21.840002
36.90956239104492
-19.260002
22.68
-21.840002
36.90956239104492
-20.340002
21.78
-21.36
36.665157032724885
-20.340002
21.78
-21.36
36.665157032724885
-20.340002
21.78
-21.36
36.665157032724885
-20.340002
21.78
-21.36
36.665157032724885
-21.06
20.7
-21.18
36.340142501526465
-21.06
20.7
-21.18
36.340142501526465
-21.06
20.7
-21.18
36.340142501526465
-21.06
20.7
-21.18
36.340142501526465
-21.6
20.340002
-21.36
36.55852008253343
-21.6
20.340002
-21.36
36.55852008253343
-21.6
20.340002
-21.36
36.55852008253343
-21.6
20.340002
-21.36
36.55852008253343
-21.78
20.340002
-21.54
36.77031120527555
-21.78
20.340002
-21.54
36.77031120527555
-21.78
20.340002
-21.54
36.77031120527555
-21.78
20.340002
-21.54
36.77031120527555
-21.6
21.24
-20.820002
36.758266635079856
-21.6
21.24
-20.820002
36.758266635079856
-21.6
21.24
-20.820002
36.758266635079856
-21.6
21.24
-20.820002
36.758266635079856
-20.880001
21.78
-21.0
36.76061609260395
-20.880001
21.78
-21.0
36.76061609260395
-20.880001
21.78
-21.0
36.76061609260395
-20.880001
21.78
-21.0
36.76061609260395
-20.520002
22.320002
-20.460001
36.576830124453444
-20.520002
22.320002
-20.460001
36.576830124453444
-20.520002
22.320002
-20.460001
36.576830124453444
-20.520002
22.320002
-20.460001
36.576830124453444
-20.340002
21.960001
-21.18
36.66810336910678
-20.340002
21.960001
-21.18
36.66810336910678
-20.340002
21.960001
-21.18
36.66810336910678
-20.340002
21.960001
-21.18
36.66810336910678
-19.44
21.78
-22.380001
36.78513945025899
-19.44
21.78
-22.380001
36.78513945025899
-19.44
21.78
-22.380001
36.78513945025899
-19.44
21.78
-22.380001
36.78513945025899
-18.720001
21.42
-23.460001
36.87311303434726
-18.720001
21.42
-23.460001
36.87311303434726
-18.720001
21.42
-23.460001
36.87311303434726
-18.720001
21.42
-23.460001
36.87311303434726
-17.82
21.6
-24.840002
37.431780395724566
-17.82
21.6
-24.840002
37.431780395724566
-17.82
21.6
-24.840002
37.431780395724566
-17.82
21.6
-24.840002
37.431780395724566
-17.220001
21.960001
-24.840002
37.36035032447083
-17.220001
21.960001
-24.840002
37.36035032447083
-17.220001
21.960001
-24.840002
37.36035032447083
-17.220001
21.960001
-24.840002
37.36035032447083
-16.86
22.140001
-24.840002
37.30234531259814
-16.86
22.140001
-24.840002
37.30234531259814
-16.86
22.140001
-24.840002
37.30234531259814
-16.86
22.140001
-24.840002
37.30234531259814
-17.580002
22.86
-24.300001
37.71108882945605
-17.580002
22.86
-24.300001
37.71108882945605
-17.580002
22.86
-24.300001
37.71108882945605
-17.580002
22.86
-24.300001
37.71108882945605
-17.220001
23.220001
-23.760002
37.419708966540945
-17.220001
23.220001
-23.760002
37.419708966540945
-17.220001
23.220001
-23.760002
37.419708966540945
-17.220001
23.220001
-23.760002
37.419708966540945
-17.220001
22.68
-24.300001
37.43528921894754
-17.220001
22.68
-24.300001
37.43528921894754
-17.220001
22.68
-24.300001
37.43528921894754
-17.220001
22.68
-24.300001
37.43528921894754
-17.94
22.86
-24.12
37.76503348212801
-17.94
22.86
-24.12
37.76503348212801
-17.94
22.86
-24.12
37.76503348212801
-17.94
22.86
-24.12
37.76503348212801
-18.54
21.78
-24.300001
37.53118820248867
-18.54
21.78
-24.300001
37.53118820248867
-18.54
21.78
-24.300001
37.53118820248867
-18.54
21.78
-24.300001
37.53118820248867
-19.980001
20.340002
-24.840002
37.814572515516424
-19.980001
20.340002
-24.840002
37.814572515516424
-19.980001
20.340002
-24.840002
37.814572515516424
-19.980001
20.340002
-24.840002
37.814572515516424
-21.24
20.160002
-24.660002
38.28418674959839
-21.24
20.160002
-24.660002
38.28418674959839
-21.24
20.160002
-24.660002
38.28418674959839
-21.24
20.160002
-24.660002
38.28418674959839
-22.140001
19.800001
-24.840002
38.720089893079084
-22.140001
19.800001
-24.840002
38.720089893079084
-22.140001
19.800001
-24.840002
38.720089893079084
-22.140001
19.800001
-24.840002
38.720089893079084
-22.5
20.340002
-24.300001
38.86458298434289
-22.5
20.340002
-24.300001
38.86458298434289
-22.5
20.340002
-24.300001
38.86458298434289
-22.5
20.340002
-24.300001
38.86458298434289
-22.140001
20.7
-24.12
38.735566238237375
-22.140001
20.7
-24.12
38.735566238237375
-22.140001
20.7
-24.12
38.735566238237375
-22.140001
20.7
-24.12
38.735566238237375
-21.960001
20.520002
-24.300001
38.64973798221341
-21.960001
20.520002
-24.300001
38.64973798221341
-21.960001
20.520002
-24.300001
38.64973798221341
-21.960001
20.520002
-24.300001
38.64973798221341
-21.06
20.520002
-24.660002
38.37590020829316
-21.06
20.520002
-24.660002
38.37590020829316
-21.06
20.520002
-24.660002
38.37590020829316
-21.06
20.520002
-24.660002
38.37590020829316
-19.980001
20.520002
-25.380001
38.26768254472369
-19.980001
20.520002
-25.380001
38.26768254472369
-19.980001
20.520002
-25.380001
38.26768254472369
-19.980001
20.520002
-25.380001
38.26768254472369
-19.62
20.880001
-26.22
38.83821863271409
-19.62
20.880001
-26.22
38.83821863271409
-19.62
20.880001
-26.22
38.83821863271409
-19.62
20.880001
-26.22
38.83821863271409
-18.300001
21.78
-26.76
39.05580723914899
-18.300001
21.78
-26.76
39.05580723914899
-18.300001
21.78
-26.76
39.05580723914899
-18.300001
21.78
-26.76
39.05580723914899
-17.580002
22.320002
-27.12
39.27764502153229
-17.580002
22.320002
-27.12
39.27764502153229
-17.580002
22.320002
-27.12
39.27764502153229
-17.580002
22.320002
-27.12
39.27764502153229
-17.220001
22.86
-27.12
39.42844834713256
