0.15322891
3.3087866
7.7811556
8.456827364747872
0.05746084
3.2704794
7.896077
8.546775468598934
0.01436521
3.347094
8.264784
8.916832562861185
0.1436521
3.490746
8.480263
9.171738995611099
0.22026655
3.6152446
8.48984
9.230162096842307
0.32561144
3.6391866
8.451532
9.207502324738158
0.3878607
3.5769374
8.585608
9.309004774155715
0.2777274
3.4524388
8.762778
9.42246002860838
0.24899697
3.3087866
9.083601
9.670671181645854
0.2633622
3.466804
9.064447
9.708362191829984
0.31124622
3.7014358
8.935161
9.676497185362082
0.56982
3.8642416
8.868123
9.69023556386547
0.7230489
3.9025488
9.32781
10.137096572920223
0.8858546
3.9935284
10.0029745
10.807058387291526
0.9720459
4.0797195
10.323798
11.1431503536786
0.9720459
4.247314
10.352529
11.232070198317913
1.1731589
4.295198
10.582372
11.480923960650308
1.1252748
4.3766007
10.97502
11.86894891058966
1.1827357
4.0653543
10.97502
11.763377264958153
1.2210429
2.9831753
11.209652
11.663900283533753
1.0869676
1.6519991
11.971008
12.133245122679721
0.7757214
0.6703765
12.780249
12.821306876998916
0.50278234
0.4357447
12.445061
12.462832315772154
0.5315128
0.62249243
10.151415
10.184362010122316
0.8619126
0.93852705
7.9583263
8.059695206930177
1.4508862
1.0965444
6.6271505
6.8721615567207035
2.2601264
1.2689269
6.5026517
7.000201631094391
2.6671407
1.3455414
7.302315
7.889735649524942
2.657564
1.2354081
8.403648
8.900010664001249
2.1452048
1.1587936
8.810662
9.141798469012915
1.5514427
1.2354081
8.710106
8.933036916948812
1.2401965
1.4460979
8.556877
8.766380889450662
1.1971009
1.9201498
8.178593
8.485835671485574
1.2018893
2.4851813
7.800309
8.274387265480183
1.0630256
2.743755
7.4746976
8.033014363436903
1.0103531
2.858677
7.575254
8.159492403586125
0.9720459
2.8874073
8.082825
8.637942127003
0.8762778
2.7581203
8.437167
8.91969072156425
0.7134721
2.767697
8.834604
9.285441367362068
0.82360536
2.5761611
9.002198
9.399707838347375
0.8379706
2.5809495
9.160215
9.553692520250188
0.8379706
2.815581
9.002198
9.469385711178434
1.0055647
2.992752
8.6813755
9.23764078448516
1.0773908
3.1268275
8.355764
8.986468845684223
1.2497733
3.2609026
8.250419
8.959063785551157
1.163582
3.3279405
8.212111
8.936883224866618
1.0773908
3.442862
8.413225
9.154038718823656
0.9816227
3.5529952
8.5473
9.308259753895788
0.8762778
3.6104562
8.90643
9.650272630388237
0.9528923
3.5290532
9.437943
10.12111636431283
1.0342951
3.4284968
10.290278
10.895604050353073
1.067814
3.3901896
11.032481
11.590912751929917
0.8714894
3.5482068
11.60709
12.168557494785741
0.7278373
3.9456444
11.702858
12.371529140585944
0.40222588
3.9839516
11.75553
12.418782167052264
-0.04309563
3.845088
11.923124
12.527866886683812
-0.3878607
3.2034419
12.349293
12.763914406886633
-0.37349546
1.9967642
12.823344
12.983247967407967
-0.21547815
1.1204864
12.382812
12.435270023274839
0.23463176
0.8331822
10.04607
10.08329150819117
0.39264908
1.0630256
7.632715
7.716381126487272
-0.02873042
1.1540052
6.009446
6.119313305495196
-0.4261679
1.1875241
5.813122
5.948463356917797
-0.6560113
1.2545617
6.8282633
6.973482312762129
-0.90500826
1.4030021
8.082825
8.253454236617387
-0.5363012
1.7477672
8.825027
9.012403629967597
-0.22026655
1.8148049
9.011775
9.19533158318963
-0.038307227
2.0350714
9.064447
9.290166303215797
0.12449849
2.4037786
8.844181
9.165870585697247
0.37349546
2.7006595
8.542512
8.967026814125957
0.51235914
2.8682537
8.121132
8.627987551535591
0.545878
3.0071173
7.723695
8.30639516044857
0.37349546
3.0262709
7.503428
8.09933597056342
0.01436521
2.930503
7.565677
8.11341619034991
-0.35434186
2.920926
7.7189064
8.260683020923146
-0.7469909
2.873042
7.819463
8.363991861741692
-0.9959879
2.9496565
8.020576
8.603609401092225
-1.1683705
3.0214825
8.432379
9.03324176512006
-1.2354081
3.3039982
8.441956
9.149276004351853
-0.90500826
3.8402996
8.015787
8.934191965241029
-0.29209262
4.036624
7.9966335
8.962466068815433
0.23463176
4.098873
8.719683
9.637877333956608
0.4309563
3.9025488
9.323022
10.116044216290156
0.46926352
3.715801
9.849746
10.537783263031786
0.39264908
3.6008794
10.031705
10.665627389187215
0.30645782
3.490746
10.295067
10.875091903122804
0.272939
3.739743
10.390836
11.046702684410127
0.20111294
4.6495395
10.084377
11.106454543171338
0.25378537
5.0996494
9.758766
11.013825484664292
0.59855044
4.8027687
10.28549
11.367328446291124
0.41180268
4.19943
11.15698
11.928243353568584
0.12928689
2.8491
11.836933
12.175675353445492
0.01436521
1.1731589
12.320562
12.376298316126903
-0.08619126
0.49320555
12.014104
12.024532672263323
-0.095768064
0.4357447
10.156203
10.165997801077074
0.39743748
0.93852705
7.680599
7.747928219409059
0.90979666
1.5035586
6.2105594
6.454414442053975
1.412579
1.5370775
6.6367273
6.957308147388244
1.6663644
1.4173675
8.312668
8.595705122060096
1.685518
1.1779473
9.600749
9.818498660925195
1.3120226
1.2258313
9.945514
10.106300700195568
0.94331545
1.4221559
9.65821
9.80782250365409
0.59376204
1.7477672
8.992621
9.18011343759165
0.320823
2.207454
8.552089
8.838212399183782
0.033518825
2.7341783
8.159439
8.605422647970018
-0.16280572
3.0071173
7.469909
8.054117265823773
-0.22984336
2.944868
7.1873937
7.770695034838447
-0.02873042
2.834735
7.2304893
7.766371386021611
0.2633622
2.4468741
7.7811556
8.161062172965945
0.59855044
2.255338
8.379706
8.698522367726367
0.7374141
2.135628
8.671799
8.961293380574837
0.94331545
2.1547816
8.576031
8.89276279699252
1.2162545
2.4229321
8.475474
8.898513378325521
1.3934253
2.7341783
8.508993
9.04545895788539
1.436521
3.0885203
8.346188
9.014510431267452
1.4987702
3.4620156
8.307879
9.124293051729962
1.4173675
3.8115692
8.322245
9.26265366564504
1.2449849
4.027047
8.695741
9.663488150500484
1.1204864
4.0557775
9.23683
10.150066101159645
0.82360536
3.715801
9.840169
10.55056539891661
0.5650316
3.107674
10.783484
11.236566958449487
0.45968673
2.7246015
11.880029
12.197124730221066
0.2825158
3.0310593
12.847286
13.203026187684978
-0.009576807
3.7062242
12.98615
13.504676291502927
-0.2873042
3.8019924
12.612655
13.176370706500222
-0.5363012
4.261679
11.87524
12.628177054226418
-0.7422025
3.9504328
11.085154
11.791412746180216
-0.61291564
2.2266076
11.099519
11.337228965673983
-0.4309563
0.9911995
10.7116585
10.766049491585735
-0.16280572
0.6895301
9.466674
9.493148742481338
0.19632454
0.7278373
8.010999
8.0463900225517
0.1340753
0.60812724
6.9862804
7.01397944057248
0.19153613
0.7182605
7.3406224
7.378165390117369
0.18674773
0.770933
8.24563
8.283696572560466
0.29688102
1.0199299
8.451532
8.518027542388591
0.46447513
1.4413095
8.12592
8.265814679859291
0.2873042
1.8291701
7.8386164
8.054335134145152
0.20590134
2.2457612
7.52737
7.8579347781112805
0.33997664
2.6001031
7.345411
7.799434631594123
0.51714754
2.896984
7.1395097
7.722211918568617
0.5746084
3.1268275
7.398083
8.052258040953822
0.60333884
2.9879637
7.905654
8.472975011292798
0.44532153
2.858677
8.542512
9.019138332579617
0.21547815
2.7006595
8.925584
9.327702958417401
-0.12928689
2.5905263
8.7292595
9.106454475950484
-0.35913026
2.4229321
8.556877
8.900545990730315
-0.58418524
2.5139117
8.7771435
9.148730630845009
-0.45489833
2.9113493
8.662222
9.14969793769577
-0.272939
3.3039982
8.355764
8.989421561602672
0.25857377
3.4763808
8.159439
8.8729099445328
0.56982
3.6104562
8.863335
9.58742889019832
0.8475474
3.6296098
9.821015
10.504510546488545
0.6464345
3.5817258
10.457873
11.073109167847411
0.5267244
3.2321723
10.630256
11.123250759490055
0.34476504
2.7389667
10.994174
11.335460313655592
-0.06703765
2.992752
11.070788
11.468365488700728
-0.16280572
4.2425256
10.563218
11.384511471311788
0.36391866
4.548983
9.964667
10.959939662460974
1.1875241
4.3861775
10.601525
11.534344679162938
1.436521
3.7110126
11.449073
12.120910584138135
1.4796166
1.8148049
12.148179
12.371783830808312
1.1061212
0.29688102
12.665327
12.717002504912898
0.29688102
-0.23463176
12.023681
12.029633490226528
-0.076614454
0.21547815
9.758766
9.761445590040658
0.33518824
1.0821792
7.1969705
7.285591632013614
0.9768343
1.6184803
6.0142345
6.30433988499177
1.4748282
1.6663644
6.9000893
7.250042882332097
1.7286136
1.7190368
8.552089
8.89277309218238
1.5562311
1.6089035
9.232041
9.499527367329215
1.2210429
1.4796166
9.404425
9.59809463984035
0.9528923
1.4700398
9.203311
9.368562242740012
0.78050977
1.733402
8.954314
9.153885363523795
0.59855044
2.1547816
8.571242
8.858190386657398
0.5554548
2.5713725
8.039729
8.459180316580204
0.63206923
2.6048915
7.699753
8.152985251922537
0.79487497
2.4181437
7.991845
8.387421008674705
0.7278373
2.2457612
8.293514
8.622967466721008
0.59376204
2.207454
8.475474
8.778329383912462
0.63206923
2.0973208
8.37013
8.65201307917791
0.56982
2.2170308
8.298303
8.608237078837266
0.6368576
2.3798366
8.360553
8.715965127035739
0.7469909
2.4756045
8.350976
8.742163064085599
0.79008657
2.60968
8.355764
8.789395393001257
0.9864111
2.815581
8.346188
8.863371201752672
1.0151415
3.064578
8.374918
8.975600334639878
0.9672575
3.3854012
8.599973
9.292796341401948
0.8858546
3.5434184
8.882488
9.604121563213189
0.7278373
3.5242648
9.279925
9.953250710548351
0.39743748
3.289633
9.878476
10.419401821898024
0.4405331
2.96881
10.414778
10.838611627609883
0.5793968
3.0071173
10.769119
11.196087998698893
0.5410896
3.3518825
10.692505
11.21862520876364
0.10055647
3.490746
10.82658
11.375862508079745
-0.3878607
3.9839516
11.133038
11.830757684636184
-0.59376204
2.8538885
11.769896
12.125497080258581
-0.78050977
1.2018893
13.144167
13.222059047628866
-1.1540052
0.5650316
13.699622
13.759746634346369
-0.79487497
0.7374141
11.219229
11.271499435475556
-0.46447513
1.0726024
8.283937
8.365992470537481
-0.7182605
1.1923125
6.789956
6.931162370793425
-0.79487497
1.3455414
7.541735
7.7019527386741045
-0.8714894
1.5849615
9.284714
9.459255179184135
-0.5650316
1.8914193
9.787497
9.984579021536396
-0.38307226
1.9632454
9.141062
9.357354813799043
-0.25857377
2.1308396
8.236053
8.511163897415669
0.0047884034
2.2601264
7.771579
8.093554873673499
0.08619126
2.432509
7.302315
7.69729412144243
0.23942018
2.542642
6.789956
7.254367959525316
0.29688102
2.6384103
6.564901
7.081473730985431
0.24899697
2.456451
6.8905125
7.319515677517056
0.1388637
2.4181437
7.8050976
8.17228531399987
0.009576807
2.3798366
8.844181
9.158779797303147
-0.1340753
2.5474305
9.208099
9.554918662243539
-0.21547815
2.7102363
9.227253
9.619460059734138
-0.2681506
3.0454245
8.820239
9.335048336318685
-0.37349546
3.466804
8.058883
8.780877699375315
-0.30166942
3.6296098
7.3645644
8.215952582084117
-0.095768064
3.715801
7.1490865
8.05765358215405
0.16759412
3.6966474
7.666234
8.512604287918904
0.25857377
3.4332852
8.508993
9.179175933219076
0.2873042
3.1794999
9.56723
10.085814577944788
0.34476504
2.873042
10.457873
10.850822143345795
0.38307226
2.944868
11.45865
11.837213730699045
0.545878
3.8259344
11.99495
12.602166101670838
1.0534488
4.8602295
11.310209
12.355258801172289
1.6089035
5.281609
10.635044
11.982826660084214
2.0446482
4.8219223
10.912771
12.104548559330716
2.006341
2.9017725
11.923124
12.434089538104573
1.5227122
0.48841715
13.862428
13.954357951369921
0.842759
-0.19632454
14.523228
14.548983739644681
0.30645782
0.20590134
11.836933
11.842689647867292
0.49799395
0.9672575
8.0924015
8.16520345645787
0.7422025
1.5610195
6.0381765
6.280702481675921
0.90979666
1.7525556
6.315904
6.617388113104227
1.0582372
1.6376339
7.85777
8.0960642919287
0.9672575
1.5610195
8.944737
9.131303256256187
0.8762778
1.6472107
8.90643
9.099761758557198
0.6655881
1.8483237
8.178593
8.411223914754656
0.58897364
2.0159178
7.541735
7.828702437067367
0.49320555
2.4516625
7.1586633
7.582899339714344
0.47405192
2.8634653
6.7947445
7.388688138116519
0.59376204
2.8299465
6.9144545
7.49472012639226
0.82360536
2.7341783
7.800309
8.306556355012823
0.8762778
2.6527755
8.695741
9.133509182687362
0.8714894
2.4277205
9.3182335
9.668650149598548
0.91937345
2.3894134
9.595961
9.931616234913513
0.9624691
2.7389667
9.303867
9.74629336594174
1.0869676
3.0693667
8.24563
8.865265141291072
1.2497733
3.2752678
7.627927
8.394913868374223
1.412579
3.4045548
7.565677
8.41580915961354
1.6184803
3.4763808
7.9152308
8.795202282546887
1.6711528
3.5577838
8.2169
9.108678146587737
1.5179238
3.5625722
8.686164
9.510281269715506
1.2737153
3.596091
9.035717
9.80807842570527
1.0630256
3.5290532
9.308656
10.011758376335937
1.0342951
3.3375173
9.758766
10.365438076538526
1.0103531
3.1842883
10.012551
10.555173601523604
1.0199299
3.1651347
10.160992
10.691308843066505
1.1540052
3.5338416
10.486604
11.126033434927166
0.89543146
3.9456444
10.721235
11.459266504377991
0.2633622
4.213795
10.979809
11.763571834883022
-0.36870706
4.7740383
11.252748
12.229133740217776
-0.5793968
3.787627
11.482592
12.105029462221477
-0.17238252
1.4891934
12.684481
12.772762549063755
-0.45489833
0.37349546
13.321339
13.334335543795621
0.095768064
0.58418524
10.5919485
10.608478581307434
0.40222588
0.6464345
7.8290396
7.865972521701192
0.25378537
0.79008657
7.0485296
7.097211757717725
-0.16759412
1.0007763
8.054094
8.117763172109484
-0.36870706
1.0342951
9.528923
9.591980413701643
-0.10055647
1.5514427
9.77792
9.900747220903408
0.05267244
1.9871874
8.815451
9.036806080454653
0.21068975
2.3127987
7.7428484
8.083633522148945
0.29688102
2.7341783
7.28795
7.789613939544657
0.24899697
3.074155
6.799533
7.466329397804095
0.30166942
3.3039982
6.291962
7.113100253823734
0.48841715
3.2369606
6.4643445
7.245979246484116
0.58418524
2.8538885
7.7811556
8.308569875377076
0.60333884
2.3750482
9.083601
9.40833064288452
0.59376204
2.1547816
9.89763
10.146857134935766
0.4405331
2.1212628
9.9790325
10.211509075672364
0.320823
2.2361844
9.289502
9.56024582167731
0.076614454
2.552219
8.561666
8.934305113512082
-0.1436521
2.9161377
8.020576
8.535462844893797
-0.21068975
3.347094
7.4842744
8.20132839328793
-0.08140286
3.8163576
6.775591
7.776878753050509
0.15322891
4.0797195
6.7324953
7.873632160860769
0.2873042
3.9839516
7.4746976
8.474993554396978
0.19632454
3.7349546
9.11712
9.85445575142221
-0.11971009
2.9831753
10.386047
10.806648214404076
-0.38307226
2.3558946
11.520899
11.765547185997661
-0.49799395
2.9783869
11.654974
12.03981787052731
-0.25378537
4.189853
10.601525
11.402264125921029
0.8762778
4.7788267
9.888053
11.017197430435356
1.934515
4.2760444
11.046846
12.002488196219591
2.3942018
2.4037786
13.517663
13.936914269152377
2.231396
0.51235914
15.7586355
15.9240771446937
1.2880806
0.11971009
15.212758
15.267661451776258
0.5650316
0.40701428
11.137826
11.159574125634336
0.7230489
1.3263878
7.4986396
7.649294063932545
1.0151415
2.078167
5.33907
5.818501317398356
1.1779473
2.1978772
5.2959743
5.853679849423012
1.4173675
1.9057846
7.1059904
7.492399051611172
1.2785037
1.4748282
8.614338
8.83269551211665
0.94331545
1.1252748
9.361329
9.475788786170636
0.7757214
0.92895025
9.753978
9.828772785810935
0.94331545
1.1348516
9.035717
9.155430884062834
1.043872
1.5753847
8.039729
8.258858750685201
1.1827357
2.1978772
7.345411
7.757872490012263
1.0869676
2.7102363
7.225701
7.79343523431515
0.8810662
2.9161377
7.536947
8.129311224745276
0.8810662
2.920926
8.312668
8.854859615960006
0.8762778
2.8299465
9.030929
9.504426828246725
0.60333884
2.6671407
9.255983
9.651470692886372
0.545878
2.5570073
9.3421755
9.701160274995582
0.46447513
2.480393
9.203311
9.543009123558681
0.5554548
2.6144683
8.619126
9.024040750262731
0.6991069
2.8443117
8.034941
8.552141815865303
0.8523358
2.9496565
7.6853876
8.275997468235373
0.93852705
3.0454245
7.776367
8.404006601932915
0.92416185
3.169923
8.173804
8.815529593377743
0.91458505
3.2225955
8.628703
9.256139006841073
0.8810662
3.3183637
9.294291
9.908160581973027
0.770933
3.2082303
9.854534
10.39225308849679
0.8714894
3.0454245
10.692505
11.151850155999025
0.81402856
2.834735
11.171345
11.554103792727716
0.80924016
3.2273839
11.362882
11.84001515464844
0.62728083
3.892972
10.927136
11.616842053118798
0.34955344
4.098873
11.027693
11.770002505708103
-0.18674773
4.31914
11.626244
12.404007024296183
-0.44532153
4.6160207
11.779472
12.659460192798383
-0.320823
3.5625722
11.573571
12.113727796308075
-0.21068975
1.4987702
12.253524
12.346641028139368
-0.05267244
0.50757074
11.659762
11.670923891343781
0.2825158
0.2633622
9.643845
9.651575827531474
0.17717093
0.08140286
7.9726915
7.97507527952629
-0.17717093
0.30166942
7.264008
7.2724278258318655
-0.5267244
0.4309563
7.3789296
7.410247110424107
-0.7613561
0.62728083
7.953538
8.01448131232249
-0.56982
1.1587936
8.413225
8.511747881002238
-0.33997664
1.6519991
8.207323
8.378832950582648
-0.08140286
2.1643584
7.5800424
7.883407706406519
0.25857377
2.5570073
7.417237
7.849875440641957
0.33518824
2.873042
7.728483
8.252040726236205
0.49799395
3.0597897
7.843405
8.433819455496433
0.47884035
3.1507695
7.8290396
8.452839788395451
0.16759412
2.9352913
8.259995
8.767641865648788
0.038307227
2.585738
9.121908
9.481387728430683
-0.05267244
2.2457612
9.605537
9.864713308786564
-0.1340753
2.0973208
9.504981
9.734546641494388
-0.33039984
2.1739352
8.863335
9.132023864581239
-0.51235914
2.3223755
8.121132
8.462193502400563
-0.5793968
2.9113493
7.675811
8.229807330595929
-0.59855044
3.5242648
7.1251445
7.971598994771831
-0.36870706
3.8642416
6.943185
7.954629272415671
-0.2681506
3.9695864
7.5848308
8.564997176633637
-0.1340753
3.7732618
8.571242
9.365984841868231
0.0047884034
3.5817258
9.390059
10.04997506968884
-0.033518825
3.490746
9.945514
10.540383201741328
-0.02873042
3.3039982
10.7356
11.232557550313008
-0.08140286
3.3423057
11.420342
11.899657659655263
-0.12928689
3.8402996
11.587936
12.208394298900322
0.21547815
4.8602295
10.721235
11.77340833917258
0.6991069
5.305551
9.844957
11.205391839396517
1.2449849
5.0661306
10.199299
11.456062304535124
1.4221559
4.548983
11.137826
12.114740494779877
1.1109096
2.7150247
11.942278
12.297295646791996
0.7374141
0.4261679
13.517663
13.544468297425372
0.47405192
-0.14844051
13.9677725
13.976602894365886
0.12449849
-0.076614454
11.233594
11.234545116171155
0.6512229
0.56982
7.800309
7.848159584017209
1.0390835
1.0055647
6.133945
6.302074018319131
1.2737153
1.2641385
6.694188
6.930551984637845
1.3024458
1.2785037
7.872135
8.080931421359715
1.0582372
1.2880806
8.671799
8.830578164411062
0.89543146
1.6280571
8.350976
8.555183793395063
0.50757074
1.8100165
7.728483
7.953819259589005
0.49799395
2.111686
7.465121
7.774010657261717
0.48362875
2.5474305
7.350199
7.7941468995082
0.4261679
3.064578
7.005434
7.658287306665606
0.50278234
3.2561142
6.9144545
7.659291686932142
0.60812724
3.1986535
7.5848308
8.254141952680484
0.7326257
3.0023289
8.360553
8.913448382795174
0.81881696
2.8395233
9.227253
9.688939535181662
0.9768343
2.7485435
9.433155
9.87385996744628
1.0486604
2.9592333
9.169792
9.69235993581998
1.1540052
2.9735985
8.528147
9.105125208019434
1.1875241
3.2321723
8.135497
8.834220793666525
1.2162545
3.289633
8.09719
8.824140071307054
1.1683705
3.53863
8.082825
8.900508274609193
1.0582372
3.715801
8.149862
9.019274100383665
0.9768343
3.8881836
8.662222
9.544960042191441
0.8619126
3.9217024
9.169792
10.010381269177357
0.7613561
3.9456444
9.739613
10.53602523529576
0.6655881
3.8881836
10.366894
11.092045354839142
0.5267244
3.739743
10.831368
11.470905153433295
0.48841715
3.7684734
11.410766
12.026866084417003
0.521936
3.916914
11.444284
12.107282455288983
0.6751649
4.4915223
10.898406
11.806984234298968
0.4405331
4.8937483
10.510546
11.602345038844113
-0.05746084
4.5920787
11.046846
11.9634153265033
-0.25857377
3.083732
11.908759
12.304259665181124
-0.05746084
1.1492168
13.000515
13.051337186041513
0.38307226
0.842759
11.942278
11.978104643253312
0.90500826
0.8714894
8.6574335
8.748125147911159
0.9864111
0.7757214
6.789956
6.904944110840299
0.4357447
1.0965444
6.6750345
6.778522839616832
-0.16280572
1.4077905
7.5321584
7.6643193286478075
-0.5554548
1.5562311
8.307879
8.470610579604553
-0.58418524
1.8626889
8.461109
8.683389473390102
-0.30645782
2.0398598
8.049306
8.30940865993676
-0.033518825
2.1978772
7.714118
8.021185004381318
0.31124622
2.408567
7.6135616
7.991519724821245
0.44532153
2.7820623
7.5848308
8.091220062638934
0.58418524
3.1555579
7.1730285
7.858190367589187
0.79966336
3.3327289
7.086837
7.872089877646726
0.78529817
3.2704794
7.7332716
8.433043256553029
0.60812724
3.098097
8.465898
9.035455166910086
0.641646
2.7246015
9.346964
9.75709471189026
0.49320555
2.6431987
9.888053
10.24711382169656
0.2873042
2.7102363
9.552865
9.934040355055888
0.20590134
2.8538885
8.7292595
9.18624225752646
0.033518825
2.9113493
8.446744
8.934459249039861
-0.17238252
3.145981
8.020576
8.617223357387997
-0.20111294
3.3518825
7.5800424
8.29051295038303
-0.12449849
3.5003228
7.52737
8.302352792410622
-0.019153614
3.8019924
7.824251
8.699104736567634
0.033518825
3.9121256
8.676587
9.517826019947838
-0.019153614
3.6008794
10.160992
10.780187759038206
-0.34955344
2.9735985
11.81778
12.191160307716304
-0.6560113
3.2465374
12.832921
13.253460702060224
-0.51235914
4.31914
12.138602
12.894306410869211
0.009576807
5.3007627
10.606314
11.85715275828068
0.78050977
5.568913
10.170568
11.621637329723931
1.5658079
4.548983
11.161768
12.154426025999104
1.8100165
2.4133554
12.832921
13.182727980831645
1.4891934
0.79008657
14.657303
14.753930554156577
0.49320555
0.3878607
13.158532
13.173483391755257
0.18674773
0.6368576
9.160215
9.18422593926759
0.91458505
1.5179238
5.5880666
5.8623413715171155
1.6519991
2.1930888
3.916914
4.783404095665726
2.087744
2.1978772
4.7022123
5.594652838278652
2.5330653
2.111686
6.9862804
7.725525881944082
2.303222
1.8004397
8.963891
9.428560785394913
1.8626889
1.5035586
9.998186
10.280759851894421
1.1348516
1.340753
10.127473
10.278677667852484
0.90021986
1.6950948
9.385271
9.579512080308545
0.6799533
2.4516625
8.671799
9.037315997813506
0.2777274
3.169923
7.9822683
8.593145397766085
0.009576807
3.5482068
7.632715
8.4171376112314
-0.062249243
3.5625722
7.6470804
8.43644696481503
-0.0047884034
3.3758245
7.8290396
8.525847684268795
0.23463176
3.0933087
7.8529816
8.443514114575006
0.35434186
2.7964275
7.675811
8.177019006431559
0.45010993
2.5330653
7.723695
8.140914121095419
0.5793968
2.2840683
8.00621
8.345781514741258
0.8523358
2.4277205
8.384495
8.770407719981268
0.8571242
2.753332
8.499416
8.975276048075633
0.8858546
3.169923
8.408437
9.02967139574507
0.90979666
3.691859
8.312668
9.141006435684561
0.90021986
4.0653543
8.374918
9.352900792527594
0.81881696
4.3478703
9.102755
10.120996884788303
0.8762778
4.343082
9.787497
10.743617092373455
0.90500826
4.0557775
10.352529
11.155412231105512
0.8858546
3.6487634
10.726024
11.364233266238958
0.8619126
3.6104562
11.128249
11.730993604017522
0.6943185
4.0414124
11.099519
11.832768243182784
0.22505496
4.462792
11.147403
12.00965238832004
-0.51714754
4.8985367
11.219229
12.25292622395992
-0.842759
5.0038815
11.295844
12.383261648991464
-0.93373865
3.4237084
11.63582
12.164948085136349
-1.091756
1.388637
12.540829
12.66462095371856
-0.78050977
0.6512229
11.434708
11.47980018893751
-0.29688102
0.7469909
8.834604
8.87109719011382
-0.30645782
0.5410896
7.2687964
7.2953477850064985
-0.41180268
0.8714894
6.967127
7.033486514962003
-0.545878
1.1492168
7.6231384
7.728578310334612
-0.46447513
1.4508862
8.456321
8.592448409954777
-0.17717093
1.9680338
8.6574335
8.880073494134521
-0.095768064
2.2457612
7.9391727
8.251246964977522
0.04309563
2.6192567
7.4268136
7.875272715856962
0.15322891
2.9735985
7.3166804
7.899340599643725
0.22984336
3.3279405
6.9958572
7.750485804928768
0.25857377
3.4380736
6.6079965
7.453377069653167
0.34955344
3.2992098
7.1107793
7.846665285164909
0.272939
2.9400797
8.0684595
8.591775341314797
0.095768064
2.5474305
9.23683
9.582149885884006
0.0047884034
2.408567
9.763555
10.056252382229557
-0.15322891
2.3894134
9.969456
10.252941918940342
-0.17238252
2.753332
9.323022
9.722617407139163
-0.25378537
3.3518825
8.322245
8.975482181783205
-0.36391866
3.821146
7.517793
8.441019412121992
-0.20111294
3.9217024
7.129933
8.139787099992427
-0.033518825
3.9025488
7.4842744
8.44069763626882
-0.02873042
3.8163576
8.169016
9.016553278954579
-0.076614454
3.8259344
8.911219
9.69811666236672
-0.15801731
3.7253778
9.375694
10.089948097602122
-0.30645782
3.4715924
10.180145
10.760168899288288
-0.58418524
3.3423057
11.195287
11.69815051466971
-0.6607997
3.6535518
11.597513
12.17733199640961
-0.49799395
4.759673
11.013328
12.008158771235301
0.08619126
5.434838
10.232818
11.58686529600199
0.6943185
5.473145
10.582372
11.934151863994803
1.1827357
5.0757074
11.429919
12.562034788105713
1.5658079
3.5577838
12.076353
12.686523399913883
1.5801731
1.3838485
12.794614
12.965883531105295
1.0773908
0.3878607
12.966996
13.017457244609425
0.38307226
0.36870706
10.453085
10.466598061824719
0.6512229
0.46447513
7.680599
7.722139054665478
1.091756
0.9624691
6.129156
6.299589949084887
1.3503298
1.4317327
6.066907
6.3781350598776925
1.6424223
1.4556746
7.479486
7.794822040359173
1.5897499
1.5370775
8.590396
8.870446124808211
1.292869
1.685518
8.75799
9.011929129669385
0.80445176
1.8387469
8.307879
8.546870090406497
0.50278234
2.0446482
7.666234
7.950127117172355
0.4405331
2.4468741
7.541735
7.940971756667162
0.49799395
2.954445
7.40766
7.99063014633377
0.6847417
3.2130187
7.264008
7.972338059396427
0.9576807
3.2704794
7.9631147
8.661661708062828
1.0247183
2.9735985
8.825027
9.368748322449191
1.0295067
2.8395233
9.346964
9.822856515893731
1.0103531
2.681506
9.56723
9.987150710852873
0.8810662
2.6240451
9.32781
9.729847352574167
0.9576807
2.7246015
8.805874
9.267363052364784
0.93852705
2.8538885
8.336611
8.861410132624165
0.93373865
3.074155
8.1163435
8.729108010567646
0.9672575
3.2369606
7.867347
8.562046902216883
0.92416185
3.3518825
7.6231384
8.378629438900736
0.8523358
3.41892
7.867347
8.620361850162345
0.7517793
3.4763808
8.288726
9.019610761884264
0.7230489
3.5003228
8.710106
9.41493528760164
0.7134721
3.4524388
9.461885
10.097309063784758
0.842759
3.122039
10.333375
10.827557789752484
0.842759
3.1316159
11.224017
11.683142517824427
0.8714894
3.3662477
11.525687
12.038794433461051
0.7182605
3.916914
11.343728
12.02240695713503
0.33518824
4.6782703
10.874464
11.842826223456306
-0.40222588
4.663905
11.152191
12.094840067152603
-0.7182605
3.6152446
12.62702
13.15399281037772
-0.78529817
1.5801731
14.4130945
14.520707175948713
-0.58897364
0.47405192
14.216769
14.236858532314656
0.33997664
0.6512229
10.333375
10.359455275188596
0.7517793
0.6703765
7.2448545
7.314539698252683
0.31124622
0.521936
6.7803793
6.807557439151984
-0.48841715
0.866701
8.054094
8.115304179528302
-0.8331822
0.90500826
9.074024
9.157026967487907
-0.82360536
1.283292
9.155427
9.281541402333055
-0.49799395
1.7621324
8.269572
8.469884141942538
-0.15322891
1.8531121
7.551312
7.776877036238106
0.14844051
2.0494366
7.40766
7.687369740941016
0.25378537
2.2505496
7.5321584
7.865290150658953
0.17717093
2.6192567
7.6135616
8.053459836122066
0.23942018
2.791639
7.120356
7.651799866615074
0.31124622
2.7150247
7.398083
7.886689486928747
0.30166942
2.60968
8.054094
8.471710250755388
0.15322891
2.3989902
8.963891
9.280623597864228
0.1388637
2.3223755
9.552865
9.832087507909172
-0.033518825
2.3463178
9.710882
9.990373555665387
-0.06703765
2.3989902
9.294291
9.599139858495095
-0.19153613
2.815581
8.652645
9.101233480506872
-0.12928689
3.3423057
7.795521
8.482798505410726
-0.06703765
3.5625722
7.264008
8.090873059668887
0.08619126
3.4715924
7.445967
8.215948867653598
0.2633622
3.2465374
8.384495
8.994949619222098
0.22505496
3.0597897
8.901642
9.415529255549545
-0.10534488
2.9592333
9.332599
9.791095689940443
-0.49799395
2.5617957
10.175357
10.5046979294441
-0.6560113
2.4851813
10.82658
11.127502502838793
-0.545878
3.3662477
10.692505
11.223157606600633
-0.02873042
4.477157
9.844957
10.815218368773596
1.2114661
5.3965306
9.457097
10.95567790494653
2.2457612
5.2624555
10.31901
11.799103421562775
2.7485435
4.4723687
11.362882
12.516855091313998
2.6479871
2.0685902
13.536817
13.947627608950876
1.9440918
0.7374141
15.437813
15.577205711184362
0.8283938
0.7038953
13.800179
13.842927172040952
0.4309563
0.2825158
9.89763
9.91103500181131
0.91458505
1.0055647
7.177817
7.305386988149968
1.340753
1.5179238
6.3063273
6.623554575884958
1.8004397
1.5227122
7.3166804
7.687265283986674
1.7860745
1.4077905
8.767567
9.057712737450867
1.1731589
1.2449849
9.050082
9.210335722363888
0.6847417
1.5562311
8.805874
8.96850798277014
0.22505496
1.5753847
7.9822683
8.139354526131097
0.076614454
1.934515
7.608773
7.851219481002119
0.033518825
2.4516625
7.1586633
7.56691694924024
0.06703765
2.96881
6.7851677
7.406539460654116
0.272939
3.1028855
7.0724716
7.728017085733738
0.61291564
3.0885203
7.723695
8.340868277233735
0.7661445
2.9592333
8.499416
9.032392911299949
0.79008657
2.7581203
8.920795
9.370808796209491
0.93373865
2.6623523
9.165004
9.589435613769195
0.92895025
2.552219
8.935161
9.338836500737123
0.89543146
2.791639
8.51857
9.008944411346885
0.8762778
2.930503
8.212111
8.763245938013904
0.89064306
3.1316159
7.953538
8.594127743828695
0.91937345
3.5242648
7.728483
8.543719781516604
0.7134721
3.7732618
7.489063
8.416211207187256
0.51235914
3.9217024
7.8386164
8.779872799866519
0.40701428
3.8115692
8.887277
9.678708917569283
0.29209262
3.347094
9.92636
10.479550748324986
0.4405331
3.0023289
10.601525
11.027256575107074
0.842759
2.9352913
10.927136
11.345857618859046
1.043872
3.3087866
10.91756
11.455603441972254
0.90021986
3.8355112
10.984597
11.669743885933455
0.5650316
4.414908
11.080365
11.94090278420178
-0.18674773
4.6830587
11.109096
12.057276410065041
-1.0869676
4.2904096
11.774684
12.579042086132294
-1.1204864
2.3798366
13.053187
13.315585213212092
-1.2306197
0.7230489
14.494497
14.564603858219934
-0.7038953
0.21547815
12.722788
12.744066241401697
0.48841715
0.37349546
9.504981
9.524847362827199
0.6464345
0.45489833
8.073248
8.111851778861999
0.24899697
0.92895025
7.383718
7.4460889445445355
0.033518825
1.3215994
7.302315
7.421021229676452
0.18195933
1.7764976
7.4986396
7.708349224452229
0.31603462
2.1068976
7.5704656
7.8645308402290635
0.46447513
2.2457612
7.455544
7.800276814952952
0.5793968
2.3415294
7.5465236
7.922656018883736
0.5793968
2.456451
7.714118
8.116493819613746
0.5315128
2.7150247
7.699753
8.181690280569656
0.33997664
2.7150247
7.422025
7.91033492275061
0.22505496
2.7485435
7.690176
8.169697050083114
0.08619126
2.8299465
8.283937
8.7544073721469
0.21547815
2.7485435
8.619126
9.04932366473111
0.17717093
2.6910827
8.844181
9.246234436640908
0.02873042
2.7820623
8.791509
9.221243207612806
-0.1436521
2.9831753
8.322245
8.84192997297381
-0.20111294
3.1172507
7.9343843
8.527142440649447
-0.19632454
3.3901896
7.7189064
8.432879051467516
-0.15801731
3.6296098
7.3071036
8.160441406877334
-0.033518825
3.6870706
7.1969705
8.086531907500003
0.21068975
3.7110126
7.5225816
8.39078275791522
0.20590134
3.6152446
8.355764
9.106656383696635
0.36391866
3.5434184
9.270349
9.931143401085782
-0.04309563
3.2992098
10.366894
10.879298270540017
-0.4405331
3.0214825
11.420342
11.821491028905125
-0.51235914
3.4237084
11.908759
12.401727346886942
-0.2633622
4.3718123
11.09473
11.927914590756215
0.2633622
5.2002063
9.883265
11.17096327682741
1.067814
5.4061074
9.998186
11.416213943155517
1.7429788
4.7500963
11.180922
12.272505658650216
1.9967642
2.6240451
12.765883
13.184856999663003
1.958457
0.61770403
14.4849205
14.629765704059107
1.1779473
0.2825158
14.101848
14.15377981431909
0.61770403
0.4357447
10.85531
10.881599265534621
0.9911995
1.1875241
7.728483
7.881760132847742
1.2880806
1.9440918
5.4922986
5.966907796125304
1.7812861
2.054225
5.386954
6.034243458480188
2.1499932
1.9488802
7.038953
7.6136364920006665
1.8052281
1.7956513
8.66701
9.033287372917943
1.4030021
1.685518
8.901642
9.167803144808092
0.81402856
1.4987702
8.719683
8.884920834611004
0.545878
1.7812861
8.6574335
8.855626411532105
0.320823
2.3654714
8.331821
8.667042748532097
0.23463176
2.8443117
7.7667904
8.274550927645514
0.2825158
3.1747115
7.5848308
8.227287702484526
0.22026655
3.2130187
7.9391727
8.567524347774393
0.1388637
3.241749
8.475474
9.075344900928052
0.08140286
3.2273839
8.686164
9.26671842199276
0.16280572
2.9975405
8.762778
9.262723265722844
0.50278234
2.9352913
8.762778
9.254999407784203
0.7182605
2.8060043
8.810662
9.274552622902114
0.93852705
2.96881
8.734048
9.272446075636458
0.9768343
3.169923
8.619126
9.235364315527967
0.9768343
3.4524388
8.221688
8.970490290107998
0.9672575
3.6822822
8.054094
8.908604146791925
0.9624691
3.7828386
7.9822683
8.885539928682936
0.842759
3.9121256
8.00621
8.950663229806938
0.6895301
4.0174704
8.274361
9.223912749275657
0.61291564
4.003105
8.643068
9.544796981291038
0.5554548
3.8786068
9.126697
9.93220580526819
0.7182605
3.8355112
9.495404
10.265950887259732
0.8762778
3.9695864
9.969456
10.766407355462174
0.770933
4.2664676
10.6398325
11.4892607592033
0.5506664
4.7979803
11.032481
12.04323418962256
0.24420857
5.33907
11.204864
12.41427698544257
-0.033518825
6.0621185
11.032481
12.588329881057929
-0.41180268
6.315904
10.85531
12.565746893643736
-0.8283938
4.343082
11.626244
12.438574663056757
-1.3024458
2.585738
12.818556
13.141452323279914
-1.3934253
1.7046716
11.870452
12.072910066371866
-0.6560113
1.2689269
9.375694
9.483889924014319
-0.15801731
1.3263878
7.0341644
7.159870414626793
-0.58418524
1.532289
5.961562
6.182993162656974
-1.3072342
2.1308396
6.2584434
6.739246986954245
-1.7477672
2.6144683
6.5601125
7.274971411999511
-1.9393034
2.7724855
7.062895
7.831478656861734
-1.6232687
2.9975405
7.431602
8.176121383422878
-1.1779473
2.9161377
7.8912888
8.494931224344766
-0.7086837
3.1028855
8.1163435
8.71809368329471
-0.5554548
3.3806129
8.231265
8.915761265881637
-0.2633622
3.763685
8.039729
8.880987162663756
0.08140286
4.012682
7.7667904
8.742498179242732
0.29209262
4.074931
7.819463
8.822379560159245
0.22026655
3.892972
8.365341
9.229446670957625
0.05267244
3.8067808
9.11712
9.880092418408294
-0.39264908
3.5769374
9.471462
10.131991386232205
-0.5315128
3.5913026
9.667787
10.326957786730139
-0.4405331
3.7828386
9.3182335
10.06644982952829
-0.25378537
3.8977604
8.815451
9.642049378163208
-0.12449849
3.739743
8.983045
9.731200654303477
-0.11492168
3.9121256
8.576031
9.426888873095068
-0.20111294
3.9695864
8.556877
9.434946283087472
-0.12928689
3.787627
9.069236
9.829235408381413
-0.25857377
3.6966474
9.41879
10.121544519101244
-0.5506664
3.7588966
9.399636
10.138328539084055
-0.7134721
3.9217024
8.987833
9.832087119924694
-0.7374141
3.8881836
8.513782
9.388622102075786
-0.7086837
4.232949
8.169016
9.227833349448575
-0.6368576
4.5872903
7.627927
8.923793285867099
-0.5506664
4.831499
7.417237
8.869161055154294
-0.4357447
5.0278234
7.824251
9.310627793924112
-0.6368576
4.333505
8.7053175
9.745122227379321
-0.4165911
3.074155
10.352529
10.80735065244947
0.10534488
2.4708161
11.908759
12.162835619727005
0.59376204
2.3942018
11.080365
11.351618956328982
0.50278234
2.8395233
8.983045
9.43455206700764
0.36391866
3.2273839
7.273585
7.965769251418578
0.10055647
3.7253778
6.670246
7.6407288464313075
-0.2681506
3.8307228
7.1155677
8.085644525942403
-0.8331822
3.9360676
7.1586633
8.211776966334645
