1.5466543
3.3135753
7.129933
8.012980896894982
1.982399
3.8115692
7.575254
8.708756383327106
2.3175871
4.19943
7.1107793
8.577272466600824
2.6288335
4.630386
6.71813
8.572310792843524
2.72939
4.486734
7.273585
8.971364985857651
2.3702598
3.892972
8.523358
9.665453823780284
1.8626889
3.4572272
10.496181
11.206776299274143
1.532289
3.4572272
12.378023
12.942788632589602
1.3263878
3.8642416
11.841722
12.526692691415251
1.1300632
4.223372
9.591172
10.540611928009424
0.90021986
4.0892963
7.398083
8.500845474380585
0.8283938
3.9600096
6.2632318
7.456271549011453
1.4556746
4.2425256
6.0525417
7.533344151761999
1.8387469
4.261679
6.612785
8.079097726130026
1.8866309
4.0557775
7.417237
8.66164585322667
1.5275006
3.5817258
8.331821
9.196807506441944
1.2880806
3.5098996
9.184157
9.916011970343526
0.94810385
3.572149
9.576807
10.265202483100028
0.81402856
3.7014358
9.260772
10.006256435184923
0.6703765
3.964798
8.7053175
9.589138848838548
0.7086837
4.2521024
8.202535
9.266292760244234
0.8858546
4.793192
7.8865004
9.27126280972091
1.1300632
5.2289367
7.762002
9.4269556419759
1.436521
5.2624555
8.408437
10.022916094924593
1.5610195
5.434838
9.959879
11.453097022049729
1.6950948
5.2768207
11.573571
12.832214967292158
1.6759412
5.046977
12.995727
14.041712065641248
1.5275006
4.88896
14.369999
15.255558189199846
1.2449849
5.00867
14.432248
15.32731366513562
1.0055647
5.45878
12.971785
14.109451783775013
0.47884035
5.650316
11.171345
12.528140321961509
0.16759412
3.7110126
11.15698
11.759162090319457
0.1340753
1.3742718
11.784261
11.864881199733484
-0.15322891
-0.49799395
12.191275
12.20240412303395
0.56982
-0.095768064
10.955867
10.971093430111972
0.3878607
0.1436521
8.595184
8.60513051494277
-0.16280572
0.45010993
7.1107793
7.12687069611828
-0.9528923
1.0534488
6.5936313
6.744904184077975
-1.0007763
1.6280571
6.6510925
6.920198879140358
-0.47405192
1.8674773
7.1634517
7.418034573825911
-0.08619126
2.0015526
7.589619
7.849583375407924
0.0047884034
2.2601264
7.8386164
8.157947115252336
0.110133275
2.384625
7.7093296
8.070459975661239
0.20111294
2.7724855
7.3071036
7.817984891028356
0.25378537
2.9352913
6.603208
7.230677671211803
0.2825158
2.8682537
5.913678
6.578623120800229
0.38307226
2.96881
5.913678
6.6281345077798965
0.5267244
3.241749
6.2728086
7.0805719116602015
0.7374141
3.5817258
6.469133
7.431165546165132
0.6943185
3.6966474
6.5744777
7.5743670712173055
0.40222588
3.6391866
6.9144545
7.824010807193711
0.21068975
3.4476504
7.872135
8.596580677270488
0.17717093
3.2561142
8.671799
9.264651268264693
0.33518824
3.6008794
8.456321
9.197175828094766
0.6895301
4.4963107
7.8146744
9.042200966326156
1.1204864
5.070919
8.173804
9.684047945303327
1.5705963
4.9559975
10.031705
11.298840110462528
1.508347
4.3718123
12.650962
13.469769007819824
1.0821792
4.5298295
14.283808
15.023901652021333
0.7374141
4.7165775
13.934254
14.729334951228068
0.5746084
3.8307228
13.388376
13.93747536695553
0.6895301
3.0502129
14.101848
14.444423056040522
0.93852705
2.585738
13.460202
13.738410643227736
1.2162545
1.7812861
11.190498
11.396469479692493
1.4030021
1.5466543
8.6334915
8.882439732173989
1.412579
1.6136919
7.3406224
7.647491053625575
1.4030021
1.5849615
7.551312
7.842374035033721
1.541866
1.3790601
8.384495
8.63590822251121
1.8579005
1.2689269
9.653421
9.912139970704011
2.1212628
1.2641385
10.04607
10.345111123507317
2.111686
1.6472107
9.677363
10.04110965265496
1.7764976
2.2122424
8.394072
8.860608965265962
1.2641385
3.1986535
6.799533
7.619913124129901
0.48362875
3.6870706
5.602432
6.724256804854847
-0.01436521
3.7110126
4.9464207
6.183760929317775
-0.033518825
3.3854012
5.0374002
6.069387397333132
0.30645782
3.1555579
5.722142
6.541740789621196
0.6703765
3.0310593
6.3206925
7.041866171755055
0.80924016
3.0693667
6.0477533
6.830168603740144
0.94810385
3.371036
5.6790466
6.671908161876017
1.0199299
3.7110126
5.717354
6.892024652792332
0.8810662
4.1371803
6.4882865
7.745347133710644
1.0390835
4.3718123
8.015787
9.18941140565716
1.1923125
4.074931
9.552865
10.453894251870777
1.0151415
4.0414124
11.042058
11.802142734271484
0.8283938
3.7828386
12.962208
13.528301384671034
0.79008657
3.4859576
14.618996
15.049623422568846
0.9816227
4.2664676
14.623784
15.26503825158213
0.8331822
5.161899
12.310986
13.375341678426329
0.39743748
3.6391866
11.219229
11.80138701999486
0.19153613
1.4987702
12.957419
13.045218247166696
-0.58897364
0.35913026
13.297397
13.315277526232261
-0.7182605
0.5506664
10.491392
10.530357798468652
-0.61770403
1.1252748
7.9726915
8.07537051080127
-1.115698
2.1643584
6.847417
7.267485743332491
-1.532289
2.7724855
7.785944
8.405683193454918
-1.2306197
2.6192567
9.045294
9.496961007163398
-0.8331822
2.5234885
9.528923
9.892550939313583
-0.08140286
2.3894134
9.308656
9.610774637652378
0.5554548
2.255338
8.121132
8.446766377949158
0.94331545
2.1260512
6.9958572
7.372377866999111
1.0869676
2.3942018
6.14831
6.686958932824929
1.0151415
2.4851813
5.482722
6.104660205179575
0.51235914
2.3654714
5.094861
5.640529642329352
0.11971009
2.504335
5.3438582
5.902782895952387
0.090979666
2.6288335
5.9902925
6.542373457061295
0.033518825
2.6384103
6.813898
7.306951520801527
0.29688102
3.122039
7.575254
8.19876465214663
0.59855044
3.8498764
7.9966335
8.895277471991019
0.7278373
4.582502
7.881712
9.14606208486233
0.8619126
4.8027687
8.5473
9.842043580394211
1.115698
4.572925
10.43872
11.45090786862007
0.8619126
3.9217024
12.401965
13.035773720204528
0.62249243
3.8115692
13.450625
13.99410178052006
0.47405192
4.4005427
12.761095
13.506852282961786
0.31603462
5.5401826
10.582372
11.949062320200328
0.8619126
3.2273839
11.008539
11.50420932856277
2.0685902
0.90021986
14.719552
14.891429387048548
3.0454245
0.36870706
17.420212
17.688253972998048
2.5570073
0.33039984
14.288596
14.519346813295893
2.078167
0.81402856
10.352529
10.59038587059903
1.4508862
1.532289
8.599973
8.855084061312471
1.1779473
1.9440918
8.307879
8.613240504438773
1.0534488
2.327164
8.791509
9.155111717321676
0.5650316
2.4899697
8.384495
8.764642725015548
-0.08619126
2.4277205
6.8426285
7.261048153123792
-0.5363012
2.0733786
4.8745947
5.324301861053446
-0.39264908
1.9632454
3.514688
4.044939793538293
0.062249243
2.1739352
3.3087866
3.959537537090587
0.48841715
2.3223755
3.8498764
4.522557622691116
0.39743748
2.3463178
4.1659107
4.797705364115668
0.51714754
2.2601264
4.525041
5.0844478740287835
0.7565677
2.2457612
5.645528
6.122730068060172
1.0390835
2.3942018
7.0724716
7.538683756273346
1.6519991
2.777274
8.537724
9.128804706993023
1.9536686
3.371036
9.485827
10.254834035407399
1.661576
4.0318356
9.77792
10.706271278551716
1.3024458
4.6351743
10.223241
11.300259369430696
0.79008657
4.8027687
11.391612
12.3878834254169
0.47884035
4.477157
13.096283
13.848713486615823
0.11492168
4.1036615
14.379576
14.954111224171191
-0.08619126
4.19943
14.092271
14.70492234630763
0.0
4.6830587
12.0332575
12.912409977262124
0.110133275
3.4476504
11.109096
11.632300924782143
0.01436521
0.8619126
13.618219
13.6454756284621
-0.076614454
-0.25857377
15.495274
15.497619938393212
-0.4165911
-0.24420857
13.062764
13.071686503168188
-0.272939
0.25857377
9.696517
9.703803144705246
-0.47884035
1.283292
7.953538
8.070619265255116
-0.8858546
1.7860745
7.991845
8.236770657796697
-0.8714894
1.982399
9.016563
9.272961547258438
-0.47884035
2.1883004
9.351752
9.616299350363464
0.090979666
2.6288335
8.374918
8.778285493398656
0.39264908
2.7341783
6.5840545
7.140005539750373
0.48362875
2.7006595
5.171476
5.854196930758442
0.33039984
2.7820623
4.5537715
5.346575609004127
0.36391866
2.8443117
5.1235914
5.871433555327771
0.50757074
2.7629087
6.205771
6.811966341447359
0.4309563
2.6431987
7.2448545
7.72399748682725
0.11971009
2.6048915
7.8865004
8.3064240930366
-0.06703765
2.767697
7.9583263
8.42612577891464
-0.076614454
3.265691
7.2544312
7.955965205726853
0.18674773
4.132392
6.5505357
7.747325805005637
0.7374141
4.687847
7.053318
8.50111651099982
1.1348516
4.8458643
8.317456
9.69279955220264
1.3311762
4.620809
9.730036
10.85345605048208
1.163582
4.0222588
11.128249
11.88992945156872
1.0486604
3.6104562
12.066776
12.638914994619235
0.8762778
4.3382936
12.028469
12.816891992090518
0.6751649
4.3478703
11.022904
11.868624290696497
1.1444284
3.0214825
12.172121
12.59363368432638
1.7238252
1.5705963
14.283808
14.472922990119503
2.2888567
1.0821792
15.02601
15.237812612955281
2.2361844
1.2162545
12.282255
12.543268618924031
2.087744
1.3694834
9.481039
9.804298034470927
1.4700398
1.532289
9.169792
9.412439483407509
1.340753
1.5227122
10.553641
10.746888885977144
1.1731589
1.7764976
11.032481
11.236008823737608
0.9720459
2.1212628
9.730036
10.005909508768118
0.521936
2.6048915
7.560889
8.014044830844238
0.34476504
2.896984
5.9807158
6.6543473224166405
0.05746084
3.145981
4.606444
5.57851444883049
-0.33039984
3.0597897
3.6008794
4.736856446049269
-0.2633622
2.7820623
3.739743
4.668501742910628
0.30166942
2.7246015
4.745308
5.48018301275345
0.79487497
2.7341783
5.5641246
6.250363148629534
1.0630256
2.6623523
6.0381765
6.68413936989729
1.3120226
2.4708161
6.4643445
7.043726723200088
1.6041151
2.4229321
6.967127
7.548817260260616
1.9393034
2.6384103
7.517793
8.199958466215318
2.087744
3.217807
7.881712
8.765520118997102
1.757344
4.122815
8.202535
9.347055112174075
1.0869676
4.8937483
9.040505
10.337359802697673
0.24420857
5.142745
10.577583
11.764043977854326
-0.10055647
5.1906295
12.401965
13.44475696575301
-0.12928689
4.7165775
14.298173
15.056578679216521
0.14844051
4.831499
14.772224
15.542973658581783
-0.01436521
4.975151
13.091495
14.004983287557527
-0.29688102
4.4436383
11.650186
12.47240484302684
-0.39743748
2.8107927
12.186486
12.512752284232374
-0.5363012
0.9911995
13.747506
13.793622541854203
-0.61770403
0.6368576
12.976573
13.006866988909646
-0.4309563
0.6464345
10.16578
10.195424747945307
-0.24899697
0.6751649
8.221688
8.253120987994812
-0.33039984
1.0342951
7.991845
8.065265979484137
-0.11971009
1.4460979
8.322245
8.44779780657431
0.21068975
1.8531121
8.015787
8.229900498003074
0.6847417
2.3463178
7.1730285
7.578022057532121
0.8475474
2.6240451
5.8083334
6.429672370976277
0.6943185
2.906561
4.7022123
5.57144303372361
0.7517793
3.1890767
4.3382936
5.436558959910668
0.6991069
3.2273839
4.2281604
5.364894860367067
0.49320555
3.1842883
4.6782703
5.680594811255945
0.29209262
2.9592333
5.9998693
6.6963282986354145
0.5315128
2.8874073
7.4842744
8.039526567327071
0.37828386
2.6192567
8.772355
9.162850250169498
0.17717093
2.7724855
9.859323
10.243256374193752
0.10534488
3.371036
10.247183
10.787944097649186
0.521936
4.247314
9.284714
10.223404783685998
0.7422025
4.7788267
8.949526
10.172613020461483
1.1587936
5.0038815
9.950302
11.197774080063615
1.283292
4.663905
11.300632
12.292402101056673
1.4221559
4.1419687
12.310986
13.066705784122796
1.2689269
4.486734
12.411542
13.258481172368382
1.1875241
5.2528787
10.812215
12.079194370714788
1.2689269
4.3478703
9.68694
10.693500819555402
1.8243817
1.9057846
11.822568
12.113360609220855
2.5809495
0.08140286
15.160085
15.378429495562933
2.633622
-0.20111294
15.571888
15.794305881126956
2.2218192
0.095768064
11.784261
11.992266388177008
1.5466543
0.6512229
8.686164
8.846788726784832
0.8714894
1.2210429
7.359776
7.5111078022805975
0.89064306
1.7812861
7.4603324
7.721579091150247
0.90500826
2.3319526
8.154651
8.5296759078965
0.7565677
2.633622
8.063671
8.516522225525575
0.7134721
2.906561
7.560889
8.131677319310612
0.7374141
3.0789435
6.8091097
7.509171028557867
0.51714754
3.2465374
6.105214
6.9340525816493574
0.21547815
3.1603463
5.2049947
6.093126470503208
0.2873042
2.7485435
4.7309427
5.47894644445767
0.7038953
2.5953147
5.1762643
5.833081630544334
0.89543146
2.5761611
5.875371
6.477529566295052
0.9911995
2.585738
6.603208
7.160368288254278
1.0821792
2.528277
7.431602
7.924140801770818
1.2976574
2.9352913
8.054094
8.669964774125113
1.460463
3.6822822
8.145074
9.057283570759632
1.6232687
4.367024
8.250419
9.474983203238946
1.4030021
4.6830587
8.748413
10.021685547520383
1.1204864
4.7405195
9.92636
11.05715313161469
0.8619126
4.687847
11.238382
12.207376870107195
1.0486604
4.213795
12.794614
13.511399154213903
0.94331545
3.739743
14.494497
14.998865720460019
0.8762778
4.1132383
15.423448
15.986536083138835
0.30645782
4.1611223
14.116213
14.719929706571504
-0.40222588
3.347094
12.167333
12.625720315156775
-0.6751649
1.5275006
12.152967
12.267180559202277
-0.81402856
0.7374141
11.722012
11.77335844158924
-0.79966336
0.81881696
9.801862
9.868455480682819
-0.61291564
0.81881696
8.001422
8.0665282602758
-0.40701428
1.3024458
7.6470804
7.7678740101898915
-0.18195933
1.8866309
8.379706
8.59138905779402
0.15801731
2.006341
8.724471
8.953589835091766
0.4309563
2.2936451
8.456321
8.772450881607423
0.6943185
2.432509
7.680599
8.086456901343453
1.0342951
2.6192567
6.6415157
7.2138755822045715
0.92895025
2.5570073
5.865794
6.465970681612216
0.7422025
2.657564
5.530606
6.180704720324678
0.50278234
2.7485435
5.425261
6.102518981128945
0.49320555
2.8538885
5.6886234
6.383444783936829
0.45968673
2.906561
5.827487
6.528324037606454
0.35434186
3.1411927
5.9902925
6.773201239842235
0.40701428
3.514688
6.5457473
7.440799526200886
0.6560113
4.1180267
7.153875
8.280484376459452
0.7134721
4.673482
7.843405
9.158027971040456
0.7613561
4.8362875
8.451532
9.767176439263453
0.7661445
4.6926355
9.361329
10.49963269272449
0.33039984
4.582502
10.34774
11.321846994212189
0.38307226
4.247314
11.520899
12.284849459603368
1.0390835
4.8027687
12.3876
13.326624581246827
2.0973208
5.947197
11.717223
13.306435219912158
2.930503
5.046977
10.745177
12.227781738329908
3.691859
2.4612393
13.364434
14.081747895034084
3.6966474
0.49799395
16.141708
16.567074471462025
2.882619
0.01436521
15.102624
15.375270437948044
1.6663644
0.3878607
11.099519
11.23060665676197
0.7038953
1.0247183
8.154651
8.248869384974592
0.090979666
1.6089035
7.398083
7.5715575400008
0.07182605
1.9393034
8.628703
8.844239993051268
0.30645782
1.958457
9.940725
10.136444029273468
0.009576807
2.4037786
9.782708
10.073709440281025
-0.56982
2.7485435
7.824251
8.31252615788295
-0.60333884
2.9592333
6.0142345
6.729940206593679
-0.30166942
3.2704794
4.7070007
5.739590053473645
0.1388637
3.1507695
4.2521024
5.294053668215251
0.7230489
2.9161377
5.1379566
5.951911862735985
0.8331822
2.815581
6.081272
6.753040900317959
0.9576807
2.6719291
6.5936313
7.178602466638157
1.1587936
2.705448
6.789956
7.40038882084631
1.115698
2.8443117
7.0102224
7.647098225280609
1.2689269
3.2225955
7.038953
7.844880649492709
1.2497733
3.5913026
7.0102224
7.9751243079371985
1.1971009
4.189853
7.129933
8.356067266870046
1.0055647
4.5633483
7.800309
9.092861486071522
1.0582372
4.7261543
9.279925
10.467731847643963
1.0055647
4.711789
10.879252
11.898329776268758
0.90500826
4.271256
12.751518
13.478274347798804
0.58897364
3.9121256
15.08347
15.593674653813462
0.6751649
4.711789
15.8783455
16.57644883579892
0.31603462
4.7261543
14.269443
15.035072522662428
0.16759412
3.4476504
12.708423
13.168841862369437
-0.24899697
1.5035586
13.311762
13.398719931425585
-0.6895301
0.60333884
13.330915
13.36236374645512
-0.78050977
0.5506664
10.371682
10.415575952010977
-0.7517793
0.5267244
8.082825
8.134781334393596
-0.63206923
0.8331822
7.6710224
7.741982281194783
-0.4213795
1.3982137
8.882488
9.001730858410822
-0.1388637
1.7860745
9.44752
9.615871311488188
-0.110133275
2.4660277
8.825027
9.163761950261186
0.19632454
2.954445
7.40766
7.977513180981551
0.46447513
2.96881
6.1626754
6.856248286341798
0.9672575
3.0214825
5.2863975
6.165301335032847
1.2306197
2.9161377
4.8602295
5.800009812971561
1.3599066
2.954445
4.855441
5.844090742488973
1.3024458
2.9592333
5.291186
6.200812305028068
1.2066777
2.815581
5.674258
6.4483154699427
0.91937345
2.7820623
5.9424086
6.625506399701854
0.46926352
2.6144683
6.564901
7.081918941728774
0.19153613
2.3942018
7.7572136
8.12054509029268
0.18195933
2.72939
8.604761
9.029097250997397
0.090979666
3.6152446
8.580819
9.311751982070072
0.38307226
4.390966
8.595184
9.659426466065172
0.5554548
4.783615
9.016563
10.22203118611092
0.062249243
4.6255975
9.907207
10.934018698199583
-0.22026655
4.247314
11.530476
12.289836027387759
-0.019153614
4.55856
13.096283
13.866992186124541
0.20590134
5.482722
12.631808
13.771899175828281
0.8810662
5.755661
10.70687
12.187739130266198
2.1499932
4.003105
11.243171
12.12667363207678
2.7868507
1.7429788
13.742718
14.130350635494905
3.4763808
0.8283938
14.69561
15.123901831743385
3.1316159
0.82360536
11.789049
12.225670145151426
3.0119057
1.2018893
8.968679
9.53694517989161
2.7006595
1.4317327
8.441956
8.978309348497868
1.9297266
1.5179238
9.734824
10.039658299440836
1.5131354
1.8962077
10.754754
11.02496798763688
0.90979666
2.1547816
9.773131
10.049124790628147
0.40701428
2.255338
8.0924015
8.410658350519308
-0.033518825
2.4468741
6.603208
7.042064437315711
-0.46447513
2.767697
5.434838
6.116644941216881
-0.6655881
3.0310593
4.572925
5.526479269300996
-0.17238252
2.944868
4.5537715
5.425753302945034
0.79487497
2.8060043
5.267244
6.020742800690818
1.3551182
2.7246015
5.9759274
6.706079645472888
1.6759412
2.6671407
6.8282633
7.519813813684516
1.6424223
2.7629087
7.4268136
8.092513649086081
1.6184803
2.9113493
7.8290396
8.508190024050448
1.8052281
3.0454245
8.250419
8.977909528229292
1.9871874
3.5482068
8.772355
9.66917290480866
2.1308396
4.3239284
8.920795
10.139892551672954
2.078167
4.6782703
8.949526
10.31014044383876
1.8770541
4.807557
9.394848
10.719100190161427
1.2162545
4.7165775
10.400413
11.484509193518704
0.3878607
4.4340615
11.822568
12.632674198183889
-0.2777274
4.237737
12.947843
13.626524673687609
-0.22984336
4.8219223
12.813767
13.69293244435907
-0.1340753
4.879383
11.683704
12.66235746734625
-0.39264908
3.4237084
11.042058
11.56732439998179
-0.56982
1.4317327
12.172121
12.26927443718021
-0.6895301
0.4309563
12.751518
12.7774171934988
-0.80924016
0.4261679
10.630256
10.66952770328344
-0.81881696
0.79008657
8.556877
8.632198260104886
-0.9576807
1.1923125
7.752425
7.901826246648718
-1.0965444
1.8291701
8.111555
8.387228166294069
-0.7565677
2.2744915
8.623915
8.950843933210948
-0.033518825
2.4612393
8.983045
9.314178110783288
0.59376204
2.6192567
8.676587
9.082743167661796
1.1444284
2.815581
7.680599
8.260073898021812
1.2306197
2.9257145
7.0820484
7.7607757963165875
1.043872
3.1507695
6.655881
7.437591552170892
0.6895301
3.3279405
6.4643445
7.303313655481449
0.49320555
3.3901896
6.2584434
7.134756535718273
0.40222588
3.2082303
6.1530986
6.950910099735114
0.35913026
3.1507695
6.531382
7.260528548996348
0.24420857
3.0071173
6.8186865
7.456331407049838
0.4213795
2.992752
7.177817
7.788143428960997
0.39264908
3.6056678
7.350199
8.196367659522027
0.24420857
4.501099
7.335834
8.61010960596657
0.30645782
4.721366
7.517793
8.882703849242068
0.40701428
4.4580035
8.480263
9.589281265326765
0.48362875
4.0222588
10.117896
10.89882006777013
0.61291564
3.7828386
11.9374895
12.537511464624307
0.89543146
4.237737
12.861651
13.571377288033098
0.842759
5.3582234
12.210428
13.360964246662212
1.115698
4.6399627
11.784261
12.713883652307585
1.5753847
2.4995465
13.694834
14.009926682688132
2.566584
0.6751649
16.270994
16.48600776866363
3.193865
0.36870706
15.653291
15.980057208707192
2.528277
0.6560113
11.563994
11.85531558797275
1.4556746
1.2354081
8.063671
8.286616591007888
0.91937345
1.733402
7.2831616
7.542835994996319
0.7757214
1.9536686
8.307879
8.569680426213212
0.89064306
2.207454
9.035717
9.343996995193834
0.8283938
2.2457612
8.437167
8.770146745521895
0.5410896
2.432509
7.398083
7.806504535419386
0.12449849
2.7150247
6.469133
7.016875497544963
-0.009576807
2.7964275
5.5880666
6.2487266769324945
0.033518825
2.8538885
5.305551
6.024506430768831
0.29688102
2.858677
5.568913
6.266814539902954
0.5650316
2.753332
6.0716953
6.690708424646288
0.7565677
2.8107927
6.2728086
6.915278406503466
0.79966336
2.944868
6.646304
7.31334870458823
0.8523358
3.0358477
6.7708025
7.469043678032381
0.81881696
3.0933087
6.751649
7.471531561501411
0.78529817
3.2944214
7.120356
7.884755948873181
0.79487497
3.7110126
7.690176
8.575677463473047
0.866701
4.0222588
8.528147
9.468845077389817
1.0151415
4.2760444
9.442732
10.415385500640538
0.94810385
4.5681367
10.218452
11.233145061541439
0.7086837
4.936844
10.505757
11.629513756385558
0.35913026
4.999093
10.874464
11.973882864368157
0.019153614
4.879383
12.277467
13.211545599731663
0.11971009
5.1140146
13.9438305
14.85253800304298
-0.08140286
4.7884035
14.216769
15.001732281158295
-0.5793968
2.9017725
14.18325
14.488636167801637
-0.9816227
1.2449849
14.805743
14.890386237264696
-0.8331822
0.7469909
12.569559
12.619271064418326
-0.7326257
1.0055647
9.078813
9.163663707488688
-0.7182605
1.2737153
7.0820484
7.231435487522867
-0.9720459
1.910573
7.4363904
7.739190222989559
-0.93852705
2.111686
9.050082
9.340451886438423
-0.45968673
2.1021092
9.619903
9.857621364944455
0.15801731
2.3558946
8.987833
9.292811940406715
0.49320555
2.4995465
7.6853876
8.096676330602518
0.7469909
2.542642
6.5457473
7.061857481230068
0.7565677
2.7581203
6.1387334
6.772272170337005
0.8858546
2.9831753
5.693412
6.488375319155526
0.7374141
3.083732
5.233725
6.1192369401732165
0.35913026
3.098097
5.267244
6.121359229644947
-0.16759412
2.8874073
5.7125654
6.403015808991519
-0.4165911
2.944868
6.3925185
7.050538051986512
-0.45489833
3.1268275
6.991069
7.671963506681426
-0.4405331
3.2513258
7.7667904
8.431382964197798
-0.4405331
3.845088
8.197746
9.065418273399175
-0.12449849
4.5441947
8.1402855
9.323596462136782
0.20590134
4.807557
8.264784
9.563558681949202
0.17238252
4.8362875
9.155427
10.35573471343671
-0.34955344
4.817134
10.314221
11.389035463294496
-0.6655881
4.534618
11.549629
12.425767742054902
-0.49799395
5.0182467
12.08593
13.09582007894271
-0.038307227
5.90889
11.171345
12.637855556478174
0.6751649
5.425261
10.414778
11.762521119053172
1.0869676
3.2561142
12.320562
12.78984098214801
1.6711528
1.4796166
15.605407
15.764223488250222
2.456451
1.043872
15.2367
15.468705610731764
1.7429788
0.9911995
10.874464
11.057776525680673
1.1540052
1.4173675
7.819463
8.03023394974254
0.7757214
1.9440918
7.9391727
8.21046267805264
0.7086837
1.6519991
9.495404
9.6640589474276
0.7230489
2.3223755
10.43872
10.718353531069601
0.39743748
2.7006595
9.519346
9.903002859598043
-0.18674773
3.1507695
7.9104424
8.516884582876939
-0.7134721
3.5098996
6.2345014
7.19009352621866
-0.91937345
3.6487634
5.171476
6.395536368203352
-0.6560113
3.6104562
4.7788267
6.025191194025344
-0.16280572
3.2034419
5.2720323
6.171132026087146
0.17717093
2.8299465
6.1626754
6.783697714926572
0.45968673
2.6192567
6.847417
7.345674822549173
0.51235914
2.585738
6.8426285
7.33281084569087
0.60812724
2.6671407
6.9048777
7.4270312578070765
1.0295067
2.8921957
7.192182
7.81998469592692
1.4987702
3.3375173
7.5704656
8.408167510450125
1.5658079
4.050989
7.747637
8.881899448731831
1.4796166
4.8267107
7.776367
9.271369375669252
1.1971009
5.257667
8.111555
9.740299583386596
0.81402856
5.410896
9.121908
10.637182096041034
0.2777274
5.1475334
10.223241
11.449405997914395
-0.29209262
4.8458643
11.779472
12.74063125172308
-0.35913026
4.6495395
13.608643
14.385491034195596
0.090979666
5.2863975
14.341269
15.28483729781587
-0.02873042
5.6359506
13.072341
14.235549292087782
-0.39743748
5.315128
11.9853735
13.117077570824359
-0.9959879
3.763685
12.081141
12.692962522887314
-0.6991069
2.1787236
11.880029
12.09837453974319
-0.48841715
1.8962077
9.639056
9.835932070342029
-0.80924016
1.8674773
7.465121
7.737594520102454
-1.1779473
1.6136919
6.6079965
6.903418050946416
-1.9057846
1.316811
7.7811556
8.118644693703356
-1.412579
1.2354081
9.006987
9.200403403684392
-0.32561144
1.6328455
9.782708
9.923385865526585
0.40701428
2.0733786
9.188946
9.428747703919123
0.8714894
2.60968
7.7811556
8.25326011284234
1.2641385
3.0789435
6.8809357
7.643638718575559
1.6280571
3.5098996
5.9663506
7.111069295018485
1.541866
3.8259344
4.9799395
6.466445881066637
1.2162545
4.175488
4.510676
6.2657936434988155
0.56982
3.940856
5.0661306
6.4436574579618116
0.41180268
3.3854012
6.6367273
7.461680366322331
0.038307227
2.9496565
7.7907324
8.330513388027503
-0.45489833
2.7724855
8.652645
9.097355602991737
-0.7565677
2.8778305
9.035717
9.51306899746282
-0.78529817
3.4524388
8.676587
9.371189411115534
-0.6703765
4.2042184
7.896077
8.970668467914221
-0.35913026
4.975151
7.675811
9.154189154542768
-0.08140286
5.415684
8.054094
9.705910398065368
0.23463176
5.291186
9.054871
10.490108735691022
0.5410896
5.0374002
10.04607
11.251297939449724
0.842759
4.534618
11.18571
12.099302136181954
0.9768343
4.7405195
11.678916
12.642144073008158
0.6655881
5.401319
10.812215
12.10459583110378
0.2825158
5.9567738
9.519346
11.233028240947053
-0.04309563
5.5258174
9.02614
10.583370018442407
0.04309563
3.7684734
10.362105
11.026172366273858
1.2162545
1.7621324
12.737153
12.915860124243505
2.920926
0.94810385
14.60463
14.924005390298158
3.7445314
0.842759
13.651738
14.181033639614943
3.442862
1.0965444
11.310209
11.873354506676323
2.3319526
1.5227122
10.299856
10.669755806242415
0.9624691
2.1452048
10.7116585
10.966671129900208
-0.0047884034
2.2697031
10.625467
10.865179780051134
-0.095768064
2.72939
9.088389
9.489866373228775
0.1340753
3.1651347
6.981492
7.6666343798855925
0.25378537
3.4572272
5.7125654
6.682082789648363
0.4213795
3.4380736
5.616797
6.59896340755116
0.56982
3.145981
6.2392898
7.0107508254273645
0.7230489
2.566584
6.7133417
7.223511021706335
1.0630256
1.9393034
7.297527
7.625275153526736
1.043872
1.6998832
7.9966335
8.24168809580034
0.6799533
1.484405
8.532935
8.687737111759706
0.81402856
1.4077905
9.02614
9.171462405540897
1.067814
1.6089035
9.572019
9.7648523131813
1.0726024
2.0733786
9.715671
9.992178337564212
1.0103531
2.6192567
8.743625
9.183261438585644
0.8571242
3.064578
7.4842744
8.132691015092892
0.61770403
4.0414124
6.2009826
7.427432643670997
0.37349546
4.8506527
5.12838
7.068848044122779
-0.7230489
5.861006
3.9983168
7.131670589899118
-0.545878
6.3302693
8.916007
10.948309042323864
-1.7238252
5.8466406
12.957419
14.319549556872198
-1.4221559
5.650316
16.682798
17.671003756982707
