1.115698
2.9400797
8.662222
9.21536451342183
1.0151415
2.873042
8.197746
8.745737399925579
0.9576807
2.9640217
8.082825
8.662253160799294
0.92416185
2.7868507
8.935161
9.405195918539565
0.58418524
2.9640217
8.887277
9.386713060495572
0.5506664
3.53863
8.274361
9.016106498461603
0.6895301
3.6870706
8.312668
9.119780001078228
0.6991069
3.5290532
9.208099
9.885952826786957
0.7661445
3.394978
10.266336
10.840226978023043
0.6607997
3.2225955
10.7116585
11.20541839322332
0.5506664
3.265691
10.793061
11.289736274227204
0.45489833
3.2513258
10.400413
10.90626573971375
0.35913026
3.3806129
9.188946
9.797665018111658
0.29209262
3.2321723
8.456321
9.057682835425844
0.07182605
3.0550013
8.183381
8.73532617948031
-0.10534488
3.0933087
8.1163435
8.686465853606915
-0.12928689
3.1316159
8.236053
8.812281396197111
-0.39743748
3.145981
8.259995
8.847749809797818
-0.5267244
3.241749
8.1881695
8.822272759502871
-0.47405192
3.371036
8.0924015
8.77926928353562
-0.4261679
3.3423057
8.422802
9.071726344641924
-0.33997664
3.3662477
8.470686
9.121388177796133
-0.19153613
3.4572272
8.504205
9.182080389582838
-0.02873042
3.4524388
8.42759
9.107383549605721
0.21068975
3.6343982
8.556877
9.299106874957133
0.30645782
3.8977604
8.614338
9.460088312168308
0.31603462
3.9791632
8.623915
9.502921608852928
0.272939
4.0892963
8.63828
9.561208999352377
0.36870706
4.223372
8.978256
9.928841903781779
0.37828386
4.256891
9.332599
10.264580753347513
0.36870706
4.2281604
9.782708
10.663707640615963
0.21068975
4.223372
10.242394
11.08097030191992
0.15322891
4.510676
10.553641
11.478197743439516
0.20111294
4.663905
10.572795
11.557527699867439
0.17238252
4.5920787
10.716447
11.66015166980647
-0.047884032
4.0174704
10.893618
11.61091137419682
0.047884032
2.8203697
11.69807
12.033353864347603
0.05746084
1.8148049
13.192051
13.316419427428212
-0.090979666
1.2497733
13.589489
13.647139454230073
-0.07182605
1.5275006
11.683704
11.783350587766568
0.009576807
2.135628
8.628703
8.889067340754966
0.33518824
2.1212628
6.7708025
7.103229658544855
0.93373865
1.8100165
6.4643445
6.777593655334903
1.3934253
1.5753847
7.350199
7.6451879189088405
1.7764976
1.388637
7.9104424
8.225530691911265
1.9201498
1.3790601
8.0684595
8.407664353746163
1.9009962
1.13964
8.149862
8.445876195341206
2.0111294
0.8810662
8.686164
8.959372479398843
1.8243817
0.91937345
9.653421
9.867226546958568
1.3790601
1.115698
10.381259
10.53172015943272
1.1013328
1.4939818
10.381259
10.545873795070872
0.842759
2.1068976
9.102755
9.381332496722548
0.5746084
2.480393
7.9248075
8.32376688854534
0.4261679
2.9017725
7.5561004
8.105341207580874
0.33997664
2.992752
7.469909
8.054296297180372
0.2873042
2.9257145
7.7811556
8.317976216154957
0.4165911
2.753332
8.202535
8.662330227243725
0.62728083
2.6144683
8.384495
8.805037131894617
0.7230489
2.4899697
8.202535
8.602576699262798
0.7517793
2.3750482
8.159439
8.531264308596059
0.8475474
2.4277205
8.259995
8.650993651720556
0.90500826
2.5330653
8.623915
9.033679252654688
0.9576807
2.8874073
8.532935
9.05898748268402
1.0773908
3.1316159
8.034941
8.690688172583684
1.2066777
3.3039982
7.8529816
8.604754140778352
1.091756
3.4045548
8.039729
8.798872996902785
1.0055647
3.41892
8.556877
9.269321366934886
0.9959879
3.1986535
9.351752
9.933712411427523
0.92416185
2.7868507
10.630256
11.02827945297321
0.8810662
2.815581
12.095507
12.450103048487943
0.8571242
3.2034419
12.856863
13.277636227103711
0.82360536
3.86903
12.138602
12.766885982319529
0.50757074
4.3382936
10.994174
11.830058616305939
0.0
4.232949
11.018116
11.803251329331227
-0.4309563
4.4723687
11.243171
12.107712209426232
-0.49320555
3.466804
11.324574
11.85360557332201
-0.02873042
1.8770541
11.9374895
12.084196985007358
0.46447513
0.866701
12.315774
12.354966101852716
0.81881696
0.4165911
10.884041
10.92274465086536
0.7230489
0.40222588
8.537724
8.577721647080018
0.33518824
0.58418524
6.6750345
6.70892779952492
-0.11971009
0.6847417
6.2009826
6.239822646334978
0.0
0.91937345
7.1634517
7.222208094786822
0.19153613
1.2880806
8.480263
8.579667527664105
0.51235914
1.5370775
9.045294
9.18925781042437
0.5410896
1.6519991
9.160215
9.323702429933784
0.5363012
1.9393034
8.820239
9.046829882362669
0.45010993
2.1452048
8.145074
8.434852467294228
0.41180268
2.4756045
7.5561004
7.961962872508457
0.39264908
2.7341783
6.7803793
7.321437753279508
0.38307226
2.7150247
6.411672
6.9733523921572385
0.4165911
2.6048915
6.6415157
7.146239362771814
0.23942018
2.5713725
7.4028716
7.840394537204326
0.06703765
2.6240451
8.1163435
8.530248338632939
-0.1436521
2.5713725
8.561666
8.940621211168805
-0.3878607
2.681506
9.021352
9.41943206241321
-0.48362875
2.882619
9.021352
9.483046814177541
-0.4165911
3.3997664
8.461109
9.128106411526776
-0.19153613
3.892972
8.039729
8.934716704946847
0.11492168
4.1371803
8.0924015
9.089357763920775
0.2633622
4.1515455
8.7292595
9.669780843434799
0.4213795
3.8067808
9.232041
9.994985467576745
0.5650316
3.5482068
9.65821
10.304855565109753
0.47884035
3.265691
10.275913
10.79298006016418
0.40222588
3.1316159
11.066
11.507612942728324
0.39264908
3.572149
11.7268
12.265083213551858
0.34955344
4.333505
11.022904
11.849298873311556
0.56982
4.060566
10.5919485
11.357916779038765
0.89064306
3.572149
11.9614315
12.515164141795895
1.0151415
2.7102363
13.244724
13.557234766055839
0.9959879
0.9720459
14.240712
14.308554826080009
0.8619126
-0.038307227
14.599842
14.625311954138256
0.61291564
-0.16280572
12.540829
12.556853130736021
0.6703765
-0.023942016
9.064447
9.089234374717966
0.91458505
0.47405192
6.244078
6.328483665568799
1.0199299
0.6991069
5.3103395
5.452404247844173
1.3838485
0.7086837
6.339846
6.527704033761991
1.5466543
0.7469909
8.384495
8.558614698599419
1.4700398
0.7661445
9.524135
9.667322816174543
1.2545617
1.043872
9.41879
9.559142077907671
0.9720459
1.1683705
8.748413
8.879453159712446
0.91458505
1.4891934
8.1642275
8.34917784886351
0.842759
1.7812861
7.872135
8.115031538906143
0.8571242
2.078167
7.666234
7.989029037432365
0.866701
2.3415294
7.575254
7.976114378175032
0.81881696
2.528277
7.8529816
8.29047429953969
0.89543146
2.5713725
8.202535
8.642646318586895
0.9911995
2.5905263
8.585608
9.022525150034651
0.9959879
2.4612393
8.590396
8.99136192316817
1.0582372
2.4420857
8.030152
8.459727756457585
1.2449849
2.4277205
7.896077
8.354151496651465
1.3551182
2.4372973
7.9583263
8.43277636511968
1.3982137
2.60968
7.9870567
8.518128305364986
1.4221559
2.8443117
8.154651
8.752768814156038
1.292869
3.2082303
8.494628
9.17185669983268
1.1923125
3.394978
8.810662
9.517103359092841
0.9911995
3.5577838
9.41879
10.117010661461274
0.8283938
3.5577838
10.117896
10.757131650568205
0.7565677
3.4524388
10.721235
11.288782706307813
0.7182605
3.4620156
10.85531
11.41662025906303
0.7469909
3.4811692
11.003751
11.565425358399194
0.8810662
3.6774938
11.209652
11.830322384024914
0.60812724
3.8498764
11.209652
11.867925524286036
0.038307227
3.9121256
11.152191
11.818526411034512
-0.25378537
3.9504328
11.420342
12.086957576538078
-0.22026655
3.3566709
11.669339
12.14451428814351
0.05267244
1.508347
12.277467
12.36988555337177
0.44532153
0.22026655
11.836933
11.847354873763292
0.90500826
-0.22984336
9.998186
10.041692414521147
1.1252748
-0.3878607
8.446744
8.530191097287915
0.7086837
-0.25857377
7.374141
7.412627874239548
0.08140286
-0.01436521
7.4363904
7.436849870236164
-0.24420857
0.46447513
8.298303
8.314878195250696
-0.32561144
1.0295067
9.504981
9.566115948535241
0.05746084
1.4939818
9.89763
10.009912918123613
0.23463176
1.7812861
9.303867
9.475757787994493
0.38307226
2.135628
8.695741
8.962340932628917
0.45489833
2.585738
8.418014
8.817932186150605
0.47884035
2.9400797
8.1642275
8.690682905292975
0.62728083
2.9975405
7.445967
8.051158883216313
0.6512229
2.7724855
7.038953
7.593261703050648
0.45010993
2.4181437
7.192182
7.601151238634046
0.17238252
2.2840683
7.7332716
8.065368615161832
0.090979666
2.2649148
7.905654
8.224200975745493
-0.12449849
2.2601264
7.61835
7.947510901842923
-0.17238252
2.4851813
7.704541
8.097270892000434
-0.29688102
2.8299465
7.929596
8.424679658951849
-0.20111294
3.3087866
8.025364
8.68302835330378
-0.019153614
3.7493198
8.101978
8.927475222187594
0.20111294
3.916914
8.1402855
9.035867639120175
0.36391866
3.9073372
8.820239
9.65382488130312
0.23463176
3.6487634
9.528923
10.206316648827471
-0.19153613
3.2800562
10.055647
10.578822779215226
-0.545878
2.5809495
11.056423
11.366784115480055
-0.7182605
2.6527755
11.894394
12.207773102457866
-0.7182605
4.050989
11.410766
12.129796917780675
-0.48841715
4.6160207
10.012551
11.03618496311289
0.6703765
4.280833
10.5919485
11.4439638977228
1.541866
4.462792
12.459426
13.324081898850128
1.7142484
3.620033
13.192051
13.786714677069154
1.2018893
1.9297266
13.814544
14.000356942122437
0.46926352
0.79008657
13.771448
13.802073690543015
-0.16759412
-0.48841715
11.707646
11.719027991494418
0.15801731
-0.14844051
8.935161
8.937790659199608
0.2873042
-0.047884032
6.4547677
6.461335729206274
0.46926352
0.37828386
5.7365074
5.768086721987894
0.78050977
0.842759
7.0102224
7.103707336909848
0.78529817
1.1923125
8.418014
8.538223043852978
0.6751649
1.4413095
8.978256
9.118240151849307
0.5315128
1.7429788
8.853758
9.039331325005332
0.37349546
1.8962077
8.303091
8.52504675172756
0.45010993
2.111686
8.192958
8.472684164603624
0.4165911
2.4660277
8.025364
8.406027638497251
0.45489833
2.5187001
7.819463
8.227683662026804
0.35913026
2.3654714
7.690176
8.053771506172298
0.51235914
2.3798366
7.9487495
8.313167688615632
0.60333884
2.3319526
8.135497
8.4845935097898
0.7326257
2.2840683
8.058883
8.408287283623538
0.8379706
2.2361844
8.1881695
8.529292626158204
0.90979666
2.336741
8.279149
8.650572088650408
0.90979666
2.5761611
8.154651
8.600154751117218
0.81881696
2.7341783
8.240842
8.721104895210338
0.81402856
3.107674
8.1642275
8.773533590441064
0.7230489
3.490746
8.058883
8.812133348561632
0.6512229
3.8259344
8.303091
9.165325367214962
0.4405331
3.964798
8.887277
9.741528865817454
0.21547815
3.9073372
9.696517
10.456392835153377
0.14844051
3.5434184
10.582372
11.16084395851008
0.023942016
3.0597897
11.425131
11.827785068802571
-0.0047884034
3.1651347
12.263102
12.664981796908183
0.08619126
3.3997664
12.100295
12.569128309083144
0.15801731
3.787627
10.994174
11.62940026138292
0.02873042
3.7828386
10.697293
11.346487676491499
-0.21068975
4.367024
11.180922
12.005344472293892
-0.45010993
4.4196963
10.524911
11.424100437267752
-0.51235914
2.585738
10.515334
10.84070133150465
-0.35913026
0.7422025
11.745954
11.774857220928082
-0.076614454
0.40222588
11.947066
11.954080461200332
0.15322891
-0.05267244
9.974244
9.975559886239234
0.31124622
0.01436521
8.135497
8.141461408117298
0.19632454
0.39264908
7.680599
7.693134754908283
-0.033518825
0.80445176
8.892065
8.928442573707477
0.0
1.2497733
9.80665
9.885965946374238
-0.090979666
1.934515
9.768343
9.958471278641092
-0.21068975
2.4660277
8.451532
8.806479270879906
-0.17717093
2.858677
7.0245876
7.5860564264783115
0.110133275
2.954445
6.2488666
6.912973850557812
0.59855044
2.9400797
6.1004257
6.798347261075866
0.79487497
2.920926
6.3685765
7.0514112534501345
0.89543146
2.882619
7.153875
7.764613003098778
0.79008657
2.633622
7.85777
8.324947359302415
0.39743748
2.4229321
7.819463
8.195886408199742
-0.02873042
2.4181437
7.7093296
8.07972804678837
-0.4213795
2.542642
7.896077
8.306059443208982
-0.7613561
2.6767175
8.1402855
8.602832558369583
-1.0582372
2.96881
8.48984
9.055996791124619
-1.0773908
3.3327289
8.355764
9.060168578072151
-0.7278373
3.8067808
8.221688
9.08941610040968
-0.4261679
4.1132383
8.485051
9.439091226186424
-0.17238252
4.3478703
8.983045
9.981421951790612
0.095768064
4.2185836
9.423578
10.325184921566818
0.22026655
4.1371803
9.68694
10.535729064192116
0.05267244
3.8355112
10.16578
10.865404126673683
-0.10534488
3.5673606
11.104307
11.66373871892372
-0.23463176
3.8307228
11.626244
12.243326042900819
-0.033518825
4.6686935
11.046846
11.992941369830644
0.6607997
4.841076
10.453085
11.538615533828137
1.4796166
4.572925
11.334151
12.311128646464738
1.6376339
4.1946416
12.435484
13.225661470712556
1.2545617
2.6527755
13.072341
13.397657935593806
0.61291564
0.8379706
13.230358
13.271030075235776
0.31124622
0.32561144
12.488156
12.496277521898147
0.30645782
0.08619126
9.89763
9.902748235082111
0.6943185
0.20111294
7.517793
7.552465922870045
0.9624691
0.45010993
6.3829417
6.470771805306354
1.2210429
0.7661445
7.192182
7.335216742747684
1.2258313
0.8858546
8.695741
8.82628489534022
0.8523358
1.2018893
9.217676
9.334696897173972
0.35913026
1.5370775
8.647857
8.790734216016352
0.07182605
1.8100165
7.565677
7.779510916509961
0.009576807
2.336741
7.1395097
7.51219330477398
0.0047884034
2.6910827
6.83784
7.348333738204012
0.02873042
2.9257145
6.813898
7.41551330970988
0.15801731
3.0119057
7.2304893
7.8343169494352844
0.4405331
2.825158
8.0445175
8.537555530194362
0.6847417
2.777274
9.016563
9.459415278681382
0.62728083
2.681506
9.385271
9.780964515102951
0.60333884
2.7246015
9.23683
9.649170487086813
0.62728083
2.7341783
8.978256
9.4062901492862
0.7038953
2.8491
8.820239
9.29566857981195
0.7278373
2.9592333
8.542512
9.069802755379214
0.7374141
3.1794999
8.183381
8.810262625998302
0.7326257
3.3566709
7.6949644
8.427126236387105
0.6751649
3.4859576
7.3645644
8.175852170619299
0.59855044
3.7493198
7.52737
8.430715588372747
0.51235914
3.86903
8.202535
9.08369314431838
0.33039984
3.8977604
9.208099
10.004538459865197
0.08140286
3.6535518
10.271125
10.901883625748143
0.12449849
3.347094
11.219229
11.708528093955838
0.22984336
3.5098996
12.50731
12.992498727856754
0.08140286
3.8594532
12.785037
13.355117994077858
0.1436521
4.4340615
11.688493
12.502095771575284
-0.2681506
4.7022123
11.032481
11.99576366669774
-0.7230489
4.793192
11.133038
12.142570428107984
-0.79008657
3.7924154
11.51611
12.150203976272952
-0.58418524
1.8483237
12.5264635
12.67556155915168
-0.038307227
0.8475474
12.20564
12.235090875447911
0.5315128
0.2777274
10.266336
10.283837268255509
0.46447513
0.11971009
8.350976
8.364739352838077
0.033518825
0.44532153
7.101202
7.115230622082458
-0.3878607
0.89064306
6.655881
6.726398036244375
-0.29209262
1.4317327
6.8809357
7.034376475038717
-0.15322891
2.0446482
7.752425
8.018987534082925
0.2681506
2.078167
8.451532
8.707415470016374
0.61770403
2.1739352
8.954314
9.235111936542445
0.7661445
2.2840683
8.868123
9.189535110221419
0.842759
2.3942018
8.379706
8.755679657772506
0.61291564
2.8107927
7.752425
8.268997513922344
0.090979666
3.0597897
7.2927384
7.909148035670245
-0.19153613
3.2848446
7.6375036
8.316150294029722
-0.2873042
3.2273839
7.920019
8.557175365980331
-0.30645782
3.040636
8.197746
8.748852899837114
-0.30645782
2.9352913
8.12592
8.645254926215756
-0.31124622
2.858677
8.09719
8.592635758731227
-0.49799395
3.0071173
7.9583263
8.522071903809039
-0.641646
3.1268275
7.8386164
8.463608423214291
-0.7038953
3.3183637
7.551312
8.278243760797551
-0.5650316
3.691859
7.3885064
8.278834958879612
-0.19153613
3.964798
7.627927
8.598928659820343
0.05746084
4.343082
8.111555
9.201249195374022
0.2633622
4.381389
8.983045
9.998050881213791
0.18674773
4.2281604
10.084377
10.936493047955926
-0.16280572
3.8163576
11.262324
11.892478527717701
-0.46926352
3.7828386
12.306197
12.88303398649812
-0.6751649
4.6016555
11.980585
12.851672919358471
-0.47405192
5.0900726
9.758766
11.016673196472295
0.35913026
4.793192
9.428367
10.582899269954705
1.2689269
4.6016555
10.563218
11.591677580736198
1.3694834
2.954445
11.745954
12.188997303857176
0.9816227
0.8714894
13.086706
13.152374494135437
0.78050977
0.08140286
13.651738
13.674274343035309
0.40222588
0.06703765
10.893618
10.901247117678928
0.47405192
0.45489833
7.469909
7.498746385708596
0.7134721
0.78529817
6.196194
6.286378806769225
0.9911995
1.0821792
8.604761
8.729003564832775
0.9911995
1.2210429
10.812215
10.925997020348847
0.6895301
1.4413095
11.257536
11.370353672025912
0.40701428
2.0973208
10.01734
10.24263182257529
0.076614454
2.4995465
8.039729
8.41967019855537
0.11971009
3.0023289
7.015011
7.631427494768601
0.24899697
3.1890767
6.445191
7.1953244286851445
0.33518824
3.2513258
6.277597
7.077548578298408
0.46926352
3.083732
6.6175733
7.315865288413455
0.49320555
2.882619
7.445967
7.999698156384509
0.50757074
2.7341783
8.269572
8.724631018064155
0.59376204
2.6862943
8.6334915
9.061231221797776
0.7134721
2.7006595
8.7053175
9.142491963450546
0.8331822
2.920926
8.51857
9.04389506594737
0.91458505
3.1890767
8.1642275
8.81256406503752
1.0486604
3.3901896
7.8865004
8.648119030665264
1.0007763
3.4955344
7.85777
8.658224934060621
0.8475474
3.5434184
8.149862
8.927172689684305
0.6943185
3.691859
8.178593
9.000071207400598
0.47405192
3.7972038
8.078036
8.93857637339458
0.51235914
3.7445314
8.652645
9.442049458334393
0.49799395
3.6487634
9.313444
10.015074240170804
0.7374141
3.3901896
9.80665
10.402285808841638
0.92895025
3.2130187
10.43872
10.961446651017623
1.0103531
3.5194764
11.161768
11.747025133509535
0.8283938
3.8546648
11.257536
11.927983670075749
0.4405331
4.084508
11.358093
12.078226698512662
-0.272939
4.735731
11.573571
12.507965601616073
-0.8619126
4.855441
11.3964
12.417574309558145
-0.91937345
3.5290532
11.415554
11.983920450555168
-0.5506664
1.9632454
12.497733
12.662973233537267
-0.047884032
1.2114661
11.956643
12.017955697841186
0.31124622
0.8762778
9.548077
9.593252958164708
0.14844051
0.8619126
7.8146744
7.863463655981715
-0.40701428
0.8379706
7.6135616
7.670343871682891
-0.7134721
0.92416185
8.403648
8.484363759632288
-0.91937345
1.3120226
9.188946
9.327559819823339
-0.58418524
1.9009962
8.63828
8.864250442822899
0.01436521
2.255338
8.360553
8.659422365442454
0.5410896
2.528277
7.991845
8.39967559914658
0.80445176
2.777274
8.039729
8.543865336467757
0.90500826
3.0885203
7.795521
8.43375025184804
0.6751649
3.0789435
7.16824
7.8306710068006335
0.39264908
3.2321723
6.8282633
7.564805869405829
0.0047884034
3.122039
7.1395097
7.792287818778488
-0.2633622
2.9257145
8.00621
8.528104656414678
-0.4165911
2.7724855
8.63828
9.081855677066361
-0.7134721
2.8299465
8.604761
9.086228868662232
-0.9528923
2.9735985
8.279149
8.848423669808634
-1.2018893
3.2225955
7.7811556
8.507411194191262
-1.067814
3.5051112
7.2065473
8.084574915386709
-0.7086837
3.9121256
7.019799
8.067499074731945
-0.30645782
4.2904096
7.469909
8.619806910075898
0.11971009
4.43885
8.590396
9.670192294807517
0.4165911
4.4675803
9.610326
10.606185950657375
0.4357447
4.486734
10.237606
11.186117928663403
0.25378537
4.2904096
10.462662
11.311026292777258
-0.10055647
4.027047
10.721235
11.453039067506753
-0.5267244
3.9360676
10.874464
11.576874906155522
-0.61770403
4.7500963
10.089166
11.168537799204765
-0.5506664
5.0661306
8.858546
10.219723529696754
0.39264908
4.6016555
9.610326
10.662446578004909
1.2689269
4.280833
11.295844
12.146266888077433
1.6759412
3.490746
12.047623
12.654615659329664
1.3359646
1.7669208
12.765883
12.956642621169086
1.0582372
1.0247183
13.206416
13.288315560835239
0.7086837
0.5650316
10.462662
10.501846877659037
0.81402856
0.9816227
7.4268136
7.535501506799954
0.9959879
1.2258313
5.9663506
6.171871291533696
1.3503298
1.1971009
7.249643
7.470860649891527
1.3694834
1.13964
9.701305
9.863548495760675
1.0582372
1.2976574
10.903194
11.031021072562607
0.61770403
1.6328455
10.58716
10.730130662789122
0.0047884034
2.0207062
9.174581
9.39447724451733
-0.2825158
2.566584
8.207323
8.60391311333491
-0.31124622
2.8778305
7.311892
7.864003087210995
0.076614454
3.1316159
6.8091097
7.495122722412451
0.521936
3.169923
6.8186865
7.537593465197101
0.90021986
2.954445
7.3406224
7.963911195559737
0.9624691
2.954445
8.178593
8.748969753103657
0.90979666
2.815581
8.485051
8.98617381788567
0.842759
2.7485435
8.441956
8.918035051631549
0.7613561
2.8060043
8.264784
8.761277261224352
0.6560113
2.8778305
7.9391727
8.470107529283037
0.79008657
3.0693667
7.40766
8.057212811120941
0.8810662
3.3135753
7.216124
7.989274225799819
0.94810385
3.6391866
7.6231384
8.500283629229306
0.90500826
4.1132383
8.173804
9.195044501457787
0.79966336
4.381389
8.825027
9.885198421233053
0.62728083
4.4244847
9.332599
10.34731560877589
0.5602432
4.3287168
9.801862
10.729779055010217
0.6799533
4.146757
10.070012
10.91160264143585
0.7565677
3.892972
10.1226845
10.871815182224417
0.9672575
3.7588966
10.395624
11.096571012913355
1.0582372
3.892972
10.721235
11.455129242479723
0.9768343
4.3478703
10.34774
11.266495204124942
0.45010993
4.5633483
10.242394
11.222004962828263
-0.2777274
4.793192
11.013328
12.014375341387916
-0.8762778
4.6016555
11.611878
12.521135086426433
-0.7517793
2.930503
12.29662
12.663328701365534
-0.19153613
1.2306197
13.053187
13.112467859045154
0.35434186
0.5506664
11.856087
11.874155757407424
0.90979666
0.34955344
9.251195
9.302393812328546
0.7613561
0.6607997
7.4124484
7.480689301986905
0.2777274
1.0007763
6.8091097
6.887863332369508
-0.1340753
1.6280571
7.52737
7.702586930925661
-0.24420857
2.1643584
8.595184
8.866864411101778
-0.08140286
2.3942018
8.901642
9.218354400939905
0.038307227
2.7820623
8.499416
8.94323333164893
0.18195933
2.954445
7.872135
8.410253769609945
0.095768064
3.1507695
7.4124484
8.054868886627622
-0.090979666
3.0933087
7.2783732
7.908953901676735
-0.0047884034
3.0214825
7.5848308
8.164498904305054
0.15801731
2.9352913
8.202535
8.713350982920549
0.36391866
2.834735
8.51857
8.98522074823603
0.50278234
2.777274
8.499416
8.955787143074069
0.6512229
2.8060043
8.259995
8.747872666201882
0.60333884
2.944868
7.833828
8.39077639309998
0.34955344
3.1603463
7.513005
8.158137895881795
0.16759412
3.371036
7.192182
7.944775228423758
0.05267244
3.6152446
7.1586633
8.01992700253416
0.2873042
3.5577838
7.2592196
8.08929155602751
0.41180268
3.4811692
7.7811556
8.534313280740761
0.29209262
3.572149
8.647857
9.361142509048083
0.04309563
3.8738184
9.23683
10.01635396747528
-0.23942018
4.003105
9.715671
10.51077662073067
-0.6512229
4.036624
10.630256
11.38950236666011
-0.90021986
4.1276035
11.745954
12.482584914490305
-0.641646
4.630386
11.96622
12.846890773220675
-0.090979666
5.0613422
11.238382
12.325854809194523
0.6560113
4.7261543
11.113884
12.094846375125673
1.2210429
3.7014358
12.5743475
13.164565550477255
1.541866
1.7621324
14.240712
14.431921207221349
1.4796166
0.8475474
14.709975
14.808476799030409
0.50757074
0.5650316
11.353305
11.378682976053566
0.60812724
0.9720459
7.3406224
7.4296320482946445
0.7517793
1.3694834
4.644751
4.900445894467116
1.3455414
1.3311762
4.999093
5.34541321687168
1.6472107
1.2449849
7.9008656
8.166208786357524
1.4317327
1.1779473
9.974244
10.145095286591618
1.1300632
1.3694834
10.352529
10.503683987979453
0.6655881
1.5801731
9.595961
9.747944150493108
0.21547815
2.2601264
8.643068
8.936287324170856
-0.14844051
2.705448
8.001422
8.447735490906211
-0.4405331
3.0454245
7.5848308
8.185251174642852
-0.31603462
3.1794999
7.2687964
7.940056817070063
-0.08619126
2.9352913
7.465121
8.021932102263165
0.31124622
2.7629087
7.843405
8.321630525740348
0.48362875
2.5474305
8.178593
8.579783128251671
0.6464345
2.4756045
8.37013
8.752460242853685
0.7278373
2.4995465
8.331821
8.72907392381247
0.6847417
2.6527755
8.145074
8.593504524192921
0.6799533
2.9783869
8.058883
8.618509697831819
0.6895301
3.1651347
7.9966335
8.627842973619849
0.6751649
3.3997664
7.8290396
8.562016160200766
0.6703765
3.5338416
7.73806
8.53317116146165
0.6607997
3.667917
7.9248075
8.75744530131741
0.7326257
3.7253778
8.441956
9.256446035757493
0.6703765
3.739743
8.987833
9.757880131996403
0.7278373
3.6583402
9.792285
10.478647228029589
0.7182605
3.5673606
10.5680065
11.17697279070501
0.60333884
3.490746
11.401189
11.938862508140431
0.58897364
3.6966474
12.100295
12.666066071844412
0.4165911
4.122815
11.760319
12.469011882431532
0.32561144
4.7070007
10.793061
11.779305780806201
-0.1388637
4.735731
10.534488
11.550838053631042
-0.5506664
4.6351743
11.377247
12.2975531152368
-0.79008657
3.4811692
12.157756
12.670982696311853
-0.5554548
1.4460979
12.981361
13.07346478816472
-0.14844051
0.48362875
12.239159
12.249609493337239
0.21547815
0.090979666
9.873688
9.87645778277622
0.39743748
-0.08140286
7.943961
7.954313238147978
0.06703765
0.21068975
7.0581064
7.061568747369675
-0.2873042
0.6368576
7.3406224
7.373796267793529
-0.4261679
1.1731589
8.317456
8.410588502738815
-0.33039984
1.8339585
8.801085
8.9962031514733
-0.10055647
2.078167
8.552089
8.801540187954366
0.25857377
2.336741
8.341399
8.666381195453056
0.40222588
2.4851813
8.226477
8.603071116851329
0.40222588
2.72939
7.920019
8.386778789957422
0.37828386
2.8491
7.249643
7.798576215252847
0.33039984
2.8682537
7.0820484
7.647970650971733
0.19153613
2.801216
7.656657
8.155237361557287
0.023942016
2.6527755
8.532935
8.935813904821517
-0.12449849
2.4372973
8.90643
9.234739757892266
-0.16759412
2.4133554
8.719683
9.04904628386113
-0.23463176
2.552219
8.149862
8.543367492551925
-0.35913026
2.8682537
7.5944076
8.125938948150084
-0.4213795
3.1124623
7.374141
8.015169543438155
-0.34476504
3.323152
7.599196
8.301203573815412
-0.272939
3.4859576
7.867347
8.609386963325399
-0.11492168
3.5290532
8.413225
9.124131670880171
0.05746084
3.5338416
9.394848
10.037654555331537
0.095768064
3.6631286
10.232818
10.86914150241461
0.009576807
3.8355112
10.400413
11.085116785489868
-0.14844051
3.8786068
10.409989
11.110063448363388
-0.1388637
3.9360676
10.381259
11.103262935504203
-0.16759412
3.9073372
10.419566
11.129363500829404
0.02873042
4.3047748
10.251971
11.119119868953488
0.34955344
4.759673
9.528923
10.657253363572206
0.7661445
4.4723687
9.849746
10.844655463592352
1.1875241
3.8594532
11.051635
11.766232579971236
1.2066777
2.743755
12.497733
12.852143675118889
0.81881696
1.0103531
14.010868
14.071094378955902
0.40701428
0.5267244
14.700398
14.715461768611835
-0.1436521
0.40222588
11.319786
11.327840783072501
0.23942018
0.866701
7.5321584
7.5856377869474905
0.7565677
1.2306197
5.1140146
5.314128670957652
1.4508862
1.460463
5.1475334
5.543926648203786
1.8100165
1.3359646
7.575254
7.902242376079874
1.8483237
1.2162545
9.730036
9.978435534702564
1.5658079
1.2689269
10.7356
10.92314278116758
1.0390835
1.412579
10.338163
10.485833193118525
0.6464345
1.7286136
9.141062
9.325502471067745
0.32561144
2.2888567
8.413225
8.72509272397676
0.04309563
2.777274
7.690176
8.176424178913154
0.038307227
3.0119057
7.1826053
7.788636650297748
0.18195933
3.0789435
7.1107793
7.750882990588173
0.49320555
2.8778305
7.8769236
8.400659680575547
0.60812724
2.6623523
8.743625
9.160180820196258
0.8331822
2.552219
8.959103
9.352728672979405
1.0342951
2.552219
8.882488
9.299579848776478
0.90021986
2.7246015
8.513782
8.98433763579187
0.6512229
2.9161377
8.264784
8.78832201741811
0.45489833
3.1651347
7.97748
8.59448638535354
0.18674773
3.4045548
7.5225816
8.25924349740423
0.04309563
3.5290532
7.680599
8.45267280878094
0.06703765
3.7205894
7.9008656
8.733324564378524
0.22026655
3.620033
8.298303
9.056212460563156
0.48841715
3.5673606
8.710106
9.424996486835179
0.8571242
3.4811692
9.208099
9.881411631816698
1.1731589
3.3327289
9.461885
10.10003258728209
1.460463
3.1268275
9.734824
10.328446329863326
1.5610195
2.9640217
10.113108
10.65350431716437
1.5275006
3.2561142
10.850522
11.43106982306576
1.1492168
3.9552212
11.305421
12.032331779694267
0.35913026
4.5058875
11.372458
12.237842989080658
-0.40222588
4.8698063
11.9135475
12.876700576025264
-0.80445176
4.8362875
12.761095
13.670492675654275
-1.0247183
3.5338416
13.637373
14.125014043480297
-0.6943185
1.5466543
14.259866
14.36029202560125
0.21547815
0.82360536
11.81778
11.848403861797825
0.7134721
0.40222588
8.552089
8.59121944276084
0.78529817
0.51235914
6.531382
6.598344838067406
0.34476504
0.7230489
5.765238
5.820621190429804
-0.20590134
1.0582372
6.4787097
6.567795714831409
-0.545878
1.1348516
8.054094
8.151951150255522
-0.63206923
1.364695
8.6574335
8.787096134200404
-0.5746084
1.7238252
8.690952
8.878874027245754
-0.23463176
2.1883004
8.5473
8.826100777333139
0.06703765
2.6527755
8.413225
8.821794951261868
0.29688102
3.0502129
8.331821
8.8775665440559
0.35434186
3.4045548
8.001422
8.70283307830658
0.320823
3.4045548
7.656657
8.385602019415622
0.29209262
3.2704794
7.608773
8.287024906401356
0.29688102
3.0454245
8.106767
8.665010832060544
0.35434186
2.7868507
8.614338
9.060845164778927
0.30166942
2.7485435
8.695741
9.12476839790631
0.24899697
2.873042
8.169016
8.663093368222633
0.15801731
3.0885203
7.608773
8.213242458649953
0.10055647
3.3327289
7.417237
8.132194737434574
0.047884032
3.514688
7.321469
8.121528705584005
0.076614454
3.691859
7.4028716
8.27273847672564
0.22026655
3.7972038
7.728483
8.613752467269002
0.23463176
3.821146
8.231265
9.077991793208374
0.110133275
3.8977604
9.174581
9.968831124767869
-0.19632454
3.9935284
9.56723
10.369122782347146
-0.58897364
3.7924154
9.931149
10.64692490288606
-0.6560113
3.5482068
10.386047
10.99500369264021
-0.34476504
3.8163576
10.91756
11.570503722677088
0.023942016
4.596867
10.481815
11.445532474421926
0.79008657
5.070919
9.653421
10.93284045558363
1.6424223
4.831499
10.472239
11.649408127316892
2.0829554
4.1611223
12.124237
12.986561211295566
1.9967642
2.1164744
14.12579
14.422360098998892
1.6567876
0.58897364
16.625336
16.718062741423477
0.62249243
0.44532153
14.657303
14.677273180753328
0.1388637
0.6655881
9.576807
9.600912495797111
0.19153613
1.2593501
5.329493
5.479611667601087
0.6368576
1.5705963
4.1515455
4.4841599894692905
1.2593501
1.4508862
6.540959
6.817270271171249
1.3551182
1.1875241
9.3661175
9.53785711697282
1.1540052
1.3742718
10.395624
10.549376873398362
0.79008657
1.4221559
9.677363
9.813160867972313
0.30645782
1.7717092
8.331821
8.523621442647404
0.0
2.384625
7.728483
8.088009245462539
-0.047884032
2.9113493
7.273585
7.834748593443247
0.15801731
3.1747115
6.9479733
7.640556101108066
0.4309563
3.1507695
7.120356
7.798239670699402
0.81402856
2.9400797
7.843405
8.41580100061388
1.0199299
2.753332
8.51857
9.01038990053527
1.0773908
2.657564
8.504205
8.974681846483778
1.0007763
2.6671407
8.149862
8.633391789811622
1.0295067
2.834735
7.9631147
8.515092801603625
1.1204864
3.0502129
7.905654
8.54743556776863
1.2066777
3.241749
7.9822683
8.699517808903082
1.2737153
3.4620156
8.0684595
8.87174949758779
1.2641385
3.7110126
8.317456
9.195093040472686
1.1300632
3.9456444
8.441956
9.386787023784166
0.9672575
4.10845
8.75799
9.722002570683419
0.79966336
4.156334
9.193734
10.121231319621787
0.7422025
4.003105
9.619903
10.445967660128252
0.8331822
3.8546648
9.950302
10.703324231152113
1.0342951
3.8355112
10.352529
11.088542048912824
1.1540052
3.8067808
10.6398325
11.35910835635294
1.1300632
4.1276035
10.821792
11.637238653835716
0.81402856
4.6591167
10.625467
11.630587639825267
0.033518825
4.984728
10.721235
11.823430892359724
-0.8379706
5.2624555
11.587936
12.754446413714415
-1.460463
4.146757
12.679692
13.420251466126203
-1.2545617
2.078167
14.049175
14.257349628616716
-0.6607997
1.1348516
13.76666
13.829152835211868
0.4165911
0.6464345
10.012551
10.042041903458694
0.9576807
0.4165911
7.493851
7.5662744103930795
0.49799395
0.521936
6.6893997
6.728185938494062
0.05267244
0.8714894
6.885724
6.940854747804981
-0.110133275
1.2354081
7.5561004
7.657219774758661
-0.0047884034
1.7286136
7.6949644
7.886736162685087
0.095768064
2.006341
7.6710224
7.929638190656418
0.320823
2.2888567
7.881712
8.213596831632147
0.39264908
2.480393
7.9870567
8.37255003665018
0.45010993
2.7629087
7.8529816
8.337000942593018
0.46447513
2.992752
7.297527
7.901025304775274
0.4261679
3.1507695
7.225701
7.894284085458531
0.2825158
3.1507695
7.666234
8.29326865920253
0.22984336
3.122039
8.441956
9.003697801274745
0.20590134
2.8874073
8.868123
9.328618584486355
0.14844051
2.791639
8.939949
9.366855185931868
0.076614454
2.801216
9.006987
9.432840776108854
0.0047884034
3.0023289
8.700529
9.203977587444234
-0.0047884034
3.2273839
8.231265
8.841366072520712
-0.0047884034
3.5865142
7.872135
8.650642644570546
0.110133275
3.7828386
7.651869
8.536573823927677
0.25378537
3.787627
7.704541
8.588974170116119
0.40701428
3.691859
8.087613
8.899717485037183
0.4261679
3.6727054
8.78672
9.532934021311986
0.16280572
3.6391866
9.074024
9.777939501301553
-0.05267244
3.8019924
9.332599
10.077465988022292
-0.32561144
3.8067808
9.758766
10.480034511014303
-0.46447513
3.7349546
10.184934
10.858107502468203
-0.46926352
4.0078936
10.658986
11.397254050969634
-0.23463176
4.486734
10.213664
11.158170134129856
0.08619126
5.0134583
9.543288
10.78037742732535
0.89064306
4.903325
10.070012
11.23570122669983
1.4173675
4.429273
11.482592
12.388595972936725
1.5131354
2.6384103
13.254301
13.598797442057778
1.3599066
1.1731589
15.456966
15.56095958271101
0.45968673
1.0342951
14.618996
14.66274561631583
0.009576807
1.0055647
9.907207
9.958111961383505
0.545878
1.340753
6.081272
6.251197700182548
1.1204864
1.4987702
4.6255975
4.989785059578809
1.7238252
1.6711528
5.9280434
6.395781509570512
1.910573
1.3838485
8.169016
8.502831380163444
1.8866309
1.3072342
9.672575
9.94117409785422
1.3359646
1.4077905
9.773131
9.963973955081329
0.7182605
1.532289
9.136273
9.291678891936558
0.22984336
2.006341
8.619126
8.852545903282657
-0.20590134
2.6623523
7.9966335
8.43069748930953
-0.33039984
3.169923
7.417237
8.072977990358483
-0.12449849
3.3854012
7.264008
8.01512670920122
0.21068975
3.41892
7.666234
8.396698584511691
0.37828386
3.2800562
8.355764
8.984468409840499
0.50278234
3.2513258
8.954314
9.53958315916298
0.60333884
3.1316159
9.136273
9.676906774338496
0.6847417
2.930503
8.925584
9.41927614318231
0.7134721
2.9831753
8.288726
8.838063059436616
0.7134721
3.0597897
7.97748
8.573887290717424
0.8379706
3.2082303
7.5704656
8.264797926484652
0.78050977
3.3566709
7.383718
8.148357445825594
0.842759
3.5051112
7.3549876
8.190963827763762
0.7469909
3.6248214
7.7189064
8.560306017387937
0.7038953
3.643975
8.236053
9.033637025052016
0.78529817
3.6008794
9.126697
9.842744321767757
0.81881696
3.5577838
9.859323
10.513539984717513
0.90500826
3.5913026
10.486604
11.121391482667184
0.8619126
3.6487634
10.840945
11.470939739014138
0.7565677
3.9025488
10.874464
11.578266014239109
0.58418524
4.185065
10.759542
11.559575881305683
0.3878607
4.7405195
10.414778
11.449478630622703
-0.272939
5.0421886
10.443508
11.600216935858759
-0.770933
5.209783
11.166556
12.346180041660407
-1.0965444
5.497087
11.257536
12.575869605633267
-1.1731589
4.1276035
11.271901
12.061060369888452
-0.6655881
1.6184803
12.813767
12.932715374318148
-0.21068975
0.6560113
13.488933
13.506519015209031
0.6655881
0.21068975
10.534488
10.557595824326851
1.1061212
0.22026655
7.52737
7.611394281371458
0.9720459
0.6368576
5.947197
6.059670958194185
0.61770403
0.7757214
6.349423
6.426388827183918
0.33039984
1.1204864
8.408437
8.489197093079902
0.15801731
1.6903064
9.500193
9.650687285146255
0.019153614
2.1787236
8.901642
9.164410908898013
-0.076614454
2.6144683
8.240842
8.645969717642922
-0.05746084
3.1268275
7.9008656
8.497295173674662
-0.04309563
3.5913026
7.5225816
8.335978685758143
0.16280572
3.7493198
7.1826053
8.103932459829398
0.38307226
3.6296098
7.1969705
8.069522608518705
0.50757074
3.3758245
7.7428484
8.462004618041858
0.37828386
3.122039
8.465898
9.03114904855451
0.33039984
2.906561
8.738836
9.215449786663036
0.20111294
2.743755
9.002198
9.413193683975235
0.07182605
2.7485435
9.227253
9.628179644237989
0.033518825
3.0119057
9.069236
9.55634543631322
-0.06703765
3.4332852
7.967903
8.676371300567565
0.033518825
3.715801
7.335834
8.22330618348863
0.24899697
3.8881836
7.350199
8.318978216077399
0.5315128
4.0078936
7.666234
8.666998294452073
0.58897364
3.7780502
8.010999
8.876747926327445
0.48362875
3.5913026
8.585608
9.31901332756929
0.16280572
3.3614593
8.963891
9.574823952592785
-0.25857377
3.2369606
9.361329
9.908544810107397
-0.50278234
3.4620156
9.715671
10.326306158397257
-0.5746084
3.8067808
10.031705
10.745085191562037
-0.31124622
4.3239284
10.170568
11.055934531033195
0.24899697
5.0134583
9.715671
10.935767859494725
0.7469909
5.5162406
9.184157
10.739443896794766
1.1540052
5.5497594
9.773131
11.298037900467081
1.2258313
5.161899
10.702082
11.944974626312195
0.8810662
3.4811692
12.109872
12.631065799931038
0.50278234
1.757344
14.18325
14.300547043800567
0.12449849
1.4317327
14.700398
14.770479629363608
-0.2777274
1.3215994
11.118672
11.200385659253685
0.16759412
1.9919758
7.3406224
7.607942857642037
0.5267244
2.3989902
5.1571107
5.712126017208883
1.4748282
2.3654714
5.1762643
5.879139841704764
1.7525556
1.8674773
7.1969705
7.63906438760779
1.7190368
1.541866
9.490616
9.767508802680918
1.4748282
1.3215994
10.333375
10.521425095839597
0.9768343
1.4700398
9.744401
9.902957790379947
0.521936
1.7764976
8.734048
8.928155028306389
0.33039984
2.2936451
8.101978
8.42686323170023
0.12449849
2.8203697
7.4746976
7.9900620245406015
0.272939
3.1651347
7.359776
8.016163233482702
0.5410896
3.2225955
7.575254
8.24999213940795
0.81881696
3.1268275
8.1163435
8.73627725539907
0.90979666
3.0071173
8.662222
9.214367668657633
1.0342951
2.7724855
9.212888
9.676453032290954
1.2162545
2.7006595
9.533711
9.983210392759123
1.364695
2.743755
9.466674
9.95030146003164
1.5131354
2.9592333
9.141062
9.726543674680578
1.2497733
2.9496565
8.8777
9.438006052760992
1.1923125
3.107674
8.968679
9.56642339665164
0.90979666
3.1603463
8.796297
9.390972315098645
0.7326257
3.2992098
8.6095495
9.249100924950591
0.49799395
3.4284968
8.494628
9.173946426145356
0.4357447
3.3662477
8.63828
9.281238080668903
0.5602432
3.5242648
9.021352
9.70150001175217
0.6703765
3.4715924
9.5385
10.172725143884865
0.8571242
3.4380736
9.9790325
10.589433809153231
0.92416185
3.5194764
9.916783
10.563303538800351
0.7374141
3.7349546
9.44752
10.1857403130601
0.50757074
4.0701427
8.791509
9.701253467859514
0.23463176
4.1659107
8.528147
9.494164129972447
0.08619126
4.2904096
8.628703
9.636885797346244
-0.062249243
4.697424
8.676587
9.866753720423562
-0.8571242
4.4101195
9.844957
10.82159887716694
-0.59376204
3.514688
11.204864
11.758169377889597
-0.7086837
2.777274
14.197616
14.484052635975843
-0.93852705
1.6663644
13.623008
13.756596318157417
-0.6847417
2.408567
11.640609
11.906881801232245
-0.05746084
2.3080103
8.90643
9.20079977456847
0.12449849
2.4181437
6.3829417
6.826775389093651
-0.12449849
2.4995465
5.530606
6.070488768857271
-0.62728083
2.9783869
5.707777
6.468615839207344
-1.1827357
3.3518825
6.579266
7.478015977612363
-1.5849615
3.1890767
7.819463
8.592223763619145
-1.4413095
2.882619
8.810662
9.38161143827173
-1.3934253
2.2697031
9.624691
9.986383704678602
-1.2306197
2.504335
10.0029745
10.384874539524306
-0.8571242
2.743755
9.581595
10.003490601722481
-0.19153613
3.0310593
8.63828
9.156630784797516
-0.110133275
3.442862
7.8146744
8.54017345743665
-0.5650316
3.6487634
7.6853876
8.52630717975462
-0.91937345
3.6296098
8.264784
9.073366162055965
-1.4030021
3.4045548
9.045294
9.766101941478373
-2.0015526
3.2513258
9.361329
10.109985899118312
-2.1260512
3.040636
9.452309
10.154393234720233
-2.0494366
2.9496565
8.987833
9.67893632956017
