-0.15322891
4.7884035
7.192182
8.641745855053818
0.15322891
4.793192
8.556877
9.809093491475739
0.48841715
4.4244847
9.80665
10.769633262574523
0.842759
4.1419687
10.620679
11.430877602728264
1.1923125
4.2425256
10.879252
11.73791986756524
1.340753
4.285621
10.31901
11.253716427156478
1.3120226
4.185065
9.399636
10.372527781624227
1.043872
4.1180267
8.403648
9.416428239442714
0.545878
3.9073372
7.632715
8.592066596485243
0.20111294
3.7828386
7.2927384
8.217928421091273
0.009576807
3.8259344
7.7572136
8.649406068730782
-0.0047884034
3.7684734
8.542512
9.336804925053114
0.24899697
3.7014358
8.604761
9.370407810842808
0.4213795
3.6966474
8.513782
9.291245341192663
0.48362875
3.8786068
8.226477
9.107821245331623
0.4261679
3.9552212
7.9822683
8.918632171857663
0.34476504
4.0174704
7.85777
8.831957823942902
0.30645782
4.0557775
8.571242
9.48733077268995
0.1436521
4.012682
8.963891
9.82209726410441
-0.009576807
3.9456444
9.064447
9.885970190942867
0.04309563
3.98874
8.863335
9.71959895998138
0.24899697
4.3287168
8.805874
9.815457232528383
0.51235914
4.5441947
9.030929
10.122741070470248
0.5410896
4.548983
9.682152
10.71121315632704
0.47884035
4.5202527
10.0748005
11.052763193823976
0.5267244
4.8985367
10.218452
11.344155548664903
0.6560113
4.7788267
9.787497
10.911582015011046
0.7565677
4.2664676
10.769119
11.608146674377748
0.5650316
3.7301662
11.975797
12.555998832807095
0.29688102
2.695871
12.301409
12.59684590416976
0.2777274
1.70946
12.5743475
12.693053284555702
0.095768064
1.0151415
12.08593
12.128865992284236
0.11971009
0.81881696
10.477027
10.509656915845042
0.545878
1.2354081
8.700529
8.804738624241548
1.0534488
1.7190368
7.3789296
7.649408015863977
1.5993267
1.8387469
6.7612257
7.187002678956244
1.8052281
1.5562311
7.61835
7.982478504432722
1.6950948
1.2880806
9.102755
9.348403027263869
1.3455414
1.1061212
10.060435
10.21010996610808
0.91937345
1.0103531
10.486604
10.57520284255261
0.6799533
1.2976574
10.180145
10.285018647603074
0.5315128
1.7717092
9.337387
9.518837172070885
0.38307226
2.2170308
8.283937
8.584031258759907
0.31124622
2.566584
7.6135616
8.040556625152586
0.38307226
2.777274
7.345411
7.862254894905831
0.5554548
2.8778305
7.469909
8.024336514719758
0.62728083
2.8443117
7.489063
8.03552417348587
0.8619126
2.6240451
7.3885064
7.887872499112537
0.94331545
2.5139117
7.5082164
7.973889178460602
0.93852705
2.4037786
7.7811556
8.197888023265028
1.0390835
2.4708161
8.0445175
8.479321177681463
1.0534488
2.7006595
8.09719
8.600453706350505
0.93852705
2.9879637
8.298303
8.869644053304745
0.80924016
3.1172507
8.274361
8.879029554659649
0.7038953
3.2369606
8.561666
9.18016870414283
0.7038953
3.2561142
8.925584
9.527003408486454
0.7182605
3.3039982
9.519346
10.101992616398872
0.62249243
3.5051112
9.821015
10.446321882324927
0.58418524
3.8402996
9.792285
10.534610563013493
0.58418524
4.0557775
9.490616
10.337426964203152
0.58897364
4.098873
9.504981
10.367850172514407
0.78050977
3.9456444
9.945514
10.728026532577713
0.94810385
3.9600096
10.433931
11.200334571200806
0.90021986
4.122815
10.491392
11.308284753982296
0.7230489
4.084508
10.611102
11.393046055076137
0.33997664
3.8355112
10.951078
11.608309669954307
0.0047884034
3.6822822
11.118672
11.712561517022614
-0.35434186
2.9735985
11.415554
11.801810458677053
-0.30645782
1.8674773
11.707646
11.859611096752328
0.07182605
1.0342951
11.520899
11.56745565253818
0.58897364
0.80924016
9.835381
9.886175857402906
0.49320555
0.9672575
8.169016
8.240853065109379
0.22026655
1.1013328
7.3071036
7.392916624515728
-0.34476504
1.1061212
7.503428
7.592351086022546
-0.6991069
1.115698
8.614338
8.714376248106039
-0.8475474
1.283292
9.351752
9.477364728641978
-0.62249243
1.7286136
9.332599
9.511729578407595
-0.5315128
2.1691468
8.643068
8.926944074282705
-0.2825158
2.3654714
7.848193
8.201793046626298
-0.090979666
2.791639
7.5082164
8.010920223948848
0.10534488
2.96881
7.1490865
7.741729014473765
0.24420857
3.0885203
6.9623384
7.620547886573034
0.40222588
3.016694
6.95755
7.594058937099232
0.5267244
2.8682537
7.6375036
8.175315118251703
0.7182605
2.7724855
8.346188
8.823911812667575
0.7613561
2.6384103
8.63828
9.064256800354535
0.6368576
2.681506
9.02614
9.437545675205076
0.39264908
2.873042
8.978256
9.434915555041377
0.1436521
3.2369606
8.494628
9.091603658325528
-0.10055647
3.466804
7.8865004
8.615435618469684
-0.18195933
3.5769374
7.872135
8.64858967303453
-0.11971009
3.7301662
8.025364
8.85070225574908
0.1340753
3.9360676
8.37013
9.25038764759939
0.272939
4.1515455
8.815451
9.747923018460298
0.272939
4.098873
9.519346
10.367893220846133
0.40222588
3.8115692
10.67814
11.34515355362251
0.6607997
3.8402996
11.722012
12.35273666639964
0.82360536
4.5633483
11.281479
12.197304875086967
0.8714894
4.6255975
10.491392
11.498910603546728
1.1109096
4.050989
11.439496
12.186333077147838
1.091756
3.323152
12.459426
12.941119143925135
1.067814
2.15957
13.13459
13.353704594291488
0.92895025
1.3934253
12.612655
12.723350049205177
0.59855044
1.1827357
10.577583
10.66031871097348
0.62728083
1.2976574
8.1881695
8.314055103742481
0.79008657
1.6567876
6.655881
6.904341628214221
0.9911995
1.8148049
6.205771
6.54122207329473
1.1061212
1.6184803
7.249643
7.510013507774995
1.2545617
1.4221559
9.198523
9.391978847005442
1.0869676
1.043872
10.457873
10.565901530228473
0.9624691
1.2354081
11.104307
11.214197451770888
0.92416185
1.6903064
10.5440645
10.718605863530707
0.90500826
2.2122424
8.848969
9.16609615515711
0.7469909
2.882619
7.728483
8.28232691258405
0.39743748
3.3758245
7.1826053
7.9463175660243675
0.10534488
3.394978
6.9479733
7.73377720227659
-0.08140286
3.323152
7.0102224
7.758426638109416
-0.08619126
3.2369606
7.4986396
8.167921112665962
0.095768064
2.930503
7.771579
8.306289991938385
0.45010993
2.7246015
7.8386164
8.31083352729779
0.62728083
2.6240451
7.8769236
8.326164773557258
0.7613561
2.6767175
8.197746
8.657223863595885
0.78050977
2.7485435
8.413225
8.885158688615245
0.8810662
3.122039
8.264784
8.878629560141077
0.8331822
3.667917
7.776367
8.638268920414914
0.46447513
4.2281604
7.656657
8.758851288331893
0.34955344
4.55856
7.929596
9.153203984861069
0.4165911
4.5633483
8.619126
9.761507725810326
0.5746084
4.261679
9.701305
10.611663706328567
0.6895301
3.7301662
10.840945
11.485455146908224
0.6943185
3.442862
12.148179
12.645695710205793
0.6464345
3.8307228
12.708423
13.288955140843525
0.521936
4.405331
11.99495
12.788987333697863
0.33039984
4.5920787
11.180922
12.091705859221745
-0.07182605
4.7979803
11.008539
12.00890147347414
-0.33997664
4.88896
10.821792
11.879759788268158
-0.30166942
3.4715924
10.304645
10.877897731529616
-0.33039984
1.7525556
10.151415
10.306883236023179
-0.36391866
0.7182605
10.070012
10.102152347676412
-0.4261679
0.22984336
9.346964
9.359496458153895
-0.5793968
0.21068975
8.437167
8.45966192124587
-0.79008657
0.58897364
7.5800424
7.643832105069308
-0.7326257
1.0151415
7.359776
7.46549093094941
-0.48841715
1.5370775
7.8050976
7.969987840439772
-0.08140286
2.0685902
8.350976
8.60374862234162
0.15322891
2.695871
8.236053
8.667397052603537
0.24899697
3.0789435
7.747637
8.340729241632687
0.30645782
3.5003228
7.479486
8.26370903553155
0.31124622
3.6727054
7.2209125
8.107232018299165
0.21547815
3.6966474
7.1347213
8.038400517113784
0.1436521
3.3854012
7.398083
8.137150057579762
0.18674773
3.040636
7.833828
8.405308326816314
0.18195933
2.8203697
8.0684595
8.549130436809696
0.05267244
2.791639
8.058883
8.528869073096129
0.02873042
2.9831753
8.039729
8.575395438193315
-0.05746084
3.2609026
7.9391727
8.58296286761827
-0.18195933
3.5482068
7.881712
8.645476429631422
-0.21547815
3.892972
7.762002
8.686215532151852
-0.17717093
4.10845
7.929596
8.932482184481211
0.1340753
4.2999864
8.192958
9.25377845917463
0.4357447
4.367024
8.724471
9.766123424780524
0.6655881
4.3526587
9.437943
10.41457750859905
0.8858546
4.285621
10.409989
11.29243840094169
0.79487497
4.1036615
11.793838
12.512652288190392
0.62728083
4.0462008
12.512098
13.165022220208888
0.6895301
4.606444
12.124237
12.988144971089561
0.7613561
5.281609
10.342952
11.638372134135306
0.81402856
5.281609
9.3661175
10.783422278892813
1.1540052
4.697424
9.80665
10.93471120975413
1.0247183
3.9121256
10.620679
11.364576321654193
0.866701
2.1260512
10.922348
11.161045956288277
0.7134721
0.9672575
11.420342
11.483416334349627
0.36870706
0.6703765
10.625467
10.65297650932831
0.33997664
0.8571242
8.791509
8.839732413406246
0.5746084
1.3455414
7.3885064
7.531977321596692
0.79487497
1.4269443
7.3071036
7.487440146587515
1.1204864
1.6807296
8.537724
8.773429673582886
1.2114661
1.8579005
9.533711
9.788314267094526
1.0342951
2.1212628
9.667787
9.951663881666818
0.9720459
2.4468741
9.107543
9.480475187987102
0.8283938
2.8299465
8.394072
8.896924514016373
0.6847417
3.2561142
7.9152308
8.586153425117002
0.51235914
3.5194764
7.3789296
8.191326150061398
0.36391866
3.5865142
7.005434
7.878554979852374
0.31124622
3.4859576
7.1347213
7.946887615042337
0.32561144
3.241749
7.61835
8.285784246590946
0.4405331
2.9640217
7.929596
8.476909015094789
0.47405192
2.7964275
8.0684595
8.552471441707974
0.6560113
2.7485435
8.202535
8.675622078965361
0.6943185
2.8778305
8.24563
8.760958974943584
0.9864111
3.193865
8.192958
8.848634914140712
1.1252748
3.53863
8.0684595
8.881902025678396
1.0342951
4.074931
8.078036
9.106563808294062
0.9624691
4.4675803
8.1402855
9.335409160651574
0.7278373
4.7405195
8.384495
9.659297326478184
0.50278234
4.6495395
8.944737
10.093529666350037
0.51714754
4.486734
9.758766
10.753220186751763
0.35913026
3.9983168
10.759542
11.484044159775417
0.22984336
3.8977604
11.722012
12.355197668342992
0.29688102
4.309563
12.090718
12.839234683797356
0.34955344
4.9081135
11.511322
12.518877347392717
0.17238252
4.865018
10.94629
11.97995737313407
-0.076614454
4.8219223
10.845734
11.86957177023624
-0.38307226
4.3047748
10.745177
11.581738112858698
-0.45968673
2.930503
11.204864
11.590864043394735
-0.20590134
2.030283
11.027693
11.214920963139805
0.10055647
1.6280571
9.375694
9.516528958884798
0.05267244
1.3359646
7.599196
7.715915669203352
-0.22984336
1.2785037
7.0820484
7.200195246274413
-0.49320555
1.3311762
7.321469
7.457827190366319
-0.62249243
1.364695
8.001422
8.14080072312142
-0.641646
1.6903064
8.178593
8.37605074084342
-0.49799395
2.2505496
8.135497
8.455724855795276
-0.32561144
2.6192567
8.2169
8.630409645091584
-0.10534488
3.0023289
8.288726
8.816351731942648
-0.033518825
3.442862
8.00621
8.715149276076508
-0.0047884034
3.787627
7.5848308
8.477959724274807
-0.02873042
3.845088
7.3885064
8.329199057880702
0.05267244
3.7493198
7.6135616
8.486842125184873
0.19153613
3.572149
7.9726915
8.738463289481802
0.33039984
3.4332852
8.24563
8.937954550968346
0.31603462
3.3183637
8.456321
9.089596983113701
0.12449849
3.3039982
8.394072
9.021770425685279
-0.14844051
3.4332852
8.135497
8.831522438074805
-0.31124622
3.7205894
7.7189064
8.574449206754842
-0.4213795
3.8881836
7.603985
8.550796418156944
-0.35434186
3.9935284
7.6949644
8.676768309029244
-0.20590134
4.1946416
8.001422
9.036601345605245
-0.009576807
4.5154643
8.274361
9.426269316259548
0.062249243
4.673482
8.829816
9.99054308998816
0.06703765
4.5441947
9.672575
10.687043832781312
-0.04309563
4.232949
10.6877165
11.495521004888301
-0.18674773
4.1180267
11.209652
11.943588541597395
-0.20590134
5.00867
10.290278
11.44635300837707
0.05746084
5.5976434
9.279925
10.837616254805564
0.641646
5.267244
9.390059
10.785582094997455
0.79966336
4.5777135
10.386047
11.37826457704145
0.91937345
3.1124623
11.535264
11.983112532306206
0.9720459
1.5753847
12.445061
12.581980921003035
1.0726024
1.3263878
12.339716
12.457060647895696
0.62249243
1.4556746
9.346964
9.480095741657681
1.091756
2.1068976
6.7803793
7.1836266737282495
1.436521
2.15957
6.5026517
7.000843542226492
1.8195933
2.0207062
8.336611
8.768879604129523
1.9919758
1.982399
9.92636
10.316515701331546
1.6903064
1.9632454
10.13705
10.462850701984221
1.340753
2.27928
9.5385
9.898268315074462
1.0247183
2.7102363
8.858546
9.320368572363812
0.81881696
3.122039
8.465898
9.06029867863064
0.80445176
3.5913026
8.0684595
8.868180784813134
0.5554548
3.6104562
7.5465236
8.38414845482235
0.3878607
3.5242648
7.2592196
8.078808753702878
0.18195933
3.3039982
7.28795
8.003982029747414
0.16280572
3.0789435
7.1873937
7.820807106923872
0.22505496
2.7868507
7.3071036
7.8237428868022665
0.34955344
2.6288335
7.40766
7.868060733097263
0.63206923
2.6719291
7.589619
8.070999751412751
0.7134721
2.8203697
7.7667904
8.293766337352032
0.81402856
3.074155
7.73806
8.36604125989734
0.8475474
3.4620156
7.800309
8.576054668907028
0.9528923
3.8259344
7.8625584
8.795771744761087
1.0534488
4.3861775
7.967903
9.156188339702792
1.0486604
4.6686935
8.078036
9.388879699501892
1.2593501
4.8506527
8.963891
10.269670545722281
1.1683705
4.6160207
10.170568
11.230013238044743
0.9864111
4.1132383
11.664551
12.407799611975424
0.82360536
3.9312792
13.081918
13.684657528947165
0.4405331
4.367024
13.292608
13.998514369068442
0.15801731
5.0278234
11.535264
12.584367385380736
-0.22026655
5.1906295
10.31901
11.553056479290312
-0.45010993
5.070919
10.893618
12.024463513118592
-0.40701428
3.6008794
11.894394
12.434170531312406
-0.5650316
1.6041151
12.938266
13.049565824688981
-0.5267244
0.80924016
12.047623
12.086253758184402
-0.7086837
0.6512229
9.509769
9.55834910738729
-0.80924016
0.92895025
7.2831616
7.3866273419450055
-0.94331545
1.1731589
6.2488666
6.427633780263434
-0.8810662
1.4460979
6.8186865
7.025806812370099
-0.7038953
1.8052281
8.101978
8.330448363328474
-0.18674773
2.2266076
8.647857
8.931857375253761
0.090979666
2.542642
8.39886
8.77577076540035
0.16759412
2.873042
7.603985
8.130377765057357
0.19632454
3.122039
6.8761473
7.5542752016339385
0.272939
3.3758245
6.622362
7.438169305001284
0.35434186
3.4093432
6.4547677
7.308433771548815
0.33039984
3.3854012
6.823475
7.6242978132268275
0.21068975
3.4572272
7.4124484
8.181760217480567
0.02873042
3.2321723
8.09719
8.71850016793156
0.02873042
3.2034419
8.42759
9.015938103856865
-0.14844051
3.2513258
8.561666
9.159436189049496
-0.39264908
3.4141316
8.475474
9.145716730879236
-0.58418524
3.7349546
8.145074
8.97960980967349
-0.7326257
4.1036615
7.714118
8.768374958569147
-0.78529817
4.5202527
7.1730285
8.514793985397976
-0.4165911
4.8841715
7.455544
8.922657412879706
0.047884032
4.8602295
8.552089
9.83678526554034
0.2873042
4.8027687
9.591172
10.730317660817446
0.33518824
4.7309427
10.362105
11.395937922042524
0.35434186
4.4196963
11.008539
11.86790688138044
0.2873042
4.3047748
11.45865
12.243948551143413
0.2633622
4.5298295
11.18571
12.070991334066534
0.33518824
5.291186
10.012551
11.32961533838728
0.33997664
5.2385135
9.227253
10.61601649458868
1.0534488
4.4340615
10.04607
11.031508661538973
1.3120226
3.7588966
11.602302
12.266381346107131
1.1587936
2.3894134
12.454638
12.734602063734842
0.9720459
1.3838485
11.822568
11.942906937720267
0.7182605
1.3934253
10.036493
10.158185662898374
0.62249243
1.6041151
7.953538
8.13753352707667
0.7661445
2.0254946
6.4978633
6.849221467933189
0.7278373
2.1452048
6.670246
7.044418549648844
0.93852705
2.030283
8.494628
8.784167039405153
0.8379706
1.8195933
10.213664
10.408268180095527
0.58418524
1.8483237
10.788273
10.961040515374783
0.6368576
2.2505496
10.189722
10.45471161118502
0.39264908
2.6862943
8.432379
8.858632212991946
0.35434186
3.265691
7.216124
7.928602623601985
0.2777274
3.4955344
6.6750345
7.540025339261083
0.15801731
3.667917
6.7372837
7.672651138979817
0.095768064
3.5098996
7.091625
7.913262073524869
0.2825158
3.347094
7.603985
8.312847847221473
0.45010993
3.064578
7.872135
8.45959518365901
0.6655881
2.882619
7.8769236
8.414179922433906
0.91458505
2.8299465
7.905654
8.446563148175315
1.115698
2.8778305
7.9487495
8.526975573963188
1.2737153
3.0310593
7.9248075
8.579757785179238
1.4700398
3.3614593
7.9487495
8.7546012769324
1.340753
3.6535518
7.8912888
8.798778050287588
1.1779473
4.1371803
8.073248
9.1477402861991
0.9959879
4.4915223
8.298303
9.488286878600636
0.81881696
4.783615
8.690952
9.954199620657134
0.5650316
4.745308
9.476251
10.613036118120547
0.2633622
4.6830587
10.352529
11.36552890068838
0.37828386
4.414908
11.133038
11.982447184417035
0.63206923
4.3718123
11.674128
12.481886901039905
0.63206923
4.620809
11.429919
12.34481428362799
0.40222588
4.9320555
10.840945
11.916922684344664
0.08140286
4.429273
10.812215
11.68456602754048
-0.45968673
4.453215
11.592725
12.42713565394389
-0.6464345
4.0557775
11.616667
12.32128840459547
-0.5602432
2.8634653
10.879252
11.263722167771801
-0.4309563
1.6998832
10.055647
10.207416934446874
-0.16759412
1.3024458
9.093178
9.187509549713361
-0.05267244
1.115698
8.202535
8.278232701350865
-0.08619126
1.2162545
7.762002
7.857186651727075
-0.090979666
1.4221559
7.627927
7.759901551084236
0.05267244
1.6998832
8.073248
8.250436944661297
0.12928689
2.2122424
8.643068
8.922631761086262
0.18195933
2.6001031
8.662222
9.045868443708372
0.20111294
3.016694
8.087613
8.634256012656206
0.17717093
3.5673606
7.359776
8.180693847776892
-0.08619126
3.8881836
6.5840545
7.646906168523014
-0.18674773
4.012682
6.1387334
7.336248194216078
-0.110133275
3.7301662
6.4164605
7.422751284618176
-0.15801731
3.371036
7.091625
7.85366158585763
-0.15322891
2.992752
7.9248075
8.47246219593933
-0.22026655
2.7964275
8.48984
8.941247114546098
-0.33039984
2.8921957
8.738836
9.210929217023418
-0.33997664
3.265691
8.394072
9.013365252436413
-0.2873042
3.7205894
7.4363904
8.320170369971493
-0.36391866
4.084508
7.120356
8.216758109532396
-0.062249243
4.3957543
7.4268136
8.630416717192881
0.23463176
4.6351743
8.054094
9.295608254692484
0.5746084
4.7070007
8.901642
10.085894004674804
0.8714894
4.7405195
9.749189
10.875601565505288
0.80445176
4.6160207
10.55843
11.551416642145226
0.40222588
4.429273
11.391612
12.22902581016268
0.08619126
4.510676
11.856087
12.68544087354673
-0.08619126
4.9464207
11.444284
12.467804607604277
0.090979666
5.5641246
9.92636
11.379823437546232
0.545878
5.33907
9.074024
10.5423699145651
0.8523358
4.807557
9.92636
11.062174474377201
0.94810385
4.5058875
10.898406
11.831194903794058
0.7182605
3.1603463
10.898406
11.370089969866182
0.4165911
1.7956513
10.7116585
10.869109213510317
0.2825158
1.0869676
10.060435
10.122927983517055
0.46926352
1.1731589
8.676587
8.768105657372502
0.82360536
1.436521
7.5800424
7.758798834264614
1.3024458
1.685518
7.8386164
8.122883682464476
1.6663644
1.910573
8.829816
9.1865503767577
1.6232687
2.1404164
9.639056
10.006387577862375
1.1971009
2.480393
9.902418
10.278291688276651
0.79487497
2.9735985
9.160215
9.663522099255166
0.30645782
3.2465374
7.9343843
8.578366913710907
0.019153614
3.5003228
7.417237
8.201708862138265
-0.047884032
3.787627
6.8282633
7.808558820347714
0.0
3.8642416
6.5840545
7.634273705452642
0.25378537
3.739743
6.9479733
7.8945815034273865
0.59855044
3.4524388
7.2783732
8.07789030047716
0.7134721
3.169923
7.699753
8.357251391329035
0.9911995
3.0597897
7.867347
8.499408028128387
1.1252748
3.1028855
7.824251
8.491939986762125
1.3503298
3.3375173
7.6710224
8.473901061880706
1.484405
3.5577838
7.699753
8.610892880316714
1.5658079
3.7924154
8.049306
9.034682944666322
1.6232687
4.0892963
8.293514
9.388275919009056
1.4221559
4.462792
8.394072
9.612464569383663
1.0869676
4.6591167
8.566454
9.811880298654136
0.8619126
4.7165775
9.002198
10.199439792582705
0.6560113
4.6495395
9.23683
10.361833421644558
0.62249243
4.644751
9.23683
10.357617259318252
0.7517793
4.606444
9.77792
10.834768659923594
0.89543146
4.745308
10.290278
11.367039168920526
0.82360536
5.109226
10.462662
11.672609686549587
0.48362875
5.032612
11.03727
12.140115341820081
-0.023942016
4.8362875
11.707646
12.667250234980953
-0.34476504
3.9695864
12.176909
12.812244542994494
-0.29209262
2.753332
12.334928
12.641858619501674
0.05746084
1.9440918
11.051635
11.221471599826943
0.07182605
1.7190368
9.107543
9.268634481089594
-0.1388637
1.6519991
8.130709
8.297999993615507
-0.44532153
1.7860745
8.149862
8.355156006740549
-0.6751649
2.0254946
8.537724
8.80063647656112
-0.6751649
2.1452048
8.992621
9.269573637571648
-0.272939
2.5570073
9.006987
9.366888173517168
-0.019153614
2.8634653
8.7053175
9.164188628048269
0.21547815
3.1124623
8.130709
8.708746746659989
0.36391866
3.514688
7.603985
8.384870491642737
0.49320555
3.7205894
6.4787097
7.487303604836396
0.46447513
3.6966474
5.707777
6.816132303323933
0.37349546
3.715801
5.9041014
6.986064117792662
0.31124622
3.5003228
7.0581064
7.884541861529492
0.46447513
3.3183637
8.1881695
8.847225086072628
0.5746084
3.169923
8.686164
9.264341628948658
0.49320555
3.1364043
8.848969
9.40130546108138
0.38307226
3.1794999
8.576031
9.154467099908153
0.31603462
3.4715924
8.00621
8.732195368973033
0.33039984
3.964798
7.1107793
8.148126641961175
0.22026655
4.429273
6.5696893
7.926398496248967
0.20590134
4.6112323
6.603208
8.056563683344722
0.4309563
4.7070007
7.0485296
8.48665693587679
0.34955344
4.721366
7.6375036
8.985819347217053
0.095768064
4.5537715
8.734048
9.850360503594842
-0.05267244
4.185065
10.213664
11.037955950157492
0.25857377
4.1180267
11.731588
12.436043658847682
0.2825158
4.745308
12.50731
13.3802303176923
0.63206923
5.3678
11.587936
12.786440963370755
1.1827357
4.9320555
11.405977
12.482801889703214
1.7046716
4.5920787
12.368446
13.303065722501243
1.5849615
3.5769374
13.177686
13.746198648896424
1.1252748
2.1547816
13.350069
13.569586664706355
0.5363012
1.5562311
11.822568
11.936607127726022
0.4309563
1.8387469
8.743625
8.945260473374905
1.0247183
2.5187001
6.301539
6.863183704219298
1.5705963
2.552219
5.554548
6.311386161207291
2.0254946
2.2218192
7.1059904
7.7158412626479596
2.1978772
1.8626889
9.361329
9.79462880450141
1.9201498
1.6472107
10.386047
10.689726658922597
1.6328455
1.8818425
10.213664
10.51315573371979
1.3359646
2.2984335
8.791509
9.184673263727229
1.1252748
2.801216
7.541735
8.123473508197026
0.8762778
3.2752678
6.9000893
7.688073609824383
0.6991069
3.5673606
6.694188
7.617543311000647
0.58897364
3.5769374
6.8761473
7.7732088141612845
0.6799533
3.4715924
7.0341644
7.873611570002259
0.81402856
3.3279405
7.4028716
8.157226036397834
0.8475474
3.1028855
7.8290396
8.464047410770887
0.9720459
2.920926
8.12592
8.689491537690438
1.0295067
2.9257145
8.221688
8.787255022478757
1.1252748
2.9975405
8.0445175
8.658276923114885
1.0965444
3.2369606
8.039729
8.735992554825625
1.0390835
3.620033
7.896077
8.748277767172322
0.9864111
4.0940847
7.824251
8.885575132458806
0.81881696
4.620809
7.9008656
9.189451256973774
0.7613561
4.951209
8.039729
9.472664706826121
0.7517793
4.8745947
8.662222
9.967995354959008
0.7038953
4.8602295
9.509769
10.702943942355445
0.93852705
4.5298295
10.175357
11.177570390473253
1.2689269
4.3718123
10.936713
11.846290980106456
1.3120226
4.525041
11.252748
12.199251270769974
1.1348516
4.9224787
11.200075
12.286592597869257
0.770933
4.6830587
11.573571
12.508914057910987
0.04309563
4.783615
11.860875
12.789260555124953
-0.4309563
4.122815
11.947066
12.645778968019638
-0.18195933
2.5713725
12.076353
12.348415603627936
-0.06703765
1.4508862
11.295844
11.388839183998709
0.10534488
1.2593501
9.294291
9.379813217548298
0.12928689
1.2114661
8.025364
8.117316736068165
-0.17238252
1.3551182
7.627927
7.749279357876205
-0.50278234
1.4891934
7.953538
8.10735811940422
-0.48362875
1.6950948
8.508993
8.68966099050376
-0.023942016
2.1452048
8.892065
9.147201493681859
0.35434186
2.4995465
8.42759
8.797588746299946
0.58418524
2.767697
7.771579
8.270360156407895
0.6655881
3.0262709
7.441179
8.060549951159457
0.60812724
3.3375173
6.967127
7.749174012498143
0.50278234
3.3375173
6.622362
7.432865526107627
0.39743748
3.2848446
7.0245876
7.764856189150163
0.39264908
3.1172507
7.699753
8.316105799087762
0.45968673
2.9352913
8.2169
8.737544758999942
0.63206923
2.815581
8.686164
9.152947673336707
0.63206923
2.7102363
9.002198
9.422551119760094
0.49799395
2.8921957
9.126697
9.586938285039304
0.16280572
3.2465374
8.331821
8.943476032830002
0.17717093
3.6631286
7.465121
8.317326800713273
0.2873042
4.098873
7.2783732
8.358110849215475
0.47405192
4.462792
7.5225816
8.75959295572574
0.7517793
4.7022123
8.12592
9.418415503583633
0.91937345
4.7644615
8.7532015
10.008190615417517
0.8523358
4.5537715
9.442732
10.518008093869073
0.4405331
4.1132383
10.189722
10.997419574822427
-0.095768064
3.8115692
11.089942
11.727064758564374
-0.49799395
3.7541082
11.549629
12.154639443840596
-0.37828386
4.630386
10.903194
11.851718285479087
-0.25857377
5.913678
9.337387
11.055552914447139
0.2825158
6.1243677
8.355764
10.363710442723928
1.2401965
5.497087
9.035717
10.648954786133208
1.6807296
4.7309427
10.113108
11.29077591614386
1.685518
2.8874073
11.204864
11.693034284617916
1.8818425
1.1348516
12.397177
12.59044124784472
1.6136919
0.6703765
11.860875
11.988901728200023
1.1971009
0.7661445
9.452309
9.558565015792528
1.2545617
1.1348516
7.4842744
7.673081188594176
1.1779473
1.3503298
7.1059904
7.32844097050017
1.2449849
1.5466543
8.571242
8.798199677543012
1.1971009
1.7908629
9.691729
9.928234843462034
0.92416185
2.336741
9.672575
9.993654908377334
0.6703765
2.7246015
8.714894
9.15544838374516
0.48362875
3.0789435
7.867347
8.462206124594058
0.2873042
3.5482068
7.1586633
7.99492174140079
0.2681506
3.7924154
6.5744777
7.594608211294157
0.5267244
3.892972
6.3589997
7.47459329882972
0.7326257
3.7062242
6.789956
7.77022153953396
0.8523358
3.4045548
7.345411
8.140794162859713
0.79487497
2.930503
7.967903
8.526848967837562
0.81881696
2.777274
8.662222
9.1333345993301
0.93373865
2.7006595
8.872911
9.321694564991297
0.93373865
2.8491
8.762778
9.261507866114544
1.0773908
3.1651347
8.48984
9.124484949077264
1.2258313
3.41892
8.025364
8.80898090196874
1.3024458
3.715801
7.824251
8.759135245921692
1.2306197
3.9025488
8.00621
8.991313557118442
1.0965444
4.1132383
8.437167
9.450234417303742
0.82360536
4.462792
8.738836
9.846933389028726
0.5793968
4.759673
8.810662
10.030850316341464
0.4213795
4.630386
8.911219
10.051261359622163
0.45010993
4.501099
9.619903
10.630381937710496
0.6560113
4.10845
10.783484
11.558254472884776
0.9528923
4.223372
11.525687
12.312040213892887
0.8714894
4.759673
11.511322
12.486973803548553
0.45968673
4.8267107
11.420342
12.40696087777568
-0.090979666
4.711789
11.501745
12.429777728891553
-0.61291564
4.3718123
11.832145
12.628857920182808
-0.5410896
3.0119057
12.287044
12.662376748150773
-0.05746084
1.8195933
11.812991
11.952446493201782
0.4165911
1.3120226
9.983821
10.078275268380692
0.6655881
1.1492168
7.723695
7.83703812450478
0.45010993
1.1923125
6.6367273
6.7579846663401275
0.2825158
1.4460979
6.612785
6.77494920099224
-0.1436521
1.4939818
7.503428
7.652061593509253
-0.20590134
1.6663644
8.537724
8.70125802251125
-0.33039984
2.1691468
8.930372
9.195972506448433
-0.22505496
2.8107927
8.7053175
9.150615116976725
-0.16280572
3.1651347
7.9966335
8.601786458965634
0.095768064
3.5817258
7.417237
8.237313428511218
0.23942018
3.7062242
7.1395097
8.047733949908858
0.33518824
3.7014358
7.1730285
8.078695428360865
0.34476504
3.53863
7.465121
8.268542173373222
0.21547815
3.2800562
8.020576
8.668034763437227
0.1436521
2.9783869
8.422802
8.935044598246629
-0.08140286
2.858677
8.250419
8.732013635685016
-0.2873042
2.992752
7.762002
8.323928204983435
-0.50757074
3.1555579
7.240066
7.914147334194869
-0.6464345
3.5242648
7.0820484
7.9368588646702865
-0.60812724
3.98874
7.16824
8.22578436639223
-0.4213795
4.414908
7.5944076
8.794543429912949
-0.009576807
4.5298295
8.451532
9.588943917814118
0.45010993
4.5394063
9.423578
10.469605186035663
0.6943185
4.548983
10.0987425
11.097743903098932
0.7374141
4.43885
10.271125
11.213526282659462
0.6703765
4.357447
10.481815
11.371244711940207
0.7661445
4.6399627
10.524911
11.527791815038098
0.9672575
5.2863975
10.156203
11.490433404117232
1.2497733
5.401319
9.792285
11.252778790928849
1.7477672
4.8219223
10.204087
11.420552355874966
1.8531121
3.8259344
11.463438
12.226291680307366
1.70946
2.0398598
13.101071
13.368670811001731
1.2785037
1.1300632
13.958196
14.062106656825273
0.48841715
1.2497733
11.9135475
11.988874364197326
0.5793968
1.6903064
8.360553
8.549366924204827
1.1444284
2.2888567
6.3350577
6.832388866873272
1.532289
2.3127987
6.4739213
7.043337591735352
1.8148049
1.8148049
8.413225
8.795987289384833
2.0111294
1.4556746
9.998186
10.30181294013416
1.6280571
1.4269443
10.433931
10.656155851513166
1.3024458
1.757344
9.672575
9.916820578355786
0.81881696
2.408567
8.513782
8.885726249522056
0.5506664
3.0454245
7.541735
8.15203116913921
0.5363012
3.6104562
6.933608
7.8356833754281405
0.58418524
3.6870706
6.5505357
7.539581122867555
0.89064306
3.5529952
6.83784
7.757130695665677
1.0199299
3.2273839
7.374141
8.113828990447757
0.94810385
2.9496565
7.8625584
8.450987935296059
0.78050977
2.7581203
8.0924015
8.585067524452796
0.7086837
2.7485435
8.250419
8.72502889109203
0.8379706
2.6910827
8.432379
8.89095795180594
0.9528923
3.016694
8.226477
8.813816702664292
1.0773908
3.289633
8.015787
8.73128316950795
1.2306197
3.7301662
7.8386164
8.767694511159455
1.2162545
4.050989
7.7093296
8.79338088355561
1.1540052
4.4244847
7.8769236
9.107893285100207
0.94810385
4.6255975
8.12592
9.398171640696305
0.8475474
4.5441947
8.552089
9.721433213930451
0.7613561
4.256891
9.155427
10.1253458599783
0.8810662
3.8355112
10.093954
10.833989832622116
1.0055647
3.4715924
11.070788
11.645835007523546
0.9864111
4.0318356
11.899182
12.602350748363007
0.8379706
4.9176903
11.9135475
12.915822910109618
0.41180268
5.185841
11.626244
12.737035405574233
-0.23463176
5.2049947
11.923124
13.01183719174553
-0.7422025
4.381389
12.277467
13.056937899803918
-0.7182605
2.6192567
12.741941
13.028180023757935
-0.58418524
1.5227122
11.798626
11.9108147468832
0.01436521
1.1875241
9.26556
9.341360954116785
0.50757074
1.2162545
7.536947
7.651305053692357
0.2873042
1.0295067
6.861782
6.944528953885744
0.009576807
1.283292
7.350199
7.461391255426346
-0.08140286
1.2258313
7.9487495
8.043128109761716
0.33997664
1.5610195
8.394072
8.544752900114984
0.59855044
2.1547816
8.212111
8.511175998786785
0.770933
2.60968
8.082825
8.528588630930942
0.90979666
3.0454245
7.9631147
8.574003414152482
0.8331822
3.53863
7.867347
8.666673904807174
0.8858546
3.845088
7.489063
8.464957313497566
0.8331822
3.9217024
7.3166804
8.343126366558245
0.6512229
3.7924154
7.441179
8.377210183089604
0.48362875
3.4763808
7.953538
8.693554422028399
0.29209262
3.265691
8.456321
9.06969760647242
0.14844051
3.040636
8.652645
9.17255540757744
0.1340753
2.9640217
8.355764
8.866916037281904
0.023942016
3.1268275
7.9008656
8.497134903878308
-0.090979666
3.5817258
7.264008
8.099558745245064
-0.25378537
3.9312792
6.7612257
7.825185989265786
-0.33518824
4.0557775
6.7324953
7.866903835967202
-0.15801731
3.9456444
7.4363904
8.419797057109522
-0.08140286
3.8163576
8.1163435
8.969182977625822
-0.110133275
3.7780502
8.595184
9.38951513044021
-0.31124622
3.763685
9.102755
9.85506658228693
-0.6512229
3.572149
10.208876
10.835381260507027
-0.6607997
3.6535518
11.271901
11.867638806016895
-0.4405331
4.2760444
11.650186
12.417948475329469
0.12928689
5.2385135
10.6637745
11.881701696519658
0.93852705
5.913678
9.974244
11.633484728100402
1.8291701
5.5018754
11.147403
12.56507414450213
2.3175871
4.960786
12.430696
13.583180494950305
2.1547816
3.3518825
13.330915
13.913716504155452
1.7286136
1.364695
13.962984
14.135608031800787
1.0773908
1.0103531
12.698846
12.784453869531834
0.60333884
1.4221559
9.212888
9.34151204843596
0.90500826
2.1404164
5.884948
6.327166147938827
1.5801731
2.5713725
4.596867
5.4990991374817515
2.0398598
2.0638018
6.1004257
6.755405098650636
2.3319526
1.5514427
9.030929
9.45529740017633
2.1212628
1.163582
10.630256
10.902110366209458
1.7286136
1.4269443
10.55843
10.793734986825473
1.292869
1.910573
8.863335
9.158629853501944
1.0007763
2.480393
7.560889
8.02003354795674
0.7182605
3.193865
7.015011
7.741256211332382
0.58897364
3.6583402
6.603208
7.571835895079969
0.60333884
3.8833952
6.4787097
7.577496500596535
0.7661445
3.787627
7.029376
8.021547386455094
0.90500826
3.5290532
7.905654
8.70474704714532
0.8810662
3.2609026
8.197746
8.866386424442545
1.1252748
3.0693667
8.269572
8.892304648976824
1.3551182
3.0597897
8.082825
8.748183579599985
1.3934253
3.193865
8.169016
8.881172719964178
1.4748282
3.4237084
8.207323
9.014269219440191
1.5370775
3.6631286
8.169016
9.08371834128561
1.5658079
3.9791632
7.9343843
9.013320813518309
1.541866
4.2281604
7.771579
8.980653101359229
1.436521
4.3861775
7.848193
9.104739755245188
1.2737153
4.3957543
8.197746
9.388719209821907
1.1540052
4.280833
8.829816
9.880430249564231
1.115698
4.1132383
9.414001
10.333776361956252
1.0247183
4.1180267
9.902418
10.773396426226997
1.0582372
4.132392
10.448297
11.285540919153615
1.0247183
4.3382936
11.118672
11.97896958341048
0.92895025
4.8937483
10.82658
11.917489261290264
0.5410896
5.2480903
10.309433
11.581003590580528
-0.12928689
5.3582234
10.520123
11.806788441227294
-0.641646
5.2049947
11.118672
12.293435455471817
-0.79966336
4.31914
11.530476
12.338813045550486
-0.5746084
2.3223755
12.081141
12.315745279401867
0.0047884034
1.3982137
11.760319
11.843146396846931
0.5410896
1.3120226
9.351752
9.458829309396426
0.89543146
1.4413095
7.7332716
7.917238101078552
0.6799533
1.2785037
7.714118
7.848855108853481
0.14844051
1.4077905
8.42759
8.545652870518346
-0.04309563
1.388637
9.255983
9.359668453245954
0.04309563
2.0015526
9.3421755
9.554282653166672
0.17717093
2.657564
8.844181
9.236534421266148
0.2777274
3.1411927
8.058883
8.653889799089491
0.6751649
3.6152446
7.608773
8.450992449201742
0.7182605
3.98874
7.086837
8.163896155602
0.92416185
4.309563
6.4787097
7.835820662139911
0.9864111
4.1611223
6.493075
7.774829099684242
0.9720459
3.7780502
7.3166804
8.291703676176304
0.90021986
3.3854012
8.255207
8.96770787581188
0.6751649
3.122039
8.825027
9.3853125247124
0.40701428
2.9975405
9.016563
9.510485032926734
0.23942018
3.1603463
8.805874
9.358874070354087
0.090979666
3.5194764
7.9870567
8.728577465726893
0.1436521
3.9217024
7.1969705
8.197363583150102
0.1388637
4.1802764
6.9719152
8.130288618344254
0.19153613
4.357447
7.302315
8.505753309111942
0.35913026
4.486734
7.656657
8.881675251518573
0.36391866
4.3766007
7.9487495
9.081282731251234
0.35434186
4.343082
8.341399
9.410996972354836
0.35913026
4.237737
9.050082
9.999568929917913
0.25857377
4.3287168
9.629479
10.560848671304932
0.49320555
4.5920787
9.940725
10.96122531417832
0.79487497
4.745308
9.840169
10.95347884146716
1.2066777
5.4444146
9.615114
11.11522150516519
1.5753847
6.0860605
9.299079
11.224742425966703
1.9488802
6.157887
9.514558
11.499761164299782
1.9728222
5.45878
10.333375
11.8519596845525
1.5275006
3.4380736
12.277467
12.840942372948748
1.3072342
1.4987702
14.240712
14.378909964173658
0.6703765
0.91458505
13.761871
13.808510873160063
0.50757074
1.8914193
9.892841
10.084810721456186
0.92895025
2.920926
6.564901
7.245183199612503
1.2785037
3.0933087
5.056554
6.06398102278747
1.4939818
3.016694
6.4068837
7.237443244461187
1.8531121
2.3702598
8.528147
9.043309169483441
1.7956513
2.0494366
9.907207
10.27508118683235
1.5370775
2.1164744
9.624691
9.973802966044033
1.2785037
2.2026656
8.839393
9.198976575899371
1.0869676
2.5953147
8.2169
8.685309483839832
0.842759
2.954445
7.6470804
8.241166442975189
0.89543146
3.3758245
7.1730285
7.978115666612245
0.91937345
3.5817258
6.9958572
7.91302875120102
0.7326257
3.643975
7.264008
8.159724755974414
0.60333884
3.5769374
8.09719
8.872597382613776
0.51714754
3.5242648
9.002198
9.681294083910485
0.5793968
3.4093432
9.552865
10.159554750793708
0.81402856
3.3566709
9.619903
10.221174693222643
0.7374141
3.5434184
9.241618
9.925074456461704
0.641646
3.6822822
8.892065
9.645710251574231
0.7086837
3.845088
8.595184
9.442676059494511
0.7038953
4.050989
8.283937
9.248221561510151
0.91937345
4.2760444
7.843405
8.980467900445806
1.0007763
4.3047748
7.359776
8.584808914110836
0.94810385
4.209007
7.144298
8.34599542585769
0.89064306
3.9073372
7.4986396
8.502359848056294
0.7757214
3.7780502
8.154651
9.020739078396394
0.5602432
3.8355112
8.796297
9.612484411814815
0.2825158
3.8833952
9.284714
10.068092450693086
0.1388637
4.1419687
9.284714
10.167649476955352
0.22026655
4.55856
8.7292595
9.850327973303255
0.2681506
5.1810527
8.030152
9.5602593882338
0.2873042
5.7125654
7.7667904
9.64567149433673
0.16759412
5.8083334
8.470686
10.272163433949517
-0.39264908
5.056554
10.314221
11.49374086629599
-0.8523358
3.8977604
12.703634
13.315454576033304
-0.93373865
3.1890767
13.929465
14.32033807280859
-0.5410896
3.1507695
12.018892
12.436795775446193
0.16280572
3.394978
8.75799
9.394400905410734
0.11971009
3.5673606
6.3925185
7.321521899329625
-0.033518825
3.6583402
5.8083334
6.864496704234143
-0.61291564
3.6727054
6.1387334
7.179726817424989
-0.90021986
3.6535518
7.4603324
8.355560972784644
-1.3024458
3.3518825
8.599973
9.32153496475345
-1.2018893
2.9257145
9.677363
10.181144370039831
-0.81402856
2.6479871
10.429143
10.790806170195737
-0.4261679
2.9017725
9.701305
10.134950622528644
-0.29688102
3.2752678
8.66701
9.26998309976463
-0.023942016
3.643975
8.1402855
8.918709161527254
-0.05267244
3.8498764
8.178593
9.039563428076317
-0.1340753
3.6966474
8.159439
8.958773816538647
-0.30166942
3.3997664
8.523358
9.181342520354756
-0.59855044
3.193865
8.566454
9.162050460466626
-1.1252748
2.9592333
8.494628
9.06542963490049
