0.11971009
3.6152446
8.930372
9.63513759449463
0.16280572
3.5913026
9.016563
9.70682100187298
0.40701428
3.6296098
9.275137
9.968344748938582
0.81402856
3.787627
9.188946
9.972235473888475
1.115698
3.8498764
9.251195
10.082209080425095
1.1300632
3.7493198
9.002198
9.817026831383597
0.8858546
3.7732618
8.628703
9.45921565798443
0.6560113
3.8833952
8.269572
9.159526980651203
0.4405331
3.916914
7.953538
8.876657680383255
0.11971009
3.8163576
8.025364
8.887372057030026
0.04309563
3.7732618
8.365341
9.177052896530707
0.12928689
3.691859
8.8777
9.615617018018503
0.23942018
3.643975
9.184157
9.883553192969709
0.29688102
3.6343982
9.203311
9.899390122865524
0.6368576
3.9695864
9.14585
9.990484669701809
0.842759
4.285621
8.820239
9.842428839292818
0.8283938
4.4196963
8.446744
9.569087134563421
0.7086837
4.3766007
8.815451
9.867575256509124
0.521936
4.31914
9.035717
10.028537466684917
0.2873042
4.2185836
8.7292595
9.699431129370343
0.23463176
4.237737
8.422802
9.431705135741794
0.3878607
4.5537715
8.09719
9.297943412872783
0.7086837
4.831499
7.9631147
9.341135533184197
0.770933
4.8602295
8.825027
10.104319609962536
0.7278373
4.735731
9.706094
10.824285357630682
0.80924016
4.735731
10.189722
11.26554271652076
0.7086837
4.793192
10.43872
11.50842308397996
0.5554548
5.21936
10.505757
11.74398519900686
0.61291564
5.0134583
11.046846
12.146737973966637
0.63206923
4.4675803
12.157756
12.968029912237537
0.45968673
3.9456444
12.497733
13.113838027165594
0.320823
2.9831753
12.258312
12.620161583496255
0.16280572
2.0254946
11.798626
11.972331255784823
0.15801731
1.5131354
10.6398325
10.748050246739885
0.272939
1.3503298
8.7053175
8.813650935342208
0.6847417
1.3359646
7.091625
7.248780772852156
1.2976574
1.460463
6.2584434
6.5562932772158105
1.7764976
1.6376339
6.2584434
6.708643777744494
1.9871874
1.5562311
6.9767036
7.419242697265519
2.0398598
1.4413095
8.42759
8.789919229077759
1.8387469
1.1731589
9.533711
9.780028050544313
1.5131354
0.90021986
10.007763
10.16146125317637
1.163582
1.043872
10.16578
10.285264921211885
1.2306197
1.5275006
9.193734
9.400661493928897
1.2162545
2.078167
7.833828
8.195542440470593
1.0534488
2.6479871
7.0341644
7.589536149196533
0.94810385
3.040636
6.579266
7.30965896583263
0.89064306
3.2992098
6.6606693
7.4861571672855485
0.91937345
3.4332852
7.101202
7.941017873173473
0.9864111
3.4332852
7.536947
8.340624506047428
0.9959879
3.2944214
7.762002
8.490811486525127
1.067814
3.169923
8.149862
8.809591043183817
1.1827357
3.2273839
8.5473
9.212557507028789
1.292869
3.289633
8.805874
9.488762081270714
1.436521
3.4141316
8.796297
9.54435574371052
1.3503298
3.5913026
8.628703
9.44327111030364
1.3359646
3.8786068
8.331821
9.28696088702272
1.3551182
4.2281604
8.307879
9.419901424467227
1.1540052
4.367024
8.6813755
9.786158880768717
1.0390835
4.4580035
9.533711
10.575686558290162
0.9768343
4.510676
10.184934
11.181827748161334
1.0486604
4.43885
10.745177
11.673127338270099
0.9816227
4.4819455
10.91756
11.84248800272673
1.067814
4.548983
11.133038
12.073856048418405
1.1971009
4.855441
11.310209
12.366454593728552
1.0295067
4.831499
11.281479
12.315641825310443
0.7134721
4.4580035
11.319786
12.186894641416105
0.22505496
4.3382936
11.329363
12.133668298254667
-0.11492168
3.7062242
11.15698
11.757019543443903
-0.21068975
2.2409728
11.03727
11.264442498185247
-0.05746084
1.340753
10.5919485
10.67662378330136
0.16759412
0.7086837
9.490616
9.518514160120068
0.20590134
0.6464345
8.283937
8.31167208341773
-0.23463176
0.8571242
7.359776
7.413232529775883
-0.4405331
1.0869676
6.9000893
6.999057161322583
-0.25378537
1.5945383
7.3789296
7.553513160488557
0.30166942
2.1547816
8.240842
8.523236545952583
0.6751649
2.4468741
8.848969
9.205829630964063
0.7374141
2.6431987
8.844181
9.260119701954789
0.9864111
2.8921957
8.0924015
8.65013110111091
0.9624691
3.098097
7.326257
8.012402933517695
0.89064306
3.2321723
6.7612257
7.546810805401148
0.9672575
3.4524388
6.2823853
7.233483541777773
0.8810662
3.5290532
6.129156
7.1272049553856816
0.7757214
3.4524388
6.6415157
7.525344242573776
0.60333884
3.3758245
7.3549876
8.115173971270387
0.39743748
3.3518825
8.135497
8.807915976557545
0.076614454
3.2752678
8.690952
9.287943779879544
-0.19153613
3.5098996
8.384495
9.09152519565891
-0.30645782
3.6966474
7.848193
8.680625336091055
-0.17717093
3.9743748
7.383718
8.387272283927958
0.17238252
4.3382936
7.675811
8.818649419025773
0.5506664
4.663905
8.298303
9.535044230702095
0.6943185
4.745308
9.208099
10.382154089357192
0.842759
4.663905
10.184934
11.233660551865151
0.9528923
4.132392
11.262324
12.034309929468977
0.92416185
3.9264908
12.464214
13.100688980271705
0.8331822
4.7022123
12.660539
13.531231957262797
0.8475474
4.5633483
11.856087
12.732213797626732
1.2449849
4.189853
11.860875
12.640617757259976
1.5610195
3.7924154
12.306197
12.971572311498011
1.661576
2.5091233
12.483368
12.840989310396866
1.5514427
1.532289
12.306197
12.49789472017281
1.2018893
0.9816227
10.726024
10.837698267406763
1.3359646
1.0342951
8.48984
8.656324035107584
1.6998832
1.2976574
6.5122285
6.854388046940943
2.078167
1.340753
6.042965
6.529458124130623
2.5187001
1.1731589
7.7189064
8.203759276073722
2.5139117
1.091756
9.533711
9.919845541705227
2.0925324
1.283292
10.419566
10.704806765113416
1.6376339
1.6089035
10.065224
10.323717709181475
1.1971009
2.0350714
8.552089
8.87202253229085
0.79966336
2.5617957
7.565677
8.027560444155517
0.51714754
3.098097
7.393295
8.032836282424432
0.17717093
3.289633
7.3406224
8.045981348283973
0.08140286
3.2609026
7.2065473
7.9104002662979624
0.25857377
3.1411927
7.2113357
7.870026243910117
0.61291564
3.0358477
7.469909
8.086505962052858
0.7661445
2.8921957
7.6853876
8.24723908436323
1.0151415
2.834735
7.943961
8.495454807152534
1.2066777
2.7724855
7.771579
8.339075729419664
1.5658079
2.8874073
7.632715
8.309465585869763
1.7669208
3.169923
7.417237
8.257470649854175
1.8770541
3.5817258
7.489063
8.511060810964148
1.757344
4.10845
7.6231384
8.836280714902543
1.436521
4.4244847
7.762002
9.049217434764214
1.340753
4.5537715
8.676587
9.890279031641649
1.2880806
4.3239284
9.768343
10.759927113793132
1.2689269
4.0414124
11.027693
11.81326339919126
0.9816227
3.821146
12.191275
12.813739698028368
0.80445176
4.0414124
12.86644
13.51019693204278
0.62728083
4.3478703
12.0093155
12.787537611442731
0.07182605
4.2999864
11.291056
12.082341927382924
-0.7038953
4.596867
11.204864
12.131596294886727
-1.2258313
3.7110126
11.008539
11.681704466313178
-1.0965444
2.078167
11.133038
11.378300114734914
-0.90979666
1.0151415
10.5919485
10.67930815552506
-0.30166942
0.60812724
9.102755
9.12803160591237
0.095768064
0.521936
8.135497
8.15278452479964
0.12928689
0.5793968
8.039729
8.061616597830124
0.10055647
1.0295067
8.714894
8.776068085009074
0.39264908
1.6903064
9.476251
9.633827422075809
0.62249243
2.1260512
9.5385
9.792373133936342
0.7374141
2.7006595
9.006987
9.432027885052825
0.89543146
3.1316159
8.1642275
8.789961759551346
0.8762778
3.4476504
7.431602
8.239105892374592
0.8571242
3.6966474
6.71813
7.715772046603404
0.770933
3.7780502
6.3063273
7.391736195039078
0.6560113
3.5051112
6.363788
7.2947895737668205
0.5410896
3.241749
7.0006456
7.7337414414596
0.48841715
3.083732
7.666234
8.27762625240544
0.29209262
2.8874073
8.0445175
8.551999970253211
0.110133275
2.8778305
8.250419
8.738617823619771
-0.11971009
3.0693667
8.202535
8.758819494961207
-0.24420857
3.5338416
7.9248075
8.68045219122487
-0.22984336
3.9983168
7.6135616
8.602655630613478
0.01436521
4.3478703
7.445967
8.622448087576359
0.30166942
4.596867
7.5465236
8.84150500160235
0.545878
4.6926355
8.279149
9.53221490697282
0.7469909
4.596867
9.332599
10.430080312125252
0.8379706
4.285621
10.31901
11.204941095608431
0.6560113
3.7062242
11.57836
12.174762975747207
0.37828386
3.7828386
12.425907
12.99446575033844
0.2633622
4.8698063
11.918336
12.877543077880045
0.44532153
5.12838
10.70687
11.880053278228793
1.1731589
4.841076
10.941502
12.022012230744563
1.8004397
3.8881836
12.564771
13.27527841394573
1.9967642
1.9967642
13.891158
14.175274795479055
1.8818425
0.9576807
13.694834
13.856657533756563
1.2785037
0.6895301
11.070788
11.165678597382206
1.0534488
0.94810385
7.6614456
7.791431552651184
1.0726024
1.3838485
5.4539914
5.728135375634186
1.163582
1.5514427
5.544971
5.874317210676522
1.5370775
1.661576
7.4124484
7.750344299544028
1.6424223
1.7142484
9.289502
9.58806827059659
1.4556746
1.8435353
10.022128
10.293719582434568
1.2641385
1.9919758
9.706094
9.988707460597615
1.0199299
2.2984335
8.470686
8.836038091409069
0.6560113
2.6431987
7.52737
8.004882752931712
0.39264908
3.2034419
7.2113357
7.900605972806695
0.20111294
3.4380736
6.8569937
7.673275821623825
0.37828386
3.4572272
6.5744777
7.437692848077537
0.6607997
3.466804
6.9288197
7.775855465648538
0.6368576
3.3614593
7.4028716
8.155213505740898
0.6895301
3.1507695
7.7428484
8.387758926965803
0.7565677
3.1411927
7.785944
8.429733658064082
0.8475474
3.107674
7.6470804
8.29781978421963
0.9720459
3.3135753
7.52737
8.281663646803645
1.1923125
3.763685
7.517793
8.491416187229671
1.043872
4.381389
7.5225816
8.767865933193832
1.043872
4.76925
7.7811556
9.185956552832554
0.9816227
4.912902
8.614338
9.965290102949211
0.7278373
4.6016555
9.964667
10.999980579705868
0.61770403
4.333505
11.080365
11.913660981963691
0.5315128
4.0701427
11.903971
12.591786423186681
0.8379706
4.1180267
11.951855
12.669142497851201
1.1587936
4.644751
11.463438
12.422839241270617
0.8523358
4.7548847
10.754754
11.78983194660134
0.320823
4.6591167
11.080365
12.024341690538419
-0.49799395
3.8355112
12.162544
12.762704540859104
-0.62728083
2.087744
12.861651
13.045084317608515
-0.59376204
1.043872
12.066776
12.126388627594817
-0.29209262
0.8283938
9.581595
9.621773315169904
0.033518825
0.62728083
7.762002
7.787379535459722
-0.18195933
0.8571242
7.422025
7.473568690618202
-0.24899697
1.2114661
8.207323
8.299988013569093
-0.12449849
1.7477672
8.743625
8.917463985933988
0.14844051
2.1021092
8.90643
9.15234375
0.32561144
2.4133554
8.743625
9.07641333301317
0.44532153
2.6623523
8.556877
8.972545711117103
0.62249243
2.9017725
8.192958
8.713916163235812
0.7565677
3.1603463
7.608773
8.273669879880995
0.93373865
3.2321723
7.1490865
7.901154455504355
0.90500826
3.2034419
6.8282633
7.596463695770049
0.7565677
3.1507695
7.086837
7.792496363345569
0.59376204
3.0885203
7.503428
8.135904360198735
0.33039984
3.1268275
7.4986396
8.131162683133935
0.090979666
3.2321723
7.5848308
8.245293864420148
-0.2633622
3.2752678
7.9104424
8.565736479174692
-0.6607997
3.514688
8.173804
8.921925880300408
-0.9816227
3.9217024
8.00621
8.968987332171254
-0.9768343
4.3047748
8.015787
9.150854402267797
-0.6368576
4.630386
8.508993
9.708193623815916
-0.1340753
4.673482
9.165004
10.288668753143629
0.21547815
4.390966
10.022128
10.943951083023771
0.37828386
4.060566
10.94629
11.681291042723176
0.31603462
3.7732618
11.745954
12.341183475271425
0.062249243
4.0078936
10.898406
11.612163717042844
0.0047884034
5.085284
9.346964
10.640764456799975
0.18195933
5.2768207
8.130709
9.694656583498595
0.9959879
4.4484267
9.600749
10.628023323306277
1.5035586
3.3662477
11.841722
12.40236589564952
1.7381904
1.7381904
13.230358
13.456782358910251
1.8195933
1.0965444
12.593501
12.771437032763226
1.541866
0.79966336
9.730036
9.883846135422734
1.5227122
1.2162545
7.599196
7.84510724608891
1.4413095
1.4796166
7.2544312
7.542772271764617
1.4317327
1.3934253
8.614338
8.84298088045263
1.2593501
1.4987702
10.251971
10.437202129567915
0.79487497
1.8579005
10.443508
10.637221544075048
0.58418524
2.3942018
9.222465
9.54606342768222
0.36870706
2.96881
8.054094
8.591752697587607
0.11492168
3.4093432
7.359776
8.111912912717667
0.10534488
3.5673606
7.0006456
7.857875066550972
0.39743748
3.7253778
6.8665705
7.82216004337297
0.58418524
3.5290532
6.8905125
7.763675068788651
0.6464345
3.2992098
7.2209125
7.965189059612527
0.78529817
3.0502129
7.762002
8.376703800716689
0.866701
2.906561
8.240842
8.78127215508215
0.78529817
2.834735
8.240842
8.750079345343371
0.9768343
3.074155
8.101978
8.720475002265458
1.2593501
3.2130187
7.881712
8.604117503422144
1.484405
3.6487634
7.666234
8.619053214135846
1.2737153
3.9456444
7.489063
8.560170545929013
1.2018893
4.4436383
7.4986396
8.798866927286806
1.0630256
4.6782703
7.867347
9.214737358303791
0.866701
4.606444
8.690952
9.874368381822778
0.63206923
4.43885
9.600749
10.59609752290171
0.34955344
4.0174704
10.453085
11.20398303461067
0.4165911
3.9791632
10.850522
11.564649557369458
0.7422025
4.1276035
10.91756
11.695344464927928
0.8379706
4.5058875
10.572795
11.523419623926813
0.5650316
4.8985367
10.338163
11.453931668173146
0.062249243
4.793192
10.649409
11.678548230389394
-0.45010993
4.5202527
11.501745
12.366302207929886
-0.35913026
3.0262709
12.167333
12.543176773422909
-0.49799395
1.1492168
12.966996
13.02734375
0.04309563
0.6799533
11.7268
11.746575038984103
0.45968673
0.3878607
9.112331
9.132159207280028
0.29209262
0.5363012
7.0245876
7.051082598303998
-0.01436521
0.9576807
6.3685765
6.440195944986026
-0.07182605
1.340753
7.4363904
7.55663153834424
-0.0047884034
1.8674773
9.442732
9.625626184480643
-0.15322891
2.1499932
9.916783
10.148326987706598
-0.24899697
2.3798366
9.974244
10.257249454987235
-0.2633622
2.825158
9.255983
9.68112110423999
-0.05746084
3.0119057
8.307879
8.837179054572681
0.19153613
3.1842883
7.848193
8.471748074741985
0.4309563
3.2752678
7.589619
8.277404122449722
0.6703765
3.145981
7.398083
8.067108493191224
0.5554548
3.0933087
7.603985
8.227859843987662
0.16280572
2.896984
7.7093296
8.237280085266313
-0.1340753
2.5953147
7.85777
8.276362981654536
-0.5650316
2.60968
7.867347
8.30811854027127
-0.8283938
2.7629087
7.714118
8.235746150072712
-1.2210429
3.083732
7.5848308
8.278285233591037
-1.2737153
3.5482068
7.2927384
8.209516204444398
-1.0390835
4.0414124
7.067683
8.207609451312448
-0.5267244
4.295198
7.3071036
8.49234516801082
-0.062249243
4.2760444
8.250419
9.292891577022981
0.16280572
4.189853
9.385271
10.279333057662425
0.2873042
4.0701427
10.328587
11.105327915260709
0.11971009
3.892972
10.730812
11.415773528495835
0.25857377
3.9935284
10.893618
11.605431278339035
0.50757074
4.5154643
10.371682
11.323375890287064
0.6751649
5.185841
9.241618
10.61867703058544
1.2354081
5.243302
9.414001
10.8462836304104
1.6328455
4.8362875
11.085154
12.203953987127363
1.1013328
3.064578
12.871228
13.27678750857494
0.51235914
0.6895301
14.753071
14.778059826854598
0.320823
0.2681506
14.657303
14.663265932180714
-0.22505496
0.2681506
10.658986
10.664733194911738
-0.12449849
0.6847417
6.6606693
6.6969312671713155
0.047884032
1.1683705
4.999093
5.134034729801847
0.545878
1.388637
6.3925185
6.564342131239565
1.0199299
1.5514427
8.748413
8.943263616338731
1.1540052
1.685518
10.0508585
10.256337509386347
1.1061212
2.0254946
10.251971
10.508522571268493
0.866701
2.3750482
9.3421755
9.678236734880311
0.8283938
2.882619
8.595184
9.10345675030576
0.842759
3.3279405
8.461109
9.131035050114843
0.7326257
3.6583402
8.054094
8.876296257668862
0.545878
3.5434184
7.680599
8.476166465402786
0.4357447
3.41892
7.6231384
8.366069986209784
0.41180268
3.2273839
7.795521
8.44723243309953
0.47405192
3.1316159
7.843405
8.458767233056324
0.6847417
2.9831753
7.7667904
8.34812783822339
0.81881696
2.8921957
7.8050976
8.363898819736933
1.1779473
2.9783869
8.030152
8.645327731749415
1.3120226
3.1172507
7.833828
8.532732153617099
1.3934253
3.3614593
7.5465236
8.378010678391744
1.3072342
3.7780502
7.465121
8.468208549054129
1.1875241
4.2760444
7.6710224
8.862243080450467
1.043872
4.5633483
8.0445175
9.307420817572966
0.7469909
4.6016555
8.508993
9.702380755349552
0.7134721
4.5394063
9.409213
10.471319720175146
0.80445176
4.381389
10.390836
11.305449085114367
0.81881696
4.2042184
11.27669
12.062737813394085
0.9864111
4.4196963
11.836933
12.67358356815405
1.1204864
4.9320555
11.640609
12.691903989547148
0.92416185
5.2385135
11.113884
12.321303265489258
0.16759412
5.1906295
11.257536
12.397694748742921
-0.6895301
5.0134583
11.425131
12.49575245216162
-0.91458505
3.4763808
11.358093
11.913352950182622
-0.45489833
1.6136919
11.540052
11.661206375451014
-0.05267244
0.8858546
10.6158905
10.652917066644637
0.36391866
0.5410896
9.054871
9.078320394438721
0.4165911
0.5746084
7.4363904
7.470182528838245
0.2681506
1.0247183
6.6271505
6.71126490761289
0.272939
1.4556746
6.823475
6.982356042084756
0.40222588
2.0254946
8.106767
8.365648657074553
0.5363012
2.4229321
8.772355
9.116602129478231
0.51714754
2.896984
8.690952
9.1756532025974
0.4357447
3.3087866
8.259995
8.908729609592825
0.4213795
3.6487634
7.565677
8.410143096105598
0.4261679
3.9025488
7.029376
8.05131239529439
0.46926352
3.9121256
6.823475
7.879387496147979
0.56982
3.6631286
7.1873937
8.087139950598505
0.39743748
3.3375173
7.6135616
8.322457451658613
0.25378537
3.0933087
8.259995
8.823859070248208
-0.0047884034
2.9592333
8.48984
8.99079890926582
-0.090979666
2.992752
8.350976
8.871507414122368
-0.2633622
3.1028855
7.9008656
8.492404461206192
-0.34476504
3.466804
7.479486
8.251079141956883
-0.30645782
4.0078936
6.7803793
7.882301215687839
-0.076614454
4.3478703
6.6750345
7.966550994841994
0.20111294
4.525041
7.398083
8.674564968491396
0.25857377
4.5394063
8.772355
9.880652246605958
0.37828386
4.525041
10.156203
11.125087094769682
0.48362875
4.3718123
10.903194
11.756967629529175
0.34476504
4.19943
11.286267
12.04715365274356
0.272939
4.462792
11.48738
12.326837083193155
0.30166942
5.291186
10.658986
11.903849362230348
0.56982
5.7604494
9.787497
11.371128639159805
1.091756
5.4444146
10.419566
11.80681751961155
1.4748282
4.76925
11.611878
12.639485424528761
1.5610195
3.0502129
12.559982
13.018976299866452
1.541866
1.4700398
13.249513
13.419685229548278
1.1923125
0.91458505
11.760319
11.85593401578799
1.1348516
0.78050977
8.7532015
8.860904299223641
1.1731589
0.91937345
6.8569937
7.017115785023765
1.1587936
1.043872
6.9767036
7.14890655479558
1.2737153
1.1731589
8.944737
9.110816697530254
1.1587936
1.4700398
10.113108
10.284880672461755
0.8858546
2.0446482
9.624691
9.879271150956486
0.545878
2.4420857
8.456321
8.818793896755782
0.36870706
2.791639
7.3645644
7.884541861529492
0.36870706
3.169923
6.742072
7.459215278977072
0.50278234
3.4715924
6.2392898
7.157756796709417
0.79966336
3.4811692
6.2345014
7.1851935625118495
1.1300632
3.3327289
7.043741
7.873907346459873
1.1923125
3.1316159
7.6949644
8.39292015353496
1.1204864
2.96881
8.221688
8.8128021404876
1.0390835
2.9831753
8.528147
9.094411085291958
0.92895025
2.992752
8.628703
9.180088920744366
1.0630256
3.107674
8.403648
9.022691730545443
1.4269443
3.289633
7.9966335
8.763789183594742
1.7142484
3.4476504
7.867347
8.759000236559134
1.6903064
3.940856
7.943961
9.027402909801824
1.661576
4.2999864
8.111555
9.329954035115247
1.3503298
4.525041
8.475474
9.702219160616039
0.9528923
4.5681367
9.409213
10.502816685308533
0.5746084
4.6495395
10.333375
11.345793736996145
0.31124622
4.596867
10.936713
11.867592519010147
0.33039984
4.3047748
11.386824
12.17784886799626
0.45010993
4.367024
11.573571
12.378249233116469
0.46926352
4.644751
10.869676
11.829783233952543
0.16759412
4.687847
10.189722
11.217594862949783
-0.2633622
4.7979803
10.113108
11.196647782699259
-0.4213795
4.548983
10.314221
11.280690018130818
-0.40222588
2.7389667
10.13705
10.50825865978922
-0.2873042
1.2401965
10.888829
10.962993796002596
-0.30645782
0.5363012
10.850522
10.868089255922913
-0.17717093
0.36870706
9.433155
9.442020369456241
-0.16280572
0.48362875
8.312668
8.328316004640106
-0.1340753
0.8283938
7.9343843
7.9786382621388725
-0.10055647
1.3359646
8.839393
8.94034557792563
0.46926352
2.0685902
9.514558
9.748132380097346
0.7422025
2.6144683
8.944737
9.348509938034159
0.9672575
3.3039982
7.881712
8.600777488871918
1.043872
3.6822822
7.129933
8.092268524677632
1.0630256
4.012682
6.8905125
8.044302342086505
0.81881696
4.0557775
6.4499793
7.663029872377582
0.62728083
3.940856
6.4978633
7.62535619685443
0.37349546
3.5865142
7.264008
8.109771542418125
0.21547815
3.193865
8.226477
8.827351061899574
-0.06703765
2.8874073
8.7292595
9.194649956881982
-0.2681506
2.815581
8.963891
9.39950776130246
-0.2873042
2.9879637
9.030929
9.516729381597367
-0.10534488
3.4284968
8.226477
8.91294593069958
0.07182605
3.9360676
7.273585
8.270600002530378
0.35434186
4.3766007
6.813898
8.106133255893631
0.81881696
4.6926355
7.144298
8.586750523096525
1.0390835
4.7165775
7.785944
9.16224406510729
0.93852705
4.4340615
8.7053175
9.814493742142322
0.7661445
4.175488
9.667787
10.558776921621481
0.30645782
4.050989
10.524911
11.281763292296043
0.05746084
4.098873
11.176133
11.904201862059306
-0.05746084
4.951209
11.018116
12.079596702462405
0.1436521
5.7508726
10.299856
11.79746609653226
0.7086837
5.1810527
10.433931
11.67100952698207
1.2593501
4.687847
12.061988
13.002054492291125
1.4077905
3.3806129
13.254301
13.750887755432375
1.3694834
1.3263878
13.656527
13.788963460161321
1.1300632
0.5746084
13.034034
13.095543349370212
0.7661445
0.320823
9.945514
9.980137745244928
0.7422025
0.50757074
6.9144545
6.972673209888337
0.8858546
0.9768343
5.3965306
5.5553115515636495
1.292869
1.1731589
5.971139
6.221118265190143
1.5801731
1.5610195
8.197746
8.493336927012946
1.6184803
1.8052281
9.375694
9.68410900202419
1.3982137
2.1404164
9.634268
9.967722872731672
1.1204864
2.6048915
8.858546
9.301332472640764
0.8475474
3.1316159
8.12592
8.749624625737301
0.58897364
3.7205894
7.8290396
8.688126136665003
0.40701428
3.8115692
7.627927
8.536919243693234
0.33997664
3.6727054
7.599196
8.447018827680882
0.272939
3.2944214
8.264784
8.901368419586447
0.4357447
2.8874073
8.7532015
9.227433592320434
0.41180268
2.7102363
8.480263
8.91234072506808
0.5506664
2.7150247
7.7572136
8.237047605002068
0.6655881
2.6910827
7.455544
7.954248495132299
0.90021986
2.8778305
7.5944076
8.171128072939196
1.1540052
3.0933087
7.422025
8.123222273968913
1.2066777
3.4763808
7.335834
8.207055420002487
1.1492168
3.8307228
7.5944076
8.58313264581324
1.115698
4.405331
8.255207
9.42338425930077
1.0486604
4.7261543
8.523358
9.80223761723248
0.93852705
4.7500963
8.848969
10.087046378334536
1.0055647
4.5154643
9.840169
10.873339296016153
1.0295067
4.232949
10.970232
11.803547368005518
0.92416185
4.146757
11.444284
12.207428743528276
1.0247183
4.285621
11.693281
12.495975914769522
0.80445176
4.673482
11.611878
12.542898191564234
0.033518825
4.7548847
11.444284
12.392808219150357
-0.5315128
4.9320555
11.712435
12.719622757793799
-0.7134721
4.146757
11.391612
12.143865322285993
-0.4213795
2.6048915
10.831368
11.148164100208419
0.047884032
1.6232687
9.68694
9.822122897091361
0.39264908
1.1109096
8.6095495
8.689800589043672
0.17238252
0.92416185
8.034941
8.089750384239112
-0.11492168
1.1300632
7.867347
7.9489240961975085
-0.272939
1.1923125
8.480263
8.568019452383718
-0.07182605
1.3551182
9.3421755
9.440219916675423
0.3878607
1.8387469
9.255983
9.444821378877753
0.6703765
2.3080103
8.700529
9.026378967944412
0.91458505
2.6767175
7.776367
8.274851504373574
0.8523358
3.0119057
7.038953
7.703564737702199
0.79008657
3.2273839
6.7085533
7.486316150443724
0.61291564
3.2944214
6.6654577
7.460375571934459
0.40701428
3.2273839
7.067683
7.780347902026136
0.30645782
3.0358477
7.809886
8.384784050687301
0.2681506
2.7964275
8.604761
9.051730788154853
0.05267244
2.7724855
8.973468
9.39215512115426
-0.12449849
2.8921957
8.537724
9.01515490068256
-0.20111294
3.122039
7.809886
8.413197422451265
-0.272939
3.347094
7.326257
8.059254074224869
-0.23942018
3.6104562
7.1826053
8.0425451981422
-0.05267244
3.9121256
7.1873937
8.183283295125573
0.2873042
4.0222588
7.493851
8.509930363694046
0.34955344
4.0892963
8.394072
9.343712439828353
0.3878607
4.156334
9.361329
10.249879417640575
0.48362875
4.1180267
10.390836
11.187560353036405
0.4213795
4.027047
11.477803
12.171056991728305
0.23463176
4.2425256
12.210428
12.928597598512292
0.20111294
4.927267
11.583148
12.589190469398924
0.34476504
5.3486466
10.443508
11.738558129014065
0.91458505
4.912902
10.82658
11.924257292901084
1.412579
4.3861775
12.196063
13.03755690360155
1.5179238
3.0693667
13.048399
13.490211611615731
1.2401965
1.5753847
13.129802
13.282003655087209
0.89543146
0.92895025
11.769896
11.840404994327157
1.0151415
0.9528923
8.868123
8.976754580734308
1.3742718
1.2449849
6.4499793
6.711247571325546
1.7669208
1.2976574
5.5737014
5.989329704774984
1.9680338
1.1731589
7.153875
7.5118162532673525
1.8962077
1.0247183
9.442732
9.685599454447422
1.5131354
1.1875241
10.46745
10.642711283634302
1.3599066
1.5466543
9.974244
10.184646674925272
1.2066777
2.0398598
8.303091
8.634721667426565
0.9816227
2.7341783
7.350199
7.903464086580712
0.91937345
3.4524388
7.297527
8.125175591552141
0.7469909
3.8498764
6.6367273
7.708806231315124
0.58897364
3.8833952
6.445191
7.547723631601979
0.62249243
3.5625722
6.9000893
7.790420459766046
0.6464345
3.1986535
8.236053
8.858997370561811
0.58897364
2.6479871
8.901642
9.305802157599672
0.58418524
2.4133554
9.02614
9.361450984028448
0.58897364
2.5139117
8.911219
9.277740123111457
0.78529817
2.7485435
8.283937
8.763264220864706
0.89543146
3.0071173
7.824251
8.429914667641123
1.0486604
3.2465374
7.4028716
8.151208481386748
1.283292
3.442862
7.153875
8.04226724493565
1.2210429
3.8355112
7.101202
8.162669027310494
1.1204864
4.3718123
7.2687964
8.5559123516685
0.9959879
4.596867
8.293514
9.534440504041003
0.9720459
4.4963107
9.835381
10.858010537030513
0.8714894
3.98874
11.693281
12.385570596819068
0.44532153
3.86903
13.455414
14.007707381611995
0.37349546
4.1276035
13.876793
14.482471789571772
0.2681506
4.855441
12.124237
13.06309106393013
-0.18674773
5.1666875
10.951078
12.110146774801144
-0.61770403
5.0900726
11.760319
12.829477366672156
-0.79008657
3.5817258
12.77546
13.291553333401195
-0.46926352
1.5610195
13.517663
13.615587255369991
-0.02873042
0.770933
12.066776
12.091412458808254
0.24899697
0.6464345
9.232041
9.257994625054558
-0.110133275
0.60333884
7.1969705
7.2230555257404525
-0.44532153
0.81881696
6.459556
6.526456543160739
-0.7038953
1.0582372
6.9383965
7.053841473616494
-0.7086837
1.2737153
7.704541
7.841207753400137
-0.19632454
1.7956513
7.8865004
8.090722655660636
0.34476504
2.0638018
7.7093296
7.988235167577961
0.6943185
2.3798366
7.517793
7.915991048259406
0.8331822
2.7964275
7.680599
8.216191695015294
0.7565677
3.1364043
7.4363904
8.106129020546978
0.5315128
3.4237084
6.8091097
7.639912515508859
0.19632454
3.5434184
6.6415157
7.5302115709793265
0.009576807
3.5194764
7.302315
8.106208079986299
-0.11971009
3.3806129
8.327033
8.98790012365583
-0.08619126
3.2130187
9.002198
9.558791295338132
-0.019153614
3.1603463
9.174581
9.703663588363563
-0.019153614
3.1411927
8.523358
9.083781753343859
0.047884032
3.3279405
7.699753
8.388306025564138
0.009576807
3.6822822
7.1873937
8.075761165116022
0.14844051
3.821146
7.029376
8.00220745148985
0.22984336
3.8498764
7.5561004
8.483456388029449
0.2633622
3.9456444
8.269572
9.166422014150555
0.20111294
4.0222588
9.112331
9.962610153680547
0.21068975
4.1659107
9.969456
10.806907309932326
0.10055647
4.0892963
10.740389
11.49297217536996
-0.12449849
4.175488
11.674128
12.399009763494599
-0.1388637
4.6830587
11.96622
12.85070938942763
0.16280572
5.3965306
11.195287
12.429138746921863
0.51714754
5.48751
10.70687
12.042311777612252
0.91458505
4.817134
11.511322
12.512065100185863
1.2114661
3.347094
13.292608
13.760963646612778
1.4269443
1.6711528
14.422671
14.589117911998494
1.2258313
1.0534488
12.933477
13.034080435827347
1.3982137
1.163582
9.3421755
9.517624017114374
1.8100165
1.2258313
6.5026517
6.860269753182143
2.1212628
1.3694834
5.741296
6.271978871426708
2.2601264
1.4077905
7.321469
7.790632237057284
2.1499932
1.5035586
8.99741
9.372115441647232
1.7286136
1.7860745
9.112331
9.445250303506967
1.0821792
2.183512
7.9966335
8.359724090987777
0.50278234
2.4420857
7.015011
7.444927705986357
0.31603462
2.8874073
6.7085533
7.310382242919836
0.2777274
3.2752678
6.4643445
7.2520522797389155
0.50757074
3.4763808
6.4882865
7.378394945724826
0.7517793
3.4045548
6.8426285
7.679695944330302
0.91937345
3.265691
7.675811
8.39214244454718
0.8331822
3.0597897
8.499416
9.071746528811738
0.80445176
2.8682537
8.848969
9.336931170968663
0.8810662
2.8921957
8.604761
9.120470987171224
0.91458505
3.064578
8.437167
9.022964848281319
1.0247183
3.2561142
8.37013
9.039435561121715
1.1779473
3.5482068
8.202535
9.014372475819517
1.1875241
3.916914
7.752425
8.766557123735117
1.163582
4.3143516
7.4842744
8.716760770777235
1.0582372
4.55856
7.728483
9.034920655975105
0.9672575
4.606444
8.805874
9.984904912458598
0.866701
4.43885
9.797073
10.790607140175815
0.81402856
4.271256
10.376471
11.250662551019564
0.80445176
3.8881836
10.994174
11.689182099249463
1.0103531
3.9073372
11.468226
12.157644471352041
0.93373865
4.4005427
11.33894
12.19869652960858
0.5793968
4.9224787
11.147403
12.199634634081388
-0.2777274
5.1140146
11.377247
12.476859684547655
-1.0726024
5.161899
11.731588
12.861798379073795
-1.1252748
4.0318356
11.7268
12.451497085213727
-0.82360536
2.111686
11.880029
12.094322171340554
-0.18195933
1.1300632
10.898406
10.958348572772396
0.37828386
0.6991069
8.839393
8.875061464768454
0.17717093
0.63206923
7.177817
7.207770382575977
-0.23942018
0.9959879
6.4068837
6.488256556620681
-0.5410896
1.0295067
6.670246
6.770882129982417
-0.3878607
1.3838485
8.12592
8.252033329861703
0.20590134
1.8626889
9.136273
9.32649439069305
0.5363012
2.2984335
9.313444
9.607843739149693
0.6607997
2.825158
8.652645
9.12614078445406
0.6847417
3.2944214
7.9966335
8.675726727653982
0.7038953
3.7014358
7.4603324
8.3577899891908
0.6464345
3.8307228
7.0964136
8.090203999704578
0.5315128
3.6727054
7.043741
7.961505064793246
0.32561144
3.4572272
7.843405
8.577729207342243
0.4213795
3.241749
8.628703
9.227189264804078
0.33518824
2.9161377
8.738836
9.21864779140904
0.17717093
2.8538885
8.283937
8.763543247259184
0.06703765
2.906561
7.881712
8.400831780804506
-0.19153613
3.2273839
7.2065473
7.898545201262491
-0.36870706
3.6296098
6.703765
7.632199999813828
-0.37828386
4.060566
6.5601125
7.72440097301051
-0.272939
4.3478703
7.1490865
8.371851998440313
0.009576807
4.3143516
8.341399
9.391094989408725
0.22026655
4.2281604
9.768343
10.646425791837995
0.17238252
4.185065
10.773908
11.559479519963732
0.07182605
4.012682
11.468226
12.150185138563412
-0.10534488
3.8977604
11.640609
12.276294125709823
-0.110133275
4.548983
11.056423
11.956164084652762
-0.01436521
5.4061074
9.332599
10.78534194029299
0.7374141
5.434838
8.901642
10.455642739109377
1.7429788
4.817134
10.486604
11.670972919457862
2.2266076
4.050989
11.784261
12.65847901860461
2.2840683
2.2170308
12.876017
13.263634342505062
1.8483237
0.8379706
13.9151
14.062307941396814
1.1252748
0.7278373
12.392388
12.464641152184623
1.115698
0.90500826
8.820239
8.936466610794215
1.3072342
1.5227122
5.899313
6.231324637529427
1.4652514
1.5753847
5.386954
5.800695759050159
1.7908629
1.2497733
8.054094
8.344912101598101
1.6998832
1.1587936
10.309433
10.512697807201864
1.1204864
1.3790601
10.802638
10.947798234980752
0.770933
1.9153614
9.706094
9.923265927356733
0.49320555
2.384625
8.12592
8.48293970939799
0.50757074
3.0597897
7.589619
8.198918192144886
0.6560113
3.53863
7.1251445
7.9824770707811545
0.7134721
3.6296098
6.9767036
7.896676641704571
0.8283938
3.4524388
7.201759
8.029377403588514
0.81402856
3.1172507
7.8865004
8.519200797408317
0.6464345
2.8778305
8.470686
8.969520668652848
0.7565677
2.7820623
8.623915
9.093083412934792
0.81881696
2.6862943
8.274361
8.737944663415876
1.0821792
2.8060043
8.307879
8.835475541913848
1.1779473
2.9400797
8.240842
8.828539381176281
1.3455414
3.1555579
7.7428484
8.46875
1.3790601
3.3614593
7.4268136
8.267936397785848
1.2689269
3.763685
7.1251445
8.157400466634385
1.1540052
4.0174704
7.3885064
8.488923429027189
1.0103531
4.1515455
7.8769236
8.961142260765408
0.92416185
4.1132383
8.848969
9.801890864224115
0.78529817
3.8498764
9.65821
10.426852523174913
0.7134721
3.7205894
10.0987425
10.785936481421073
0.51714754
3.5338416
10.625467
11.2096403321852
0.7374141
3.7062242
11.262324
11.879386653801104
0.8810662
4.1515455
11.267113
12.039910387485111
0.79487497
4.5920787
10.783484
11.747448583321122
0.41180268
5.3965306
10.429143
11.749857150893634
-0.22505496
5.592855
10.472239
11.874277193257058
-0.48841715
5.861006
10.658986
12.173903172648911
-0.51714754
4.5872903
10.821792
11.765281317606556
-0.07182605
2.2409728
12.253524
12.45696449202087
0.11971009
1.0151415
13.13459
13.174304597804857
0.40222588
0.5410896
10.970232
10.990930806695063
0.51714754
0.7038953
8.374918
8.420342074080557
-0.047884032
1.0534488
6.775591
6.85716236202554
-0.46926352
1.3551182
6.7372837
6.888217773698824
-0.8714894
1.5705963
7.9343843
8.135153661588468
-0.641646
1.9632454
8.734048
8.974944949180486
-0.24420857
2.3463178
8.695741
9.010035959186835
-0.090979666
2.7485435
8.058883
8.515183743584851
0.18195933
3.074155
7.513005
8.119653909006885
0.35913026
3.4620156
7.0006456
7.818156155630823
0.62728083
3.7253778
6.6893997
7.682446811639627
0.7230489
3.787627
6.847417
7.858500801748017
0.7326257
3.691859
7.61835
8.497400671750716
0.5315128
3.3854012
8.499416
9.16425273206752
0.18195933
3.0597897
9.069236
9.573215838307231
-0.11971009
2.8443117
9.174581
9.606110900785167
-0.3878607
2.9400797
8.523358
9.024529831070149
-0.5267244
3.1842883
7.6710224
8.322362570208053
-0.59376204
3.5913026
6.9623384
7.856472685335317
-0.38307226
3.8546648
6.564901
7.622539435935545
-0.2777274
3.9456444
6.727707
7.8043116268035915
-0.12449849
4.0653543
7.7189064
8.72491390327887
0.05746084
4.132392
8.892065
9.80554847128675
0.07182605
4.1419687
9.691729
10.539955774319424
0.02873042
4.1419687
10.34774
11.14596160149373
-0.038307227
4.1611223
10.864887
11.634525457326891
-0.11492168
4.2999864
11.03727
11.845860114633666
-0.04309563
4.620809
10.472239
11.44646298611838
0.25857377
5.4204726
9.23683
10.712955254192016
0.6847417
6.019023
8.231265
10.220138595447532
1.3072342
5.66947
8.872911
10.61038675104899
1.4891934
4.9416323
10.453085
11.657804411059718
1.2593501
2.9352913
12.095507
12.510123464095551
1.1204864
0.8619126
14.269443
14.339294672476104
0.90021986
0.6655881
14.848839
14.890984161624704
0.32561144
1.1300632
11.271901
11.333085524897818
0.770933
1.9009962
6.727707
7.033502785809378
1.1875241
2.5187001
4.5872903
5.366311080872895
1.9488802
2.4277205
5.9902925
6.750968015983488
2.432509
1.7142484
9.308656
9.772759112896978
2.6288335
1.2880806
10.927136
11.31248111617899
2.2026656
1.1204864
10.927136
11.203103888796358
1.6376339
1.4077905
9.667787
9.906049371366429
1.0295067
1.8243817
8.6574335
8.907267194516605
0.7374141
2.6144683
8.049306
8.495325486097993
0.5650316
3.064578
7.2831616
7.921827086655524
0.78050977
3.1986535
7.0102224
7.744920850513122
0.8810662
2.8778305
7.335834
7.929227347717249
0.92416185
2.7246015
8.307879
8.791950046498057
0.6799533
2.528277
9.011775
9.38438129253348
0.5410896
2.4708161
9.208099
9.549178274862065
0.63206923
2.3942018
9.131485
9.461275379753166
0.7374141
2.3894134
9.059659
9.398430599929927
0.90021986
2.4372973
9.045294
9.411065475351219
1.0869676
2.695871
9.208099
9.655998745214196
1.1204864
2.9113493
8.882488
9.41435303299091
1.0965444
3.0262709
8.690952
9.267868104986485
1.1683705
3.074155
8.75799
9.35510054403291
1.1348516
3.0550013
9.11712
9.68208604703387
1.1444284
3.0597897
9.299079
9.856211110814211
1.2449849
2.8443117
9.404425
9.903701598841048
1.3742718
2.753332
9.385271
9.876880708096694
1.3311762
2.7150247
9.222465
9.70552640184016
1.3072342
2.825158
9.054871
9.575022756683955
1.3455414
3.3614593
8.724471
9.44596674998366
1.3455414
3.8402996
8.662222
9.570395407804149
1.1540052
3.7588966
9.165004
9.972879254140992
0.019153614
3.0550013
10.960655
11.378460368237985
-0.5363012
2.2026656
12.741941
12.942041162172194
-0.7086837
2.384625
13.426683
13.655200769547134
-0.7326257
2.896984
10.601525
11.014608566248542
-0.11971009
3.3758245
7.809886
8.509103276022199
0.320823
3.2800562
5.841852
6.707378753919832
0.24899697
3.5242648
5.6982
6.704619838966158
-0.24899697
3.7205894
6.3781533
7.388208490210886
-0.6464345
3.5434184
7.4842744
8.305904668858417
-0.59376204
3.2465374
8.528147
9.144497877448716
-0.4357447
2.815581
9.519346
9.93656485134183
-0.21068975
2.72939
10.31901
10.675950619540135
-0.1436521
2.873042
10.34774
10.740146112851102
0.0047884034
3.2800562
9.519346
10.068601665671014
0.22026655
3.323152
9.222465
9.805392078145184
0.05267244
3.394978
8.379706
9.041467292333687
-0.7613561
3.8833952
8.1402855
9.051224633075815
-1.5035586
4.55856
6.540959
8.1132793692824
-1.8818425
4.0653543
7.3789296
8.632325088757273
-1.436521
4.060566
8.676587
9.686844342101583
-1.5945383
3.940856
9.078813
10.024855812919416
-1.3024458
3.8881836
8.346188
9.299095798959309
