0.08619126
4.525041
7.383718
8.660410848479021
0.076614454
4.4436383
7.6949644
8.886184307418464
0.29688102
4.5777135
9.102755
10.193318396341754
0.90500826
4.927267
10.323798
11.475095235724421
1.1348516
4.841076
10.093954
11.252191626800975
1.0726024
4.4819455
9.500193
10.55897598619076
0.7374141
4.2281604
8.839393
9.826290474897958
0.33518824
3.9935284
7.8912888
8.850596227874549
0.08140286
3.7588966
7.216124
8.136852832848675
-0.095768064
3.6487634
7.1730285
8.048290891058166
-0.15322891
3.5290532
7.651869
8.42785817007862
-0.11971009
3.3566709
8.015787
8.691053802544918
0.05267244
3.371036
8.121132
8.7931474881878
0.047884032
3.3614593
8.0445175
8.718713247570388
0.05746084
3.5242648
7.9870567
8.730224496723071
0.10055647
3.8259344
7.6853876
8.585631374632516
0.15322891
3.892972
7.771579
8.693454375955303
0.17238252
3.8881836
8.197746
9.07473034839031
0.16759412
3.9504328
8.542512
9.41320989396351
0.1340753
3.9983168
8.7532015
9.624086807328787
0.36391866
4.2760444
9.174581
10.128668226570822
0.6607997
4.644751
9.586384
10.672821851869275
0.79487497
4.76925
9.844957
10.968170237638383
0.90500826
4.8937483
10.266336
11.409008789872274
0.9911995
5.032612
10.395624
11.592181076457312
0.9959879
5.281609
10.5680065
11.8562280955336
0.94810385
5.48751
10.352529
11.7552764083836
0.92895025
5.506664
10.261548
11.682708247537054
0.80924016
4.7788267
10.864887
11.896967115113243
0.51714754
3.5338416
12.124237
12.639327879793676
0.05746084
2.2457612
13.369223
13.556653428219354
-0.40222588
1.1875241
13.958196
14.014393627972836
-0.6991069
0.6991069
13.441049
13.477361842236132
-0.79487497
0.80924016
10.812215
10.871554124729089
-0.48362875
1.2785037
8.154651
8.268421759978073
0.39743748
1.4652514
6.655881
6.826834340619216
1.2785037
1.7956513
6.4404025
6.807181425790196
1.9967642
1.7142484
7.6231384
8.06461135069713
2.0733786
1.4652514
9.165004
9.510160533941983
1.8243817
1.2689269
9.548077
9.803280526539636
1.2737153
1.0055647
9.284714
9.425466785963483
0.842759
1.1061212
8.75799
8.867701578572719
0.7469909
1.5993267
8.202535
8.390317204404571
0.61291564
2.030283
7.2448545
7.548882701128717
0.30645782
2.4756045
6.991069
7.422774154004514
0.23942018
2.882619
6.8330517
7.420067882381561
0.24420857
3.0789435
6.7708025
7.441995496273344
0.2873042
3.3183637
6.8043213
7.575808330250275
0.46447513
3.347094
6.7133417
7.515832085244703
0.7565677
3.1794999
7.0485296
7.769387636540358
1.043872
3.0933087
7.536947
8.213634450933077
1.0390835
3.0023289
7.762002
8.38703440981413
1.1971009
2.992752
8.149862
8.764124342356244
1.340753
3.1028855
8.269572
8.933719288853398
1.3455414
3.2944214
8.264784
8.998352747745088
1.3359646
3.5769374
8.183381
9.030338439344428
1.3694834
3.9600096
7.967903
9.002479635489454
1.2210429
4.2185836
8.461109
9.532982840686346
1.1444284
4.295198
9.758766
10.723430356847759
0.9624691
4.1180267
11.133038
11.909198546072092
0.8475474
3.7541082
12.354081
12.939667008845502
0.8523358
3.8738184
12.732365
13.335893448777567
0.81402856
4.3957543
12.028469
12.832356469432797
0.50757074
4.7070007
11.496957
12.433563683006373
0.2681506
4.333505
11.87524
12.644069659670249
-0.009576807
3.4572272
12.842498
13.299709139059912
-0.31124622
2.3127987
13.306973
13.51005010565919
-0.45010993
1.4221559
11.779472
11.873545989313874
-0.40222588
1.364695
9.284714
9.39308720710467
-0.5746084
1.4652514
7.398083
7.563647979113856
-0.80924016
1.4939818
7.015011
7.217841020963696
-0.9720459
1.5945383
7.833828
8.053339996250925
-0.8283938
1.4700398
8.834604
8.99430285378937
-0.59376204
1.5849615
8.90643
9.065823491476838
-0.320823
1.7381904
8.288726
8.475093478697227
-0.023942016
1.9393034
7.5225816
7.76857156709747
0.35434186
2.2505496
7.0485296
7.407584154704772
0.45489833
2.5809495
6.871359
7.354169231410745
0.6560113
2.9400797
6.6510925
7.301469095891042
0.7326257
3.1268275
6.373365
7.136775943086374
0.641646
3.265691
6.4739213
7.279292682618863
0.4405331
3.3135753
7.0724716
7.822640635517598
0.08619126
3.1986535
7.560889
8.210106775888141
-0.047884032
3.1842883
7.8529816
8.474154954038697
-0.29209262
3.265691
8.054094
8.695889380992886
-0.5650316
3.3375173
8.231265
8.900112674299937
-0.56982
3.5817258
8.159439
8.929160328653792
-0.39264908
4.012682
7.8769236
8.848825460824324
-0.095768064
4.405331
7.8290396
8.983873117775488
0.38307226
4.6782703
8.1881695
9.438171362839118
0.79487497
4.673482
9.102755
10.263205976283487
1.0247183
4.4484267
10.429143
11.38444378539129
0.9911995
3.9743748
11.81778
12.50751971081422
0.89064306
4.1371803
12.473791
13.172128116080762
0.90500826
4.8362875
11.75553
12.743673512751705
1.0390835
4.8602295
11.085154
12.148339529347725
1.2545617
4.10845
12.224793
12.957579432366748
1.4221559
2.681506
14.369999
14.687064696009397
1.4269443
1.115698
15.078682
15.187086562820452
1.2737153
0.8523358
12.689269
12.781485781558406
1.2162545
1.2593501
8.365341
8.546588453548933
1.3024458
1.5897499
5.267244
5.65398348926445
1.412579
1.7717092
4.9081135
5.405914472630916
1.4413095
1.7046716
7.1059904
7.448380917749739
1.6136919
1.5035586
9.126697
9.389424125067023
1.2258313
1.5179238
9.346964
9.548428423126106
0.62728083
1.6998832
8.6095495
8.798148948884522
0.39743748
2.0350714
7.5321584
7.812354490832433
0.21547815
2.3463178
6.919243
7.309416030957811
0.22505496
2.7246015
6.679823
7.2176267071956435
0.18195933
3.1507695
6.8091097
7.504960517754032
0.31124622
3.3039982
6.95755
7.70848754178696
0.39743748
3.5242648
7.3406224
8.152492549252958
0.7134721
3.4620156
7.819463
8.581293351299365
0.9576807
3.3901896
8.42759
9.134265950426723
0.9768343
3.2704794
8.767567
9.408531343208292
0.92895025
3.3039982
8.858546
9.50016784519695
0.9624691
3.2848446
8.37013
9.04298731099607
1.0247183
3.4093432
8.039729
8.792662457181983
1.043872
3.6343982
7.848193
8.711639020238689
1.1444284
3.9839516
7.785944
8.820572855158789
1.0965444
4.003105
8.178593
9.171512317147798
0.7517793
4.098873
9.337387
10.225103147401496
0.44532153
4.156334
10.716447
11.502854366170856
0.41180268
4.0557775
11.358093
12.067526605077687
0.45010993
3.9983168
11.544841
12.225894176023294
0.320823
4.247314
10.869676
11.674435744444862
0.033518825
4.429273
10.443508
11.344004898780444
-0.25857377
4.582502
11.061212
11.975666169370092
-0.521936
4.036624
11.760319
12.444752174690066
-0.33039984
1.9728222
12.497733
12.65679734541755
-0.18674773
0.61770403
13.220781
13.236521072861429
-0.14844051
0.6991069
11.247959
11.27064214087104
-0.34476504
0.6607997
8.686164
8.718082306702852
-0.45489833
0.8619126
7.3885064
7.4525064335654205
-0.7134721
1.2737153
7.690176
7.82752827027929
-0.46926352
1.5658079
8.66701
8.819809067231663
-0.06703765
1.9440918
8.925584
9.135099074187146
0.19632454
2.2601264
8.259995
8.565876315972982
0.38307226
2.5713725
7.273585
7.724230592799028
0.5410896
2.801216
6.4260373
7.030899242553227
0.5410896
3.2225955
5.9998693
6.832007799059237
0.48362875
3.4811692
5.827487
6.8052951615876385
0.4357447
3.3758245
5.932832
6.839923781923984
0.3878607
3.1603463
6.8522053
7.555854841301049
0.2873042
2.8682537
7.819463
8.333872002040032
0.02873042
2.6862943
8.676587
9.082960301943396
-0.023942016
2.7485435
9.083601
9.490356771115952
-0.24420857
2.815581
8.992621
9.426260008432932
-0.33039984
3.3758245
8.37013
9.031302376037571
-0.22026655
4.1419687
7.5225816
8.590323358029535
-0.11971009
4.7884035
7.2113357
8.657164817972848
0.15322891
4.9559975
7.9822683
9.39691408515213
0.19632454
4.7405195
9.452309
10.576256816660283
0.019153614
3.9839516
11.463438
12.13600650167071
-0.34476504
3.2082303
12.823344
13.223076872002622
-0.39743748
3.3806129
13.182474
13.614849264071873
-0.04309563
4.630386
11.69807
12.581222929833023
0.6703765
4.927267
10.376471
11.506455309692265
1.6663644
4.8985367
11.262324
12.394046190871055
1.9680338
3.442862
13.10586
13.692699542163083
1.5897499
1.3982137
14.920665
15.070120628800606
1.0726024
0.6512229
14.54717
14.601188903895004
0.3878607
0.60812724
10.644621
10.669030364721053
0.33518824
0.92416185
6.493075
6.567073136867058
0.59855044
1.3359646
4.2425256
4.487993754051065
0.6560113
1.5275006
4.5777135
4.870222832126915
0.79966336
1.5801731
6.4499793
6.688695212538858
1.0773908
1.7286136
8.087613
8.340165757835036
0.7086837
1.7764976
8.662222
8.87086583948757
0.25857377
1.9201498
8.719683
8.932340399754693
0.023942016
2.1691468
8.7053175
8.971528689491395
0.22505496
2.7485435
8.475474
8.912844923281503
0.50757074
3.193865
8.149862
8.76804779351567
0.5363012
3.4572272
8.039729
8.767969045848922
0.59376204
3.5865142
8.446744
9.19582068012187
0.59855044
3.5625722
8.6813755
9.403003018146775
0.34955344
3.4332852
8.499416
9.17331560768958
0.272939
3.3327289
8.111555
8.773762290153586
0.29688102
3.3566709
7.608773
8.321586976920516
0.49799395
3.323152
7.16824
7.916754578219399
0.79487497
3.2321723
7.192182
7.925039047000612
1.0965444
3.4141316
7.503428
8.316257172659851
1.1300632
3.8786068
7.771579
8.758885259203177
0.9672575
4.3622355
7.489063
8.720707718013909
0.6368576
4.5537715
7.627927
8.90660935061776
0.25857377
4.453215
8.662222
9.743309268441
0.0
4.10845
10.055647
10.862568381635308
-0.062249243
3.763685
11.573571
12.170322931373112
0.17238252
4.0462008
12.785037
13.41113818135269
0.5267244
4.793192
12.330139
13.239503553596832
0.62249243
4.9895163
11.741165
12.772538553038984
0.39264908
4.8123455
12.172121
13.09478420643448
-0.37828386
3.787627
12.861651
13.413101259604009
-0.80445176
2.1021092
13.029245
13.22222522838854
-0.93373865
1.1827357
11.291056
11.391166182274205
-0.5410896
1.0295067
8.63828
8.716222909556755
-0.47405192
1.0247183
7.40766
7.493210325939712
-0.6512229
1.067814
7.795521
7.89521785809964
-1.0582372
1.3599066
8.599973
8.770903550061
-1.0869676
1.685518
8.623915
8.854059579239053
-0.89543146
2.0398598
7.9822683
8.287305237565825
-0.5650316
2.4851813
7.417237
7.842881355972892
-0.30645782
2.777274
6.622362
7.187687083587617
0.0
3.0310593
6.114791
6.824806786341899
0.2633622
3.3423057
6.019023
6.8897754379019345
0.24420857
3.6391866
5.6886234
6.757496097632723
0.18674773
3.7732618
5.765238
6.892775150378956
0.076614454
3.6391866
6.603208
7.540020279996195
0.16280572
3.2992098
7.6853876
8.365194017311591
0.023942016
2.8921957
9.3421755
9.779653205573757
-0.10534488
2.8203697
10.740389
11.105022881702
-0.2825158
2.992752
11.147403
11.545603680859168
-0.3878607
3.1124623
10.117896
10.592906997132673
-0.30166942
3.643975
8.7053175
9.442039762051634
-0.29209262
4.367024
7.264008
8.480685561196726
-0.06703765
4.8937483
6.191406
7.89219677066806
0.019153614
4.936844
6.373365
8.061797355374365
0.02873042
4.7644615
8.719683
9.936487686130402
-0.33039984
3.8738184
10.879252
11.553084875547377
-0.8379706
3.1172507
12.100295
12.523441764464339
-0.94331545
3.4715924
12.042834
12.568677910930447
-0.8475474
4.8123455
10.01734
11.145586489977385
0.0047884034
5.3582234
8.825027
10.324325162618454
1.4556746
5.085284
9.825804
11.15910033670757
1.8387469
3.466804
12.239159
12.852887469693094
2.1739352
1.0821792
15.456966
15.64656275823738
2.4181437
0.40701428
15.916653
16.104437440452166
1.9632454
0.5315128
11.48738
11.66605077661915
1.6903064
1.0199299
6.9479733
7.2229998080303615
1.7190368
1.5610195
5.0661306
5.57292997649793
1.5035586
1.6663644
6.172252
6.5676600923110176
1.5131354
1.6472107
8.169016
8.46969317712563
1.1923125
1.6424223
9.126697
9.349639363397175
0.866701
1.8483237
8.7053175
8.941477924024658
0.49320555
1.9632454
8.09719
8.346380726280545
0.23942018
2.2218192
7.469909
7.797008566773031
0.14844051
2.4851813
7.2448545
7.66068385445581
0.17717093
2.9161377
6.981492
7.568122476131098
0.29209262
3.169923
6.943185
7.638163975699771
0.49320555
3.3183637
7.359776
8.088330431699937
0.6655881
3.2704794
8.226477
8.877722953761849
0.7278373
3.0933087
8.78672
9.343701416705843
0.8762778
2.9879637
8.90643
9.435056660638192
0.92895025
3.040636
8.6095495
9.17784057218033
1.0151415
3.040636
8.192958
8.797757417859172
1.2497733
3.0789435
8.09719
8.752502955349312
1.364695
3.323152
7.9487495
8.722863980257081
1.3694834
3.6583402
7.8146744
8.736593821063119
1.3120226
3.9935284
7.867347
8.919911397314298
1.0103531
4.1180267
8.432379
9.438430437112462
0.7613561
4.1180267
9.3182335
10.21603049392152
0.45010993
4.0797195
10.1226845
10.92316129038126
0.110133275
3.9025488
10.874464
11.554046344829874
0.02873042
3.7924154
11.310209
11.929127258455981
0.110133275
3.9791632
11.228806
11.913519454837065
0.038307227
4.381389
10.879252
11.728434149644148
-0.34476504
4.7070007
10.903194
11.880839949690268
-0.7757214
4.7022123
11.434708
12.388102059308196
-0.8475474
3.040636
12.023681
12.431118195277564
-0.7374141
1.3694834
12.368446
12.465862809918258
-0.19632454
0.7134721
11.27669
11.30094294031839
0.17717093
0.521936
8.6574335
8.674962059619618
0.20590134
0.41180268
7.771579
7.785204759476314
-0.019153614
0.36391866
8.346188
8.35413962444644
0.04309563
0.58897364
8.944737
8.964210983251458
0.5410896
1.283292
8.834604
8.94370422564828
0.8331822
1.7190368
7.8865004
8.114565208196087
1.1348516
2.2026656
7.2783732
7.688585158261554
1.1731589
2.7006595
6.8091097
7.4184796406975035
1.2880806
3.1507695
6.5601125
7.390641000742457
1.1683705
3.5338416
6.3206925
7.335140034613693
0.7422025
3.739743
6.363788
7.418513321736718
0.22026655
3.667917
7.043741
7.944584605915332
-0.1388637
3.2944214
8.207323
8.844922314912434
-0.2681506
2.7820623
9.260772
9.673348408570517
-0.32561144
2.5713725
10.199299
10.523482086834832
-0.23942018
2.657564
10.213664
10.55646229468941
-0.33518824
2.9161377
9.078813
9.541543174066662
-0.35913026
3.1555579
8.159439
8.755738910405421
-0.35434186
3.6391866
7.762002
8.580088128479828
-0.272939
4.3143516
7.359776
8.535480721807282
-0.15801731
4.663905
6.83784
8.278468172211591
0.11971009
4.4580035
7.0102224
8.308510188519623
0.22026655
4.0462008
9.002198
9.872174595183827
0.02873042
2.9640217
11.473015
11.84973927142624
0.023942016
2.7724855
13.230358
13.517752384054146
0.29688102
3.4859576
13.182474
13.638828924029559
0.641646
4.1802764
11.822568
12.556254642195197
1.1204864
3.9312792
11.789049
12.477664982402995
1.4556746
2.504335
13.383588
13.693469552981725
1.8866309
0.90500826
15.346833
15.488825061386244
1.5514427
0.59376204
14.326903
14.422887500008125
1.0534488
0.79966336
10.132261
10.218215788430276
1.043872
1.2449849
6.3350577
6.540077486191629
1.3790601
1.7142484
4.606444
5.104878071105088
1.4987702
1.7717092
4.879383
5.403114423857311
1.6328455
1.6041151
6.4787097
6.871175083461917
1.8004397
1.4700398
8.1881695
8.511681551806051
1.6184803
1.460463
9.006987
9.267051445453175
1.2593501
1.532289
9.088389
9.30229539334034
1.0630256
1.8626889
8.801085
9.05862786013953
0.92895025
2.27928
8.030152
8.398893519596234
0.8762778
2.767697
7.4363904
7.982976443835471
0.8571242
2.9831753
7.273585
7.908162364444845
0.80924016
2.9831753
7.469909
8.084166283967441
0.82360536
3.0262709
7.9248075
8.522864164235619
0.866701
2.9640217
8.240842
8.800458757406929
0.93852705
2.920926
8.413225
8.955166089739722
0.89064306
2.8874073
8.039729
8.588807172278239
0.866701
2.8921957
7.8529816
8.413399191153777
1.067814
3.0358477
7.953538
8.579939631180807
1.1875241
3.3758245
7.905654
8.677889770792405
1.1444284
3.7684734
7.8290396
8.763844463909527
1.0103531
4.1132383
8.221688
9.248551538830622
0.9864111
4.209007
9.064447
10.042556997588049
0.8762778
4.0940847
9.974244
10.817344330032773
0.8523358
3.7062242
10.884041
11.52930663565782
0.6847417
3.394978
11.597513
12.103597412030028
0.4309563
3.4715924
12.167333
12.660239412716676
0.25378537
3.9552212
11.808203
12.455594343279486
-0.10534488
4.271256
11.563994
12.328045166685428
-0.7086837
4.132392
12.148179
12.851348188752599
-0.92416185
2.5234885
13.64695
13.909037312831057
-0.9911995
0.89543146
14.762648
14.822956241528923
-0.6655881
0.1436521
12.071565
12.090753070609503
-0.038307227
0.15322891
8.576031
8.57748505197733
0.062249243
0.11492168
6.9862804
6.987502795169387
-0.14844051
0.4165911
7.120356
7.134076945444686
-0.48841715
0.81402856
7.6853876
7.743796049632298
-0.2873042
1.3694834
7.833828
7.957819364504697
0.07182605
1.9728222
7.445967
7.703221070965318
0.35434186
2.3415294
6.9383965
7.331416255174755
0.5602432
2.6192567
6.9000893
7.401730216576028
0.641646
2.9496565
7.225701
7.830896309600757
0.58897364
3.3183637
7.5561004
8.273637605287822
0.46447513
3.3518825
7.455544
8.187550784819836
0.30645782
3.2321723
7.905654
8.546356799161513
0.15322891
2.896984
8.379706
8.86766501329893
0.12928689
2.5905263
9.198523
9.557214809735814
0.08619126
2.4277205
9.543288
9.847619062305826
0.009576807
2.5187001
9.275137
9.611040966486026
-0.05746084
2.6479871
8.528147
8.929973287339534
-0.1436521
2.9783869
7.9343843
8.476194818494571
-0.15322891
3.3997664
7.513005
8.24785609276454
-0.019153614
3.9839516
6.813898
7.893126440601608
0.33997664
4.3718123
6.670246
7.98251291199311
0.6847417
4.525041
7.872135
9.105788399982393
0.6512229
4.3382936
9.5385
10.498945637399515
0.49320555
3.4859576
11.219229
11.758667042243843
0.15322891
2.8203697
12.483368
12.798923351784078
0.02873042
3.763685
12.071565
12.64471527804761
0.23463176
4.654328
10.429143
11.422995787606327
1.115698
4.7788267
10.218452
11.335728186601328
1.5562311
4.189853
11.573571
12.406622662460235
1.7286136
2.2026656
13.79539
14.076669835830923
1.9249382
0.89543146
15.648502
15.791859057755044
1.1875241
1.1252748
13.340492
13.440431071134947
0.8475474
0.9911995
8.499416
8.598889177130172
0.89543146
1.2545617
6.0046577
6.199325512529789
0.94331545
1.5227122
6.1004257
6.357962786608494
0.9624691
1.2880806
7.651869
7.818989492235394
1.2785037
1.2593501
8.983045
9.160547283098259
0.9768343
1.4652514
8.978256
9.149330623302022
0.7182605
1.8531121
8.394072
8.626143669929096
0.272939
2.2266076
7.599196
7.923386649643943
0.047884032
2.6048915
6.9144545
7.3890077140004795
-0.15801731
3.1603463
6.5265937
7.2532186269572385
-0.062249243
3.3806129
6.3111157
7.159790495892206
0.34955344
3.2321723
7.0102224
7.7273763415075765
0.5602432
3.1747115
7.7667904
8.409262645570507
0.5793968
3.0502129
8.360553
8.918427290554881
0.5506664
3.0071173
8.690952
9.212960393987993
0.62249243
2.8874073
8.566454
9.061387829115827
0.7517793
2.791639
8.255207
8.74682036257051
0.92895025
2.9113493
7.9248075
8.493614041866248
1.163582
3.2752678
7.5321584
8.295463370084523
1.4700398
3.7445314
7.4603324
8.47579426602259
1.4269443
4.1132383
7.85777
8.983287128431103
1.1779473
4.285621
8.983045
10.022435008081167
0.93852705
4.3287168
10.031705
10.9660258591949
0.6512229
4.0653543
10.419566
11.203506356828651
0.4213795
3.6343982
10.874464
11.473464204823886
0.24420857
3.5098996
11.678916
12.19738118565153
0.18674773
4.074931
11.621455
12.31658093358521
-0.062249243
4.501099
11.3964
12.253232568347972
-0.49799395
5.1235914
11.501745
12.601164119167844
-1.0582372
5.0517654
12.090718
13.146317672069275
-1.1731589
3.1364043
13.52724
13.935550022993688
-1.1492168
1.3120226
14.384364
14.489721404056999
-0.5363012
0.6655881
11.951855
11.982380965955024
-0.16759412
0.6991069
7.809886
7.842904945841302
-0.009576807
0.59855044
5.7029886
5.734320450609073
-0.047884032
0.7517793
5.4300494
5.4820527379513315
-0.320823
0.9864111
6.7612257
6.840329504274687
-0.2681506
1.0151415
8.274361
8.340710947302114
0.23942018
1.3359646
9.02614
9.12761368617252
0.40222588
1.6998832
8.504205
8.681755966261367
0.36870706
2.1930888
7.656657
7.973078730078812
0.24899697
2.5091233
6.933608
7.377846637210431
0.15322891
3.0789435
6.861782
7.522461381219155
0.22984336
3.4237084
6.813898
7.629142511462549
0.40701428
3.6296098
7.3071036
8.169056860509318
0.44532153
3.4524388
8.09719
8.813746587362834
0.19153613
3.0597897
8.858546
9.374051058744726
0.07182605
2.743755
9.437943
9.828943166958332
-0.2873042
2.7006595
9.255983
9.6462081495808
-0.50278234
2.719813
8.513782
8.95179554920059
-0.51714754
2.954445
8.015787
8.558564778448225
-0.45489833
3.289633
7.6853876
8.372203758650835
-0.22984336
3.8498764
7.1730285
8.14412141130102
0.06703765
4.1276035
6.95755
8.090062070780547
0.35434186
4.1036615
7.991845
8.990838792345317
0.33039984
3.9073372
9.5385
10.31307075539394
-0.062249243
3.5051112
10.807426
11.36178458367264
-0.47884035
3.1794999
11.860875
12.288973100437694
-0.34476504
3.787627
11.999739
12.588038358568696
0.05746084
4.9081135
10.510546
11.600191943455073
1.091756
5.3247046
8.978256
10.495403555298587
2.3223755
4.9416323
9.911995
11.316395462973803
2.8299465
4.381389
11.894394
12.987754923546316
2.4612393
1.9680338
14.30775
14.650684723459547
1.7142484
0.29688102
16.242264
16.335174352989874
0.5746084
0.37828386
13.493721
13.511246129526922
0.095768064
0.31603462
8.8777
8.88383924846012
0.34476504
0.8571242
6.196194
6.264690377027386
0.5267244
1.3072342
5.731719
5.90244909630508
0.94331545
1.3599066
7.6135616
7.791374024252142
1.13964
1.340753
9.083601
9.252470356755364
0.9864111
1.508347
8.987833
9.166747445415268
0.6895301
1.7812861
8.1163435
8.338072942124192
0.33518824
2.1643584
7.1059904
7.4358521246773295
0.32561144
2.7389667
6.6846113
7.231320224378118
0.35434186
3.193865
6.1770406
6.9629133612006076
0.5506664
3.4332852
6.143522
7.059287631915645
0.8571242
3.347094
6.871359
7.691116598786733
0.90979666
3.2609026
7.9343843
8.626451895318613
0.82360536
2.9975405
8.734048
9.270769463365546
0.7086837
2.8299465
9.3421755
9.787087353110826
0.7326257
2.791639
9.763555
10.181207316515806
0.6560113
2.8778305
9.56723
10.012199970755406
0.6512229
3.1411927
8.6813755
9.255131715633791
0.7230489
3.3375173
8.010999
8.708497065658237
0.81881696
3.6583402
7.5800424
8.456415068487761
0.79966336
3.8594532
7.1155677
8.134257515268805
0.5267244
4.146757
7.0581064
8.203042224284745
0.17238252
4.10845
7.6710224
8.703657972908575
0.16280572
4.1276035
9.203311
10.08784203309933
0.25378537
3.8067808
10.596737
11.262629223081152
0.4261679
3.6774938
11.880029
12.443499014530012
0.5267244
3.9456444
13.115437
13.70621134712972
0.39743748
4.6160207
12.990938
13.792392369718657
0.023942016
4.5298295
12.6222315
13.410468018149864
-0.45968673
4.606444
12.785037
13.597345407248557
-0.94331545
3.2369606
13.393165
13.81103231650194
-0.9528923
1.4652514
13.948619
14.057699918619445
-0.5267244
0.6512229
11.81778
11.847423134864536
-0.023942016
0.6751649
8.169016
8.196904263315092
0.35913026
0.62249243
5.81791
5.862128584753959
0.12928689
0.8714894
5.195418
5.269589705881755
-0.48841715
1.043872
6.3063273
6.410770960965993
-0.81402856
1.0486604
7.5561004
7.671830746276388
-0.61770403
1.1827357
8.480263
8.584595177003242
-0.40222588
1.5275006
8.791509
8.93228231861452
-0.23463176
1.8579005
8.738836
8.937231099811916
-0.12449849
2.3894134
8.365341
8.700789352211816
0.02873042
2.9352913
7.991845
8.51389164913341
0.31603462
3.5865142
7.747637
8.543350525162875
0.48362875
3.7732618
7.2113357
8.15320562496069
0.50278234
3.6870706
7.144298
8.055325887044196
0.4261679
3.4476504
7.603985
8.359933994890497
0.23942018
3.1316159
8.221688
8.801164844752751
0.15801731
2.8682537
8.365341
8.844816649042295
-0.08619126
2.8443117
8.154651
8.636890121547205
-0.29209262
2.896984
8.269572
8.767192408047547
-0.39264908
3.1603463
8.269572
8.861590503678379
-0.4165911
3.7110126
7.680599
8.540302546053331
-0.2633622
4.1946416
6.9144545
8.091604294489057
-0.18674773
4.3239284
6.967127
8.2019562969555
-0.095768064
4.189853
8.240842
9.245297035409367
-0.18674773
4.050989
9.682152
10.497116419522078
-0.095768064
3.6008794
11.085154
11.655734216973153
-0.019153614
3.739743
12.564771
13.10951933025435
0.33518824
4.817134
12.301409
13.215210352770354
1.1875241
5.3725886
10.668563
12.003880826933703
2.1978772
4.8985367
10.82658
12.084749406292653
2.7629087
3.4380736
12.86644
13.601444145270532
2.8491
1.340753
15.35641
15.675915578480028
2.1499932
0.9672575
15.710752
15.886653917835503
1.0247183
1.3263878
11.544841
11.665878123928081
0.6943185
1.5227122
7.0006456
7.197900561375871
0.8283938
1.9967642
4.951209
5.402571115515568
0.8714894
1.7717092
5.659893
5.994400590546265
1.1204864
1.2737153
7.771579
7.954576041422905
0.93373865
1.2162545
9.208099
9.334893459535513
0.39743748
1.1779473
9.212888
9.296387526610639
-0.02873042
1.2066777
8.566454
8.651070818468217
0.038307227
1.5562311
8.030152
8.179649724572515
-0.110133275
2.0590134
7.6135616
7.887837920529736
-0.019153614
2.6767175
6.991069
7.486002002582287
0.22505496
3.1603463
6.5026517
7.23345796445484
0.47405192
3.3279405
6.6367273
7.439493377007803
0.62249243
3.5290532
7.240066
8.078382831052206
0.8379706
3.3997664
7.843405
8.589505343777443
1.0821792
3.2369606
8.446744
9.11024180454639
1.2785037
3.0597897
8.432379
9.061009777798464
1.3311762
2.9640217
8.528147
9.126157086313082
1.340753
3.0023289
8.690952
9.292160864946272
1.3742718
3.2369606
8.710106
9.393214727139812
1.3838485
3.4572272
8.39886
9.187399104595865
1.1204864
3.6966474
8.451532
9.292421136397762
0.7422025
3.8355112
8.978256
9.791378541860182
0.545878
3.8498764
9.433155
10.203133973005242
0.5315128
3.8259344
9.56723
10.317566153201229
0.93373865
3.6104562
9.509769
10.214841135874426
1.1779473
3.4237084
10.156203
10.78229126255665
1.2641385
3.5529952
10.888829
11.52338585793513
0.7757214
3.8115692
11.410766
12.055512138636196
0.02873042
4.0414124
11.678916
12.358435439555926
-1.0295067
4.5872903
11.736377
12.64300823968065
-1.6663644
3.9791632
11.722012
12.490638584399669
-1.8579005
2.2026656
12.756307
13.077724801597872
-1.757344
0.9816227
12.684481
12.84320408758467
-0.8858546
0.60333884
10.58716
10.641274229344956
-0.29209262
0.3878607
9.169792
9.18263832226976
-0.17717093
0.49799395
9.165004
9.180233112109724
-0.009576807
0.56982
9.452309
9.469473128199034
0.59376204
0.94810385
9.184157
9.252037854860594
1.2354081
1.5753847
8.374918
8.610884020145576
1.4987702
2.1643584
7.455544
7.906699427922239
1.4939818
2.8299465
6.7564373
7.47596296659046
1.3120226
3.2321723
6.0285997
6.965080903316637
1.0199299
3.5865142
5.5258174
6.666183295210371
0.7134721
3.7301662
5.631162
6.792140390299878
0.31124622
3.6774938
6.3063273
7.306887045597403
0.009576807
3.3135753
6.95755
7.7063204499897155
-0.2873042
2.873042
7.9583263
8.465924344098523
-0.22984336
2.5234885
8.829816
9.1862106975608
-0.21068975
2.432509
9.677363
9.980623546377837
-0.33039984
2.6240451
9.892841
10.24026771553079
-0.4165911
2.7629087
9.279925
9.691451122175442
-0.30166942
3.3135753
8.456321
9.087361926849331
-0.19153613
3.787627
7.393295
8.309248438886673
0.12449849
4.1371803
6.531382
7.732445308517788
0.19153613
4.3478703
6.181829
7.560136914501987
0.10055647
4.2760444
7.240066
8.409115668033076
-0.31124622
3.9935284
8.6574335
9.539198066066788
-0.7469909
3.4045548
10.28549
10.860031876490899
-0.79008657
3.0885203
11.669339
12.096969451969159
-0.48362875
4.050989
11.971008
12.647112225003617
0.090979666
4.975151
10.199299
11.3483964635944
1.3263878
5.45878
9.433155
10.979161725172828
2.231396
5.109226
11.056423
12.382561117322165
2.2122424
3.2082303
13.278243
13.838297922066962
2.3127987
1.292869
15.720328
15.94205999027097
1.7717092
0.6991069
15.840038
15.954137876452597
1.0055647
0.81881696
11.741165
11.812560712062895
1.3455414
1.4460979
7.599196
7.851716999412752
1.7238252
1.934515
5.592855
6.1639232547247635
1.8483237
1.8052281
6.1866174
6.704430086292378
1.8626889
1.4077905
8.456321
8.772733094496015
1.4269443
1.2641385
9.696517
9.882138147076784
0.8523358
1.4460979
9.399636
9.548342128471505
0.60333884
1.6472107
8.250419
8.434852015040038
0.45968673
2.0111294
7.445967
7.726472890737327
0.46447513
2.4660277
7.177817
7.6038204027184175
0.56982
2.9592333
6.933608
7.560203518827635
0.78529817
3.2561142
6.83784
7.614133502355946
0.7565677
3.394978
7.1873937
7.984791604835799
0.6943185
3.4332852
7.9104424
8.65127894477869
0.7613561
3.3087866
8.422802
9.081372623967786
0.9720459
3.0502129
8.719683
9.28878570734583
1.1109096
2.9783869
9.097966
9.637318048602623
1.2162545
2.9496565
9.275137
9.8085634146783
1.1827357
2.9975405
9.050082
9.606669620440222
1.3072342
3.0071173
8.6095495
9.212815058586107
1.3790601
3.3806129
8.030152
8.821207276498008
1.2306197
3.787627
7.4124484
8.41456663415443
0.866701
4.0797195
7.4507556
8.53867919284935
0.46926352
4.1371803
7.9966335
9.015687198523532
0.22984336
4.2281604
8.844181
9.805595544355896
0.20111294
3.6631286
9.208099
9.912015278186368
0.34476504
3.2369606
10.242394
10.747252002169882
0.40222588
3.2082303
11.501745
11.94758028567363
0.18674773
3.7588966
12.076353
12.649208954816787
-0.04309563
4.2281604
11.798626
12.533426376430286
-0.50757074
4.984728
11.602302
12.637979916780733
-1.2354081
4.951209
11.674128
12.740720476172182
-1.532289
3.5769374
12.373235
12.970710624574327
-1.460463
1.9297266
13.488933
13.70430974068924
-0.6847417
1.4173675
11.587936
11.694360687930489
-0.0047884034
1.1348516
8.494628
8.570100181821964
0.11971009
1.1109096
6.775591
6.8671013975333075
-0.22026655
1.3694834
6.5361705
6.681730830105799
-0.51235914
1.4317327
7.541735
7.693512836832587
-0.2873042
1.4317327
8.317456
8.444671521842421
0.22984336
1.757344
8.537724
8.719736569826406
0.51714754
1.9871874
8.154651
8.409202312509484
0.7182605
2.3463178
7.8146744
8.190863231584057
0.6943185
2.954445
7.517793
8.107283305925547
0.5602432
3.4524388
6.8809357
7.718839451815937
0.45010993
3.763685
6.50744
7.5309161986775495
0.33997664
3.964798
6.6367273
7.738304419292674
0.2777274
3.787627
7.350199
8.273371565630804
0.18674773
3.5194764
8.42759
9.134870651323217
-0.076614454
3.1986535
8.987833
9.540356097662961
-0.30166942
3.0885203
9.23683
9.744176837412667
-0.51714754
3.3662477
8.868123
9.499614506981322
-0.7374141
3.5290532
8.1163435
8.88104858599571
-0.7565677
3.9456444
7.7811556
8.757105095203409
-0.5793968
4.3957543
7.28795
8.530684344085062
-0.23463176
4.7500963
6.8426285
8.333068640001976
0.05267244
4.582502
7.2209125
8.552407658537595
0.11971009
4.285621
8.743625
9.738164516197662
-0.37828386
3.916914
10.079589
10.820509573453517
-0.8379706
3.9073372
10.951078
11.65742679004395
-1.0199299
4.3047748
11.128249
11.975361006676767
-0.6895301
5.3486466
10.448297
11.757991589167663
0.1340753
5.7125654
9.768343
11.316885588096333
1.3215994
5.506664
10.43872
11.875893649556902
2.0638018
4.6399627
12.220005
13.233179896415617
2.1739352
2.7724855
13.536817
13.98778327880038
1.8387469
2.0398598
14.001291
14.268082773629969
1.0103531
2.030283
11.243171
11.469601467030143
0.5363012
2.2697031
7.321469
7.683949216485194
0.5506664
2.719813
4.9081135
5.638279477383849
0.7422025
2.896984
4.7500963
5.613091642805001
0.79008657
2.432509
6.5265937
7.0098331051711575
0.94331545
1.5945383
9.069236
9.256534639524386
0.61770403
1.1252748
10.625467
10.702726882992652
-0.21547815
1.1779473
10.702082
10.76886920741206
-0.63206923
1.6711528
9.825804
9.986925351604247
-0.7134721
2.2936451
8.537724
8.86919245298389
-0.7134721
3.083732
7.16824
7.835949913920252
-0.49799395
3.6966474
6.363788
7.376381179012897
-0.1340753
4.1036615
6.133945
7.381280326296454
0.10055647
4.2425256
6.397307
7.6768919163049905
0.22505496
4.0318356
7.666234
8.66472687164771
0.29209262
3.821146
8.963891
9.748734220845874
0.30645782
3.5817258
9.500193
10.157575409309093
0.34476504
3.442862
9.294291
9.917459108976585
0.46447513
3.394978
8.916007
9.551795303400635
0.5363012
3.5577838
8.556877
9.282542129121001
0.7278373
3.6774938
8.015787
8.84909920283755
0.770933
3.9217024
7.848193
8.807282330316115
0.5602432
4.0892963
8.039729
9.037337103044376
0.35913026
4.012682
8.494628
9.401558247724234
0.18674773
3.9312792
9.083601
9.899577784927205
0.16759412
3.7924154
9.562442
10.28838140482517
0.2777274
3.8833952
9.825804
10.569025856537221
0.18674773
4.0701427
9.662998
10.486871413624677
0.06703765
4.381389
9.203311
10.19323307038773
0.1436521
4.9464207
8.528147
9.859867911856519
0.15322891
5.631162
8.1163435
9.879701292024416
-0.39264908
4.8841715
8.724471
10.006283121334159
-1.5370775
4.4005427
10.821792
11.782977637750092
-2.4037786
2.585738
13.632585
14.082313515721703
-2.566584
1.9153614
15.069105
15.405644836301583
-2.0494366
2.030283
12.579136
12.905692543386197
-0.6703765
2.4277205
8.408437
8.77753062912984
0.4405331
2.7724855
5.415684
6.100031192887395
0.39743748
3.0214825
4.4484267
5.392199300235204
-0.12928689
3.3039982
5.602432
6.505410216970522
-0.5410896
3.442862
7.4842744
8.255933535197437
-0.8619126
3.0310593
8.853758
9.397831898090411
-0.8523358
2.4229321
10.184934
10.5038063779419
-0.866701
2.0829554
11.219229
11.443817895159732
-0.78529817
2.2936451
11.042058
11.305067455389128
-0.6751649
2.7485435
9.121908
9.550892285908748
-0.545878
3.3614593
7.3789296
8.126868399957907
-0.41180268
3.7828386
6.349423
7.402338854302471
-0.07182605
3.9504328
6.8522053
7.909727997666564
0.22984336
3.5913026
8.025364
8.795268208467933
0.07182605
3.442862
9.188946
9.81301081597356
-0.40222588
3.3279405
9.428367
10.006551503792247
-0.8571242
3.2082303
9.600749
10.158828173365126
-1.2066777
3.3279405
9.911995
10.525155587756618
-1.4030021
3.5290532
9.749189
10.462758823780172
-1.3551182
3.6104562
9.078813
9.86390236286931
-1.3694834
3.8259344
7.7428484
8.744424842167295
-0.6847417
3.8355112
8.259995
9.13277281923052
-0.39264908
3.8881836
8.66701
9.507323804973574
-0.3878607
4.209007
8.963891
9.910474965312506
-0.320823
4.6016555
8.465898
9.641036508640422
-0.50757074
4.673482
7.7189064
9.037730495526276
-0.9911995
4.285621
7.881712
9.026096233034956
