0.60333884
3.6343982
8.12592
8.922076381675357
0.4357447
3.6056678
8.437167
9.185668347524999
0.39743748
3.4380736
8.901642
9.550787241179103
0.25857377
3.2465374
9.126697
9.690379643832411
0.07182605
3.193865
9.131485
9.674189917586043
-0.062249243
3.193865
9.016563
9.565723549037028
-0.05267244
3.2848446
8.911219
9.497515303279862
0.1388637
3.4859576
8.839393
9.50294930704287
0.38307226
3.6008794
8.7771435
9.49480496962064
0.30166942
3.572149
8.690952
9.401271782733042
-0.090979666
3.5098996
8.590396
9.280224881571517
-0.23463176
3.5625722
8.556877
9.271845410141948
-0.22505496
3.7014358
8.437167
9.216130702442957
-0.10534488
3.5290532
8.441956
9.150515482405895
-0.062249243
3.4141316
8.451532
9.115293173623835
0.01436521
3.4859576
8.676587
9.350682981301253
0.10055647
3.3518825
9.016563
9.619960505985393
0.22026655
3.41892
9.184157
9.802360982067224
0.34955344
3.4620156
9.56723
10.18035525798147
0.38307226
3.6152446
9.275137
9.962173636534002
0.30645782
3.7828386
8.887277
9.66371947337352
0.14844051
3.8786068
8.441956
9.291514670550054
0.023942016
3.9600096
8.197746
9.104135986090204
-0.009576807
4.1802764
8.389283
9.373093067777923
0.04309563
4.2664676
8.781932
9.763551342337127
-0.02873042
4.295198
9.011775
9.983067482118864
-0.15322891
4.486734
9.639056
10.633234042318945
-0.12928689
4.606444
10.25676
11.244428144936524
-0.23463176
4.6255975
10.6877165
11.648111319628308
-0.35434186
4.8027687
10.888829
11.906248718421846
-0.45010993
5.046977
10.510546
11.66816818020895
-0.076614454
4.807557
10.108319
11.193596058121908
0.47884035
4.156334
10.515334
11.317095249995068
0.7757214
2.9352913
11.463438
11.85867182842074
0.9864111
0.9672575
13.445837
13.516624105051735
1.0247183
-0.08140286
15.059528
15.094570856302523
0.7374141
-0.37828386
13.737929
13.762905653294451
0.641646
-0.23463176
10.04607
10.069274138548721
0.7230489
0.7134721
6.5218053
6.600438201691286
0.770933
1.4460979
4.721366
4.9976827974078
1.1492168
1.8579005
4.8841715
5.350478904894286
1.3551182
2.030283
6.373365
6.824820480500894
1.0821792
1.910573
7.560889
7.87327362998314
0.6847417
1.8387469
8.073248
8.308260417326203
0.5410896
1.7956513
8.5473
8.750627767659015
0.37349546
1.7525556
8.863335
9.042657425796495
0.39743748
1.9967642
9.121908
9.346348633989956
0.4261679
2.4708161
8.911219
9.25723354927593
0.46447513
2.7964275
8.461109
8.923346563459337
0.40701428
3.074155
8.135497
8.706457297985251
0.29209262
3.2704794
8.259995
8.888693976914402
0.18195933
3.3327289
8.341399
8.984382642659792
0.12449849
3.3518825
8.513782
9.150688070472402
0.17238252
3.2513258
8.461109
9.065936679998497
0.2777274
3.1986535
8.331821
8.92904070683609
0.39743748
3.1555579
8.221688
8.81542184427271
0.49320555
3.1890767
8.145074
8.761032560624365
0.59376204
3.1555579
8.154651
8.764041642034815
0.6895301
3.3758245
8.054094
8.760141653370074
0.7374141
3.739743
7.785944
8.668931616191868
0.8379706
4.146757
7.8625584
8.928472054064729
0.92416185
4.3382936
8.279149
9.392506441099401
0.91937345
4.2281604
9.14585
10.11776474885553
0.79487497
4.060566
9.935937
10.763032332490429
0.90979666
3.9360676
10.635044
11.376490233340723
1.1204864
3.9983168
11.372458
12.10680920397949
1.2641385
4.3382936
12.200851
13.010750067139492
0.94331545
4.572925
12.531252
13.37287386813934
0.4165911
4.5537715
12.741941
13.537631109418202
-0.2681506
4.6830587
12.694057
13.532998339886944
-0.641646
3.86903
12.100295
12.719994036595129
-0.6751649
2.1499932
11.420342
11.640556181633825
-0.34955344
1.091756
9.825804
9.892448365696369
0.2633622
0.8714894
8.207323
8.257663288771386
0.30645782
0.78529817
7.441179
7.4887751186091585
-0.08619126
0.9576807
7.61835
7.678791354759021
-0.7230489
1.2114661
8.250419
8.370176378075772
-0.9959879
1.2641385
8.537724
8.688081351389348
-0.8810662
1.6519991
8.231265
8.441510638960054
-0.38307226
2.0350714
7.6470804
7.922505791885603
0.01436521
2.336741
7.398083
7.758363210563891
0.40222588
2.5617957
7.335834
7.7806839947728035
0.5506664
2.9161377
7.1634517
7.753846229301704
0.7086837
3.394978
6.7564373
7.594573804337624
0.866701
3.53863
6.181829
7.1755196944710695
0.7469909
3.4763808
6.5265937
7.432337660314137
0.48841715
3.41892
7.6375036
8.382065710415928
0.033518825
3.1555579
8.662222
9.219151788781321
-0.11971009
3.0885203
9.303867
9.803838126182752
-0.40701428
3.1316159
9.476251
9.98859365345433
-0.521936
3.3854012
8.901642
9.537955105023782
-0.44532153
3.7301662
8.039729
8.874102479925435
-0.37828386
4.060566
7.2448545
8.313796322351829
-0.23463176
4.1659107
6.967127
8.121004971105648
-0.02873042
4.1036615
7.2304893
8.313894513402277
0.18674773
4.003105
7.8912888
8.850545799537283
0.16759412
3.8546648
8.724471
9.539545170400183
0.090979666
3.514688
9.844957
10.453922714563673
-0.07182605
3.217807
11.281479
11.731632892617652
-0.29688102
3.9504328
12.100295
12.732289898313166
-0.19153613
5.046977
11.257536
12.338589209930213
0.5746084
5.1235914
10.34774
11.561015925661483
1.388637
4.295198
11.386824
12.2489511469031
1.7621324
2.695871
13.642161
14.017182296600584
1.9393034
0.7182605
15.734694
15.870014999949836
1.6232687
0.31124622
14.853627
14.945303821710757
1.0390835
0.6607997
10.79785
10.867838288160952
1.043872
1.412579
7.0245876
7.240847894747084
1.1252748
1.6232687
5.48751
5.832153237274946
1.4221559
1.5275006
6.8091097
7.12178073902696
1.4460979
1.2401965
8.772355
8.976831496867062
1.0630256
1.340753
9.581595
9.733170681295508
0.6655881
1.5466543
8.767567
8.927786290116503
0.33518824
1.7381904
8.130709
8.32118264962839
0.0
2.135628
7.929596
8.212149518806772
-0.12449849
2.4133554
7.872135
8.234700668814895
-0.11971009
2.7581203
7.704541
8.184223480395119
0.04309563
3.0310593
7.642292
8.221545074118472
0.30166942
3.1890767
7.541735
8.193838214181177
0.45010993
3.1747115
7.953538
8.575556024702568
0.7038953
3.1028855
8.212111
8.806937119024811
0.7469909
2.9400797
7.867347
8.43191637441437
0.94331545
2.930503
7.359776
7.977718557186982
0.9528923
3.0071173
7.3071036
7.958927099103726
1.0726024
3.074155
7.7332716
8.390732748522558
1.1923125
3.2082303
8.149862
8.839378112045827
1.2689269
3.4045548
8.283937
9.045705663716339
1.0342951
3.9264908
8.384495
9.315946005403099
0.79487497
4.367024
8.360553
9.465810187194755
0.62249243
4.6591167
8.820239
9.994572501722498
0.62728083
4.5920787
9.485827
10.557536928589697
0.49799395
4.343082
10.577583
11.445331831255006
0.36391866
3.8881836
11.664551
12.300900955078072
0.48362875
3.86903
12.397177
12.995894737542963
0.4309563
4.343082
12.0332575
12.800287744148871
-0.019153614
4.7165775
11.310209
12.254277319453413
-0.545878
4.831499
11.15698
12.170438277691307
-0.7757214
3.9695864
11.702858
12.382093458027214
-0.37349546
2.1739352
12.363658
12.558882311031653
-0.038307227
1.0773908
11.741165
11.790555400627802
0.545878
0.7661445
9.878476
9.923167515467984
0.47405192
0.45010993
8.322245
8.347878795436646
0.18674773
0.6847417
7.9631147
7.994682213513452
-0.22984336
0.842759
8.37013
8.415588863846247
-0.36391866
1.292869
8.6574335
8.760999033497345
-0.17238252
2.0207062
8.39886
8.640243990949823
0.12449849
2.3989902
7.9248075
8.28089529753341
0.33039984
2.9735985
7.5082164
8.082373912805956
0.38307226
3.1507695
7.345411
8.001821787349673
0.47405192
3.5003228
7.0102224
7.849853815552052
0.31124622
3.6152446
6.5457473
7.484228208372591
0.033518825
3.6008794
6.5361705
7.462504948242183
-0.04309563
3.2704794
7.321469
8.018840063218162
0.009576807
2.944868
8.145074
8.661095320082483
0.076614454
2.6479871
8.724471
9.117790404899411
0.06703765
2.6671407
9.040505
9.425967818942015
-0.18674773
2.7150247
8.944737
9.349575714439617
-0.51714754
2.7820623
8.336611
8.803771112609793
-0.6607997
3.2800562
7.714118
8.40851003904141
-0.78529817
3.9217024
6.8186865
7.905120407046457
-0.58418524
4.4005427
6.3350577
7.735567498031515
-0.16280572
4.7261543
6.6415157
8.153083508153095
0.35434186
4.8362875
7.723695
9.11979715088237
0.60333884
4.5920787
9.495404
10.564748310317267
0.7326257
4.0701427
11.09473
11.840432701452139
0.7038953
3.6870706
12.109872
12.678286660141376
0.41180268
4.0701427
12.186486
12.854808195768618
0.35913026
5.0757074
10.888829
12.019084377864504
0.5746084
5.45878
9.835381
11.263354703625714
1.0247183
5.171476
10.596737
11.835752499585539
1.1109096
4.2425256
11.9374895
12.717578430953784
1.115698
2.6910827
13.148955
13.467803426170748
0.89064306
1.5131354
13.455414
13.56948714746849
0.4165911
1.2401965
11.391612
11.466493306586806
0.7134721
1.6280571
8.240842
8.430367174580368
1.1827357
2.0015526
6.009446
6.443486365355897
1.6089035
1.6328455
6.4164605
6.813642213592063
1.8435353
1.3551182
8.571242
8.87136766488716
1.7525556
1.2066777
10.065224
10.287674679205976
1.2258313
1.4891934
10.04607
10.22955926477113
0.7230489
2.087744
8.810662
9.08346006905804
0.2777274
2.681506
7.565677
8.031629976419794
-0.12928689
3.3614593
6.95755
7.7281061834776485
-0.35913026
3.6966474
6.4739213
7.463634063581801
-0.17238252
3.6631286
6.3925185
7.36970278053914
0.34476504
3.3087866
7.0581064
7.802807219622422
0.79008657
3.1890767
7.6470804
8.322997384441845
0.8523358
3.1028855
7.843405
8.477816637493692
0.9864111
3.1651347
7.4507556
8.15505025524229
1.1683705
3.0214825
7.455544
8.128934875760505
1.3599066
2.9017725
8.09719
8.708278479395743
1.6759412
2.9831753
8.595184
9.25123299293929
1.9297266
3.371036
8.274361
9.140720569078384
1.8148049
3.9600096
7.843405
8.971855237428164
1.508347
4.7022123
7.809886
9.240142518632949
1.1779473
4.8458643
8.379706
9.751381800621099
0.8619126
4.76925
9.361329
10.541495300427986
0.521936
4.4915223
10.266336
11.218014833807425
0.12928689
4.1180267
11.281479
12.010271762438066
0.14844051
3.9073372
11.894394
12.520620199326439
0.4261679
4.3766007
11.903971
12.690184060303263
0.2777274
4.9416323
11.247959
12.288752702905372
-0.033518825
5.2049947
10.955867
12.129472988973362
-0.4405331
5.1475334
11.449073
12.560749596259049
-0.6751649
3.4955344
12.488156
12.985709919344995
-0.48841715
1.6041151
13.536817
13.640276542835892
-0.10055647
0.8379706
12.004527
12.034159043602456
0.15322891
0.8571242
8.949526
8.991782357429416
-0.21547815
0.8475474
6.8905125
6.945784837003888
-0.7086837
1.0582372
6.196194
6.325734683102498
-1.1204864
1.2785037
6.8569937
7.064589469844756
-1.1779473
1.4317327
7.9248075
8.138795379807444
-0.78529817
2.0015526
7.9822683
8.266771319967708
-0.33039984
2.27928
7.5848308
7.926786145635115
0.05267244
2.767697
7.3310456
7.836271451944138
0.33039984
3.1316159
7.3789296
8.02276662010822
0.45010993
3.394978
7.517793
8.261094926950655
0.5363012
3.620033
7.2783732
8.146592777164765
0.46926352
3.6343982
7.2113357
8.089030771559854
0.019153614
3.6296098
7.929596
8.720832822033874
-0.18195933
3.3135753
8.767567
9.374599600824627
-0.31124622
3.064578
9.600749
10.082801951969339
-0.45010993
3.0933087
9.773131
10.260860365102378
-0.45489833
3.1555579
9.126697
9.667526426118888
-0.44532153
3.2992098
8.212111
8.861256878915151
-0.50757074
3.6535518
7.632715
8.477287915388425
-0.5315128
3.9695864
6.9862804
8.052840249501065
-0.40701428
4.1419687
6.6271505
7.825643241208474
-0.25378537
4.2281604
7.2065473
8.359190637569787
-0.29209262
4.309563
8.149862
9.2237688271635
-0.40222588
4.2042184
9.26556
10.182722410699379
-0.61291564
3.7588966
10.515334
11.183792608147327
-0.89543146
3.2321723
11.884817
12.348992038628788
-1.0582372
3.7110126
12.670115
13.24474648025291
-0.9576807
5.0374002
11.741165
12.812006945543553
-0.08619126
5.827487
9.864111
11.457212377105591
1.0390835
6.3589997
9.715671
11.6580799292473
1.661576
5.4204726
10.860099
12.250881863984834
1.9393034
2.858677
12.765883
13.225003253669556
2.3942018
1.2066777
14.159308
14.410908572628996
1.9153614
0.7757214
12.459426
12.629633591411919
1.7190368
0.9720459
8.628703
8.851806852733823
1.8914193
1.460463
6.0285997
6.48493885208513
1.6950948
1.8291701
5.5401826
6.075593318144366
1.5658079
2.006341
7.0724716
7.51644950039851
0.9864111
1.8914193
8.532935
8.795536244295002
0.15322891
1.8674773
8.992621
9.185760125700762
-0.35434186
1.9393034
8.872911
9.089280540942342
-0.47405192
2.2170308
8.145074
8.454713795497133
-0.30645782
2.7341783
7.4028716
7.897604576739526
-0.110133275
3.3279405
6.679823
7.46373577269254
0.033518825
3.7014358
6.373365
7.370314321867487
0.36870706
3.7301662
6.885724
7.8398520218254815
0.59855044
3.514688
7.627927
8.420009540905836
0.7326257
3.3375173
8.327033
9.000846822953573
0.7661445
3.289633
8.39886
9.052596791362808
0.7469909
3.2082303
7.905654
8.564467155418953
0.90979666
3.1555579
7.991845
8.640304476706554
1.0151415
3.098097
8.494628
9.098759375880636
1.1827357
3.2800562
8.470686
9.16024828378606
1.3215994
3.6296098
8.001422
8.885012284647662
1.1827357
4.0940847
7.809886
8.896893214055382
0.79008657
4.5394063
8.212111
9.416433505882315
0.545878
4.7500963
8.892065
10.09604942183935
0.50278234
4.8937483
9.361329
10.575256229119153
0.61291564
4.8027687
9.725247
10.863824824588066
0.94810385
4.525041
10.55843
11.526288709766837
1.1875241
4.333505
11.525687
12.37056768399166
1.364695
4.5920787
12.081141
12.9962904112337
1.1204864
4.8985367
11.9374895
12.952019399250245
0.45489833
5.3007627
11.789049
12.93393588153642
-0.23463176
5.3725886
11.803414
12.970749445830933
-0.50278234
3.9983168
12.143391
12.794579454899422
-0.39743748
2.0829554
12.741941
12.917187358246643
0.090979666
0.91937345
11.190498
11.228569812282279
0.22505496
0.62249243
8.6095495
8.634957577811571
-0.33997664
0.4405331
7.029376
7.051367433649035
-0.9528923
0.7134721
6.531382
6.638975553421309
-1.340753
0.9959879
6.7468605
6.950520711369738
-1.2114661
1.3694834
7.153875
7.383837819427206
-0.48362875
1.9967642
7.5225816
7.798089248197379
0.18195933
2.1404164
7.5800424
7.878548927507209
0.5554548
2.542642
7.795521
8.218497500874172
0.7182605
2.801216
8.121132
8.620643289375582
0.6751649
3.2992098
7.8050976
8.500598661994617
0.6464345
3.6583402
7.144298
8.052473590929509
0.4405331
3.7349546
6.8761473
7.837433114139062
0.2681506
3.7253778
7.479486
8.36020686208514
0.17238252
3.442862
8.461109
9.136377218125082
0.08140286
3.0885203
9.232041
9.7353056681666
-0.076614454
2.9640217
9.41879
9.874456849431724
-0.3878607
2.8921957
9.184157
9.636595639794292
-0.61291564
3.0358477
8.580819
9.122636044659478
-0.7134721
3.4572272
7.8290396
8.58809206502718
-0.6895301
4.0892963
7.053318
8.182120149993263
-0.6991069
4.6112323
6.5361705
8.02955413606655
-0.49799395
4.759673
6.9527617
8.440579226898286
-0.24420857
4.5633483
8.327033
9.498592874819012
-0.1388637
4.209007
9.720459
10.593504776268533
-0.15801731
4.012682
10.879252
11.596754317194073
-0.23942018
3.9983168
11.501745
12.179244624926008
-0.25378537
4.3861775
11.812991
12.603559663306372
0.02873042
5.415684
11.238382
12.47524342882328
0.45489833
6.081272
10.0748005
11.776688803306381
1.067814
5.554548
10.304645
11.754953192614034
1.484405
4.5872903
11.410766
12.387584722173385
1.2162545
2.7485435
12.928689
13.273461066231286
1.0869676
0.92895025
14.001291
14.074111417159422
0.6607997
0.521936
12.981361
13.008644164479513
0.4261679
0.62249243
9.495404
9.525325146830003
0.8283938
1.3024458
6.2105594
6.399503998609787
1.043872
1.5658079
4.6830587
5.047025223613221
1.2641385
1.6041151
6.0142345
6.351554692299937
1.2689269
1.4796166
8.561666
8.780749106460421
0.92895025
1.4221559
9.471462
9.622581277109084
0.7038953
1.7238252
9.504981
9.685644353524898
0.4213795
1.9776106
8.556877
8.792533602765571
0.17238252
2.4947581
7.905654
8.291736800569701
-0.038307227
3.2034419
7.785944
8.419289158334012
-0.25378537
3.7301662
7.0724716
7.9999001019916305
-0.1436521
3.8786068
6.540959
7.605811316598079
0.10534488
3.6583402
6.919243
7.827545814635939
0.35913026
3.4955344
7.73806
8.498547149360434
0.4213795
3.1890767
8.48984
9.078829660823795
0.7230489
2.954445
8.791509
9.30280429029732
0.7086837
2.8107927
8.848969
9.311661855371954
0.7422025
2.9831753
8.619126
9.150930688771668
0.81402856
3.2082303
8.322245
8.956290599147993
0.81881696
3.5817258
7.9583263
8.765510979929111
0.80924016
3.8786068
7.398083
8.392264264625172
0.7086837
4.1036615
7.240066
8.352294661399336
0.5410896
4.247314
7.551312
8.680712346674271
0.34476504
4.357447
8.475474
9.53623996875599
0.20590134
4.19943
9.595961
10.476643697835042
0.2825158
3.9456444
10.7356
11.441199532956746
0.41180268
3.6248214
12.406754
12.931993280052094
0.31603462
4.0318356
13.594277
14.183087036528478
0.22026655
4.663905
13.010092
13.822554161226465
-0.10055647
4.9559975
11.75553
12.757919544674925
-0.5267244
5.0613422
11.372458
12.459030148891067
-0.94331545
4.367024
11.492168
12.33007178267895
-0.8762778
2.3989902
11.482592
11.763202149274129
-0.36870706
1.0965444
11.147403
11.207271899102393
0.02873042
0.4357447
9.969456
9.979015075763952
0.33039984
0.17238252
8.99741
9.005124222800394
0.038307227
0.14844051
8.154651
8.15609144736337
-0.2873042
0.49799395
7.967903
7.9886183837783005
-0.20590134
0.89543146
8.360553
8.41088784628549
-0.009576807
1.6519991
8.78672
8.940673691457983
0.22026655
2.2361844
8.12592
8.430873048583292
0.48362875
2.6431987
7.4363904
7.906978045931812
0.60812724
3.074155
6.9000893
7.578356049151745
0.7757214
3.3901896
6.4643445
7.340495975378692
0.6943185
3.7493198
6.1243677
7.214385591757121
0.33997664
3.845088
5.9663506
7.106168254291534
0.05267244
3.5865142
6.7851677
7.674917701503614
0.11492168
3.040636
8.015787
8.573885955956154
0.18674773
2.815581
8.973468
9.406672978316834
0.0047884034
2.6192567
9.528923
9.882353157556356
-0.15801731
2.6719291
9.461885
9.833181175304723
-0.095768064
3.0023289
8.963891
9.453808165526018
0.023942016
3.5242648
8.269572
8.989262427432955
0.019153614
3.9743748
7.3885064
8.389639286839527
0.16280572
4.3382936
6.9383965
8.184659275799909
0.33518824
4.7500963
7.153875
8.593817027437472
0.047884032
4.8698063
7.8529816
9.240488471789012
-0.34476504
4.6830587
8.8777
10.043080041803622
-0.79966336
4.213795
10.261548
11.121820917129321
-0.94810385
3.7205894
11.63582
12.252918129390519
-0.82360536
4.3957543
12.354081
13.138656632080128
-0.62728083
5.48751
11.496957
12.754853166417675
0.18674773
5.568913
10.582372
11.959692971872034
1.043872
5.3725886
11.123461
12.397006110268999
1.1779473
3.5338416
12.928689
13.454612445898839
1.5035586
1.8100165
14.5567465
14.745701567632503
1.2545617
0.94331545
14.293385
14.379312150444536
0.6943185
0.90021986
10.601525
10.662308120342658
1.1923125
1.3551182
6.8809357
7.113735194964194
1.6567876
1.2880806
5.1523223
5.563319285203413
2.030283
1.3599066
6.196194
6.660646804239816
1.8148049
1.388637
8.010999
8.330542236851148
1.412579
1.6089035
8.595184
8.857829933061872
1.0295067
1.8962077
8.169016
8.449160056719396
0.51235914
2.2122424
7.015011
7.373391703443019
0.22505496
2.585738
6.531382
7.02820327871244
0.023942016
2.9735985
6.6415157
7.276853093362735
0.12928689
3.0789435
6.9958572
7.64451603018094
0.44532153
3.2465374
7.4124484
8.104486951080517
0.5746084
3.2752678
7.85777
8.53241473061723
0.61291564
3.490746
8.169016
8.904706212144754
0.48362875
3.3614593
8.341399
9.006233599698808
0.7565677
3.2848446
8.7053175
9.335157034584451
0.8810662
3.1794999
9.160215
9.736274644098353
1.2162545
3.289633
9.141062
9.790810492128497
1.436521
3.3901896
8.465898
9.23192294075736
1.5514427
3.7349546
7.8625584
8.841757829671353
1.5275006
4.10845
7.762002
8.914106577865388
1.484405
4.4244847
7.8146744
9.10212369179213
1.091756
4.6830587
7.9822683
9.318775494730593
0.7757214
4.711789
8.537724
9.782403554930834
0.59376204
4.5298295
9.524135
10.56319303326913
0.49799395
4.2904096
10.371682
11.23509687245279
0.4405331
4.0174704
11.042058
11.758451628185695
0.5554548
4.1515455
11.429919
12.173205007967935
0.5410896
4.6591167
11.45865
12.381469884823412
0.21068975
5.0900726
11.286267
12.38277245163082
-0.58418524
5.291186
11.463438
12.639158864101368
-0.9959879
4.280833
12.152967
12.923317327114765
-0.80924016
2.327164
13.579912
13.80161488247871
-0.36870706
1.1587936
13.340492
13.395800806523173
0.37349546
0.7661445
10.041282
10.07739141588851
0.545878
0.6464345
7.153875
7.203734001844873
0.36870706
0.6943185
6.3446345
6.3931533550006945
-0.12449849
1.043872
7.0820484
7.1596493039476155
-0.60333884
1.2114661
8.12592
8.23785431118709
-0.6703765
1.6519991
8.7292595
8.909460084870814
-0.49320555
2.15957
8.288726
8.579625733222164
-0.35913026
2.5713725
7.6375036
8.06674626629021
-0.038307227
3.0358477
7.479486
8.072208680312695
-0.10534488
3.3135753
7.541735
8.238243280199365
-0.062249243
3.7205894
7.3310456
8.221367828837899
0.14844051
3.6870706
7.2065473
8.09634793685096
0.2777274
3.5194764
7.5561004
8.340173990826907
0.16759412
3.217807
8.231265
8.839462265299199
0.06703765
3.0358477
9.040505
9.53685478137807
-0.06703765
3.0119057
9.485827
9.952737893521984
-0.22026655
3.040636
9.524135
10.000156019901054
-0.36870706
3.040636
8.935161
9.445555223954257
-0.62249243
3.4141316
8.159439
8.86680547084532
-0.7326257
3.9504328
7.28795
8.322071502004333
-0.6607997
4.4580035
6.411672
7.837090693589731
-0.4309563
4.7979803
6.0477533
7.731860189327319
-0.20111294
4.7788267
6.799533
8.313319574552203
-0.14844051
4.5633483
8.240842
9.421128377859489
-0.25857377
4.175488
9.533711
10.411206413962823
-0.31124622
3.5194764
11.281479
11.821816943049022
-0.24899697
3.6104562
12.770672
13.273562228114683
-0.34476504
4.783615
12.243947
13.149755764277764
0.009576807
5.9807158
10.328587
11.935190027239956
1.3359646
6.081272
9.476251
11.338694557253728
2.336741
5.33907
10.970232
12.422238595307611
2.480393
3.3039982
13.230358
13.8604159302938
2.0973208
1.2737153
14.987702
15.187242293820525
1.2497733
0.6368576
13.747506
13.818879876460286
0.50278234
0.5554548
9.490616
9.520142333305039
0.59855044
1.3263878
5.683835
5.867158242062535
0.842759
1.8291701
3.821146
4.319405375989156
1.2306197
1.9488802
4.8985367
5.413706670079934
1.4556746
1.910573
7.479486
7.855697954761583
1.388637
1.8291701
8.63828
8.938347622885287
1.316811
2.111686
8.973468
9.312160408945584
0.9768343
2.3798366
8.647857
9.022375055823673
0.7134721
2.753332
8.346188
8.817523795891525
0.521936
3.2369606
8.279149
8.90475376343458
0.33039984
3.6535518
7.97748
8.780534925566982
0.18674773
3.8594532
7.5944076
8.520873078220138
0.1388637
3.7828386
7.61835
8.506962336999324
0.32561144
3.8067808
8.149862
9.000992190453097
0.320823
3.7205894
8.499416
9.283630271376872
0.59376204
3.4476504
8.556877
9.244403280060565
0.8858546
3.2944214
8.446744
9.109633793761708
1.0295067
3.1507695
8.1402855
8.789282115311755
1.1204864
3.193865
8.00621
8.692276115178348
1.1300632
3.3327289
7.867347
8.618542008798348
1.0007763
3.7110126
7.4124484
8.34970417526592
0.79008657
4.1276035
7.153875
8.296943506220236
0.6512229
4.501099
7.16824
8.489266743441897
0.4405331
4.644751
7.762002
9.056293756499063
0.47884035
4.5202527
8.896853
9.990794331508967
0.6895301
4.10845
9.993398
10.826948269844584
0.81402856
3.9312792
11.267113
11.960996182906339
0.6464345
3.9456444
12.727576
13.340809125025046
0.45010993
4.606444
13.000515
13.799830361028503
0.10534488
5.559336
11.894394
13.129886553144223
-0.33039984
5.9424086
11.008539
12.514364305263122
-0.8619126
5.923255
11.449073
12.919331199885843
-1.1109096
4.223372
12.713211
13.4423478718784
-0.7038953
2.0350714
13.52724
13.69756180723017
0.047884032
1.0007763
11.736377
11.779065483602347
0.49320555
0.9672575
8.595184
8.663488783557813
0.38307226
0.79966336
6.861782
6.9188335961561345
0.06703765
1.0821792
6.540959
6.630214726119594
-0.4357447
1.364695
7.129933
7.2724278258318655
-0.61770403
1.5466543
7.560889
7.7421401991491505
-0.24899697
2.006341
7.4363904
7.706315994908262
0.16280572
2.1739352
7.7572136
8.057720808269758
0.2873042
2.657564
7.599196
8.055617122487954
0.20111294
3.1986535
7.311892
7.983457628316505
0.22505496
3.6535518
6.7803793
7.705364033431212
0.21068975
3.8546648
6.143522
7.255735036367353
0.2681506
3.9839516
6.38773
7.533051967711506
0.038307227
3.787627
7.2831616
8.209264815353063
-0.0047884034
3.4811692
8.403648
9.096145786214208
-0.11492168
3.2369606
9.112331
9.670868804309972
-0.34476504
3.1124623
9.375694
9.8848329672548
-0.4213795
3.1794999
9.251195
9.791393736153537
-0.40701428
3.347094
8.695741
9.326553698008496
-0.37349546
3.7924154
7.867347
8.741685240961882
-0.29209262
4.036624
7.225701
8.281932644328576
-0.05267244
4.1706996
7.0245876
8.169598526726428
0.2825158
4.582502
7.321469
8.64193522502881
0.31124622
4.6255975
7.8290396
9.098730028007129
0.009576807
4.6591167
8.6334915
9.810435083911647
-0.7278373
4.1276035
10.108319
10.942804586987922
-1.2449849
3.6727054
11.640609
12.269577264319956
-1.5610195
3.6583402
12.196063
12.828257626255638
-1.6041151
4.4963107
10.936713
11.933217823456937
-1.1492168
5.626374
8.628703
10.364907376896362
-0.22984336
5.674258
8.259995
10.023849276664581
0.9624691
5.4539914
10.180145
11.589121591294678
1.0486604
4.462792
11.621455
12.492975321077317
1.163582
2.7820623
13.306973
13.644388664979301
1.0055647
1.532289
13.8480625
13.968818817993233
0.46926352
1.6328455
11.722012
11.844490128795448
0.641646
2.054225
8.12592
8.406076649293002
1.2497733
2.4420857
5.9807158
6.579868837574024
1.934515
2.360683
6.588843
7.261406180235029
2.0590134
1.9488802
8.896853
9.337647757835699
1.7764976
1.4700398
10.218452
10.475387063534185
1.3120226
1.6519991
10.266336
10.480848011913356
0.7517793
2.1883004
8.78672
9.086268752694442
0.29209262
2.681506
7.201759
7.690326450199922
0.12449849
3.4476504
6.6846113
7.522354887871352
-0.15801731
3.9600096
6.2871737
7.432038682260028
0.01436521
4.223372
6.0525417
7.380402218989321
0.49320555
3.9791632
6.435614
7.582487569183111
0.6799533
3.8259344
7.335834
8.30148020954297
0.59376204
3.715801
8.1642275
8.989679565150364
0.62249243
3.3854012
8.5473
9.214379260495521
0.6703765
3.145981
8.939949
9.501015458295473
0.63206923
3.0502129
8.973468
9.498759540081693
0.79487497
3.1268275
8.470686
9.06429215173
0.92895025
3.4093432
7.809886
8.572099414186656
0.9864111
3.715801
7.4986396
8.426730141863395
1.0055647
3.98874
7.2304893
8.318725090648751
0.7661445
4.2042184
7.1155677
8.300224705607326
0.40222588
4.4819455
7.4746976
8.724719338698666
0.19153613
4.4005427
8.508993
9.581462732828738
0.22505496
4.309563
9.519346
10.451838894629828
0.36870706
4.0653543
10.419566
11.190639289819137
0.5602432
3.9504328
11.415554
12.092752578176409
0.7757214
4.3526587
12.162544
12.94120816517585
0.5554548
5.0517654
11.980585
13.013964855108531
0.05267244
5.391742
11.626244
12.815740110507786
-0.34955344
5.8083334
11.540052
12.924075915950432
-0.59855044
5.592855
11.410766
12.721786698869128
-0.35913026
3.9121256
12.004527
12.631008418064908
0.0
2.1691468
12.665327
12.849735693681055
0.272939
1.2162545
11.142614
11.212119520657449
0.076614454
0.9768343
9.059659
9.11249134288319
-0.35434186
0.9624691
7.632715
7.701314779218759
-0.79487497
1.1252748
6.967127
7.102036799170879
-1.0247183
1.292869
7.264008
7.448984463492558
-0.6991069
1.8626889
8.456321
8.687215896461781
-0.090979666
2.3654714
8.446744
8.77218387985413
0.46447513
2.7629087
7.7811556
8.270174270878645
0.7422025
3.1555579
7.2209125
7.9151744306167915
0.7278373
3.5290532
6.7708025
7.669923615752922
0.6991069
3.7541082
6.325481
7.388760934485068
0.38307226
3.8115692
6.157887
7.252197984773414
0.009576807
3.6870706
6.7324953
7.67600637790083
-0.21547815
3.4141316
7.5800424
8.316235154856969
-0.19153613
3.1364043
8.130709
8.716773461975615
-0.23463176
2.9735985
8.441956
8.953432620424223
-0.31603462
2.96881
8.767567
9.261961754772852
-0.4213795
3.0023289
8.6574335
9.172933020321935
-0.58418524
3.5003228
8.0684595
8.814395781790541
-0.6943185
4.0222588
7.326257
8.386577745379629
-0.6895301
4.405331
7.1107793
8.393186494342217
-0.59376204
4.5920787
7.469909
8.788588094835461
-0.40701428
4.501099
8.255207
9.411375961970629
-0.37828386
4.501099
9.097966
10.157557758352045
-0.5602432
4.3382936
9.911995
10.834311651413806
-0.7038953
4.1611223
10.82658
11.620036060060631
-0.63206923
4.285621
11.654974
12.434005476414267
-0.39264908
4.7884035
11.57836
12.535604809479802
0.11971009
5.645528
10.486604
11.910296535948161
0.90021986
6.1626754
9.634268
11.472056398175948
1.4413095
5.7508726
9.92636
11.5621159670177
1.8195933
5.0421886
11.03727
12.270122583052094
1.5993267
3.5434184
11.99495
12.609222524635738
1.1109096
1.6136919
12.813767
12.96266800156318
0.8475474
1.1300632
12.607866
12.686751921449645
0.49799395
0.9672575
9.591172
9.652676905799442
0.7757214
1.484405
6.655881
6.863377682785112
1.0773908
1.685518
5.33907
5.70152682551699
1.3838485
1.8004397
6.7803793
7.150536000895154
1.5275006
1.685518
9.083601
9.364082591778253
1.3503298
1.7477672
9.811439
10.056958301510468
1.067814
2.3702598
9.504981
9.854086834595583
0.49799395
2.7820623
8.1881695
8.662216168662423
0.2873042
3.4380736
7.5800424
8.328261497767425
0.090979666
3.9121256
7.249643
8.23834468695941
0.062249243
4.1611223
6.789956
7.963813000371292
0.39743748
3.9504328
6.8522053
7.919380713246943
0.62249243
3.6583402
7.599196
8.456874727910673
0.5602432
3.4524388
8.221688
8.934728232649753
0.40222588
3.289633
8.317456
8.953410039228986
0.320823
3.289633
8.255207
8.892303362010951
0.320823
3.323152
8.078036
8.740763121227245
0.4261679
3.3566709
8.236053
8.904012191448794
0.6751649
3.5098996
8.269572
9.008943987912444
0.7517793
3.5769374
8.236053
9.010673128274567
0.8331822
3.7062242
7.833828
8.706271084049982
0.7374141
3.9791632
7.3885064
8.424223676735089
0.56982
4.3239284
7.297527
8.501467409813273
0.4405331
4.510676
7.422025
8.696362701909578
0.60333884
4.6016555
8.212111
9.432816511718544
0.7613561
4.5202527
9.495404
10.543957929929586
1.115698
4.3766007
10.644621
11.563190171546923
1.2449849
4.5633483
11.57836
12.50729950443159
1.0869676
4.960786
11.9614315
12.994873209705746
0.6703765
5.530606
11.683704
12.94395396368
-0.21547815
5.434838
11.865664
13.052887368407948
-0.9911995
5.281609
12.631808
13.727361179275828
-1.3503298
4.5681367
12.74673
13.607732908073297
-1.0486604
2.8634653
12.382812
12.752769618187664
-0.22505496
1.6519991
11.473015
11.593524940959096
0.1388637
1.4077905
9.385271
9.49128403622239
0.17717093
1.4221559
7.560889
7.695515245584244
-0.04309563
1.757344
6.2967505
6.537521053010437
-0.33039984
1.7717092
6.0525417
6.315170478603735
-0.50278234
1.5466543
7.0820484
7.2663841589278215
-0.60812724
1.6424223
8.135497
8.321879437252385
-0.33039984
2.0159178
8.542512
8.783370552732109
-0.272939
2.3894134
8.12592
8.474335915082678
-0.009576807
2.8682537
7.536947
8.064275028685545
0.29688102
3.2513258
7.3310456
8.025178387997347
0.35913026
3.3758245
6.9479733
7.733013611246184
0.5746084
3.5434184
6.7803793
7.671996820729604
0.5315128
3.5817258
6.8330517
7.73316628615512
0.23463176
3.7972038
7.6470804
8.541173508216593
0.11971009
3.5817258
8.441956
9.1711346459072
-0.08140286
3.5625722
8.700529
9.402007809744267
-0.25857377
3.5434184
8.767567
9.460068553329378
-0.46926352
3.4237084
8.504205
9.179514210465427
-0.58897364
3.5817258
8.197746
8.965416478165034
-0.5315128
3.9600096
7.714118
8.687450820454323
-0.48841715
4.3047748
7.2304893
8.429093305488836
-0.34955344
4.4196963
7.3885064
8.616607563497384
-0.20590134
4.5441947
8.259995
9.429720267781716
-0.18674773
4.654328
9.217676
10.32778740820237
-0.2825158
4.572925
9.916783
10.924012331106015
-0.5506664
4.1659107
10.553641
11.359462984313659
-0.59376204
4.060566
11.032481
11.770998109097418
-0.49320555
4.6160207
10.716447
11.67874682666793
-0.19153613
5.913678
9.610326
11.285682885124574
0.46926352
5.947197
9.385271
11.120821393091036
1.6089035
5.837064
10.879252
12.45062269009441
1.8387469
4.6830587
12.014104
13.025003889379818
2.0015526
2.801216
13.479356
13.912083463097096
1.6711528
1.3263878
14.657303
14.811772195826356
0.94810385
1.0821792
12.708423
12.789605951151982
0.770933
1.2545617
9.035717
9.154913795019496
1.3120226
1.9536686
5.779603
6.240355412558553
1.70946
2.0494366
4.5681367
5.290587527958611
2.2457612
2.054225
6.1004257
6.817512557966237
2.2218192
1.8052281
8.331821
8.809913634484184
1.9009962
1.6041151
9.112331
9.445716363367444
1.4221559
2.0159178
9.006987
9.338750311752312
0.78529817
2.3223755
8.121132
8.483095300878627
0.4261679
2.7006595
7.575254
8.053548885938616
0.33518824
3.3854012
7.3645644
8.112342717742957
0.11971009
3.691859
7.1395097
8.038454616685456
0.11971009
3.9264908
7.297527
8.287675315418014
0.24420857
3.8307228
7.8290396
8.719400142370658
0.31124622
3.643975
8.413225
9.17375514760999
0.29688102
3.442862
8.738836
9.397270504360769
0.44532153
3.2465374
8.872911
9.45869339805133
0.5650316
3.2944214
8.815451
9.427865270287198
0.5793968
3.4524388
8.283937
8.993256055510733
0.6512229
3.6056678
7.9152308
8.722144993833629
0.78050977
3.8977604
7.5561004
8.537937994203935
0.9624691
4.027047
7.144298
8.25738749497609
0.91458505
4.1371803
6.991069
8.174825161338745
0.8810662
4.3478703
7.345411
8.581102198517755
0.9672575
4.2521024
8.202535
9.289646858590709
0.9672575
4.2185836
9.232041
10.196206333543442
1.1061212
4.2425256
9.739613
10.680944741286055
1.3215994
4.1419687
10.103531
10.999266513298348
1.4269443
4.4963107
10.831368
11.814039019079628
1.2641385
4.9559975
10.821792
11.969592032431663
0.91937345
5.4300494
10.7356
12.065811256170521
0.08619126
5.5641246
10.831368
12.177251801033814
-0.79966336
5.5018754
11.568783
12.83537401760755
-1.1252748
3.9935284
12.694057
13.35490947845527
-0.9624691
2.1547816
13.972561
14.170457998343332
-0.33039984
1.0295067
13.029245
13.074030847170793
0.39743748
1.091756
9.452309
9.52344591173234
0.47405192
1.2306197
6.919243
7.043796856647333
0.1436521
1.6472107
5.9567738
6.18199760768206
-0.35913026
1.934515
6.397307
6.693045625215096
-0.7038953
1.9632454
7.61835
7.8986743925435885
-0.50757074
2.111686
8.748413
9.013965367987245
-0.12449849
2.1930888
9.045294
9.308194182701127
0.11971009
2.5378537
8.714894
9.077687553331959
0.22026655
2.8921957
8.207323
8.704795690743012
0.30166942
3.4955344
8.049306
8.780722605659461
0.5506664
3.8355112
7.4746976
8.419351684547092
0.7517793
3.7924154
7.129933
8.110704728256653
0.79487497
3.5673606
7.465121
8.311793706043023
0.6655881
3.3854012
8.312668
9.00024413731372
0.39743748
3.1124623
8.6334915
9.185997664956481
0.29688102
3.1028855
8.48984
9.043970989276934
0.08619126
3.2034419
8.159439
8.766180282657144
-0.14844051
3.3183637
8.049306
8.70774929394004
-0.2777274
3.3758245
8.015787
8.702078244389922
-0.35434186
3.7301662
7.61835
8.489932661923998
-0.320823
4.0414124
6.895301
7.998819740970236
-0.038307227
4.2042184
6.789956
7.986264835665708
0.2873042
4.232949
7.536947
8.649044411857373
0.39743748
4.2521024
8.556877
9.563392747083062
0.22505496
4.213795
9.370906
10.277187855146025
0.04309563
3.7253778
10.295067
10.948456426369756
-0.25378537
3.5625722
11.118672
11.678236610342696
-0.35913026
4.261679
10.965444
11.769954538314257
-0.01436521
5.717354
9.639056
11.207129280243963
0.7182605
6.2632318
8.595184
10.659323151304932
2.1930888
6.167464
10.012551
11.96237578611549
2.4947581
5.0517654
11.741165
13.023022732597452
2.5378537
2.920926
14.173674
14.692362787924623
2.1978772
1.532289
15.629349
15.857336114321917
1.2162545
1.5610195
13.2351465
13.382270334354997
1.1061212
1.7286136
8.8777
9.111814404560931
1.5801731
2.3942018
5.9663506
6.620157739425326
1.8626889
2.3175871
5.813122
6.529410801429051
2.327164
1.8531121
8.173804
8.698321073043125
2.3463178
1.4460979
9.844957
10.223482395209386
1.9393034
1.4460979
9.763555
10.058781855037248
1.3455414
1.9057846
8.552089
8.864576639306618
0.8571242
2.2840683
7.359776
7.753575392421666
0.6943185
2.858677
7.201759
7.779424123755281
0.45968673
3.3518825
6.8091097
7.603315192500171
0.39264908
3.6008794
6.9000893
7.793057105153885
0.6943185
3.490746
7.273585
8.097680275380423
0.81881696
3.3375173
7.73806
8.46682097927653
0.79008657
3.2609026
8.197746
8.857807969465458
0.6560113
3.1651347
8.561666
9.151532621173693
0.7469909
3.083732
8.767567
9.324034645490787
0.90979666
3.0262709
8.5473
9.11275967619116
1.0055647
3.107674
8.2169
8.842297977364698
1.1204864
3.2800562
8.226477
8.92687954812861
1.1971009
3.490746
8.341399
9.12125518459922
1.1061212
3.7588966
8.408437
9.276562878321325
1.0630256
4.027047
8.264784
9.254933459240046
1.0821792
4.1180267
8.341399
9.365265535336587
0.9911995
4.1132383
8.700529
9.674730511049173
1.0055647
4.0078936
8.767567
9.692502016348207
1.043872
3.916914
8.781932
9.67234276054871
1.0965444
3.7828386
8.762778
9.607214013239812
1.067814
3.7110126
8.6574335
9.479609641878843
1.0869676
3.8402996
8.844181
9.70303732913795
0.9768343
3.964798
9.270349
10.129816863954927
0.61770403
4.3957543
9.758766
10.720901851580885
0.24420857
4.697424
10.103531
11.144808846328026
-0.090979666
5.3007627
10.132261
11.4354312881114
-0.48362875
6.167464
9.797073
11.586809327447526
-0.93373865
5.21936
9.998186
11.317124238312074
-0.49320555
3.715801
10.893618
11.520474327706806
-0.49320555
2.1883004
12.196063
12.400639646706171
-0.6368576
1.13964
11.774684
11.846837106944475
-0.36391866
0.89064306
10.405201
10.449587829346315
0.090979666
1.3934253
8.662222
8.774052721500365
-0.11492168
1.6807296
7.551312
7.736948405927645
-0.4309563
2.1212628
7.9343843
8.224350330238382
-1.1540052
2.4851813
8.710106
9.130925175230825
-0.9816227
2.8107927
8.911219
9.395422092637888
-0.5267244
2.585738
9.452309
9.813746282071245
-0.033518825
2.542642
9.548077
9.880886206785569
-0.12928689
2.719813
9.222465
9.616026026533453
-0.110133275
2.9113493
8.791509
9.261679621516882
-0.33039984
3.2992098
8.058883
8.714329408987236
-0.48841715
3.347094
7.8912888
8.585687357735848
-0.59855044
3.41892
7.929596
8.65596707429106
-0.6512229
3.5529952
8.303091
9.054788189016307
-0.6799533
3.394978
8.762778
9.422021969080726
-0.44532153
3.1890767
8.992621
9.551741388344048
-0.38307226
3.1986535
9.002198
9.56126046717646
-0.50278234
3.2944214
8.772355
9.384040644148723
-0.5554548
3.4380736
8.748413
9.41613574486491
-0.44532153
3.5194764
8.767567
9.458078344551799
-0.5554548
3.5769374
8.801085
9.516413112631957
-0.6464345
3.7301662
8.815451
9.593966304564812
-0.7038953
3.7828386
8.690952
9.504629914264358
-0.50757074
4.0701427
8.805874
9.714272795596468
-0.79008657
3.8786068
8.686164
9.545536328250252
-1.2162545
4.1132383
8.178593
9.235116893315597
-1.5705963
4.1611223
7.6853876
8.879577315984521
-1.7238252
4.0318356
7.943961
9.073796670123382
-1.436521
3.9121256
8.595184
9.552251772017717
-1.0726024
3.8259344
8.791509
9.647739252315231
-0.6368576
3.739743
8.78672
9.570669636193502
