0.61291564
5.0182467
7.943961
9.416208666801001
0.36870706
4.6591167
7.651869
8.966292945230348
0.08619126
4.1946416
7.943961
8.983817068273982
-0.34476504
3.7110126
8.0924015
8.909401854571945
-0.50757074
3.5482068
7.589619
8.393432829340123
-0.38307226
3.4237084
7.177817
7.961757329443621
-0.090979666
3.466804
7.2304893
8.019163544145606
0.31124622
3.6104562
7.4028716
8.242255535116122
0.62249243
3.845088
7.699753
8.628927469982962
0.81402856
3.9312792
7.9583263
8.913616573804635
0.92895025
4.074931
8.451532
9.42848917277072
0.8523358
4.0557775
8.7532015
9.684747907974458
0.7038953
4.237737
8.815451
9.806429594983445
0.7469909
4.343082
8.556877
9.624993658682977
0.61291564
4.462792
8.552089
9.665940049146354
0.51235914
4.6112323
8.528147
9.708515040016499
0.6799533
4.8123455
8.528147
9.815818274148787
1.0151415
5.056554
9.174581
10.524836276631687
1.2497733
5.070919
9.969456
11.254607888792428
1.3263878
5.0661306
11.027693
12.207988712450561
1.4891934
5.233725
11.971008
13.149700065644321
1.685518
5.377377
12.105083
13.352535598498875
1.7908629
4.783615
11.812991
12.870000664889563
1.6232687
3.3327289
12.143391
12.69661411596673
1.1300632
1.8770541
13.278243
13.457789800826962
0.62728083
0.6799533
13.627796
13.659159823895706
0.1340753
0.22026655
12.176909
12.179639893268089
0.22026655
0.5363012
9.26556
9.283681223552803
0.94810385
1.388637
6.8569937
7.060140029772089
1.6089035
1.9632454
6.1626754
6.664943408768738
2.0685902
2.255338
6.8043213
7.460858249742714
2.3702598
2.303222
8.379706
9.007909901630812
2.0685902
2.1739352
9.725247
10.177695957097422
1.5610195
1.9680338
9.911995
10.225340045227217
0.9528923
1.9009962
9.677363
9.908236427785054
0.5554548
2.0733786
9.112331
9.361731332921527
0.38307226
2.6288335
8.327033
8.740537049577622
0.33997664
3.0885203
7.52737
8.143453915557249
0.24899697
3.3279405
6.7708025
7.548572925828612
0.19153613
3.2944214
6.2728086
7.087878515507016
0.16759412
3.2273839
6.205771
6.996834175294031
0.22505496
3.0454245
6.421249
7.110393610493204
0.24420857
2.8299465
6.8330517
7.399920756972514
0.4357447
2.8538885
6.9479733
7.5238877396429835
0.37828386
2.9592333
6.8761473
7.495436233539358
0.4213795
3.0885203
6.9383965
7.6064357211431695
0.51714754
3.2273839
7.1730285
7.88262570238288
0.7086837
3.347094
7.5225816
8.26404878121498
0.7613561
3.4620156
8.212111
8.944494964688607
0.81402856
3.845088
8.528147
9.39024111047171
0.6607997
4.462792
8.360553
9.50010600783782
0.49799395
5.0182467
8.379706
9.780096309008238
0.8619126
5.142745
9.3182335
10.678023928017966
1.0869676
4.8602295
10.984597
12.060875027165253
1.1827357
4.673482
12.789825
13.66820877182791
0.37349546
4.6686935
13.512875
14.301537725826625
0.4261679
3.9456444
13.699622
14.262866719752719
0.46926352
4.8841715
13.125013
14.012184290600448
1.292869
6.042965
13.215993
14.58942801867535
1.6041151
5.439626
11.81778
13.108113206557896
0.9528923
3.9791632
10.524911
11.292275913220195
-0.24899697
2.0350714
9.65821
9.873425321938209
-1.4077905
1.043872
8.451532
8.631334715143641
-2.183512
1.3599066
6.7468605
7.220609086992468
-1.7142484
2.1930888
5.3821654
6.059372242557553
-0.5363012
2.7868507
6.3589997
6.963550492487706
0.3878607
3.0933087
8.470686
9.026157091521304
0.7757214
2.9400797
10.01734
10.468662910668536
0.59376204
2.542642
10.658986
10.974131598037937
-0.32561144
1.9488802
9.993398
10.186861919242782
-0.90500826
1.5945383
8.499416
8.694922480443283
-1.091756
1.9297266
6.95755
7.302278857985046
-1.0773908
2.6910827
6.081272
6.7368069039228216
-1.0869676
3.1316159
5.410896
6.345574177764201
-0.93373865
3.6104562
5.00867
6.2445203029117105
-0.59855044
4.132392
5.645528
7.021888027340357
-0.38307226
4.285621
7.005434
8.22127734875288
-0.2873042
4.1706996
8.058883
9.078704027629112
-0.17238252
3.9839516
8.6334915
9.509929888253234
-0.2681506
3.8355112
9.227253
9.996261660860164
-0.5554548
3.8881836
9.509769
10.288936443324237
-0.6943185
4.0701427
8.561666
9.505275265532038
-0.81402856
4.5298295
7.153875
8.506463678662612
-0.7422025
4.960786
6.943185
8.565516921888612
-0.7182605
5.1523223
7.8146744
9.38783545167753
-0.51235914
5.1379566
9.14585
10.502746586110263
-0.10055647
5.1379566
10.204087
11.425064747833488
-0.019153614
4.9416323
10.907983
11.975148853499757
-0.25378537
4.7788267
10.448297
11.492105842886305
-0.009576807
4.525041
9.552865
10.570398390957395
0.51714754
4.1036615
10.01734
10.837646173637564
1.3982137
3.8546648
10.960655
11.702538265499017
2.1739352
3.9121256
11.688493
12.51605292456639
2.432509
3.739743
12.109872
12.905494501570955
1.9153614
3.3087866
11.267113
11.898088676764695
1.1492168
2.8538885
9.437943
9.926739318800408
0.90500826
2.5713725
8.542512
8.966911951654843
1.1013328
2.5330653
8.863335
9.28375230958909
1.2449849
2.954445
9.23683
9.777410466587199
1.0726024
3.0789435
8.887277
9.46647027398503
0.5793968
2.9400797
8.240842
8.768765191345759
0.18195933
2.5953147
7.6614456
8.091138027953939
-0.15801731
2.480393
6.943185
7.374627831330526
-0.12928689
2.705448
6.612785
7.145983932583818
0.20111294
3.1555579
6.2967505
7.046066745326065
0.35434186
3.6966474
6.0764837
7.121405246804102
0.59855044
4.0940847
5.837064
7.154795936217609
0.7757214
4.453215
5.93762
7.4624528075088605
0.93373865
4.5681367
6.3206925
7.854355166438961
0.8523358
4.3047748
6.823475
8.112790838121335
0.61291564
3.86903
7.153875
8.156162071484856
0.32561144
3.596091
7.1395097
8.000655624227333
0.1436521
3.5051112
7.07726
7.898990479684384
0.12928689
3.8259344
7.1586633
8.117939860013795
0.47884035
4.9655743
7.8386164
9.291400534976802
1.1061212
5.78918
8.75799
10.55653781893743
1.4700398
6.1100025
9.232041
11.167978314091743
1.1923125
6.339846
9.179369
11.219450777316549
1.0007763
6.0956373
9.107543
11.004803042419315
0.8619126
5.4779334
9.581595
11.070574383811348
0.37828386
5.094861
10.658986
11.820096918473611
0.0
4.9799395
11.420342
12.458893592170037
-0.02873042
4.960786
11.410766
12.442499584024004
0.11492168
4.8123455
11.195287
12.18631679953676
0.6560113
4.1419687
11.291056
12.044674683544669
0.5363012
3.3806129
11.812991
12.29889868791295
-0.076614454
2.906561
11.348516
11.715066478376187
-0.5267244
2.858677
9.390059
9.829684038332923
-0.35913026
3.1364043
7.795521
8.410478740768909
0.1436521
3.2082303
7.8529816
8.48426169641196
0.37349546
3.1172507
9.083601
9.610856402580138
0.33518824
2.9496565
9.437943
9.893816440573659
0.06703765
2.7389667
9.184157
9.584110748160615
-0.22026655
2.5617957
8.389283
8.774473569028185
-0.34955344
2.7341783
7.2352777
7.742555303526984
-0.45489833
3.0789435
6.3206925
7.04542245717726
-0.49799395
3.4476504
5.6215854
6.613358832330665
-0.4405331
3.7541082
5.1762643
6.409454883838327
-0.14844051
4.19943
5.3965306
6.839575203983597
0.18195933
4.548983
6.411672
7.8635803256741825
0.07182605
4.501099
7.3071036
8.582471291916011
-0.34476504
4.343082
7.896077
9.01827334640011
-0.30645782
4.122815
8.413225
9.374106809664797
-0.076614454
3.98874
9.203311
10.030795173197419
-0.02873042
3.86903
9.730036
10.471094216313501
-0.16280572
3.9600096
9.428367
10.227525588483557
-0.08140286
4.122815
8.882488
9.792999133628573
0.31603462
4.414908
8.968679
10.001425069357303
0.7182605
4.673482
9.44752
10.564703897640682
0.8762778
4.912902
9.581595
10.80330659616048
0.44532153
5.185841
9.308656
10.665004680219393
0.16280572
5.281609
8.394072
9.918786813322713
0.45968673
5.391742
7.800309
9.49352485434974
1.6567876
5.195418
8.710106
10.276344497222052
2.834735
4.6112323
10.472239
11.788425031431455
3.016694
3.6248214
13.096283
13.919497508483268
1.7717092
2.3750482
13.977349
14.287970032390339
0.62249243
1.7286136
11.319786
11.46791842821407
0.4213795
2.3223755
8.288726
8.618234828409886
1.0390835
3.193865
7.321469
8.055083893162063
1.9632454
3.4141316
8.772355
9.615864170733694
1.9967642
3.3087866
10.275913
10.978593979050137
1.5227122
3.1603463
9.916783
10.518984389796072
0.9959879
3.0119057
8.801085
9.355355394668173
0.6703765
3.0262709
7.5225816
8.136150983101544
0.33997664
3.1268275
6.4068837
7.137282108648747
0.29209262
3.3662477
5.841852
6.748642679015774
0.5506664
3.6535518
6.0285997
7.070762999287266
0.6991069
4.0797195
6.172252
7.431659360603847
0.5315128
4.232949
5.961562
7.330797045829903
0.29209262
4.084508
5.889736
7.173389150314896
0.19153613
3.9552212
6.3781533
7.507416427914409
0.23942018
4.027047
7.019799
8.096419553266712
0.29209262
4.2760444
7.603985
8.728714693760939
0.58418524
4.745308
7.608773
8.986247681869354
0.7086837
5.2385135
7.73806
9.371330255065805
0.79008657
5.415684
8.236053
9.88870292898294
0.78529817
5.3965306
8.7532015
10.312990489045767
0.6799533
5.267244
9.428367
10.821288665917441
0.58897364
5.0374002
9.730036
10.9725060620729
0.34476504
4.8267107
9.519346
10.678668025819702
0.37828386
4.4675803
9.394848
10.409877019003694
0.22026655
4.5872903
10.151415
11.141946636630227
0.10055647
4.9224787
10.510546
11.606570494237102
-0.18195933
5.104438
10.381259
11.569742110138721
-0.19153613
4.999093
9.883265
11.07729819673351
0.31603462
4.405331
9.677363
10.637583383307339
0.8283938
3.442862
11.238382
11.783071523848644
0.30166942
2.7724855
12.454638
12.763059024355394
-0.25857377
2.5330653
10.912771
11.2058847771024
-0.32561144
2.992752
8.374918
8.899541744478688
-0.30166942
3.2034419
7.5321584
8.190632228273232
-0.023942016
2.8443117
8.6574335
9.112729536182306
0.17238252
2.585738
9.883265
10.217371296399877
0.0
2.4420857
10.357317
10.641325133560413
-0.16280572
2.2840683
9.361329
9.637321215206958
-0.33997664
2.7102363
7.4746976
7.9581448464433375
-0.34955344
3.1890767
5.793968
6.622874368790726
-0.38307226
3.691859
4.697424
5.986849041874642
-0.35434186
4.012682
4.2042184
5.822596159583597
-0.16280572
4.0318356
4.8937483
6.342789300042713
0.12928689
3.8019924
6.555324
7.579191089637613
0.16280572
3.6056678
7.8912888
8.677544687255514
-0.07182605
3.4524388
8.676587
9.338503994770873
-0.22505496
3.4332852
8.853758
9.49879608556765
-0.4213795
3.5529952
8.724471
9.4296199413746
-0.4165911
3.7780502
8.599973
9.402486155833708
-0.21068975
4.261679
8.48984
9.501772263502264
-0.01436521
4.697424
8.513782
9.723706910135597
0.18674773
4.9655743
8.896853
10.190476058905634
-0.023942016
5.1666875
9.303867
10.64223599107107
-0.16280572
5.2528787
9.653421
10.991259483525065
-0.2777274
4.975151
10.204087
11.355732791692843
-0.81881696
4.6495395
10.58716
11.592093542170444
-0.59855044
4.31914
9.945514
10.859396076868036
0.4405331
4.1706996
9.864111
10.718651417982342
1.5945383
4.309563
10.271125
11.252150266509828
2.743755
4.5394063
10.247183
11.53859437523696
3.2561142
4.223372
10.625467
11.888637702482923
2.1643584
2.8491
11.415554
11.96313918746873
0.56982
1.7381904
10.7116585
10.86672097253004
-0.2873042
1.1971009
9.356541
9.437184309574073
-0.10534488
1.5658079
8.954314
9.090797180874132
0.8571242
2.3223755
9.495404
9.812787288663634
1.2737153
2.9161377
10.113108
10.601941387965114
1.0582372
3.3279405
9.706094
10.315198140758396
0.46926352
3.289633
8.441956
9.072403751303188
-0.15322891
3.1747115
6.9767036
7.666594076504032
-0.39743748
3.169923
5.93762
6.742529231635049
-0.4405331
3.4620156
5.3247046
6.366482598538241
-0.15322891
4.003105
5.2145715
6.5757193980435815
0.25857377
4.4484267
5.66947
7.2109808791355015
0.49320555
4.534618
6.646304
8.060978235747042
0.6655881
4.2664676
7.61835
8.756997934074372
0.6799533
4.1132383
8.341399
9.325234941483629
0.58897364
3.9312792
8.566454
9.44383259704945
0.35913026
3.9217024
8.571242
9.432651512209134
0.272939
3.8977604
8.734048
9.568208872757474
0.21068975
3.9600096
8.647857
9.5137526701173
0.095768064
4.1659107
8.374918
9.354316376052354
0.24899697
4.721366
8.169016
9.438544007211823
0.48362875
5.415684
7.9104424
9.598887108828155
0.6895301
6.0046577
7.7572136
9.833907374636476
0.7517793
6.133945
8.020576
10.12522002558
0.5793968
5.722142
8.269572
10.072955841861408
0.06703765
5.0613422
8.916007
10.252651336899893
-0.5267244
4.7022123
9.988609
11.052626519452994
-1.043872
4.6112323
10.486604
11.50312961618693
-1.3934253
4.975151
10.352529
11.570160838388198
-0.842759
5.3007627
9.634268
11.028483187013979
0.46447513
4.7979803
10.481815
11.537105241926211
0.60333884
3.8402996
12.6222315
13.207295245623841
-0.12928689
3.0023289
12.061988
12.430697780673984
-0.62728083
2.7820623
9.14585
9.58018424221299
-0.58897364
2.9783869
7.216124
7.828800865128698
-0.31603462
2.882619
8.058883
8.564750876736953
-0.038307227
2.566584
10.218452
10.535919150515127
-0.10055647
2.4612393
11.128249
11.397620210375539
-0.30645782
2.4660277
10.409989
10.702480591914778
-0.521936
3.1316159
8.298303
8.884889492363081
-0.5650316
3.643975
6.3063273
7.305311533337993
-0.60333884
3.9456444
4.9943047
6.39337203623036
-0.6607997
4.3861775
4.189853
6.101645651041931
-0.521936
4.687847
4.209007
6.321713814446033
-0.4357447
4.5441947
4.8458643
6.657475461667514
-0.34476504
4.223372
6.631939
7.870091922131086
-0.29688102
3.7924154
7.943961
8.8077847466633
-0.34955344
3.4620156
8.571242
9.250618166501217
-0.5267244
3.289633
9.3182335
9.895887857922705
-0.7278373
3.0502129
9.691729
10.186420032384875
-0.8810662
3.323152
9.308656
9.923239786793975
-0.842759
4.1706996
7.8625584
8.940067376004501
-0.5363012
4.8745947
7.067683
8.602408635153987
-0.01436521
5.3247046
7.311892
9.045244718987275
0.2633622
5.48751
8.355764
10.000046539198346
0.41180268
5.21936
9.619903
10.952343443496321
-0.10055647
5.0661306
10.6158905
11.763202149274129
-0.4309563
4.9416323
9.753978
10.942830383598167
0.30166942
4.8698063
8.585608
9.875154518174007
1.2641385
5.032612
9.619903
10.930130748472816
1.9919758
4.654328
11.530476
12.592958789894627
2.2840683
3.8881836
13.034034
13.792062129471544
1.6424223
3.1172507
13.809755
14.252162836138679
0.8714894
2.3175871
12.152967
12.402633485788915
0.60812724
2.6001031
9.337387
9.711701907012182
0.7565677
3.265691
7.8290396
8.516512819258006
1.4077905
3.4763808
8.030152
8.862868923584543
1.5705963
3.5003228
9.179369
9.948861782588144
1.3215994
3.5625722
9.485827
10.218584251809451
0.92416185
3.41892
8.537724
9.243149566235992
0.47405192
3.323152
7.393295
8.119659546728862
0.16280572
3.2609026
6.646304
7.404954499202133
0.05746084
3.3901896
6.0621185
6.9459320238314675
0.11492168
3.596091
5.5497594
6.613993300506918
0.11492168
3.9073372
5.209783
6.513242876146403
0.04309563
4.050989
5.118803
6.527979565831534
-0.04309563
4.261679
5.4539914
6.9216898254012005
-0.023942016
4.0797195
6.3542113
7.551204600457384
-0.15801731
3.7110126
7.489063
8.35958400001581
-0.16759412
3.6248214
8.058883
8.838156289170094
-0.11492168
3.596091
8.130709
8.891203367061914
0.04309563
3.7349546
8.446744
9.235757946888583
0.22984336
4.19943
8.820239
9.771625109857503
0.2825158
4.630386
8.7532015
9.906504149440943
0.45010993
5.2049947
8.202535
9.725026940158902
0.7086837
5.851429
7.872135
9.834223906280922
0.770933
6.129156
8.121132
10.203611026421756
0.59376204
5.827487
9.021352
10.756251446969324
0.1388637
5.2145715
10.443508
11.67381293002399
-0.6799533
4.831499
11.377247
12.379316097467406
-1.1923125
4.912902
11.123461
12.218412194619118
-1.2401965
5.257667
10.563218
11.864346835375226
-0.78529817
5.425261
10.060435
11.45698530185979
0.090979666
4.7644615
10.682928
11.697577879504385
0.10534488
3.6535518
12.569559
13.09020103119541
-0.5650316
2.5139117
12.962208
13.215817678602505
-1.1875241
2.030283
10.524911
10.784526647685954
-0.842759
2.4181437
7.848193
8.25541001002335
-0.24420857
2.801216
7.699753
8.197111821362087
0.0
2.8203697
9.380483
9.795301782575091
0.0047884034
2.8874073
9.816227
10.2320798207645
-0.009576807
2.882619
9.198523
9.639626622863702
-0.12928689
2.882619
8.135497
8.632063474999809
-0.37828386
2.930503
7.216124
7.7976528842293105
-0.5363012
3.0789435
6.315904
7.046854429362991
-0.60333884
3.1364043
5.4204726
6.291468265596809
-0.49799395
3.3566709
4.9224787
5.9787986012947245
-0.19153613
3.6248214
5.0517654
6.220639042546694
0.15322891
3.8259344
5.8466406
6.988881136039688
0.24899697
3.9839516
6.517017
7.6423410310143955
0.110133275
3.9025488
7.1586633
8.154046824384675
0.019153614
3.6727054
7.943961
8.751894064671847
-0.07182605
3.643975
8.844181
9.56573311994801
-0.24420857
3.7588966
9.485827
10.20636374228568
-0.48841715
4.0462008
8.987833
9.868709830358794
-0.47884035
4.6830587
7.6135616
8.9513489457857
-0.15801731
5.257667
7.1251445
8.856394002170392
0.4261679
5.48751
8.121132
9.810564178202439
0.7230489
5.482722
9.80665
11.258482384324475
0.7086837
5.386954
11.161768
12.413966625652435
-0.009576807
5.233725
11.669339
12.789270696419287
-0.06703765
5.142745
10.213664
11.435526026080483
0.6464345
5.085284
9.643845
10.921617584032846
1.3551182
4.6160207
10.46745
11.52004783302549
1.982399
4.1180267
11.583148
12.452202929124065
1.9153614
3.5482068
12.856863
13.474319899457994
1.13964
2.753332
12.497733
12.8480713343178
0.36870706
2.7006595
9.682152
10.058507281181733
0.047884032
2.8107927
7.201759
7.730988101948593
0.11971009
2.791639
6.4260373
7.007248803711707
0.78529817
2.3798366
8.197746
8.572243152240423
1.2401965
2.4756045
10.184934
10.554599674065576
1.0007763
2.4612393
10.553641
10.882949904911467
0.36870706
2.5905263
9.629479
9.978659556544164
0.0047884034
2.6862943
7.824251
8.272551261256542
-0.14844051
2.9975405
6.4787097
7.140095296699286
0.009576807
3.4093432
5.9902925
6.89255515678732
0.33039984
3.8881836
6.1866174
7.314463034038682
0.7038953
4.3622355
6.315904
7.708126278407545
0.9864111
4.697424
6.1770406
7.82269964073717
0.9720459
4.7740383
6.205771
7.889734440771656
0.5602432
4.4915223
6.981492
8.32038906581555
0.24420857
4.10845
7.603985
8.64636238654911
0.047884032
4.0174704
7.97748
8.932107645851023
0.110133275
3.9695864
8.384495
9.277364720371036
0.2681506
4.0174704
8.724471
9.608765224555391
0.40701428
4.2904096
8.710106
9.717984184684061
0.37828386
4.697424
8.374918
9.60979419817355
0.4405331
5.2385135
8.039729
9.605901223616193
0.5363012
5.683835
7.7332716
9.612340751688036
0.46447513
5.9663506
7.848193
9.86950917238091
0.48841715
5.8945246
8.379706
10.256873454613975
0.33997664
5.3965306
9.41879
10.860558402807877
-0.023942016
5.0134583
10.70687
11.822537794498428
-0.39743748
4.841076
11.812991
12.77265562878462
-0.7326257
4.984728
12.042834
13.054275478798782
-0.6751649
4.663905
10.984597
11.952791815209297
-0.39743748
3.8833952
10.802638
11.486326630515546
-0.63206923
3.1555579
11.33894
11.786797874146165
-1.0630256
2.858677
10.448297
10.884344536702812
-1.0773908
2.9831753
8.508993
9.080917690469077
-0.90021986
3.1316159
7.5848308
8.255123974743135
-0.5650316
3.2992098
8.264784
8.916877482646452
-0.2873042
3.2609026
9.203311
9.76816060831935
-0.19153613
3.098097
9.414001
9.91253328065228
-0.2873042
2.791639
9.021352
9.447781854499755
-0.4261679
2.6862943
8.513782
8.937688225318015
-0.49320555
2.873042
7.675811
8.210706132265951
-0.58418524
3.2561142
6.6510925
7.4283632207344406
-0.5267244
3.5529952
5.6551046
6.699359965712793
-0.4165911
3.9121256
5.0757074
6.421921927101962
-0.22026655
4.0318356
5.2624555
6.633072451472573
-0.01436521
3.9791632
6.4164605
7.550159821492398
0.1388637
4.0318356
7.216124
8.26725029064465
0.11971009
4.060566
7.704541
8.709907012337974
0.04309563
3.9695864
7.9726915
8.90636179000565
-0.20590134
3.8259344
8.178593
9.031586215086854
-0.49320555
4.084508
8.341399
9.300828006759835
-0.39264908
4.7261543
8.135497
9.416847519839857
0.047884032
5.415684
7.8290396
9.519758056643628
0.51714754
5.8466406
8.374918
10.226920218509662
0.8858546
5.9184666
9.457097
11.191499645116405
0.90021986
5.329493
10.515334
11.823119219194615
0.18674773
4.7309427
11.113884
12.08036027484765
-0.34476504
4.477157
10.19451
11.139651819126449
-0.22026655
4.6399627
9.409213
10.493381412433118
0.7757214
5.2289367
9.591172
10.951443051919394
2.2361844
5.2002063
10.25676
11.71510880931383
2.5187001
4.3957543
11.99495
13.02095748638727
1.5370775
3.41892
12.310986
12.869031985853859
0.36870706
3.0310593
9.5385
10.015300489575157
-0.05746084
3.2800562
6.727707
7.4849254429632595
0.3878607
3.6583402
5.391742
6.527233294060942
1.1827357
3.4284968
6.861782
7.761282552932542
1.2641385
3.1555579
9.394848
9.990933695281718
0.7182605
2.8778305
10.740389
11.142430398615389
0.0
2.753332
10.419566
10.777207122412328
-0.4405331
2.719813
9.011775
9.423563184423411
-0.2633622
3.2561142
7.5944076
8.267204148242072
0.05267244
3.940856
7.101202
8.121587887804695
0.22505496
4.3766007
6.9144545
8.186267090198701
0.36870706
4.5537715
6.6415157
8.061173204176571
0.49320555
4.5872903
6.3446345
7.844798956410796
0.6847417
4.5633483
6.277597
7.791100085324972
0.7517793
4.4101195
6.6654577
8.02761794315777
0.79008657
4.0318356
7.2113357
8.29959596316926
0.63206923
3.739743
7.5465236
8.446017113298137
0.45489833
3.4284968
7.6614456
8.405906925503897
0.1388637
3.2944214
7.785944
8.455377923695636
-0.18195933
3.6296098
7.6949644
8.509973845211947
-0.06703765
4.4005427
7.4268136
8.632892038660733
0.22026655
5.1571107
7.359776
8.989472059590389
0.5410896
5.793968
7.771579
9.708773579800289
0.8331822
5.9998693
8.259995
10.243053780823175
1.0342951
5.8562174
8.868123
10.677483398881893
0.5746084
5.6407394
10.400413
11.84553486200569
-0.4261679
5.386954
11.525687
12.729585947643288
-1.4077905
5.2241483
11.03727
12.292067561104512
-1.5179238
5.4061074
9.595961
11.118118043451643
-0.90979666
5.463568
9.14585
10.692281445384994
0.12928689
4.673482
9.9790325
11.019947345697851
0.48362875
3.8977604
11.468226
12.122155553920164
0.20111294
3.5242648
11.903971
12.416336225853321
-0.32561144
2.9592333
10.022128
10.454957536258142
-0.24899697
2.8634653
7.97748
8.47948223404705
0.095768064
2.8443117
8.475474
8.940522649793179
0.21547815
2.6767175
9.988609
10.343286048649128
-0.04309563
2.552219
10.371682
10.681173671853706
-0.37349546
2.2697031
10.012551
10.2733751186319
-0.59855044
2.15957
9.054871
9.328059159498586
-0.7326257
2.4995465
7.800309
8.223703262467652
-0.6607997
2.992752
6.603208
7.279805969335438
-0.31603462
3.3901896
5.616797
6.568232185432245
-0.090979666
3.8786068
4.9320555
6.275112512803244
0.23463176
4.213795
4.8937483
6.46218966950886
0.34476504
4.223372
5.602432
7.024455267261499
0.22505496
4.012682
6.6367273
7.758763926269069
-0.019153614
3.643975
7.5321584
8.367337037645997
-0.16280572
3.4045548
8.240842
8.91790202011828
-0.15801731
3.2082303
8.796297
9.36443007658126
-0.2633622
3.3423057
9.251195
9.839968194057265
-0.39264908
3.9360676
8.662222
9.522651571087538
-0.24899697
4.7165775
7.517793
8.878362314234112
0.24420857
5.2624555
7.61835
9.262414797495271
0.7374141
5.449203
8.6095495
10.215769108420693
0.7422025
5.592855
9.969456
11.455170535912416
0.4213795
5.401319
10.931925
12.20077026937298
-0.20590134
5.281609
10.577583
11.824680083707603
-0.37828386
5.133168
9.595961
10.889213656644753
0.15322891
4.88896
9.102755
10.333709176724547
1.2785037
4.8506527
9.648633
10.874719374971246
2.4229321
4.477157
11.415554
12.499216284025321
2.2122424
3.4763808
13.881581
14.48024693399706
1.0247183
2.0350714
14.417883
14.596811630970617
-0.023942016
1.3024458
11.520899
11.59431131243121
-0.047884032
1.8052281
8.355764
8.548680646503204
0.7422025
2.4229321
7.8050976
8.206156898778092
1.7142484
2.5570073
9.457097
9.945532665228
1.4748282
2.8491
10.0269165
10.52765610042188
0.7038953
3.1555579
8.643068
9.227981342007444
0.2825158
3.3854012
6.9288197
7.716819120127391
0.05746084
3.5290532
5.770026
6.763927925235691
-0.08619126
3.5098996
5.5737014
6.587334137480682
-0.08619126
3.6104562
6.0716953
7.0645811002370245
0.15801731
3.9552212
6.775591
7.847125174523385
0.47405192
4.3718123
6.9767036
8.246930562851617
0.7661445
4.43885
7.2448545
8.531018823418885
0.78050977
4.280833
7.632715
8.785958653329061
0.46447513
4.0653543
7.8290396
8.833838634313503
0.20590134
3.8881836
7.642292
8.577003836539408
0.21068975
3.9073372
7.2831616
8.2677758344391
0.51714754
4.0797195
7.335834
8.409875931522043
0.60812724
4.2185836
7.896077
8.972975954796244
0.48841715
4.4244847
8.231265
9.357795900542548
0.23942018
4.9895163
7.867347
9.319213495426524
0.18195933
5.616797
7.1730285
9.112291657587003
0.21547815
6.2249246
6.4882865
8.994108178890988
0.32561144
6.7803793
6.2488666
9.226478156367243
0.17717093
6.564901
6.9383965
9.553567940847577
-0.04309563
5.631162
8.896853
10.529285100450196
-0.6943185
5.0996494
10.888829
12.043882876634667
-0.80924016
5.00867
11.971008
13.001795131278687
-0.34955344
5.085284
12.4785795
13.479512245115211
0.49320555
4.927267
12.909535
13.826688219848824
0.6991069
4.19943
13.809755
14.451065626087654
-0.07182605
3.169923
13.445837
13.814633580089934
-0.7661445
2.6384103
10.783484
11.127970438234403
-0.82360536
3.064578
7.9152308
8.527651520442282
-0.46926352
3.3854012
6.7133417
7.533266675986152
-0.37349546
3.241749
7.6614456
8.327435606286937
-0.46447513
2.8491
8.887277
9.344345635148622
-0.5793968
2.633622
9.035717
9.429520018448464
-0.5746084
2.528277
8.42759
8.817405255346479
-0.6847417
2.4660277
7.819463
8.227646106963144
-0.7326257
2.4468741
7.4363904
7.862813572778731
-0.81881696
2.7724855
6.493075
7.107542367675396
-0.7422025
3.1890767
5.6120086
6.497362041704045
-0.4405331
3.5577838
5.070919
6.210162343530788
-0.18674773
3.916914
5.2385135
6.543631612878173
-0.062249243
3.9839516
6.191406
7.3626929576827616
-0.1436521
3.8355112
7.1586633
8.122699118322485
-0.35913026
3.620033
7.833828
8.637272603509961
-0.5267244
3.6296098
8.082825
8.876010461155563
-0.60812724
3.7684734
8.5473
9.36095913072843
-0.6368576
4.0174704
9.069236
9.939652503711146
-0.47405192
4.5441947
8.925584
10.026987661675006
-0.04309563
5.0661306
8.781932
10.138533977642936
0.18674773
5.4061074
9.3182335
10.774523065548612
0.0
5.81791
9.619903
11.24235783726932
-0.31124622
5.923255
9.715671
11.383148963369742
-0.90979666
5.5880666
9.816227
11.331925547809329
-1.2976574
5.3007627
9.500193
10.95607866848532
-0.8619126
4.7309427
9.739613
10.862079179380027
0.23463176
4.146757
10.175357
10.990383800021606
1.3359646
4.003105
11.463438
12.215566391119953
1.6136919
3.4715924
13.64695
14.173750478850641
1.1444284
2.6001031
14.255077
14.535387200866083
0.4357447
2.4229321
11.449073
11.710753130845239
0.37828386
3.0789435
7.627927
8.234576981037984
0.7517793
4.223372
5.410896
6.905058745093583
1.7669208
4.5681367
6.3685765
8.034217137937663
1.9249382
4.271256
8.810662
9.978816674664511
1.1683705
4.027047
9.021352
9.94821529772367
0.12928689
3.7684734
7.503428
8.39759125460358
-0.5602432
3.53863
5.9902925
6.979926892528949
-1.1061212
3.41892
5.2768207
6.384148708820004
-1.1109096
3.5003228
5.257667
6.413224159680874
-0.51714754
3.9456444
6.129156
7.3076745438456365
0.06703765
4.4915223
6.7564373
8.113427944629526
0.56982
4.88896
6.9719152
8.5342971893194
0.7230489
4.9559975
7.5561004
9.065283617484324
0.51235914
4.5920787
8.0445175
9.277066607702567
0.1436521
4.175488
7.9104424
8.945973041250747
0.04309563
4.209007
7.589619
8.678704728903062
0.062249243
4.3287168
7.5800424
8.729187108807235
0.11971009
4.5441947
7.762002
8.99514936491707
0.20111294
4.8219223
8.240842
9.550018741928804
0.1388637
5.2241483
8.312668
9.818933406794768
0.30645782
5.995081
7.747637
9.801060708700104
0.49320555
6.6367273
7.2927384
9.872863538418942
0.46447513
6.991069
7.374141
10.171958254987628
0.3878607
6.703765
7.8625584
10.339764060422041
-0.16759412
6.081272
9.160215
10.99634074989018
-0.8858546
5.683835
10.0269165
11.559834600935108
-1.2354081
5.81791
9.797073
11.461106583193795
-1.2258313
6.2009826
9.284714
11.232130651491193
-0.7182605
5.9902925
9.26556
11.05667702393099
-0.49320555
4.999093
10.778696
11.891781804561699
-1.067814
3.9312792
11.789049
12.473045278539953
-1.7717092
3.2082303
10.879252
11.479974975558664
-1.5993267
3.3997664
8.48984
9.284052672901158
-1.2018893
3.596091
7.4124484
8.325911408443522
-0.9528923
3.2848446
8.264784
8.944544010384819
-0.89543146
2.944868
9.270349
9.767978622625579
-0.8762778
2.8443117
9.495404
9.950913307791385
-0.81881696
2.5713725
9.279925
9.664338017747985
-0.8858546
2.5809495
8.288726
8.726340431932757
-0.8619126
2.9831753
7.120356
7.767991870031218
-0.78050977
3.3566709
6.1770406
7.073348903417154
-0.60333884
3.8881836
5.3486466
6.6400309936535455
-0.25378537
4.5394063
4.817134
6.62385059678399
-0.019153614
4.8602295
4.8602295
6.873428997529692
0.0047884034
4.999093
5.722142
7.598280320609816
-0.17717093
4.5202527
6.9719152
8.310936802324186
-0.49799395
4.146757
7.920019
8.9537866690765
-0.62728083
4.10845
8.5473
9.504166743373132
-0.7278373
4.175488
8.671799
9.652178155828635
-0.6655881
4.534618
8.810662
9.931441853652494
-0.6464345
5.056554
8.341399
9.77576348720715
-0.33997664
5.5258174
7.9870567
9.718194976364325
-0.04309563
5.899313
8.0445175
9.975871923289855
0.15801731
5.875371
8.671799
10.47592746024636
0.0
5.511452
9.883265
11.31613994228418
-0.4405331
4.9799395
10.342952
11.487842269962243
-0.7182605
5.195418
9.279925
10.65951568591196
-0.36391866
5.463568
8.714894
10.292346473718158
0.80445176
5.3438582
8.513782
10.084068544765419
1.8195933
4.477157
10.6637745
11.707772853554586
1.2306197
3.0358477
13.948619
14.32811062311847
0.1436521
1.3599066
15.332468
15.393328403115808
-0.23463176
1.1013328
12.26789
12.319460997247214
0.35913026
2.825158
8.255207
8.732636580689169
1.4891934
4.027047
7.2113357
8.392745163932881
2.408567
3.7924154
8.418014
9.541832224202237
2.15957
3.3279405
9.998186
10.756516721389833
1.316811
3.2513258
9.629479
10.248511229533536
0.7422025
3.1316159
8.087613
8.704445100174572
0.49320555
3.2752678
6.6079965
7.391633753253494
0.4165911
3.596091
5.779603
6.819767706262642
0.39743748
3.9217024
5.439626
6.71768109002615
0.5746084
4.2185836
5.544971
6.990946227986427
0.6512229
4.4915223
5.875371
7.424139765476147
0.62249243
4.572925
6.2632318
7.7799237817791616
0.29209262
4.3382936
6.71813
8.002461054861206
-0.17238252
4.0318356
7.417237
8.443980800995353
-0.39264908
3.8019924
8.101978
8.95831308288651
-0.39743748
3.7780502
8.585608
9.388518085970007
-0.10534488
4.0318356
8.844181
9.720407816804807
0.076614454
4.405331
8.7532015
9.799558621801744
0.18674773
4.9176903
8.532935
9.850357018211596
0.5267244
5.521029
8.0684595
9.790773088520561
0.7757214
6.042965
7.7189064
9.833650573095934
0.89064306
6.3781533
7.6470804
9.997595688747573
0.6943185
6.3111157
7.4124484
9.759951476930162
0.46447513
5.683835
7.575254
9.481887415743964
0.10534488
4.9320555
9.045294
10.30308704224601
-0.50757074
4.8506527
10.247183
11.34862167795093
-1.163582
5.0996494
10.409989
11.650245735949428
-1.3311762
5.9998693
9.212888
11.07464519130438
-0.9768343
6.670246
8.192958
10.609945604938137
0.06703765
6.215348
9.255983
11.149361671684849
0.5363012
4.903325
12.521675
13.458178130555043
-0.31124622
3.6248214
14.279019
14.735216393825086
-1.2162545
2.3750482
12.119449
12.40972098504869
-1.364695
2.834735
8.360553
8.932914357774838
-1.0869676
3.2752678
6.493075
7.353155857318116
-1.0151415
2.6623523
7.225701
7.7671994737353645
-0.9576807
2.1930888
9.169792
9.476913106019436
-0.9624691
2.0638018
9.964667
10.221556485192481
-0.93373865
2.1308396
9.591172
9.869292335997496
-0.7086837
2.456451
8.590396
8.962772091788118
-0.5506664
3.0310593
7.4363904
8.049252057129236
-0.18674773
3.6008794
6.6750345
7.586652539356846
0.14844051
4.146757
5.9663506
7.267390735960937
0.45489833
4.5777135
5.707777
7.330832950993433
0.6464345
4.6830587
6.019023
7.6535973760977365
0.45968673
4.43885
6.703765
8.053270365150965
0.17238252
4.175488
7.192182
8.318166536638348
0.047884032
4.156334
7.422025
8.506695074115704
0.038307227
4.1036615
7.9726915
8.966900890746627
-0.090979666
4.1611223
8.145074
9.14688203978846
-0.1388637
4.429273
7.920019
9.075486132839567
0.08619126
4.8506527
7.4363904
8.878973272954251
0.32561144
5.2049947
7.5944076
9.21265522840304
0.5650316
5.195418
8.307879
9.814911564230819
0.7038953
4.903325
9.059659
10.325477526246402
0.47884035
4.9464207
9.323022
10.564804999397431
0.24420857
4.936844
9.02614
10.290931665118217
-0.11492168
5.2720323
8.408437
9.925187454567334
-0.45010993
5.363012
8.604761
10.149207293744977
-0.7565677
5.3103395
9.093178
10.557366382025226
-0.39743748
5.4204726
9.821015
11.224607845669375
0.6991069
5.7843914
10.117896
11.675604820513783
1.9680338
6.2009826
10.55843
12.401846077613305
2.4947581
5.841852
11.089942
12.780370705351661
1.9536686
4.88896
11.166556
12.345473697886012
0.81402856
3.98874
11.018116
11.746130123405605
-0.20111294
3.7014358
10.070012
10.730620548048067
-0.58897364
3.3614593
8.5473
9.203403539927498
-0.35913026
3.289633
7.345411
8.056408377334332
0.1340753
3.4524388
7.666234
8.408831685637596
0.6512229
3.620033
8.384495
9.155789620865203
0.842759
3.6487634
8.820239
9.582292804344041
0.6703765
3.8546648
8.839393
9.6665769989415
0.15801731
4.027047
7.9822683
8.941962135270607
-0.4357447
4.1419687
6.555324
7.766469867270377
-0.59376204
4.31914
6.143522
7.5332849056521525
-0.30166942
4.4580035
6.8091097
8.144247878013976
-0.019153614
4.5920787
7.2113357
8.549322304442287
0.05267244
4.783615
6.8426285
8.349090581470396
0.05746084
4.865018
6.5936313
8.194368466242341
0.10534488
4.7070007
7.393295
8.765144538971533
-0.18195933
4.405331
8.590396
9.655824917322413
-0.5793968
4.1611223
9.064447
9.990738203632183
-0.5315128
3.7972038
9.548077
10.289170388457704
-0.2777274
3.787627
9.500193
10.231173461553206
0.12449849
4.4196963
9.404425
10.391940339091178
0.29209262
4.999093
8.892065
10.205148960579516
0.20111294
5.506664
7.920019
9.648341820122756
0.35913026
5.583278
7.2831616
9.184030305845653
0.58897364
5.5401826
7.5082164
9.349536137625734
0.7134721
5.281609
7.953538
9.574090054852105
0.46926352
4.984728
8.154651
9.569014979006827
0.31603462
4.936844
7.589619
9.059504572983567
0.29688102
5.185841
6.9383965
8.667320031211348
0.4357447
5.185841
7.0724716
8.780812968717735
0.38307226
4.927267
7.3789296
8.881064478676757
0.24899697
4.951209
7.656657
9.121451327974802
0.38307226
5.1235914
8.001422
9.508979167842
0.521936
5.363012
8.197746
9.810063733935024
0.545878
5.535394
7.97748
9.725161090683594
0.51235914
5.434838
7.5561004
9.321728940069482
0.33997664
5.415684
7.5082164
9.263829383741598
0.033518825
5.410896
7.608773
9.336613305822457
-0.17717093
5.2480903
7.589619
9.229093277225372
-0.076614454
5.1762643
7.5082164
9.119917616890362
-0.11492168
4.903325
7.8146744
9.22631773595749
