0.20111294
2.834735
9.466674
9.884031390990517
0.2777274
2.8299465
9.696517
10.104858710326635
0.33518824
2.9017725
9.102755
9.559956929257465
0.50278234
3.2273839
8.6813755
9.275509687130658
0.62249243
3.6104562
8.528147
9.281819643977162
0.63206923
3.7924154
8.255207
9.106611562239152
0.4405331
3.7110126
7.9822683
8.813755676414859
0.14844051
3.4476504
8.030152
8.740232847416067
-0.04309563
3.2800562
8.389283
9.007813346975242
0.02873042
3.217807
8.6813755
9.258584652661972
0.18195933
3.3758245
8.949526
9.566781475516882
0.38307226
3.4572272
9.466674
10.085488543575748
0.4261679
3.572149
9.572019
10.225723173874352
0.39264908
3.5817258
9.308656
9.981683359311038
0.30645782
3.6343982
8.973468
9.686376494200623
0.272939
3.8594532
8.7292595
9.548290191497884
0.29209262
3.8977604
8.6813755
9.52072132359121
0.29209262
4.012682
8.690952
9.577034469677889
0.38307226
4.027047
8.614338
9.516862459946712
0.40222588
4.0174704
8.738836
9.626479790618152
0.34955344
4.0797195
8.987833
9.876610733201714
0.35434186
4.237737
9.121908
10.064451419379344
0.3878607
4.4196963
9.423578
10.415756145101456
0.48362875
4.5394063
9.92636
10.925782646585539
0.61291564
4.5058875
10.783484
11.703085885281764
0.7086837
4.534618
11.48738
12.370322836731503
0.8762778
4.5872903
11.473015
12.38713696175896
1.3742718
4.510676
11.63582
12.554964604907047
1.8243817
4.414908
12.555194
13.433267183984993
2.1547816
4.1659107
12.363658
13.223385550419342
2.504335
3.371036
12.018892
12.731431192523523
2.231396
2.2361844
11.999739
12.408600783854961
1.364695
0.92416185
10.524911
10.653178826820234
0.29688102
0.20111294
8.494628
8.502193392323463
-0.4357447
-0.10534488
6.9000893
6.91463682731156
-0.49320555
0.23942018
6.3685765
6.3921311522624915
0.4213795
0.7422025
7.3310456
7.380559086905459
1.364695
1.5370775
8.762778
9.000626860086564
1.6567876
1.8770541
9.002198
9.343867170434866
1.0486604
1.7956513
8.576031
8.824531296340767
0.33518824
1.6711528
7.445967
7.638555515605698
-0.05746084
2.0494366
7.101202
7.391249003288502
-0.10055647
2.5091233
6.622362
7.082477772223713
0.20590134
3.1268275
6.4643445
7.183814920212055
0.5315128
3.667917
6.6175733
7.58474762971355
0.6991069
4.0557775
6.7612257
7.915317567682653
0.7422025
4.1802764
7.0724716
8.24896557420587
0.78050977
3.9456444
7.651869
8.644559050875992
0.6895301
3.7301662
8.183381
9.019828993028447
0.5315128
3.53863
8.360553
9.094132562829316
0.47884035
3.6056678
8.269572
9.034154721836789
0.36391866
3.6104562
7.8865004
8.681285364286321
0.2825158
3.715801
7.771579
8.618841654046067
0.22505496
3.8546648
7.8912888
8.785301712751933
0.17717093
4.223372
7.809886
8.880460536802307
0.25378537
4.6112323
7.5848308
8.880176163034347
0.7613561
5.1475334
7.967903
9.51652454953767
1.2737153
5.4204726
8.796297
10.410509858558164
1.532289
5.257667
9.581595
11.036210541451009
1.661576
4.793192
10.979809
12.09511130702388
1.3311762
4.5777135
12.713211
13.577673795905094
0.6655881
4.4101195
13.172897
13.907458032150075
0.10534488
4.2425256
12.038046
12.76419473991205
-0.06703765
4.783615
10.82658
11.836481526276083
0.10534488
4.9703627
9.988609
11.157415249019932
0.5650316
4.10845
10.505757
11.294669414814292
0.6703765
2.6048915
12.004527
12.302176082992517
-0.033518825
1.8004397
11.099519
11.244644246527189
-0.22026655
2.1404164
8.748413
9.009141306206454
0.272939
2.6527755
7.52737
7.985800778168931
0.61770403
3.0310593
7.627927
8.231290930991626
0.4261679
2.7102363
8.935161
9.34687635497629
0.062249243
2.1212628
9.370906
9.608199877334593
-0.18674773
1.8531121
9.3421755
9.526024758789898
-0.25378537
1.8531121
8.767567
8.964856515513787
-0.21547815
2.1883004
7.762002
8.067450844136491
-0.25378537
2.825158
6.9862804
7.540161685171306
-0.17717093
3.169923
6.4404025
7.180430775420474
-0.22026655
3.3997664
6.1243677
7.008195983532675
-0.17238252
3.4715924
6.3063273
7.200793900695462
0.10055647
3.6535518
6.7851677
7.706948590693326
0.37828386
3.8402996
7.52737
8.458859231569686
0.31124622
3.9360676
7.9822683
8.905397608606973
0.02873042
3.9456444
7.9391727
8.865630025663892
-0.45968673
3.8259344
7.9966335
8.876667994251886
-0.7757214
3.5577838
8.1642275
8.939472967737974
-0.8523358
3.6152446
7.800309
8.639519453460288
-0.56982
4.2281604
7.4746976
8.60657556786502
-0.14844051
4.8506527
7.240066
8.716043906883371
0.038307227
5.2480903
7.3789296
9.054972291142551
0.17238252
5.233725
7.9487495
9.518624770905557
0.24420857
5.21936
8.599973
10.06284687084108
0.29688102
4.9943047
9.89763
11.090279221592693
0.05267244
4.735731
11.190498
12.151427109032618
-0.545878
4.7309427
10.582372
11.60458451802293
-0.19632454
4.7788267
9.878476
10.975428099744276
0.45010993
4.7644615
10.357317
11.409500954736487
1.0773908
4.3143516
11.372458
12.210946247197763
1.5370775
3.821146
12.018892
12.705019726278161
1.4796166
3.4572272
11.942278
12.520370364820108
1.0055647
3.0119057
10.28549
10.764480419244073
0.50278234
2.7006595
8.508993
8.941437820772137
0.41180268
2.6623523
7.85777
8.306759336310805
0.62249243
2.5809495
8.576031
8.977588724384695
1.0295067
2.4612393
9.308656
9.683421599291695
1.3263878
2.552219
10.022128
10.426705083296591
1.115698
2.6862943
10.0748005
10.48630356994471
0.545878
2.4899697
9.141062
9.48983381312767
0.07182605
2.5905263
7.795521
8.214994203329798
0.076614454
2.920926
6.909666
7.502077196481178
0.31603462
3.4572272
6.727707
7.570623401284866
0.5363012
3.8019924
6.6750345
7.700574719667591
0.7422025
4.146757
6.631939
7.8567851294789
0.80445176
4.343082
6.622362
7.960224932075619
0.56982
4.295198
6.6415157
7.929889544839788
0.29209262
3.9552212
7.07726
8.1127494597323
0.0047884034
3.940856
7.28795
8.285202752845684
0.04309563
3.9983168
7.4124484
8.422160354337816
0.2873042
4.19943
7.1634517
8.308597882139312
0.46926352
4.6112323
7.28795
8.63700672292409
0.7517793
5.00867
7.8050976
9.304380423013257
0.9672575
5.45878
7.843405
9.604835293900111
1.0534488
5.9807158
8.015787
10.056418909298522
1.0007763
5.985504
8.341399
10.315364925199644
0.770933
5.803545
8.0924015
9.988114732675328
0.5506664
5.57849
7.776367
9.58617069423978
0.47884035
5.104438
8.772355
10.160649212497871
0.25378537
4.7884035
10.424355
11.474335934241944
-0.16759412
4.8267107
10.807426
11.837469604839871
-0.36391866
5.267244
10.802638
12.023863271173171
-0.12928689
5.353435
10.295067
11.604498392199911
0.46926352
4.8937483
10.635044
11.71636238697864
0.89064306
4.098873
11.865664
12.585228850898668
0.33039984
3.193865
12.0571995
12.477419179457057
-0.45010993
2.3702598
10.43872
10.713897763449328
-0.51714754
2.4851813
8.719683
9.081653637983171
-0.038307227
2.6288335
8.772355
9.157862602634442
0.07182605
2.432509
9.524135
9.830126826883628
-0.11492168
2.1739352
9.428367
9.676430167228512
-0.29209262
2.0925324
8.532935
8.7906196537266
-0.31124622
2.3798366
7.5800424
7.9509456623894454
-0.25857377
2.9735985
6.7133417
7.346979478152405
-0.22026655
3.3758245
6.033388
6.917115101199501
-0.10534488
3.763685
5.650316
6.789881965161845
0.33039984
4.0557775
5.803545
7.087991805732761
0.49320555
4.256891
6.540959
7.819751517404201
0.47405192
4.036624
7.350199
8.399076556354974
0.32561144
3.6056678
8.226477
8.987868716087101
-0.076614454
3.0597897
8.628703
9.155473799890876
-0.5363012
2.7150247
9.054871
9.468350745114988
-0.61770403
2.7389667
9.040505
9.46647954227528
-0.51714754
3.3327289
8.863335
9.483313109829417
-0.33039984
4.060566
8.508993
9.433998115039579
-0.14844051
4.5777135
7.9104424
9.140710970482463
0.18195933
5.1906295
7.680599
9.271857752975196
0.46447513
5.631162
7.929596
9.736745579378105
0.6847417
5.770026
8.930372
10.654277361634284
0.49799395
5.4539914
10.28549
11.652696001212753
-0.40222588
4.9559975
10.970232
12.044487821806639
-1.163582
4.711789
10.390836
11.46840673447466
-0.6655881
4.9559975
10.266336
11.419395250652505
0.79008657
5.0517654
10.941502
12.077294324806687
2.0829554
4.3382936
12.861651
13.732500627574284
2.4420857
2.944868
14.628572
15.120554373130016
1.2880806
1.4939818
13.838486
13.978369760705009
0.40222588
1.484405
10.060435
10.177308021858105
0.25378537
2.327164
6.7085533
7.105264737313078
0.8331822
2.9400797
6.2105594
6.92165510461241
1.4460979
2.5378537
8.719683
9.19591028284725
1.5849615
2.6192567
10.19451
10.644278236671921
0.9816227
3.193865
9.677363
10.237954854583615
0.46926352
3.490746
8.0924015
8.825671585940137
-0.076614454
3.596091
6.9288197
7.806809939604363
-0.44532153
3.3279405
6.679823
7.4761976832689765
-0.5554548
3.1364043
6.5601125
7.292505561164773
-0.320823
3.323152
6.8043213
7.579251738482052
-0.110133275
3.5673606
6.95755
7.819571018794365
0.22026655
3.8546648
6.871359
7.88178457433162
0.40701428
4.0078936
6.766014
7.874504437067423
0.25857377
3.9839516
6.6846113
7.786061710390421
0.11971009
3.8259344
6.7564373
7.765407382671411
0.12928689
3.8115692
6.7708025
7.7710065097960745
0.5650316
4.0174704
7.0964136
8.174253041150715
0.6991069
4.3143516
7.6614456
8.82043835370243
0.7182605
4.453215
8.331821
9.474506504221482
0.51714754
4.7309427
8.025364
9.330365753691344
0.5410896
5.291186
7.1490865
8.910604061795908
0.6847417
5.731719
6.71813
8.857468603446199
0.7613561
5.9998693
7.4842744
9.622497233199379
0.5506664
5.707777
8.767567
10.476267560865173
0.22984336
5.291186
10.132261
11.432943134674602
-0.44532153
5.12838
11.123461
12.25683340875452
-0.6799533
5.2863975
11.587936
12.754944085836382
-0.24899697
5.9519854
11.247959
12.728107281360426
0.21068975
6.220136
10.860099
12.517037948878794
0.7374141
5.5018754
11.200075
12.500243527901205
0.7038953
4.209007
12.3876
13.102055139441031
-0.19153613
2.7629087
12.071565
12.385193604860717
-0.8379706
1.9393034
9.782708
10.008219964504685
-0.7134721
2.3080103
7.359776
7.746112463731808
-0.320823
2.4947581
6.9144545
7.357745919662526
-0.24420857
2.408567
8.034941
8.391728333969848
-0.33997664
2.456451
8.470686
8.826225251899343
-0.56982
2.528277
7.6375036
8.065255100971699
-0.81402856
2.456451
7.2209125
7.670617150018518
-1.0247183
2.4708161
7.3310456
7.803794466081719
-1.1492168
2.719813
7.1107793
7.699432788120763
-1.0965444
3.1028855
6.7324953
7.493784045220829
-0.8523358
3.394978
6.2823853
7.1917117839766815
-0.45489833
3.691859
6.3302693
7.3422792950542295
-0.20590134
3.6966474
7.019799
7.936320059475032
-0.20590134
3.466804
7.9631147
8.687480679497401
-0.25378537
3.514688
8.1163435
8.848303387619316
-0.14844051
3.9073372
7.896077
8.811206046265522
-0.033518825
4.1180267
8.121132
9.105605325284188
0.07182605
4.132392
8.781932
9.705882493017404
0.0
4.036624
9.222465
10.067183832016637
-0.076614454
4.4675803
9.050082
10.09302397676759
0.20111294
4.8698063
8.7292595
9.997771587035931
0.59855044
5.3247046
9.083601
10.546210193167807
0.6464345
5.947197
9.275137
11.036992380429737
0.521936
6.2105594
9.136273
11.059609245585445
0.08140286
5.884948
9.921572
11.535892368782774
-0.7422025
5.2959743
10.419566
11.711770708143034
-0.5793968
4.793192
10.247183
11.327627278936566
0.18195933
4.5298295
10.539276
11.472959489097683
1.3790601
4.10845
10.869676
11.701752647131473
2.3080103
3.8115692
12.152967
12.944094833724494
1.8052281
2.930503
12.990938
13.439165730695837
0.641646
2.255338
10.82658
11.077594351602352
0.062249243
2.3511062
7.943961
8.28481092367325
0.19632454
2.4708161
6.83784
7.273206467447163
0.6655881
2.5234885
7.9248075
8.343475222974341
0.9528923
2.4756045
9.375694
9.743729359994576
0.51714754
2.8299465
9.591172
10.013322348285987
-0.18195933
2.9496565
8.580819
9.075463435002016
-0.6895301
2.896984
7.541735
8.10837438506986
-0.7565677
3.083732
6.9719152
7.6609007120075825
-0.4261679
3.3662477
7.369353
8.112989733568766
-0.17717093
3.6487634
7.795521
8.609007230404913
-0.023942016
3.9312792
7.4028716
8.382007002015444
0.33997664
4.1515455
6.8665705
8.031232900638411
0.62728083
4.3287168
6.6750345
7.980436006647831
0.8858546
4.357447
6.742072
8.076361517196052
0.770933
4.261679
7.0006456
8.23196752341994
0.7038953
3.9743748
7.216124
8.2682266035101
0.6895301
3.691859
7.3310456
8.23708094918804
0.8283938
3.6822822
7.675811
8.55356727825261
0.8714894
3.787627
7.771579
8.68924920564559
0.80924016
4.357447
7.2065473
8.460291844016819
0.7086837
5.1140146
7.0102224
8.70623909866735
0.7086837
5.9184666
7.3310456
9.448529196625906
0.89064306
6.5218053
7.489063
9.970619146010199
0.79487497
6.3302693
8.121132
10.327483787773224
0.48362875
5.449203
9.404425
10.879839993029575
0.05746084
4.7070007
10.793061
11.774944692429159
-0.48841715
4.582502
11.57836
12.461792804698149
-0.521936
5.0421886
11.204864
12.298172878616715
-0.90979666
5.4444146
10.726024
12.06304139814821
-0.9768343
5.032612
10.127473
11.351083281995807
-0.6751649
4.10845
10.117896
10.941070497012872
-0.51714754
3.193865
11.18571
11.644239686260917
-0.45010993
2.695871
10.721235
11.064140586108786
-0.19153613
3.4524388
8.939949
9.585338172737684
0.31124622
3.9073372
7.445967
8.41466500932974
0.37828386
3.8163576
7.1634517
8.125437093862002
-0.04309563
3.1268275
8.671799
9.21840571391008
-0.49799395
2.5378537
9.399636
9.748941608594903
-0.7757214
2.3511062
9.442732
9.76189694465209
-0.7661445
2.681506
8.983045
9.40598436151592
-0.6607997
3.122039
8.030152
8.641014380071448
-0.6560113
3.53863
7.297527
8.136716405874603
-0.61291564
3.5769374
6.83784
7.741201759507143
-0.6895301
3.466804
6.603208
7.489762248810116
-0.61770403
3.3039982
6.694188
7.490668531664549
-0.47884035
3.2034419
7.07726
7.783247235602732
-0.320823
3.2130187
7.61835
8.274398791090741
-0.11971009
3.3518825
7.9822683
8.658293665286246
-0.019153614
3.691859
7.73806
8.573666607364569
-0.01436521
3.8738184
8.0684595
8.9502353232364
-0.01436521
3.8355112
8.576031
9.394660780681868
-0.110133275
3.9839516
8.796297
9.657061792712197
-0.1340753
4.525041
8.236053
9.398220348307015
0.2825158
5.1475334
7.762002
9.31802511485216
0.8619126
5.66947
8.350976
10.130379083889249
1.0534488
5.9807158
9.404425
11.19472709237932
0.81881696
6.0285997
9.715671
11.463364337044693
0.4261679
5.7987566
9.572019
11.19958661542672
-0.29209262
5.2145715
9.753978
11.064228849503236
-0.37349546
4.8219223
9.854534
10.977353104868444
0.5506664
4.673482
10.304645
11.328299432924263
1.412579
4.4340615
11.066
12.004692431747653
1.8962077
4.1180267
12.35887
13.16417087770669
1.7286136
3.7253778
13.254301
13.875988074510056
0.39264908
2.504335
11.999739
12.26456690798455
-0.89064306
1.733402
8.623915
8.84137038712131
-1.2593501
1.685518
6.066907
6.421393234856448
-1.0726024
2.1883004
5.81791
6.3077108515311195
0.18674773
2.1260512
8.054094
8.332071081567943
0.90500826
2.552219
10.113108
10.469374908470948
0.81881696
2.9831753
10.309433
10.763558996470815
0.095768064
3.2034419
8.968679
9.524096797061897
-0.5506664
2.9400797
7.2065473
7.802667640906738
-0.7757214
3.0454245
6.895301
7.577699377947692
-0.5410896
3.323152
7.273585
8.015058173945981
-0.12928689
3.7014358
7.3789296
8.256266670296853
0.19632454
4.1132383
6.9383965
8.068371431318154
0.33039984
4.309563
6.6510925
7.932119874018595
0.56982
4.4340615
6.50744
7.895085469629439
0.5793968
4.43885
6.6893997
8.04904684738306
0.8858546
4.453215
7.216124
8.525743880496313
1.0055647
4.3957543
7.666234
8.894097211632046
0.8475474
4.175488
8.073248
9.128546874612201
0.35434186
3.7541082
8.288726
9.106144484391047
-0.02873042
3.5194764
8.456321
9.159525314758358
-0.019153614
3.7780502
8.317456
9.135322062844557
0.2633622
4.4819455
7.848193
9.041644071442342
0.44532153
4.975151
8.00621
9.436622427249734
0.59855044
5.2145715
8.494628
9.985425628163576
0.6655881
5.2002063
8.801085
10.24423055400232
0.6943185
5.0182467
9.576807
10.834210247836985
0.17717093
4.711789
10.79785
11.782440206374776
-0.521936
4.6160207
11.252748
12.173922600357379
-0.58418524
4.9464207
10.606314
11.71760411064267
-0.35434186
5.2624555
10.85531
12.068834608147885
-0.1340753
5.33907
10.960655
12.19260460006777
0.2633622
5.1379566
10.19451
11.419106624151908
1.0726024
4.4963107
10.491392
11.464579559349582
1.3072342
3.7493198
11.343728
12.018586705249565
0.545878
2.6527755
10.955867
11.285664294444281
-0.17238252
2.3223755
8.863335
9.164160738497314
-0.21547815
2.4612393
7.5944076
7.986185305338286
-0.08140286
2.542642
8.101978
8.4919790682793
-0.17238252
2.4756045
9.394848
9.717072664113816
-0.5267244
2.3654714
9.203311
9.517028404437958
-0.93373865
2.2649148
8.322245
8.675336707009157
-1.0390835
2.5139117
7.632715
8.10294953320674
-1.0007763
2.8299465
7.029376
7.643446824431381
-0.90021986
3.3039982
6.229713
7.108876506390125
-0.44532153
3.940856
5.803545
7.029209773442709
0.0047884034
4.3478703
5.626374
7.1105612634962645
0.1340753
4.1946416
6.3685765
7.627041402738157
-0.15801731
3.5865142
7.374141
8.201586072164401
-0.5410896
3.0454245
7.85777
8.444639449070912
-0.8331822
2.9352913
8.111555
8.666455584180774
-0.90021986
3.0933087
8.0924015
8.710104097604878
-0.8858546
3.4811692
7.8146744
8.600721603992016
-0.78050977
3.7541082
7.8912888
8.773537503604144
-0.7134721
4.0414124
7.9487495
8.945651092118117
-0.4213795
4.477157
8.2169
9.366959849845268
0.110133275
4.6782703
8.51857
9.719278302813386
0.47405192
5.1140146
8.815451
10.202452749915473
0.62249243
5.6359506
9.208099
10.813904422993062
0.46926352
5.8466406
9.351752
11.038961940558435
-0.1340753
5.674258
9.3182335
10.910758674179876
-0.50278234
5.281609
9.552865
10.927278636330096
-0.02873042
4.865018
10.146626
11.252699803542807
1.2689269
4.793192
11.133038
12.187263369097034
2.384625
4.1276035
13.096283
13.936863906098436
2.3750482
2.882619
15.433024
15.878557422367741
0.7613561
1.043872
15.35641
15.410667173089118
-0.47884035
0.32561144
10.994174
11.009413072843442
-0.8619126
1.1683705
7.086837
7.234033300515609
0.22984336
2.0590134
6.6750345
6.989166596027831
1.4652514
2.5953147
8.911219
9.3964058193427
1.6328455
2.930503
9.878476
10.432560465729098
1.2114661
3.41892
8.63828
9.368913633051285
0.5267244
3.4811692
7.264008
8.072285236562797
-0.05746084
3.1507695
6.646304
7.355542653057439
-0.36870706
2.801216
6.5696893
7.151473271032275
-0.34955344
2.8634653
6.991069
7.562847539308989
0.038307227
3.3806129
7.029376
7.800137190957215
0.51235914
3.8498764
6.8186865
7.847199794620959
0.8714894
4.0701427
6.9479733
8.099375533533626
0.9576807
4.074931
7.6231384
8.696807486038699
0.82360536
3.9360676
7.699753
8.686607260082498
0.5554548
3.7253778
7.551312
8.438559232557814
0.41180268
3.6104562
7.4746976
8.311202098509314
0.4357447
3.5865142
7.61835
8.431620039571234
0.6655881
3.8881836
7.776367
8.719682759805005
0.7230489
4.3143516
7.608773
8.776665736496708
0.81881696
4.9320555
7.675811
9.16044234294704
0.7661445
5.5258174
7.642292
9.461831766416932
0.7278373
5.9280434
7.374141
9.489436651297293
0.61770403
6.081272
7.3071036
9.526657048463694
0.62249243
6.0621185
7.575254
9.722204250742939
0.46447513
5.544971
8.695741
10.323678910758577
0.1340753
4.9320555
10.46745
11.571977350048654
-0.63206923
4.9176903
11.678916
12.687800060914508
-0.8379706
5.2289367
11.33894
12.514612430754385
-0.8379706
5.2049947
10.644621
11.878640991982468
-0.45010993
4.501099
11.33894
12.207949965428202
-0.076614454
3.5913026
13.067553
13.55227824409862
-0.46926352
2.5953147
13.699622
13.951183222424687
-0.9911995
2.0733786
10.745177
10.988184738955834
-0.8331822
2.719813
8.212111
8.690819853813869
-0.31603462
3.0358477
7.4124484
8.016273635884138
-0.08140286
3.0071173
7.9104424
8.463124789412706
-0.22505496
2.777274
8.528147
8.971799538034919
-0.44532153
2.4995465
8.365341
8.74213819174544
-0.61770403
2.3415294
7.9726915
8.33235401757037
-0.7134721
2.3319526
7.776367
8.149780981947364
-0.7038953
2.4899697
7.5561004
7.986868810414717
-0.47405192
2.882619
6.775591
7.378539706850293
-0.1436521
3.265691
6.2728086
7.073436270398336
0.1436521
3.6487634
5.913678
6.950230096534603
0.5315128
4.0414124
6.1195793
7.352874671186487
0.7661445
4.1802764
6.4260373
7.704261432874291
0.6799533
4.2760444
7.1251445
8.337539933550824
0.521936
4.185065
7.599196
8.691085404892574
0.34955344
4.3622355
7.575254
8.74847180781695
0.320823
4.4675803
7.393295
8.644247058139213
0.14844051
4.4819455
7.690176
8.902172346419247
-0.033518825
4.501099
7.7907324
8.997584548641981
-0.038307227
4.7788267
7.7667904
9.119302721639755
0.18195933
4.9943047
7.6614456
9.147345786430261
0.2681506
5.2624555
8.355764
9.878468737222645
0.23463176
5.2528787
9.351752
10.728609316278048
-0.17717093
5.257667
10.156203
11.437784827182652
-0.7517793
5.085284
10.534488
11.721805591220125
-0.8762778
5.094861
10.352529
11.57153099593324
0.18195933
4.927267
10.539276
11.635609369324316
1.3263878
4.745308
12.0332575
13.002943439311636
2.3702598
4.2042184
13.8720045
14.687616875366102
2.5617957
3.2082303
15.389929
15.928134215743116
1.5179238
2.1547816
14.939818
15.170541848128574
0.7757214
1.8770541
10.654198
10.84605924000038
0.62728083
2.633622
7.422025
7.900373483834928
1.0390835
3.0119057
6.6415157
7.3662067298518075
1.3359646
2.6862943
8.418014
8.936662114488561
1.1827357
2.4899697
9.3182335
9.717422051182133
0.61770403
2.6144683
8.1163435
8.549387895412774
0.35434186
2.9975405
6.8569937
7.491940300356866
0.15801731
3.2609026
5.813122
6.667146315803928
-0.12449849
3.3423057
5.535394
6.467387032777479
-0.05267244
3.41892
5.985504
6.893333542834241
0.39264908
3.8546648
6.4068837
7.487374423443503
0.6895301
4.1611223
6.6893997
7.908126186261321
0.6607997
4.2999864
7.067683
8.299318345355756
0.38307226
4.1706996
7.1490865
8.285584895058566
0.11492168
4.084508
7.153875
8.238588243302113
-0.033518825
3.9456444
7.302315
8.300182882844924
-0.12449849
3.739743
7.6470804
8.51346105676411
-0.16280572
3.7110126
7.943961
8.76952907502757
-0.08619126
3.643975
8.078036
8.86231625558818
0.12449849
3.787627
8.480263
9.288513013341987
0.110133275
4.084508
8.283937
9.236825995317517
0.19153613
4.7548847
7.6853876
9.039402644583237
0.46447513
5.449203
7.086837
8.951692849433869
0.58418524
6.0525417
7.0341644
9.29806485295546
0.6943185
6.244078
7.129933
9.502974998045431
0.62728083
5.9567738
8.226477
10.17602866781743
0.14844051
5.0661306
10.079589
11.282102092993076
-0.7086837
4.5154643
11.760319
12.617319320131827
-1.1109096
4.6255975
12.449849
13.327754061368047
-1.2354081
4.8506527
12.636597
13.59185960275258
-1.1013328
5.0517654
12.421119
13.45427278059604
-0.47405192
4.865018
11.894394
12.859616468533323
0.15801731
4.1515455
12.631808
13.297476301034061
-0.0047884034
3.3327289
11.880029
12.338646096715799
-0.2825158
3.2944214
9.41879
9.982315830181697
-0.06703765
3.4476504
7.6949644
8.432275129227015
0.08140286
3.6152446
6.8091097
7.709772858792903
0.0
3.371036
7.1826053
7.934336835507244
-0.2681506
2.9783869
8.09719
8.631754124177421
-0.36870706
2.7724855
8.48984
8.938680077387204
-0.61291564
2.4660277
8.686164
9.050215188518784
-0.80924016
2.2888567
8.6813755
9.0144338366322
-0.7422025
2.4756045
8.015787
8.422133178150759
-0.62249243
2.954445
6.71813
7.365427043522138
-0.49320555
3.3183637
5.7029886
6.616560256576392
-0.20111294
3.5051112
5.434838
6.470217331032321
0.17238252
3.6248214
5.765238
6.812269294402059
0.20111294
3.715801
6.244078
7.2688469418648385
-0.0047884034
3.6152446
6.6606693
7.5785573934309785
-0.15801731
3.7780502
6.943185
7.906102115016993
-0.25378537
4.027047
7.1586633
8.217540811565593
-0.40222588
4.237737
7.311892
8.460731003655118
-0.49320555
4.429273
7.848193
9.025289396681286
-0.5793968
4.405331
8.403648
9.5059956152272
-0.4309563
4.596867
8.66701
9.820080204342863
0.047884032
4.8698063
8.829816
10.08379655094545
0.20590134
5.161899
9.136273
10.49566997074344
0.10534488
5.544971
9.112331
10.667351541784663
-0.25378537
5.6215854
9.141062
10.734320983306594
-0.93852705
5.3725886
9.44752
10.90876596718244
-1.2737153
5.056554
9.859323
11.153354814063723
-0.545878
4.6926355
10.625467
11.62838662972433
0.6607997
4.5202527
11.774684
12.629826897698175
1.6136919
4.0078936
13.120225
13.813309727750465
1.6567876
3.6487634
14.72434
15.259902490626784
0.641646
2.705448
13.982138
14.255922391840786
-0.047884032
2.2888567
9.969456
10.228939470822667
-0.047884032
2.657564
7.2927384
7.762021001758387
0.7230489
2.8203697
6.9719152
7.555453966741819
1.6376339
2.4372973
9.361329
9.811052154828534
1.9297266
2.2649148
10.692505
11.098799123327733
1.3311762
2.4899697
9.811439
10.20961827086676
0.7134721
2.6719291
8.255207
8.706129558795416
0.18674773
2.9113493
6.6846113
7.293480551220068
-0.18674773
3.145981
5.506664
6.344715665033161
-0.29209262
3.4284968
5.118803
6.167824026563683
0.019153614
3.7684734
5.391742
6.578194588408643
0.46447513
4.2281604
5.7604494
7.160716166562281
0.79966336
4.5681367
5.9424086
7.537874339662799
0.6799533
4.6399627
6.1243677
7.7135899396506735
0.29688102
4.1276035
6.540959
7.740115846067607
0.02873042
3.7062242
7.07726
7.98902569498783
-0.25857377
3.5865142
7.5704656
8.381043943507743
-0.32561144
3.4332852
8.111555
8.814238248336466
-0.2873042
3.3806129
8.5473
9.19605505577621
-0.19632454
3.691859
8.7771435
9.524001870710693
-0.095768064
4.1706996
8.461109
9.433677859355893
0.23463176
4.9464207
7.8912888
9.316360390348345
0.60333884
5.707777
7.953538
9.808236720652667
0.90979666
6.0525417
8.317456
10.326716201430289
1.043872
6.143522
8.8777
10.846477770091536
0.9624691
5.90889
9.576807
11.294093885817496
0.5506664
5.3103395
10.577583
11.848553249714842
-0.01436521
5.1379566
11.262324
12.378964184149696
-0.36391866
4.9895163
11.741165
12.762549712768935
-0.7469909
5.0182467
12.176909
13.191585540682683
-0.82360536
4.4675803
12.042834
12.871187404818599
-0.40701428
3.5482068
12.449849
12.951995248153974
-0.23942018
2.719813
13.091495
13.373179659456518
-0.5410896
2.3463178
11.372458
11.624577340266773
-0.5554548
2.753332
8.523358
8.974241057798512
-0.10534488
3.2752678
6.9862804
7.7166438762199165
-0.033518825
3.572149
7.1059904
7.953393598116624
-0.18674773
3.2704794
8.135497
8.770246351690238
-0.2825158
3.1172507
8.317456
8.886908480117503
-0.40701428
2.9831753
8.350976
8.877150154235302
-0.50757074
2.681506
8.523358
8.949622409463577
-0.48841715
2.542642
8.169016
8.569504149435224
-0.34476504
3.0023289
7.326257
7.925079720755007
-0.2825158
3.3518825
6.253655
7.1009245901784075
-0.25857377
3.5434184
5.4779334
6.529198137153519
0.0047884034
3.7541082
5.2863975
6.48377579827487
0.32561144
3.7541082
6.0621185
7.137831260356212
0.5267244
3.6631286
7.2209125
8.11403256180689
0.45010993
3.6391866
7.896077
8.705992851101906
0.19632454
3.7684734
7.9104424
8.76441857506728
-0.15322891
3.940856
7.326257
8.32032900526532
-0.20590134
4.0797195
7.493851
8.53488808217163
-0.33039984
4.3622355
7.8146744
8.955858276063635
-0.15801731
4.687847
7.929596
9.213000143442223
0.23942018
5.056554
8.192958
9.630712226048344
0.49320555
5.3438582
8.619126
10.15329546868955
0.22026655
5.535394
9.035717
10.598739664257403
-0.16759412
5.4922986
9.255983
10.764137375674041
-0.92416185
5.3965306
9.734824
11.16885920013855
-1.2258313
5.2720323
9.77792
11.176077184455652
-0.23463176
4.9320555
9.9790325
11.133791760659374
1.2785037
4.429273
11.803414
12.671764820151397
2.432509
3.6296098
13.934254
14.603239123410525
2.4181437
2.6192567
16.218323
16.605478398462264
1.0342951
1.5466543
15.1936035
15.307105534959849
0.25378537
1.6424223
10.170568
10.305455616628922
0.48362875
2.743755
7.0724716
7.601443565198807
1.5705963
3.4763808
6.411672
7.460666000459353
2.2122424
3.6104562
8.082825
9.124771742382707
1.8052281
3.323152
9.155427
9.9057574706276
0.7086837
3.3279405
7.905654
8.606786986243037
0.1436521
3.5577838
6.5361705
7.4431167038472426
-0.32561144
3.3901896
5.6215854
6.572794659706926
-0.92895025
3.323152
5.2241483
6.2608316784325115
-1.0247183
3.2130187
5.7987566
6.708137967441813
-0.5315128
3.5003228
6.7564373
7.627857610820815
-0.019153614
3.8786068
7.1586633
8.14189293298718
0.22026655
4.0078936
7.264008
8.299249399095011
0.22984336
3.9025488
7.5848308
8.533016930118414
0.25857377
3.739743
7.9487495
8.788353704058384
0.19153613
3.7732618
8.293514
9.113537839963644
0.29209262
3.787627
7.867347
8.736508676943249
0.47884035
4.0557775
7.4842744
8.526017704958948
0.59376204
4.3382936
7.7907324
8.93693743449107
0.60812724
4.817134
7.795521
9.183939341115503
0.61291564
5.425261
7.5321584
9.302823973101486
0.7613561
5.837064
7.465121
9.506786933698177
0.7517793
6.172252
7.589619
9.811431632225142
0.5746084
6.315904
7.4746976
9.802648567877586
0.4213795
5.78918
7.7093296
9.65017736400416
0.45968673
5.0900726
9.169792
10.497868639475334
0.062249243
4.6112323
11.109096
12.028272384172698
-0.521936
4.7884035
12.20564
13.12169438469707
-0.5315128
5.257667
12.167333
13.265351812742107
-0.7182605
5.57849
11.731588
13.010212334931357
-0.5554548
5.195418
10.931925
12.116430026493532
-0.36391866
4.2185836
12.042834
12.765529375406842
-0.89064306
3.5482068
11.444284
12.014768413672387
-0.9911995
3.4141316
9.054871
9.727767244666488
-0.58418524
3.5098996
7.6231384
8.41266327879482
-0.30645782
3.1507695
7.9966335
8.600431085472229
-0.46926352
2.5761611
8.66701
9.053942619275041
-0.6847417
2.2026656
8.868123
9.163199121466718
-0.79966336
2.030283
8.408437
8.686962961846234
-0.79966336
2.1452048
7.8529816
8.17989502855768
-0.6655881
2.3894134
7.651869
8.043842344191184
-0.3878607
2.8299465
7.201759
7.747539006467685
-0.08619126
3.2992098
6.5984197
7.3777610653505405
0.18195933
3.7588966
5.9424086
7.033820602146716
0.20590134
3.9360676
5.813122
7.023347338478573
0.2873042
3.9121256
6.105214
7.256783830324464
0.40222588
3.8307228
6.919243
7.919100123059009
0.4165911
3.7445314
7.5561004
8.443323908741728
0.2873042
3.8738184
7.896077
8.799831943641204
0.1340753
4.1611223
7.517793
8.593609728968852
0.15322891
4.477157
7.359776
8.615957191325517
0.08140286
4.735731
7.905654
9.215917533611513
-0.10534488
4.936844
8.173804
9.54958613432614
-0.06703765
5.3342814
7.843405
9.485676055607929
0.10534488
5.746084
7.920019
9.785462663615636
-0.038307227
5.971139
8.274361
10.203970297225496
-0.39743748
5.932832
8.461109
10.341509711841748
-0.6943185
5.329493
9.169792
10.628765919805899
-1.1731589
4.4196963
10.295067
11.264919983790872
-1.5945383
4.3957543
10.936713
11.894406172371927
-0.60812724
4.2760444
11.013328
11.829952204681094
0.7326257
4.3957543
12.028469
12.827449357968637
1.7238252
4.572925
13.239936
14.11308285478462
2.4899697
4.3861775
13.627796
14.53118489568749
2.1787236
3.715801
13.383588
14.059674195249423
1.2258313
2.9113493
11.142614
11.581730207934175
0.90021986
3.217807
8.178593
8.834820987979803
1.4317327
3.6248214
6.612785
7.675813553526173
1.8818425
3.5625722
6.7803793
7.887128663427952
2.1499932
2.992752
8.719683
9.466356232975276
1.6280571
2.8203697
9.457097
10.002086803136656
0.6512229
2.7341783
9.045294
9.471914436160068
0.12449849
2.791639
8.0445175
8.516044284402604
-0.21547815
3.083732
6.847417
7.5128524012117115
-0.33039984
3.2225955
6.277597
7.064170707307576
-0.22984336
3.6870706
6.105214
7.135892338919937
0.08140286
4.1802764
6.1530986
7.439217505375492
0.272939
4.525041
5.8466406
7.398222488130965
0.21068975
4.6112323
5.616797
7.270231234770408
0.12928689
4.390966
5.899313
7.355215399497016
0.095768064
3.9504328
6.919243
7.968124783990408
0.038307227
3.7732618
7.6710224
8.548892157987856
0.12449849
3.596091
8.0445175
8.812583977048902
0.46926352
3.7110126
8.408437
9.202914431483274
0.6751649
4.098873
8.686164
9.628397948677936
0.81881696
4.6351743
8.336611
9.573629447515705
0.9768343
5.4061074
7.5944076
9.373111789015162
1.1923125
6.167464
7.1490865
9.516756237920156
1.3311762
6.6367273
7.2831616
9.942968627229511
1.115698
6.555324
7.5704656
10.076160328121412
0.5746084
5.9998693
7.7428484
9.812252746188213
0.23463176
5.2289367
8.556877
10.030801257973021
-0.095768064
4.7500963
10.04607
11.112880320096544
-0.7086837
4.9655743
11.204864
12.27632395641352
-1.2114661
5.7029886
10.103531
11.665035751425336
-1.2354081
6.9383965
8.983045
11.417647345159926
-1.2545617
7.479486
8.738836
11.570820881597962
-0.60333884
6.588843
9.639056
11.691376232002893
0.02873042
4.6495395
12.35887
13.204571273413174
-0.6895301
3.2561142
14.235924
14.619824137536675
-1.6136919
2.2601264
11.798626
12.121045913134736
-1.3503298
3.3039982
8.1163435
8.86650000776492
-0.5315128
3.9312792
6.469133
7.588619304217068
-0.29209262
3.7253778
6.71813
7.687459309788146
-0.58897364
2.7820623
8.628703
9.085223313370376
-0.8858546
2.2697031
9.437943
9.747361828826829
-0.8619126
2.27928
9.275137
9.589899837539647
-0.47884035
2.719813
8.379706
8.823046710704718
-0.25857377
3.3279405
7.2448545
7.976839156028068
-0.009576807
3.7110126
6.1866174
7.214287241243581
0.07182605
4.012682
5.353435
6.690743203613423
0.22505496
4.3143516
4.7884035
6.449270210083911
0.45010993
4.510676
4.951209
6.712917901639375
0.47405192
4.6782703
5.530606
7.2593759879129225
0.37828386
4.7979803
5.746084
7.495411804571994
0.08140286
4.76925
6.339846
7.933852912279847
0.04309563
4.7309427
7.1490865
8.57281229566694
0.05267244
4.7309427
8.169016
9.440202136704274
-0.062249243
4.783615
8.796297
10.01307586271181
-0.21547815
5.1810527
8.686164
10.116282913831334
-0.2633622
5.683835
7.5561004
9.458857943288322
-0.10055647
5.9998693
7.465121
9.57792108265802
-0.023942016
5.8801594
8.202535
10.092493693586245
-0.038307227
5.9041014
8.652645
10.47512049639824
-0.05267244
5.8705826
8.5473
10.369322912611779
-0.24420857
5.861006
8.274361
10.142784041634446
-0.45489833
5.793968
7.445967
9.445603687224724
-0.50757074
5.602432
7.8290396
9.640473449603993
-0.33997664
5.7508726
9.064447
10.74021999027269
0.32561144
5.9519854
10.366894
11.958454694143178
1.3838485
6.167464
11.631032
13.237581011098312
2.3558946
6.4164605
12.660539
14.387857806862973
2.7246015
5.693412
13.10586
14.546544580363944
1.7429788
4.209007
12.808979
13.594986361699842
0.5746084
2.8538885
12.0571995
12.40366503788579
0.32561144
2.4420857
10.433931
10.72085488341076
0.8858546
2.7150247
8.724471
9.180004981212054
1.7238252
2.8921957
8.279149
8.937599021523132
2.4899697
3.2609026
8.801085
9.710434671213552
2.906561
3.2561142
9.165004
10.151239749756247
2.8107927
3.7110126
8.973468
10.109168968872314
2.2122424
4.280833
7.479486
8.897317254852505
1.6136919
4.213795
6.469133
7.887316079874551
1.3215994
3.9839516
6.517017
7.751774246408699
1.0295067
3.4763808
7.0245876
7.905057673958697
0.44532153
2.7581203
6.9767036
7.515313092458992
0.095768064
3.2130187
6.6367273
7.374198999387551
0.36391866
3.7445314
6.3446345
7.376200949953951
0.25378537
4.381389
6.129156
7.538403924036164
-0.20590134
4.7884035
6.751649
8.279853213570954
-0.2825158
4.4723687
7.73806
8.942006075610216
-0.16280572
4.098873
8.504205
9.441861995102995
-0.095768064
4.1802764
9.002198
9.92589808323605
-0.08619126
4.5537715
9.021352
10.105891905640792
-0.023942016
5.023035
8.695741
10.0422785613432
-0.16759412
5.1906295
8.264784
9.761012973435601
-0.34476504
5.118803
7.8529816
9.380315875690668
-0.38307226
5.645528
7.273585
9.215409219879698
-0.34476504
6.2584434
5.90889
8.61405537904431
-0.33039984
6.349423
5.645528
8.502724154892903
-0.23942018
6.2392898
6.105214
8.732680263804678
-0.32561144
5.5162406
6.7708025
8.739490846516613
-0.2777274
5.473145
8.020576
9.714014402175039
-0.45010993
5.770026
8.595184
10.362094435905938
-1.0342951
5.779603
7.632715
9.629741343097484
-1.2641385
5.6359506
7.3645644
9.359422686778558
-1.1540052
5.023035
7.575254
9.162264049869512
-0.7326257
5.21936
8.025364
9.601297894797789
-1.8243817
3.5673606
8.619126
9.504933732477522
-1.9728222
3.1651347
8.738836
9.501439838718607
-2.135628
2.9161377
8.66701
9.390518162479815
-1.9871874
3.0358477
9.050082
9.750347424699479
-1.5227122
3.2273839
9.797073
10.426758864337424
-1.3599066
3.107674
9.490616
10.07862954466207
-1.5753847
2.9161377
8.815451
9.417954573428775
-1.6232687
3.1172507
8.456321
9.15759892340739
-1.4413095
3.4859576
8.542512
9.33829647890501
-1.3072342
3.6966474
8.470686
9.334161948705837
-1.2306197
3.7828386
8.078036
9.004385833214748
-1.2449849
3.9264908
7.6949644
8.72810370650598
-0.9624691
4.10845
7.800309
8.868513288827026
-0.6751649
4.2281604
7.991845
9.066574548739538
-0.40701428
4.247314
8.231265
9.271410931942631
-0.17238252
4.223372
8.341399
9.351231262408543
-0.2873042
4.295198
8.197746
9.259282583701815
-0.45968673
4.2664676
8.049306
9.121698487714953
-0.45489833
4.295198
8.384495
9.431617368668263
-0.47884035
4.295198
8.734048
9.744824723242525
-0.39743748
4.381389
8.983045
10.002480771390228
-0.24420857
4.582502
9.56723
10.610883602701433
-0.30166942
4.711789
10.060435
11.113249670429648
-0.5410896
4.735731
10.132261
11.197439200697644
-0.6560113
4.855441
10.16578
11.28489021893514
-0.5315128
4.9081135
10.58716
11.681611071742001
-0.2873042
4.783615
10.91756
11.923029412489669
-0.090979666
4.462792
11.118672
11.981221446847497
-0.023942016
4.0557775
11.51611
12.209451635045516
0.10534488
3.4332852
12.038046
12.518510464430138
0.30166942
2.9735985
12.100295
12.463965394271977
0.38307226
2.6719291
11.358093
11.67442659526047
0.21547815
2.231396
9.734824
9.989612524939968
-0.04309563
1.8579005
8.700529
8.89678902298091
-0.08140286
1.4796166
9.323022
9.440054642470669
0.35434186
1.2976574
10.405201
10.491790832156475
1.0965444
1.3311762
10.625467
10.764525070805492
1.3359646
1.7669208
10.395624
10.629007817757094
0.8523358
1.9919758
9.289502
9.538830953501202
0.019153614
1.7525556
7.7811556
7.976101943272331
-0.6751649
1.6424223
7.0341644
7.254851198044086
-0.89543146
1.8626889
6.7085533
7.019693465101887
-0.5793968
2.2122424
6.4882865
6.879504306146702
-0.06703765
2.9352913
6.26802
6.9215972362440485
0.48362875
3.572149
6.2105594
7.180890834448713
0.92895025
3.8738184
6.4787097
7.605464737415479
0.9720459
3.9360676
6.885724
7.990663325307729
0.6655881
3.7588966
6.813898
7.810346871267096
0.19632454
3.6727054
6.631939
7.583529654955395
-0.21068975
3.620033
6.7708025
7.680676665298783
-0.4165911
3.5769374
7.101202
7.96210397067839
-0.6560113
3.4380736
7.608773
8.37520952104987
-0.6895301
3.2273839
8.413225
9.037356519813244
-0.7086837
2.9640217
8.801085
9.31379434691999
-0.6655881
3.1268275
8.542512
9.121105460377922
-0.61291564
3.8355112
8.1402855
9.01948218912599
-0.35434186
4.6591167
8.1642275
9.406781254464034
-0.1436521
5.0757074
9.006987
10.33969285578884
-0.1436521
5.195418
10.630256
11.832807573987157
-0.36391866
4.793192
11.96622
12.895640596213852
-1.2066777
4.3143516
12.071565
12.876038740902676
-2.1739352
4.285621
10.28549
11.352702325774963
-2.4516625
4.5154643
9.528923
10.825915178548417
-2.2649148
4.6830587
9.351752
10.701221603108129
-1.6903064
4.510676
9.385271
10.549248503184177
-0.63206923
3.6822822
10.793061
11.421422111831811
-0.17717093
2.815581
12.957419
13.260980626549998
-0.7757214
1.9871874
12.74673
12.924000354234366
-1.4269443
1.7717092
10.357317
10.604203999171965
-1.3934253
2.1404164
8.901642
9.260790742599827
-0.90979666
2.255338
9.303867
9.616456041943966
-0.9624691
2.006341
9.504981
9.761988385381747
-1.3934253
1.7381904
8.916007
9.19010960892325
-1.412579
1.8962077
8.010999
8.352669167060041
-1.0582372
2.6240451
7.053318
7.599656057104117
-0.81402856
3.2561142
5.717354
6.629710124541586
-0.90979666
3.5482068
4.5441947
5.836712031308876
-1.067814
3.6056678
3.9552212
5.457549041234131
-1.0582372
3.2369606
4.951209
6.009346992955082
-0.46926352
2.930503
6.679823
7.309452041148208
0.1436521
2.9975405
8.379706
8.90086314269906
0.5410896
3.2082303
8.930372
9.504581350611431
0.12449849
3.2465374
8.690952
9.27837042016585
-0.49320555
3.2034419
8.619126
9.208400075909376
-0.90500826
3.0310593
8.542512
9.109383794083447
-1.1875241
3.122039
7.8625584
8.542667336503744
-1.0199299
3.7062242
7.240066
8.197250500715736
-0.545878
4.462792
6.943185
8.271777915024574
0.023942016
5.032612
7.273585
8.844930509355743
0.4357447
5.243302
8.37013
9.886412387835325
0.22984336
4.912902
9.797073
10.962302375151754
-0.58897364
4.0557775
10.898406
11.643516314583355
-1.6472107
3.5003228
11.84651
12.462157071980707
-2.1787236
3.4572272
12.119449
12.789851122982116
-1.3551182
3.442862
12.521675
13.05687537770451
-0.02873042
3.394978
13.086706
13.519932478335459
0.94810385
3.3997664
13.627796
14.07743347705047
1.3215994
2.8682537
13.623008
13.984271342143757
0.8762778
2.0638018
11.750742
11.962737403355497
0.33997664
1.5801731
9.155427
9.297009173795448
0.22984336
1.6136919
7.627927
7.800134501153424
0.59855044
1.8148049
8.983045
9.184055227532296
1.3120226
1.8387469
10.6158905
10.853548838969784
1.3263878
1.7286136
10.702082
10.921628411692367
0.6512229
1.9776106
9.385271
9.613446323755419
0.10534488
2.456451
7.455544
7.850502299377987
-0.30645782
2.8299465
6.081272
6.714490667073184
-0.6607997
3.098097
5.415684
6.274113334840847
-0.9959879
2.992752
5.3342814
6.197024634358626
-1.0582372
2.8395233
5.6886234
6.445400981873717
-0.7230489
3.241749
6.181829
7.0176023147892295
-0.21547815
3.9217024
6.5218053
7.613154481211133
0.110133275
4.074931
6.4787097
7.654467565955304
0.15322891
3.9839516
6.8761473
7.948380349675364
0.04309563
3.6296098
7.5800424
8.404342037773725
-0.24420857
3.3997664
8.020576
8.714796475667386
-0.34476504
3.3327289
8.226477
8.882615811091963
-0.23463176
3.5577838
8.202535
8.943961841945423
-0.272939
3.9456444
8.1163435
9.028711932504894
-0.20111294
4.3718123
7.589619
8.761022110624511
0.047884032
4.9943047
7.0581064
8.646515919653888
0.10055647
5.5162406
7.517793
9.325032857473948
0.062249243
5.497087
8.652645
10.251346778780269
-0.01436521
4.807557
9.787497
10.904489806919843
-0.29209262
3.8498764
11.880029
12.49167508427644
-1.0103531
3.7110126
13.900735
14.422997527075141
-1.661576
4.074931
13.584701
14.27970547326941
-1.8148049
4.7261543
11.856087
12.891735274155542
-1.4460979
5.5018754
10.457873
11.904996550654424
-1.0726024
5.3342814
10.5440645
11.865173128699952
-0.80924016
3.739743
11.712435
12.321593668524642
-1.2497733
2.456451
11.032481
11.371531198645053
-1.757344
2.4708161
8.738836
9.249889063814285
-1.4891934
2.8395233
7.3789296
8.045445109608215
-0.93852705
2.767697
7.5944076
8.137321636630123
-0.81402856
2.5570073
8.599973
9.008910113092552
-1.2114661
2.183512
9.002198
9.342106192937285
-1.4460979
1.7764976
8.872911
9.163826057265192
-1.5993267
1.5993267
8.231265
8.536358432212364
-1.4891934
1.7908629
7.6231384
7.971018030871987
-1.2737153
2.2170308
6.9527617
7.40800024026825
-1.0773908
2.6288335
5.899313
6.547780704897181
-0.8619126
3.1651347
5.080496
6.0475127600936975
-0.49799395
3.53863
4.7405195
5.936532995884927
-0.1388637
3.643975
5.434838
6.544868252727219
0.090979666
3.6487634
6.6271505
7.5657699703427825
0.08619126
3.7541082
7.431602
8.32643187526551
-0.023942016
3.7014358
8.049306
8.859601053250305
-0.110133275
3.514688
8.441956
9.14504100058298
-0.36870706
3.691859
8.264784
9.05938330364077
-0.5363012
3.9600096
7.723695
8.696249528352725
-0.6943185
4.232949
7.335834
8.497905248690564
-0.79487497
4.486734
6.823475
8.205023961749937
-0.7422025
4.999093
6.9240313
8.572280977643462
-0.46926352
5.482722
8.327033
9.980978231247512
-0.4405331
5.0182467
10.237606
11.409884106434458
-1.0726024
4.132392
11.592725
12.353882312986675
-1.5275006
3.596091
11.477803
12.124565824620149
-1.5275006
3.6487634
11.554418
12.212751159896557
-0.4357447
3.8163576
13.632585
14.163397258405698
1.0151415
3.5817258
16.112978
16.537452500463246
1.5275006
3.0885203
17.611748
17.945636459037107
1.4652514
2.5091233
16.49126
16.74527776397209
0.7278373
2.5953147
12.191275
12.485695550660726
0.24899697
2.6048915
8.231265
8.637197521781786
0.5554548
2.566584
7.1634517
7.629608512624236
1.1492168
2.3319526
8.772355
9.149476550195542
1.412579
2.0685902
9.624691
9.945306362920338
1.2162545
1.8674773
8.7292595
9.009257323958334
0.78050977
2.0446482
7.321469
7.641576290393514
0.45010993
2.27928
6.3111157
6.725168967694638
0.16759412
2.4516625
5.731719
6.2362923410537725
-0.1388637
2.408567
5.415684
5.928753001441333
-0.24420857
2.6910827
5.377377
6.018118205437572
-0.15322891
3.0262709
5.2049947
6.022770588687971
-0.10534488
3.3183637
4.999093
6.001130315488622
-0.1340753
3.5434184
5.0182467
6.144639273128651
-0.33039984
3.5482068
5.717354
6.736992630406274
-0.5746084
3.3901896
7.1490865
7.933032122538428
-0.58897364
3.265691
8.298303
8.937194819008376
-0.35434186
3.3997664
8.805874
9.446024499503208
0.08140286
3.8115692
8.911219
9.692497293483227
0.37349546
4.31914
9.030929
10.017591643403337
0.5746084
4.879383
8.748413
10.03360784752864
0.63206923
5.281609
8.130709
9.716137501182995
0.6703765
5.568913
7.6135616
9.456664981548315
0.58897364
5.7987566
7.5082164
9.505039685290393
0.36391866
5.377377
7.896077
9.5601596336923
0.062249243
4.55856
9.275137
10.335014042505653
-0.12449849
4.0318356
11.061212
11.773767336330334
-0.60333884
4.084508
12.339716
13.012140913670839
-0.8619126
4.606444
12.220005
13.087808868057207
-0.80924016
5.0900726
11.429919
12.538211857828726
-0.4261679
4.721366
11.602302
12.53340811470394
0.04309563
3.7253778
12.890382
13.417981827686495
-0.05267244
2.9017725
12.947843
13.269124749992343
-0.545878
2.6384103
10.405201
10.748367185566453
-0.5410896
2.944868
7.795521
8.350758555785891
-0.038307227
3.1268275
7.302315
7.943697214739061
0.24899697
2.6719291
8.724471
9.127847305665608
-0.1388637
2.2409728
9.356541
9.622166996954748
-0.45968673
1.8579005
8.954314
9.156574126355627
-0.58418524
1.8770541
8.202535
8.434819452674654
-0.521936
2.1452048
7.843405
8.148209507386856
-0.51235914
2.3319526
7.4842744
7.855881750782364
-0.47884035
2.4708161
6.9623384
7.403267948160181
-0.38307226
2.72939
6.3111157
6.88668966909274
-0.34476504
2.9400797
5.913678
6.6132079929861645
-0.15801731
3.2082303
6.0956373
6.890174626101564
0.06703765
3.442862
6.6893997
7.523686706915591
0.15801731
3.5434184
7.469909
8.269239706126726
0.11971009
3.4859576
8.2169
8.926571012653476
-0.023942016
3.6870706
8.532935
9.295485140989019
-0.14844051
3.8738184
8.619126
9.450811635842282
-0.18195933
4.3718123
8.437167
9.504295983968456
0.023942016
4.936844
8.063671
9.45493469570772
0.4405331
5.439626
7.8529816
9.563101955241702
0.7278373
5.78918
7.929596
9.844939629256796
0.6895301
5.913678
8.025364
9.992672333575786
0.33518824
5.506664
8.690952
10.294093125258017
-0.15322891
4.5681367
9.868899
10.875960735108466
-0.82360536
3.9456444
10.572795
11.315053072142023
-1.0821792
3.8977604
10.409989
11.168327056271224
-0.49799395
3.8881836
10.31901
11.038475026388523
0.91458505
3.8259344
11.425131
12.0833711470089
1.8962077
3.7445314
13.081918
13.738766051831334
1.9871874
3.394978
14.192827
14.727903204886296
1.0151415
2.7868507
13.22557
13.554067213833248
0.1340753
2.2026656
10.477027
10.706904769979882
-0.15801731
1.9728222
8.418014
8.647540286285441
0.19153613
1.934515
8.504205
8.723561917688112
0.8283938
1.7956513
9.557653
9.760089055890129
0.9959879
1.7717092
10.060435
10.263688414294476
0.5315128
1.8962077
9.174581
9.383551601041797
-0.02873042
2.2697031
7.144298
7.496224025053484
-0.20590134
2.5330653
5.683835
6.226138226115235
-0.320823
2.7724855
5.1571107
5.863906125617022
-0.39264908
2.7389667
5.329493
6.004965317091569
-0.46447513
2.9161377
6.1530986
6.824970276037752
-0.33039984
3.1507695
6.3829417
7.12590047935007
-0.01436521
3.3375173
6.5265937
7.33046062151513
0.320823
3.6008794
6.909666
7.798252633803614
0.60333884
3.8738184
7.2352777
8.229199630735664
0.49799395
3.8259344
7.73806
8.646579890976268
0.05267244
3.4045548
8.1642275
8.845811152119676
-0.30166942
3.064578
8.614338
9.148194398590059
-0.20590134
3.1028855
9.040505
9.560388668570992
0.11492168
3.7445314
9.184157
9.918844117533538
0.6512229
4.501099
8.858546
9.957802049411981
0.94331545
5.118803
8.499416
9.966547516415735
1.1252748
5.5737014
8.178593
9.961012560991698
1.091756
5.722142
7.9248075
9.835518244018358
0.79008657
5.434838
8.403648
10.039073899555785
0.36391866
4.606444
9.787497
10.823439868449286
-0.02873042
3.892972
11.372458
12.02035195341569
-0.50278234
3.6774938
11.851298
12.41893820924789
-0.8762778
4.098873
11.391612
12.13826380171881
-1.1587936
4.477157
10.673351
11.632203854124388
-1.2449849
4.1611223
10.486604
11.350497170201056
-0.7230489
3.2273839
11.271901
11.747108915435055
-0.25378537
2.753332
11.674128
11.997103659459658
-0.10534488
2.4756045
10.965444
11.241915701522437
-0.33039984
2.4756045
9.006987
9.346849418663798
-0.12928689
2.528277
7.9822683
8.374097177609002
0.15801731
2.2744915
8.413225
8.716687248988556
0.33039984
2.327164
9.375694
9.665841779920315
0.1388637
2.2744915
9.821015
10.081911307282471
0.02873042
2.1021092
9.543288
9.772104881420203
0.009576807
2.1212628
8.652645
8.90887862113593
-0.009576807
2.327164
7.6470804
7.99334869451163
0.023942016
2.633622
6.540959
7.051289260611594
0.18674773
3.0071173
5.281609
6.080544585885174
0.2633622
3.3854012
5.0421886
6.078977549563389
0.31603462
3.394978
5.9184666
6.830373572749191
0.33039984
3.0597897
7.1155677
7.752598234684146
0.04309563
2.834735
7.8912888
8.38510660739521
-0.18674773
2.8538885
8.432379
8.90418827219085
-0.24899697
3.0597897
8.623915
9.154027050575925
-0.19153613
3.4045548
8.647857
9.295864736337823
0.01436521
3.7588966
9.088389
9.835056304848043
0.0
3.9312792
9.217676
10.021003409757872
-0.15322891
4.1371803
8.825027
9.747863926792059
-0.22984336
4.4101195
8.470686
9.552722195414951
-0.1388637
4.654328
8.365341
9.573974506651034
0.05746084
4.831499
9.045294
10.254951211635642
-0.37828386
4.6782703
10.79785
11.773821120160237
-1.2689269
3.9552212
11.382035
12.116297794343408
-1.4269443
3.6056678
10.869676
11.54066112191409
-0.770933
3.442862
10.831368
11.39149570146108
0.7374141
2.8491
12.4785795
12.820924250334393
1.7812861
2.2744915
14.690822
14.972192038035985
1.3551182
1.364695
15.557523
15.675944780171196
0.6895301
0.79966336
12.966996
13.00991560513497
0.5506664
1.2641385
9.107543
9.21133134693924
1.0582372
2.2170308
7.1634517
7.572986992496777
1.6567876
2.7150247
7.599196
8.23796591012768
1.8148049
2.7581203
8.413225
9.037870204830089
1.3838485
2.5474305
7.7667904
8.290203278445542
0.8475474
2.743755
6.7851677
7.367837563694672
0.50278234
2.8682537
5.899313
6.578872456977394
0.023942016
2.7868507
5.827487
6.459621899762449
-0.2825158
2.3702598
6.2728086
6.71163720068168
-0.22984336
2.5617957
6.8426285
7.310074363152828
0.14844051
2.9400797
6.8905125
7.49301432481448
0.2825158
3.2513258
6.8186865
7.5594587279623155
0.22984336
3.4380736
7.1730285
7.957733078400551
0.23942018
3.4859576
7.536947
8.307513813807448
0.0047884034
3.3039982
8.106767
8.754204312194709
-0.29209262
3.107674
8.494628
9.049953852583267
-0.32561144
3.0358477
8.48984
9.022182255089007
0.033518825
3.3854012
8.470686
9.12220282336377
0.5410896
3.8115692
8.317456
9.16520133588694
0.7086837
4.309563
8.504205
9.56012890908385
0.7565677
4.721366
8.422802
9.685416311317503
0.842759
5.195418
8.384495
9.899614392101578
0.9864111
5.401319
8.346188
9.990300242634767
0.8475474
5.391742
8.475474
10.080817757390262
0.36391866
5.032612
9.605537
10.850159787174867
-0.19632454
4.1946416
11.870452
12.591313810388481
-0.91937345
3.9312792
12.933477
13.548986778523675
-1.283292
4.2425256
12.071565
12.85956959907436
-1.2497733
4.7309427
10.697293
11.76332602767595
-0.6799533
4.5202527
10.970232
11.884486214104596
-0.023942016
3.2034419
12.98615
13.375451766611008
-0.45968673
2.135628
13.010092
13.192221135439176
-1.043872
2.054225
10.031705
10.292939842226959
-0.8619126
2.3750482
7.335834
7.758750405524372
-0.24899697
2.4708161
7.1634517
7.5816866026447345
0.25857377
2.528277
8.954314
9.30799582702517
0.25378537
2.360683
9.77792
10.062054547229694
-0.08619126
1.9871874
9.524135
9.729618778111648
-0.18674773
2.1499932
8.925584
9.182777073162052
-0.18195933
2.6479871
8.063671
8.489271686349097
-0.2777274
2.9113493
7.144298
7.719720570937745
-0.25378537
3.040636
6.114791
6.833779514291574
-0.31124622
3.193865
5.6407394
6.489652466954275
-0.22026655
3.2465374
5.803545
6.653544704517267
-0.10055647
3.2752678
6.14831
6.9670087751626495
-0.02873042
3.4380736
6.2728086
7.153272250798439
-0.0047884034
3.5817258
6.167464
7.1320680060532755
-0.02873042
3.6583402
6.6271505
7.569901304622059
-0.11971009
3.6487634
6.9288197
7.831752401130122
-0.11971009
3.490746
7.5800424
8.346057587034357
-0.40701428
3.41892
8.523358
9.19251389482458
-0.41180268
3.4811692
9.23683
9.87963294949751
-0.08619126
3.7924154
9.294291
10.038609547174598
0.50757074
4.19943
9.476251
10.377483392425091
0.6847417
4.687847
9.691729
10.7876962159878
0.25378537
4.9416323
9.662998
10.856227413103483
-0.30166942
4.7500963
9.959879
11.038732136334062
-0.79008657
4.5633483
10.28549
11.280057299853945
-0.019153614
4.19943
11.046846
11.818138431922929
1.1444284
3.8786068
12.885593
13.505251392904423
1.9488802
3.845088
14.33648
14.970554696956633
1.8674773
3.6727054
14.403518
14.981240303631614
1.0103531
3.064578
12.799402
13.199891546555234
0.58418524
2.5570073
10.0987425
10.433798493404813
0.51235914
2.4995465
7.551312
7.970731122454504
0.8379706
2.6048915
6.8761473
7.400612017092848
1.3599066
2.60968
8.39886
8.899473161855918
1.460463
2.633622
9.442732
9.911311736687374
0.80924016
2.791639
9.006987
9.464350417910772
0.2633622
2.777274
7.680599
8.171549161465174
0.07182605
3.0310593
6.6893997
7.344423173933573
0.0
3.1555579
6.3925185
7.128943707093376
-0.047884032
3.1364043
6.244078
6.987691957843096
-0.06703765
3.442862
6.081272
6.988538077397054
0.01436521
3.8259344
5.985504
7.103818763723638
0.25378537
3.9935284
6.0621185
7.263742773249046
0.4405331
3.9121256
6.411672
7.523851234729708
0.6560113
3.8115692
7.1251445
8.107163320603181
0.59855044
3.6391866
7.896077
8.714928230344677
0.272939
3.3375173
8.451532
9.090759834451452
0.110133275
3.074155
8.848969
9.368394889998042
0.076614454
3.1555579
8.892065
9.43568938614951
0.31124622
3.5290532
8.719683
9.411905305878104
0.6703765
4.0414124
8.408437
9.35330048921256
1.0342951
4.525041
7.9966335
9.246183690680002
1.1348516
4.936844
7.589619
9.12483612331442
0.7565677
5.2002063
7.5561004
9.20375999241869
0.50278234
4.9176903
8.810662
10.10268476702867
0.41180268
4.5154643
10.548853
11.482042306672911
-0.10534488
4.55856
11.884817
12.729510430138923
-0.79008657
4.7165775
11.674128
12.615688402622757
-1.067814
4.9176903
11.089942
12.178288661453205
-1.2354081
4.8506527
11.018116
12.10181593706537
-1.2641385
4.003105
11.789049
12.51417470237032
-1.1348516
3.040636
12.780249
13.185906047220753
-1.4030021
2.504335
12.081141
12.417491364880227
-1.508347
2.5713725
9.878476
10.31849597823877
-0.94810385
2.7964275
9.208099
9.669953631474314
-0.36391866
2.705448
9.77792
10.15182746258417
-0.20111294
2.5570073
10.041282
10.36369019818355
-0.14844051
2.7724855
8.944737
9.365737611935591
0.0
3.0310593
7.967903
8.524951887694147
0.0
3.083732
7.0245876
7.671651242599988
-0.25378537
3.0502129
6.26802
6.975405675104165
-0.60812724
2.858677
5.7987566
6.493645422848829
-0.7517793
2.858677
5.449203
6.199275669733175
-0.8475474
2.9257145
5.12838
5.964765087276004
-0.521936
3.2609026
5.094861
6.071532766265528
-0.21547815
3.4284968
5.683835
6.641310281736638
-0.10534488
3.5913026
6.579266
7.496352262348064
-0.2825158
3.514688
7.369353
8.169468249942367
-0.60333884
3.4572272
8.063671
8.794272327432383
-0.58418524
3.4763808
8.475474
9.179333437320796
-0.3878607
3.514688
8.863335
9.542649752906193
-0.17238252
3.8881836
8.863335
9.680206112519473
0.1388637
4.43885
8.63828
9.713009429886219
0.6943185
4.759673
8.595184
9.84955650919037
1.0486604
5.0900726
9.011775
10.402913976461603
0.7661445
5.1810527
9.409213
10.76863824450953
0.30166942
4.9176903
10.213664
11.339912374921528
-0.30166942
4.5537715
10.922348
11.837462515202661
-0.60333884
4.309563
11.042058
11.868588935518515
-0.21547815
4.213795
11.343728
12.103002355433341
0.6991069
4.0078936
11.798626
12.480366050046932
1.5275006
3.787627
12.74673
13.385010582766876
1.3551182
3.4955344
13.168109
13.691391204520977
0.29209262
2.743755
11.042058
11.381588547357005
-0.19632454
2.1547816
8.178593
8.459964939342381
0.23463176
2.2649148
7.383718
7.726848107161326
1.2018893
2.6192567
8.66701
9.13357057843374
1.70946
2.695871
9.639056
10.15388494097364
1.4077905
2.7389667
9.639056
10.119052223183148
0.7565677
2.858677
8.99741
9.470893038220115
0.20590134
2.930503
7.5465236
8.098164065420553
-0.20111294
3.0597897
6.5840545
7.2630938971614825
-0.1388637
3.2225955
6.009446
6.820399193141747
0.25378537
3.8067808
5.899313
7.025516596903685
0.6512229
4.2760444
5.923255
7.334411657409991
0.9768343
4.405331
6.143522
7.622598238543731
0.9816227
4.3957543
6.5984197
7.989078935188087
0.5793968
4.189853
7.07726
8.244888109103764
-0.04309563
3.6535518
7.240066
8.109799765338643
-0.45968673
3.2273839
7.627927
8.295335069986013
-0.61291564
2.944868
8.37013
8.894210441074417
-0.41180268
3.083732
8.973468
9.497479154519231
-0.10534488
3.6056678
8.580819
9.308189674664524
0.14844051
4.381389
8.121132
9.228834526566722
0.49799395
5.109226
7.9104424
9.430126821528816
0.78050977
5.616797
7.747637
9.601222802803923
0.6991069
5.851429
7.632715
9.64294109005188
0.62249243
5.841852
8.226477
10.10888972584318
0.45968673
5.329493
9.80665
11.17072935832628
-0.12449849
4.697424
11.382035
12.313895364301613
-0.81402856
4.912902
11.736377
12.749187368787593
-1.0869676
5.592855
11.142614
12.514766668445121
-1.0342951
6.090849
9.825804
11.606663177974673
-0.79487497
5.66947
9.232041
10.863024552545172
-0.08140286
3.8594532
10.97502
11.63413396519557
0.1340753
2.1978772
12.756307
12.944960060455841
-0.59376204
1.2880806
12.555194
12.635054106934257
-1.2641385
1.5370775
9.624691
9.828292287303423
-0.8331822
2.480393
7.728483
8.159411522832132
-0.06703765
2.9735985
7.920019
8.46011148437921
-0.009576807
2.72939
9.3182335
9.70974441773391
-0.6560113
2.384625
9.706094
10.016238951053902
-1.2976574
1.8962077
9.80665
10.07223437949633
-1.5753847
1.6711528
9.222465
9.504127810302759
-1.6232687
1.8579005
7.881712
8.258824108744518
-1.4317327
2.3702598
6.9144545
7.448333287535342
-1.1061212
2.9257145
6.009446
6.7747141197107785
-0.8714894
3.4093432
5.616797
6.628085875227083
-0.62728083
3.4763808
5.8322754
6.818661204738068
-0.56982
3.371036
6.5984197
7.431535653414357
-0.47405192
3.2513258
7.297527
8.003108374397023
-0.6751649
3.3183637
7.599196
8.319565143958567
-0.6799533
3.3854012
7.728483
8.464793727499867
-0.6464345
3.4763808
7.608773
8.390264009634452
-0.5650316
3.6152446
7.513005
8.356703629089258
-0.45968673
3.892972
7.2352777
8.228960432212679
-0.11971009
4.256891
6.83784
8.055526674883874
0.320823
4.7788267
7.0820484
8.549591804263596
0.6560113
5.1235914
7.762002
9.323637376486854
0.61291564
4.936844
8.863335
10.163994943568726
0.110133275
4.6016555
10.309433
11.290339730948507
-0.770933
4.2042184
11.281479
12.064060881038618
-1.4173675
4.0940847
11.391612
12.187669645253598
-1.0295067
4.367024
11.798626
12.622930073776885
-0.11971009
4.8458643
13.158532
14.02297070079627
0.80924016
4.6830587
14.298173
15.067304042961597
1.1540052
3.7493198
15.289372
15.784613947625894
0.45489833
2.4420857
15.260642
15.461497569915153
-0.076614454
1.4077905
12.306197
12.386695960441035
-0.12928689
1.3838485
8.714894
8.825028840360984
0.51714754
2.0111294
6.7851677
7.0958146775053255
1.1971009
2.6288335
7.091625
7.657347059475482
1.5514427
2.7964275
8.307879
8.902125638371302
1.0342951
2.4947581
8.106767
8.544779239880969
0.14844051
2.6240451
7.225701
7.6888491059280435
-0.2873042
2.657564
6.4882865
7.017339484183396
-0.34955344
2.753332
6.1100025
6.71082381306498
-0.24899697
2.9831753
5.861006
6.581240099893136
0.076614454
3.5051112
5.841852
6.81314251870784
0.34476504
3.9360676
5.535394
6.800888104505893
0.34476504
4.1276035
5.1762643
6.629455795392741
0.062249243
4.0414124
5.425261
6.765378599547467
-0.2633622
3.7205894
6.4547677
7.454942781470559
-0.545878
3.3758245
7.302315
8.063372897423891
-0.842759
3.0789435
8.149862
8.752736562862337
-0.93852705
3.040636
8.499416
9.075592475655773
-0.6751649
3.265691
8.7292595
9.344546893275512
-0.15801731
3.7924154
9.217676
9.96859769794511
0.49799395
4.6830587
9.131485
10.274388397651744
0.78529817
5.482722
8.494628
10.14079089389054
1.091756
6.0238113
8.0445175
10.10903085774361
1.2018893
6.3685765
7.479486
9.89676787665028
1.1013328
6.2823853
7.2831616
9.681205427290065
1.0773908
5.659893
8.0684595
9.914393402180647
0.79008657
4.7165775
9.624691
10.747325830745387
0.02873042
4.4675803
11.180922
12.040478147219565
-0.6368576
5.070919
11.822568
12.879942898831052
-1.0199299
5.568913
11.554418
12.866919490985401
-0.9720459
5.434838
11.540052
12.792776716115952
-0.59376204
4.2999864
12.564771
13.293453148314974
-0.6512229
2.9975405
14.173674
14.501805686329634
-1.2785037
1.6376339
13.412318
13.572276727087488
-1.6376339
1.5035586
9.902418
10.148912238102131
-1.0869676
2.4229321
7.666234
8.11315241983657
-0.47405192
3.0214825
7.2592196
7.87720446536771
-0.47405192
2.9496565
7.321469
7.907534528880633
-0.91937345
2.4851813
7.589619
8.038886451091043
-1.067814
2.231396
8.145074
8.512437136245715
-0.9911995
2.2026656
8.676587
9.006518652335279
-1.0390835
2.0446482
9.088389
9.37331853410503
-0.9959879
2.0398598
8.7053175
8.996420254333282
-0.80924016
2.3558946
7.747637
8.138242288653498
-0.36870706
2.8203697
6.7612257
7.335162137039655
-0.01436521
3.2225955
6.14831
6.941688991234438
0.22026655
3.4093432
6.0046577
6.908549344589706
0.37828386
3.4093432
6.2632318
7.141063851992392
0.38307226
3.466804
6.6654577
7.522885057679963
0.4165911
3.7062242
7.0485296
7.974422575037859
0.41180268
3.940856
7.28795
8.295428881005744
0.50757074
4.333505
7.4746976
8.654940619747062
0.60812724
4.7884035
7.5800424
8.986415783844897
0.7422025
5.1140146
7.565677
9.162067531147787
0.8858546
5.45878
7.771579
9.538367443709166
0.79966336
5.5018754
8.37013
10.048341255515991
0.36870706
5.329493
9.629479
11.012098421532011
-0.40701428
4.8937483
10.342952
11.449501952954247
-1.3599066
4.4580035
10.309433
11.3140422971008
-2.1978772
4.43885
10.065224
11.21796688651266
-2.2697031
4.620809
9.830592
11.097025127249406
-1.2593501
4.7165775
10.271125
11.372249731906336
-0.0047884034
4.1371803
11.683704
12.394564489397599
0.8762778
3.3279405
14.010868
14.42731701309322
0.8523358
2.1787236
16.361975
16.528384676065595
0.5363012
0.8523358
15.294161
15.327278323806535
0.22026655
1.292869
10.496181
10.577798993314666
0.81402856
2.4133554
7.2352777
7.670473922550888
1.6711528
3.1986535
6.703765
7.613448601611164
2.0015526
3.083732
7.7428484
8.57130769916867
1.3359646
2.4851813
7.9391727
8.425639088102976
0.24899697
2.5330653
7.0341644
7.480500622076357
-0.29688102
2.7629087
6.2967505
6.882649830033585
-0.6751649
2.9592333
5.755661
6.506961029512902
-0.80445176
3.193865
5.631162
6.523641873202032
-0.5793968
3.5625722
5.851429
6.875088500406939
-0.11492168
4.1659107
6.244078
7.507098843796924
0.11492168
4.5920787
6.909666
8.297221203493796
0.2681506
4.4436383
7.469909
8.695824895055601
0.18674773
4.1802764
7.8912888
8.932078177493056
0.076614454
3.8833952
7.953538
8.851293574908627
-0.05267244
3.6248214
7.9343843
8.723334088362517
-0.1340753
3.394978
8.0684595
8.754649643524255
0.095768064
3.5290532
8.121132
8.855290408162265
0.2777274
3.98874
8.0684595
9.004844209550837
0.4165911
4.6782703
8.010999
9.286326654384585
0.62728083
5.473145
7.503428
9.308610142138315
0.8762778
5.9998693
7.1826053
9.399793062570081
0.79008657
6.50744
6.775591
9.427599836218919
0.521936
6.483498
7.005434
9.559512400941275
0.20111294
5.731719
8.264784
10.059806510626832
-0.25378537
4.7070007
10.070012
11.118696162676187
-1.1061212
4.1611223
12.301409
13.033153806524776
-1.7621324
4.2999864
13.397953
14.180977687516052
-1.7046716
5.12838
12.105083
13.256667277069372
-1.292869
5.779603
10.232818
11.823107603886802
-0.79487497
5.7125654
9.80665
11.376977098955427
-0.61770403
4.2185836
11.511322
12.275525960123105
-1.3790601
2.6048915
11.405977
11.780644489786056
-1.6567876
2.1930888
9.696517
10.078542490747012
-1.1683705
2.4708161
8.719683
9.137991657937063
-0.46447513
2.5570073
9.097966
9.461871276689438
-0.33039984
2.3319526
9.528923
9.815678367238917
-0.35913026
2.0446482
9.844957
10.061448699812807
-0.25857377
2.0829554
9.715671
9.939809854634497
-0.17717093
2.1978772
9.045294
9.310176687561482
0.0
2.6288335
8.082825
8.499577680081881
0.009576807
2.9735985
6.9527617
7.561962266199805
0.1436521
3.4141316
5.511452
6.4848312033609625
0.24899697
3.845088
4.501099
5.925081778819036
0.5267244
4.2425256
4.5058875
6.211238445932225
0.7134721
4.390966
5.2624555
6.890795508803075
0.6703765
4.175488
5.9519854
7.301385763663239
0.32561144
4.0462008
6.421249
7.596722809786498
-0.019153614
3.9552212
7.043741
8.078269499735173
-0.090979666
3.7924154
7.651869
8.540596449881388
-0.25378537
3.8355112
7.785944
8.683114461159974
-0.2777274
4.1659107
7.848193
8.8896612573544
-0.30645782
4.6351743
7.374141
8.715315166121316
-0.21068975
4.960786
7.192182
8.739637942289411
-0.15322891
5.2385135
7.6710224
9.290322336244751
-0.2873042
5.401319
8.523358
10.09477223986292
-0.60333884
4.999093
9.332599
10.604355086555609
-0.79487497
4.3766007
10.481815
11.386610875346646
-0.9624691
4.1132383
11.511322
12.261957677267588
-0.59855044
4.1802764
12.023681
12.743699256006439
0.60333884
4.232949
12.650962
13.353977116723856
1.8243817
4.606444
13.369223
14.257763270462956
2.6144683
4.43885
12.995727
13.979547547534901
2.5809495
3.3901896
13.072341
13.749209849455895
1.7956513
2.4660277
12.923901
13.279038188988288
1.3359646
2.1883004
10.721235
11.023536124758138
1.5562311
2.801216
7.9966335
8.614801984516061
2.3558946
3.6535518
6.2632318
7.624090421862937
3.0071173
4.0462008
6.813898
8.476066553751972
2.9879637
3.3327289
8.322245
9.449590958719291
2.1787236
2.6431987
8.987833
9.618444811445368
1.1971009
2.3702598
9.26556
9.638556903126354
0.36391866
2.3654714
8.595184
8.92216830598221
-0.05746084
2.408567
7.6470804
8.017626417713876
0.047884032
2.7485435
7.062895
7.579001841990701
0.34476504
3.466804
6.71813
7.567751739720521
0.50757074
3.9600096
6.315904
7.471944086065752
0.48841715
4.0892963
5.9280434
7.218212553552418
0.34955344
4.10845
6.1195793
7.379078400089537
0.18195933
3.7349546
6.9958572
7.932528643575915
-0.07182605
3.2752678
7.6710224
8.341290400730358
-0.33997664
3.0071173
7.61835
8.197413841509091
-0.39264908
3.0597897
7.809886
8.397071109777281
-0.0047884034
3.2513258
8.39886
9.00621962214581
0.2873042
3.5242648
8.820239
9.502610099012147
0.40222588
4.2521024
8.317456
9.349985753012835
0.6464345
5.2528787
7.4746976
9.158696078983487
1.0199299
5.875371
7.479486
9.5657175672128
1.2162545
6.3111157
7.575254
9.934481564238535
1.067814
6.2105594
7.651869
9.912738011161684
0.5793968
5.5401826
8.1642275
9.883518070169112
-0.019153614
4.9464207
9.581595
10.783061442025636
-0.6895301
4.534618
10.898406
11.824274240041582
-1.316811
4.9464207
11.089942
12.214249116082682
-1.6089035
6.181829
9.615114
11.543569543374977
-1.7812861
7.086837
8.839393
11.468700772629365
-2.0973208
7.2687964
8.916007
11.693132155227246
-1.484405
5.592855
10.730812
12.191547054417587
-1.0151415
3.6056678
13.723564
14.225595557646315
-1.5131354
2.0111294
15.102624
15.310893570071686
-2.135628
1.1061212
11.836933
12.078799605190234
-2.0350714
1.8770541
8.432379
8.875238549693458
-1.1683705
2.6479871
6.933608
7.5134444215962635
-0.5267244
2.858677
7.3310456
7.886298173608239
-0.46926352
2.5570073
8.346188
8.741700950630484
-0.7134721
2.2505496
8.513782
8.835071416716254
-0.6464345
2.1978772
8.327033
8.63643562615429
-0.5410896
2.5474305
7.7667904
8.191776934864983
-0.47405192
2.7964275
6.789956
7.358548452041674
-0.21547815
2.992752
5.9184666
6.635604145110336
0.095768064
3.4572272
5.1571107
6.209458968080032
0.521936
4.0701427
5.0182467
6.482382153294239
0.7134721
4.548983
5.2289367
6.967357273946306
0.78050977
4.572925
5.645528
7.307039227048463
0.59376204
4.606444
6.1243677
7.686336026035224
0.5602432
4.76925
6.9383965
8.438066477656339
0.50278234
4.7740383
7.575254
8.96820513302999
0.36870706
4.8602295
8.078036
9.43464061543843
0.23463176
4.8745947
8.566454
9.859049602767207
0.062249243
4.9895163
9.232041
10.494271668582051
0.33518824
5.2002063
9.624691
10.944823859319229
0.7326257
5.4779334
9.461885
10.957726484739226
1.0295067
5.765238
9.212888
10.916737408202527
0.7565677
6.033388
8.858546
10.744673362939867
0.34476504
5.985504
8.614338
10.495329408460215
-0.22984336
5.7987566
8.652645
10.418573637295184
-0.58418524
5.568913
8.710106
10.354709500999903
-0.272939
5.3678
9.155427
10.616478947567344
0.6703765
4.936844
10.01734
11.18789177746712
1.5658079
4.5872903
11.616667
12.587371649745952
1.6950948
3.98874
13.460202
14.140737223311591
1.0199299
2.9783869
14.317327
14.65936155170189
0.21547815
2.255338
12.555194
12.757972767670614
0.30645782
2.695871
9.509769
9.889254554912391
1.0199299
3.4237084
7.28795
8.116418620346238
1.9393034
3.7780502
7.2065473
8.36474072097286
2.3989902
3.4524388
8.283937
9.289677656512849
2.054225
3.1268275
8.207323
9.019813767771119
1.412579
3.2465374
6.9048777
7.759685493860112
1.043872
3.3614593
5.9663506
6.927222810263657
0.79008657
3.4476504
5.899313
6.87840270019535
0.59376204
3.2513258
6.83784
7.594717207485076
0.50757074
3.2130187
7.326257
8.015931954557601
0.49320555
3.3039982
7.603985
8.305434357585645
0.45968673
3.490746
7.8290396
8.584316110981801
0.24899697
3.5338416
7.809886
8.575800679808545
-0.038307227
3.5817258
7.881712
8.657460042060997
-0.16280572
3.3901896
8.408437
9.067618351898341
-0.04309563
3.2130187
9.126697
9.675843147384779
0.21068975
3.2130187
9.552865
10.080928252939705
0.33518824
3.3039982
9.682152
10.23585949097793
0.4309563
3.2800562
9.552865
10.109486692775565
0.7038953
3.2369606
9.595961
10.15164220895192
0.90021986
3.4045548
9.600749
10.226229762062085
0.9672575
3.739743
9.437943
10.197844887241533
0.8331822
3.9217024
8.935161
9.793418262270107
0.49799395
4.2521024
8.255207
9.29929106276492
0.04309563
4.7979803
6.555324
8.123715343151956
1.067814
5.4204726
6.6510925
8.646316061370037
2.4708161
4.8458643
8.848969
10.387087846605779
2.0829554
4.3478703
12.176909
13.096557024966643
0.30645782
3.5817258
12.890382
13.382250380415867
-1.091756
2.2601264
10.572795
10.86665041245569
-1.508347
2.3750482
8.78672
9.226180880258847
-1.3263878
3.1842883
7.493851
8.249654589271309
-0.9816227
3.8642416
7.302315
8.319841169161712
-0.641646
4.3526587
7.4124484
8.619845854405456
