-2.336741
4.4675803
6.1770406
7.973422247774703
-2.1499932
4.5441947
7.2831616
8.849667783202197
-2.1547816
3.8163576
8.374918
9.452350174857308
-2.0638018
3.1747115
9.251195
9.996133438276038
-1.9009962
2.9400797
9.864111
10.467021560321651
-1.9297266
2.9735985
9.715671
10.342165546131707
-1.8291701
3.0262709
9.030929
9.69854893793215
-1.685518
3.2369606
8.461109
9.21462185775658
-1.5466543
3.394978
8.528147
9.308453186228894
-1.3551182
3.5577838
8.418014
9.238891942685187
-1.2354081
3.5098996
7.9343843
8.763565882396142
-1.0247183
3.5194764
7.627927
8.462980099558745
-0.641646
3.7684734
7.872135
8.751206233123979
-0.38307226
3.9217024
8.317456
9.203617413078845
-0.21547815
4.0174704
8.791509
9.66835699978002
-0.05267244
3.9600096
9.461885
10.257276603837722
-0.08140286
3.7924154
9.701305
10.416542805253185
-0.23942018
3.9217024
9.706094
10.471166713238109
-0.4213795
4.295198
9.385271
10.330033626593986
-0.5746084
4.8267107
9.069236
10.289720564922996
-0.6368576
5.3103395
8.714894
10.2251979071904
-0.641646
5.6407394
9.069236
10.699564944540567
-0.45010993
5.592855
10.175357
11.619832520845556
-0.45010993
5.104438
11.334151
12.438684455024964
-0.3878607
4.5633483
12.631808
13.436411542944313
-0.37828386
4.223372
13.192051
13.856773708634513
-0.272939
4.2042184
12.789825
13.465867586002396
0.110133275
4.309563
12.143391
12.885898754791999
0.45489833
4.0797195
11.530476
12.239400209179728
0.51235914
3.5482068
11.03727
11.604895486093964
0.24420857
2.4037786
10.342952
10.621414477159126
-0.35913026
1.2785037
9.414001
9.507206241584303
-0.8523358
0.6799533
9.399636
9.462662253758767
-0.33039984
0.34955344
10.065224
10.076710020580487
0.6847417
0.33518824
11.070788
11.097007595549513
1.4221559
0.48841715
11.27669
11.376502304640912
1.2210429
0.9672575
10.060435
10.180318536177877
0.2633622
1.3311762
7.6949644
7.8136974180017935
-0.5267244
1.8195933
5.9041014
6.200546228281242
-0.842759
2.231396
5.142745
5.668967770869597
-0.78529817
2.7150247
5.434838
6.125807105623919
-0.35913026
2.9640217
6.0956373
6.78757642277922
0.10534488
3.107674
6.4308257
7.143126335521083
0.39264908
3.4141316
6.397307
7.261955926314371
0.2777274
3.7349546
6.0716953
7.133898081067229
-0.05746084
3.8163576
6.0238113
7.131212437336026
-0.19632454
3.5098996
6.3063273
7.21995157917725
-0.25857377
3.2992098
6.6415157
7.420335212394831
-0.1340753
3.3279405
7.1826053
7.917258337564856
-0.11492168
3.3135753
7.489063
8.190179983171205
-0.019153614
3.3279405
7.771579
8.454170091934476
0.19632454
3.4859576
8.422802
9.117787057862206
0.47884035
3.9121256
8.585608
9.447045355802514
0.6703765
4.673482
8.341399
9.584872534058062
0.92895025
5.257667
8.082825
9.68700501192573
1.0295067
5.717354
8.303091
10.13357482254323
0.9768343
5.5880666
8.916007
10.567680578193796
0.6607997
4.9703627
10.443508
11.584818646456624
0.30645782
4.3382936
13.148955
13.849538725184699
-0.21547815
3.916914
14.518439
15.039073153405317
-0.7038953
4.4196963
13.115437
13.857989356993846
-0.6464345
5.161899
11.568783
12.684628918144023
-0.35913026
5.2289367
9.950302
11.246299982912783
-0.36391866
4.074931
9.68694
10.515432007422918
-0.49799395
1.8387469
11.401189
11.559242573247934
-0.91458505
-0.06703765
11.678916
11.714863939003944
-1.3742718
-0.2825158
9.409213
9.5132394189973
-1.5514427
0.866701
7.038953
7.259821060539625
-0.80445176
2.0159178
7.2783732
7.595115758580015
0.11492168
1.8195933
9.370906
9.546622464949646
0.1436521
1.4891934
10.409989
10.516949007704852
-0.24420857
1.70946
10.189722
10.33500481489611
-0.4165911
2.1164744
8.767567
9.029022047583126
-0.47884035
2.4612393
7.1586633
7.585080570806417
-0.48362875
2.920926
6.0238113
6.712079378442982
-0.50278234
3.2369606
5.4779334
6.382668763203327
-0.272939
3.514688
5.4300494
6.4740222325218735
-0.15322891
3.4045548
5.9041014
6.817102399981676
-0.009576807
3.323152
6.646304
7.4308000407496815
0.1436521
3.3662477
7.489063
8.21208355688219
0.15801731
3.4811692
7.7093296
8.460335129757716
-0.08619126
3.5577838
7.513005
8.31327231125001
-0.34955344
3.5098996
7.61835
8.39528692721887
-0.6368576
3.5434184
7.6614456
8.465172719438268
-0.90500826
3.8259344
7.479486
8.449824169970519
-0.89543146
4.1419687
7.2304893
8.38079223748161
-0.59376204
4.2281604
7.632715
8.745755283200692
-0.47884035
4.3478703
8.532935
9.588756143774104
-0.1388637
4.232949
9.854534
10.726089144804138
-0.076614454
3.845088
11.180922
11.823856122619153
-0.4213795
3.6056678
12.200851
12.729461283585904
-0.8283938
3.6296098
12.378023
12.925778889014593
-0.3878607
3.6583402
12.804191
13.32220649566302
0.61770403
3.2465374
14.403518
14.777783622517461
1.412579
2.825158
15.375564
15.6966511453155
1.364695
2.183512
14.954184
15.174245317223049
1.1252748
1.6184803
12.698846
12.850930241856217
0.5793968
1.6567876
9.3182335
9.482094605256126
-0.076614454
1.8243817
6.751649
6.9942120737763585
-0.31124622
1.9009962
7.1730285
7.427179950301471
0.6512229
1.5466543
9.466674
9.614267682273375
1.3120226
1.2737153
10.342952
10.503352038884271
1.283292
1.7525556
9.662998
9.904131834369842
0.9911995
2.2122424
8.09719
8.452276557467004
0.31124622
2.2122424
6.6079965
6.975421807992264
-0.3878607
2.2122424
5.746084
6.169435583974006
-0.8475474
2.3415294
5.631162
6.157197676007775
-0.90500826
2.6767175
5.81791
6.467761272849235
-0.62249243
3.0262709
5.9807158
6.7316248825651535
-0.1340753
3.3566709
6.3781533
7.208748630915803
0.17717093
3.6966474
6.8043213
7.745668492881123
0.22984336
3.8259344
7.005434
7.985405961754445
0.009576807
3.4715924
7.374141
8.150460596467559
-0.30166942
2.8778305
7.9391727
8.450051699147274
-0.22505496
2.5187001
8.556877
8.922704013449124
0.095768064
2.5953147
8.978256
9.346331491741326
0.38307226
3.4715924
8.719683
9.3931659935728
0.6847417
4.2760444
8.542512
9.577470218748562
0.92416185
4.8602295
8.422802
9.768290651813182
0.8810662
5.2528787
8.327033
9.884760415121626
0.6799533
5.267244
8.461109
9.989822931104646
0.1436521
4.7022123
8.815451
9.992177574027517
-0.18195933
3.4284968
9.677363
10.268352175324159
-0.29209262
2.7629087
12.162544
12.4758354075473
-0.4213795
2.906561
14.121001
14.423187427586493
-0.63206923
3.7062242
13.153744
13.680518473119335
-0.521936
4.654328
10.7116585
11.690800002031512
0.15322891
4.88896
10.113108
11.233893159977317
0.5363012
3.0933087
12.143391
12.542651233913265
-0.36870706
1.316811
12.5982895
12.6722862092266
-1.1492168
0.59376204
10.898406
10.97490360852015
-1.091756
0.9816227
9.624691
9.736025454485553
-0.34955344
1.3503298
9.5385
9.639945972338714
0.023942016
1.460463
9.782708
9.891152607373105
-0.01436521
1.5370775
9.461885
9.585931928737175
-0.05746084
1.4508862
8.911219
9.028742775489677
-0.1340753
1.460463
8.236053
8.365614457350006
-0.17717093
1.733402
7.5225816
7.721742366576422
-0.11492168
2.0925324
6.5840545
6.90953489866497
-0.02873042
2.504335
5.583278
6.119274032020063
0.01436521
2.954445
4.865018
5.691867032115147
0.05267244
3.2513258
4.9224787
5.899550094261194
0.24420857
3.2082303
5.9663506
6.778622166439268
0.2825158
3.1268275
7.1059904
7.768652588654798
0.2825158
3.3423057
7.345411
8.075015740630217
0.08140286
3.4141316
7.489063
8.230976713679416
0.08140286
3.3183637
8.384495
9.017644751825012
0.08140286
3.2609026
9.437943
9.98573430080969
0.08619126
3.5290532
9.706094
10.32811244207822
0.11971009
3.98874
9.227253
10.053187260599481
0.44532153
4.285621
9.112331
10.079654831804525
0.6560113
4.6782703
9.251195
10.38754910711072
0.32561144
4.936844
9.653421
10.847441734690259
-0.32561144
4.6016555
10.429143
11.403871220274006
-1.1204864
4.295198
10.850522
11.723396865141826
-1.1731589
3.9360676
10.812215
11.566024325634626
-0.06703765
3.3279405
12.047623
12.498995931353534
1.1827357
2.7102363
14.499286
14.797754086380019
1.6663644
1.8100165
15.773001
15.963724021015292
1.2449849
0.89064306
14.33648
14.41797139579358
0.5267244
0.8283938
11.03727
11.080839139375449
0.47884035
1.484405
9.02614
9.15991012795683
1.067814
1.6328455
9.074024
9.281396729821846
1.4317327
1.3120226
9.275137
9.476256161964384
1.316811
1.5179238
8.978256
9.200389721120938
0.82360536
2.135628
8.101978
8.419102483109096
0.2873042
2.753332
6.8809357
7.416916775147399
0.095768064
2.7629087
5.803545
6.428372328566364
-0.05746084
2.6862943
5.6551046
6.26096541739081
0.062249243
2.9400797
5.7987566
6.501809088502972
0.21068975
3.3087866
5.884948
6.75463312582932
0.39743748
3.514688
6.373365
7.28908552716084
0.45010993
3.4237084
6.7564373
7.587741562644604
0.37349546
3.2944214
6.8186865
7.5820309984383005
0.23942018
3.3183637
6.9383965
7.694816767027334
0.16759412
3.2225955
7.2687964
7.952899562436037
0.038307227
3.1603463
7.73806
8.358637982258655
0.090979666
3.2513258
8.231265
8.850600106965514
0.29688102
3.4715924
8.418014
9.110600645864023
0.48362875
3.9312792
8.408437
9.294657774602175
0.59855044
4.6686935
7.97748
9.262567179612569
0.56982
5.1475334
7.575254
9.176397349207742
0.6847417
5.5880666
7.752425
9.580994516886918
0.62728083
5.4779334
8.523358
10.15129912382485
0.48362875
4.7022123
9.797073
10.877837063146481
0.23942018
4.1611223
11.405977
12.143663652066918
-0.24420857
4.175488
12.617443
13.29263758127737
-0.5793968
4.477157
12.464214
13.256593611102435
-0.7230489
4.6255975
11.8896055
12.778171905483733
-0.51235914
4.19943
12.459426
13.1580777382422
0.038307227
3.2321723
13.469779
13.852197003234044
-0.019153614
2.4420857
12.899959
13.12909278634964
-0.37349546
2.0638018
10.673351
10.877462875523797
-0.30645782
1.9967642
9.351752
9.56745812025391
0.009576807
2.1021092
9.251195
9.487020761400604
0.11971009
2.1787236
9.653421
9.89695481755093
0.0047884034
2.2170308
9.313444
9.573687223872883
-0.07182605
2.408567
8.437167
8.774516609114876
-0.009576807
2.633622
7.6375036
8.07883141858052
-0.15801731
2.7485435
6.919243
7.44683713403088
-0.33518824
2.882619
6.315904
6.950718563998128
-0.48362875
2.9592333
5.8226986
6.549410599841964
-0.5554548
2.9352913
5.659893
6.399910520881755
-0.48841715
3.0502129
5.8562174
6.620999261862663
-0.25378537
3.2752678
6.033388
6.8697567452754695
-0.06703765
3.3806129
6.459556
7.291015101794784
-0.10055647
3.347094
6.9479733
7.712812974412869
-0.45489833
3.2992098
7.240066
7.9693332832638095
-0.7469909
3.265691
7.5848308
8.291706436547473
-0.6560113
3.3901896
8.255207
8.948306080016494
-0.11492168
3.9264908
8.652645
9.502568349494593
0.38307226
4.6399627
8.542512
9.728849113123195
0.7230489
5.1810527
8.451532
9.939542740372683
1.1300632
5.3486466
9.002198
10.532076568313597
1.2641385
5.57849
9.667787
11.23315117421351
0.6847417
5.81791
10.25676
11.811776598219677
-0.10055647
5.6790466
10.079589
11.569779697388094
-0.62249243
5.4300494
9.385271
10.86076633679057
-0.33039984
4.984728
9.188946
10.459129718586286
0.80924016
4.10845
9.902418
10.751377461031229
1.7908629
2.9352913
12.152967
12.63003288645325
1.5945383
1.6089035
14.082694
14.26370864815368
0.4405331
0.36391866
13.431472
13.443620857955677
-0.272939
0.5410896
10.79785
10.814843072762386
0.12449849
1.412579
8.643068
8.758624812489517
0.9911995
1.9057846
8.365341
8.636748784434435
1.4556746
1.9967642
9.758766
10.066756017764183
1.0103531
2.0973208
9.902418
10.172386894881662
0.46926352
2.528277
8.810662
9.17824373619783
0.22984336
3.0597897
7.6375036
8.230832577536345
0.2825158
3.394978
6.3446345
7.201394094499819
0.0047884034
3.5003228
5.6646814
6.658896050130631
-0.32561144
3.4715924
5.913678
6.86509768267189
-0.29688102
3.2992098
6.83784
7.597959003447334
-0.10055647
3.3614593
7.4986396
8.218218536018723
0.36870706
3.5290532
7.455544
8.256833569725414
0.7565677
3.8546648
7.4268136
8.401689958873694
0.7038953
3.9073372
7.2592196
8.273996768308086
0.17238252
3.6343982
7.350199
8.201462815228165
-0.11492168
3.2704794
7.680599
8.34870312150547
0.0
3.371036
8.154651
8.823956773169598
0.4405331
3.514688
8.42759
9.141738380375713
0.7374141
4.0462008
8.226477
9.19730606442851
1.0486604
4.5441947
7.896077
9.170464948309004
1.1587936
4.8985367
7.819463
9.299594616001961
0.94331545
5.0996494
7.819463
9.382977562817462
0.5793968
5.070919
8.269572
9.717805577354273
0.49320555
4.548983
9.524135
10.566249926639395
0.22026655
4.084508
10.984597
11.721480150724487
-0.23942018
3.763685
12.172121
12.74296585222363
-0.16759412
4.0078936
12.579136
13.203255592919238
0.23463176
4.9176903
11.836933
12.819973287331399
0.39743748
5.2145715
11.046846
12.22221430768614
0.1388637
4.4196963
11.200075
12.041373454993296
-0.4357447
3.0502129
11.267113
11.68081751431527
-0.94810385
2.3702598
10.0987425
10.41641133313365
-0.79008657
2.3175871
8.887277
9.2184127487305
-0.33997664
2.3463178
8.8777
9.188816106042392
-0.30645782
2.3702598
9.279925
9.582747820230521
-0.6943185
2.2505496
8.983045
9.286664725488523
-0.82360536
2.1404164
8.384495
8.692494226146028
-0.81881696
2.1739352
7.776367
8.115931218201286
-0.8858546
2.3463178
7.3071036
7.725523166162792
-0.7230489
2.5474305
6.7133417
7.216727894206864
-0.5793968
2.7629087
6.1387334
6.75673085635608
-0.34955344
2.992752
5.57849
6.340213184322452
-0.10055647
3.2944214
5.5880666
6.487666239289894
-0.08619126
3.3614593
6.2392898
7.087705751153995
-0.10534488
3.1268275
7.0485296
7.711674091749682
-0.34476504
2.96881
8.101978
8.635667037248638
-0.50757074
3.0023289
8.99741
9.498683637469277
-0.49799395
3.2082303
9.356541
9.903817151848378
-0.34955344
3.572149
9.399636
10.061590497158962
-0.23463176
4.0701427
9.279925
10.135981879527478
-0.06703765
4.280833
8.959103
9.929528836138946
0.36870706
4.4915223
9.045294
10.105793007336382
0.7038953
4.4101195
9.940725
10.897827743919098
0.8714894
4.295198
10.290278
11.184724090406327
0.842759
4.5154643
9.888053
10.902901121658049
0.34955344
5.1379566
9.500193
10.806222493548711
0.16280572
5.3725886
9.380483
10.81132121633943
0.47405192
4.5298295
9.92636
10.921387406408554
1.1300632
3.5625722
11.563994
12.152980335303495
1.2066777
3.0502129
13.733141
14.119456055621995
0.7613561
1.9919758
14.168885
14.3284663135806
-0.2873042
1.2258313
11.894394
11.960845010052266
-0.5554548
1.4987702
9.002198
9.142998072696079
-0.10055647
2.0398598
7.9391727
8.197658613926802
0.5602432
2.0829554
8.959103
9.215101237659438
1.0486604
2.1260512
10.036493
10.312661279515371
1.0007763
2.552219
9.816227
10.191844177779634
0.770933
3.1172507
8.614338
9.193389458138054
0.29209262
3.2561142
7.326257
8.022570718303191
-0.21547815
3.0454245
6.5265937
7.205377520294196
-0.2873042
3.0358477
6.2632318
6.966131291359432
-0.07182605
3.1794999
6.3589997
7.109940793505823
0.320823
3.490746
6.38773
7.286379861215965
0.90979666
3.715801
6.2871737
7.359582853520438
1.1971009
4.050989
6.4020953
7.670096943030024
1.1875241
4.1180267
6.6893997
7.944584605915332
0.79487497
3.8881836
6.6415157
7.736893923784313
0.320823
3.6774938
6.670246
7.623586554926049
-0.009576807
3.4237084
7.153875
7.930939133055213
-0.07182605
3.241749
7.824251
8.469533736220924
0.15801731
3.4476504
8.149862
8.850509594399997
0.48362875
4.3861775
8.298303
9.398631511661268
0.8523358
5.2049947
8.169016
9.723747710180987
0.93373865
5.8083334
7.680599
9.674719865079993
0.61770403
5.985504
7.374141
9.517656081342446
0.51235914
5.66947
8.288726
10.05526643996622
0.37349546
5.070919
9.80665
11.046452321298398
-0.090979666
4.654328
10.884041
11.837795079067064
-1.0151415
4.8362875
10.998962
12.058083155492238
-1.484405
4.7884035
10.673351
11.79206040514688
-1.6472107
4.644751
10.903194
11.965226972111337
-1.2689269
4.232949
11.190498
12.031429457874268
-0.46926352
3.7445314
12.028469
12.606577509728366
-0.31124622
3.1172507
12.406754
12.796158357146565
-0.80445176
2.585738
11.147403
11.471607486325205
-1.0486604
2.27928
9.653421
9.974134181027084
-0.866701
2.0350714
9.490616
9.744971910634863
-0.4309563
1.934515
10.199299
10.39008016663686
0.04309563
2.1404164
9.782708
10.014220616852231
0.30645782
2.3702598
8.599973
8.925894077514466
0.33039984
2.8491
7.1155677
7.671886187698691
-0.023942016
3.1411927
5.9567738
6.734301644122663
-0.37349546
3.0885203
5.257667
6.109133976623522
-0.7422025
2.801216
5.161899
5.919702458507997
-0.90021986
2.542642
5.3007627
5.947563236601116
-0.91937345
2.5091233
6.081272
6.642501171084679
-0.45489833
2.6240451
6.9527617
7.445363479872028
-0.23463176
2.7102363
7.5800424
8.053413889820995
-0.32561144
2.7102363
8.025364
8.47690181492524
-0.40222588
2.9113493
8.590396
9.079242263299488
-0.320823
3.323152
9.227253
9.812668719936823
-0.02873042
3.9121256
9.270349
10.062053030761051
0.40222588
4.572925
9.030929
10.13070103771822
0.7422025
5.0134583
8.863335
10.210011330055579
0.9576807
5.4300494
8.743625
10.336999632454631
0.9864111
5.506664
8.734048
10.372075415522824
1.0821792
5.209783
9.313444
10.72628510429738
1.2018893
5.046977
10.70687
11.897629548241428
0.545878
5.0661306
10.769119
11.913756399756307
-0.08619126
4.7309427
9.998186
11.061327511135078
-0.12928689
4.0222588
9.821015
10.613558364412246
0.34955344
2.6479871
10.67814
11.00712008224144
0.60333884
1.8722657
12.943054
13.091679010966159
0.34476504
1.0726024
14.00608
14.051320425956083
-0.18674773
0.56982
12.368446
12.382973924421009
-0.22984336
1.2066777
10.089166
10.163668789814187
0.2681506
2.087744
8.944737
9.189064774937016
0.8379706
2.7102363
8.647857
9.101263658586397
0.9959879
3.0885203
8.6334915
9.223238611960772
0.9672575
3.193865
8.384495
9.024195889396202
0.6607997
3.1842883
7.920019
8.561720318345508
0.2633622
2.9975405
7.52737
8.106535133164746
-0.21068975
2.920926
7.445967
8.001164351608166
-0.49799395
2.9161377
7.2209125
7.8034244160616755
-0.45489833
2.873042
6.895301
7.483747547583165
-0.23942018
3.016694
6.823475
7.46442061202624
0.12449849
3.3135753
7.216124
7.9415191327134576
0.2777274
3.4141316
7.2927384
8.05713705856903
0.18674773
3.2944214
7.0102224
7.7479873012582425
-0.19632454
2.9352913
7.0581064
7.646655988655295
-0.4213795
2.6862943
7.651869
8.120642799528808
-0.45968673
2.8874073
7.872135
8.397555822179516
-0.29688102
3.4620156
7.7332716
8.478041165672407
0.19153613
4.367024
7.848193
8.983413671394981
0.8762778
5.195418
8.111555
9.67251550282261
1.3120226
5.770026
8.274361
10.172494520784497
1.2880806
5.961562
8.384495
10.36817873346247
0.58418524
5.746084
8.839393
10.559054021368196
-0.17238252
4.8698063
10.151415
11.260370857270276
-1.1061212
4.3239284
11.219229
12.074392514319044
-1.4939818
4.4005427
11.530476
12.431758916611205
-1.4987702
4.927267
11.013328
12.158028519077554
-1.0869676
5.3247046
10.290278
11.637173749077176
-0.11971009
4.8219223
10.888829
11.909318343352835
0.076614454
3.8307228
11.683704
12.29590398306453
-0.82360536
2.72939
11.209652
11.566511788187874
-1.5945383
1.9201498
9.763555
10.077525796746047
-1.5945383
1.6950948
9.131485
9.423370900501475
-0.8714894
1.541866
9.868899
10.026565361052265
-0.272939
1.4030021
10.390836
10.488678414267914
-0.009576807
1.4700398
10.007763
10.115158384236185
0.06703765
1.7669208
9.461885
9.625683252433141
0.08619126
2.2744915
8.154651
8.466349243862018
-0.038307227
2.8778305
6.6367273
7.233914914753731
0.033518825
3.323152
5.195418
6.1674006600917055
0.19632454
3.4715924
4.4580035
5.65369724394976
-0.033518825
3.6008794
4.6495395
5.880958619637505
-0.23942018
3.4237084
5.5880666
6.557864631989146
-0.25378537
3.241749
6.3925185
7.172003717867243
-0.22026655
3.4476504
7.0964136
7.892648207125131
-0.41180268
3.6152446
7.565677
8.395180145929995
-0.7086837
3.6822822
7.762002
8.620331316110287
-0.7757214
3.6391866
8.1881695
8.99397245533606
-0.8571242
3.6104562
8.920795
9.66181385520629
-0.94331545
3.5577838
9.481039
10.170435931109767
-0.9720459
3.7588966
9.41879
10.187628809576777
-0.36391866
4.2281604
8.7771435
9.7492573773175
0.22026655
4.7788267
8.714894
9.941583526169888
0.50278234
5.2480903
9.064447
10.486155147053013
0.18674773
5.6551046
9.356541
10.93434664364714
-0.31603462
5.793968
9.715671
11.316545806224397
-0.05746084
5.0182467
10.515334
11.651538377296673
0.5650316
3.572149
12.373235
12.890944598310814
1.0630256
2.8395233
14.800955
15.108315084495121
1.1492168
2.2505496
15.725117
15.926862929295106
0.90979666
2.1260512
13.632585
13.82733489974433
0.46447513
2.528277
9.667787
10.003700334663279
0.038307227
3.0597897
7.0581064
7.692895995898485
0.023942016
2.791639
7.493851
7.996976280987201
0.34955344
2.087744
9.5385
9.770560081147671
0.770933
1.6280571
10.572795
10.72515268639493
1.1013328
1.8579005
10.520123
10.739539446341787
0.89543146
2.5139117
8.63828
9.041096846618855
0.2873042
2.882619
6.531382
7.144997357847821
-0.33039984
2.8778305
5.45878
6.1797532416896575
-0.5650316
2.906561
5.544971
6.286021076493547
-0.272939
3.2609026
6.0046577
6.838413335134011
0.2777274
3.8115692
6.0860605
7.186468166424398
0.81881696
4.2904096
6.445191
7.7857922391376215
1.0103531
4.1946416
7.2113357
8.403522715549814
0.7565677
3.787627
8.039729
8.919403321704563
0.23463176
3.4284968
8.571242
9.234491492761407
-0.06703765
3.323152
8.652645
9.269094194026424
-0.07182605
3.5194764
8.384495
9.093493690680244
0.17717093
4.1036615
8.226477
9.194908839775266
0.48841715
4.7405195
7.752425
9.100064422044031
0.5793968
5.195418
7.2304893
8.9223341948927
0.56982
5.683835
6.540959
8.684170530917653
0.4357447
6.157887
6.253655
8.787357039394323
-0.1436521
6.033388
6.459556
8.840150997201366
-0.60812724
4.8937483
8.00621
9.403084561332953
-0.90979666
3.6966474
9.993398
10.693967056078131
-1.388637
3.1364043
12.157756
12.632354105203742
-1.9536686
3.6966474
13.196839
13.843359259264158
-1.8626889
4.7022123
12.516887
13.50010624596502
-1.4221559
5.391742
11.473015
12.756311387882054
-0.8523358
5.267244
11.291056
12.488325236472425
-0.7038953
3.9839516
12.698846
13.327716280002152
-1.3503298
2.5809495
11.942278
12.292383481261501
-1.7669208
2.0590134
9.3661175
9.751189721709322
-1.3694834
2.1930888
7.929596
8.34048043529877
-0.44532153
2.231396
8.552089
8.849613470052573
0.095768064
2.3894134
9.390059
9.689772210214224
-0.05746084
2.4372973
8.848969
9.178669740787562
-0.3878607
2.6479871
7.680599
8.133503381587838
-0.6751649
2.7868507
7.015011
7.57844061440057
-0.842759
2.681506
7.2592196
7.784406519657183
-0.8523358
2.432509
7.393295
7.829711753245838
-0.81402856
2.4229321
7.2304893
7.66897758264333
-0.6799533
2.6144683
6.679823
7.205401873740935
-0.51235914
2.906561
6.2967505
6.954112190717373
-0.3878607
3.0550013
6.339846
7.048199514347119
-0.36870706
3.1411927
6.5744777
7.295669358039462
-0.2633622
3.3183637
6.981492
7.734476601289737
-0.0047884034
3.6870706
7.469909
8.330309611745475
0.33039984
4.003105
8.010999
8.961591355831075
0.37828386
4.185065
8.250419
9.258902312568775
0.25857377
4.4244847
8.772355
9.828384274700083
0.12449849
4.644751
8.825027
9.973480919682627
0.062249243
4.817134
8.604761
9.861570473539691
0.06703765
5.080496
8.465898
9.873568660482476
-0.11492168
5.305551
8.2169
9.781590854933583
-0.51235914
5.463568
8.461109
10.084813369287474
-0.8619126
5.2480903
9.749189
11.105495886244546
-1.2785037
4.8123455
10.6158905
11.725628840454638
-1.0199299
4.390966
10.572795
11.493686435641933
0.10534488
4.1276035
11.750742
12.45504489395951
1.0055647
4.012682
13.737929
14.347246263370433
1.2306197
3.3662477
14.642938
15.07520059480579
0.60333884
2.255338
13.804967
14.000988516649793
-0.009576807
2.1404164
10.898406
11.106607384800169
-0.1388637
2.3080103
8.154651
8.47611515956704
0.5315128
2.4372973
7.5944076
7.993619281573898
1.3215994
2.3942018
9.107543
9.50926760319222
1.3742718
2.408567
9.734824
10.122085717019754
0.7230489
2.585738
8.710106
9.11453692324494
-0.14844051
2.882619
6.8091097
7.395640826518232
-0.7517793
3.0597897
5.650316
6.469432555230012
-1.0582372
2.9831753
4.984728
5.904804355568359
-1.163582
3.0789435
5.0278234
6.0093946023146225
-0.8810662
3.3614593
5.66947
6.649704844872875
-0.50278234
3.6248214
6.2488666
7.241578044575892
-0.16759412
3.8307228
6.655881
7.681359048042942
-0.15801731
3.9264908
7.1155677
8.128566956668498
-0.35913026
3.7828386
7.4603324
8.372299442161559
-0.6464345
3.4045548
7.833828
8.566080277655713
-0.7038953
3.241749
8.676587
9.289110137072974
-0.6560113
3.3614593
8.920795
9.555644850597064
-0.45968673
3.7732618
8.887277
9.666048972904184
-0.110133275
4.156334
8.590396
9.543696247341668
0.2873042
4.6351743
8.389283
9.588923628847155
0.63206923
5.104438
7.967903
9.48379017065311
0.7517793
5.439626
7.383718
9.201847421669177
0.56982
5.722142
6.981492
9.044823817555818
0.16280572
5.544971
7.632715
9.43565340481417
-0.34476504
4.7022123
9.323022
10.447411496749895
-0.89064306
4.2425256
10.668563
11.515663426411464
-1.340753
4.462792
11.525687
12.432038761544893
-1.4460979
4.8362875
11.951855
12.974117041737188
-1.6280571
4.9416323
12.196063
13.25949677630121
-1.6280571
4.429273
12.770672
13.614664339711346
-1.091756
3.5338416
13.713987
14.203993029030604
-0.6655881
2.96881
13.464991
13.804448745813113
-0.91458505
2.8395233
9.854534
10.296174414828373
-0.866701
2.9352913
7.493851
8.094745825110541
-0.36870706
2.719813
7.776367
8.246527200977685
-0.22026655
2.504335
9.208099
9.545119503466115
-0.41180268
2.4372973
8.676587
9.021816091473983
-0.41180268
2.7246015
7.7428484
8.218560626382898
-0.21547815
2.9879637
7.627927
8.195097448620292
-0.22984336
2.7246015
7.8912888
8.351569808228795
-0.40701428
2.5091233
7.3549876
7.781851013749576
-0.49799395
2.719813
6.277597
6.859562969021901
-0.4165911
2.96881
5.2768207
6.06895527831323
-0.2873042
3.2321723
4.9176903
5.891787305547324
-0.04309563
3.4811692
5.243302
6.293854928680931
0.21547815
3.5769374
6.253655
7.207573235040804
0.22505496
3.4524388
7.249643
8.03288899481546
0.090979666
3.3662477
7.943961
8.628233814762268
0.038307227
3.572149
8.379706
9.109401800989733
-0.1388637
3.7924154
8.528147
9.334397754826634
-0.15322891
3.8833952
8.719683
9.546575713266044
-0.20111294
4.1371803
8.738836
9.67077886874799
-0.090979666
4.6495395
8.451532
9.646496436201712
0.11971009
4.9176903
8.130709
9.502969378144556
0.49799395
5.1140146
8.259995
9.727726461479836
0.2873042
5.133168
9.011775
10.375165087753762
-0.36870706
4.644751
9.964667
11.000193160701947
-1.13964
4.3382936
10.400413
11.326435757671353
-1.388637
3.9552212
10.409989
11.222297978748744
-0.5410896
3.2369606
12.196063
12.629910864194569
0.61770403
2.873042
15.136143
15.418778778284352
1.1540052
2.2888567
16.802507
16.996906672267787
1.0486604
1.7046716
15.461755
15.59074908107945
0.7182605
2.0015526
11.405977
11.602517979383357
0.7230489
2.3415294
8.590396
8.933110366240287
1.1731589
2.1452048
8.508993
8.853313761003912
1.4987702
1.8100165
9.643845
9.926036820917744
1.3694834
2.0446482
8.901642
9.235545231080406
1.067814
2.743755
7.1251445
7.709481423597879
0.79487497
3.1890767
5.9807158
6.82429449326526
0.25857377
3.4476504
5.0421886
6.113658447328874
-0.39743748
3.1507695
5.0421886
5.958940523949601
-0.5793968
2.906561
5.913678
6.614785435109673
-0.4165911
3.1364043
6.4978633
7.22722679590338
-0.21547815
3.2321723
6.8043213
7.5360573268904805
-0.14844051
3.074155
7.28795
7.911174461858796
-0.22505496
2.815581
8.020576
8.50339799167281
-0.51714754
2.552219
8.307879
8.70644152472395
-0.61770403
2.3558946
8.48984
8.832280462124212
-0.37349546
2.566584
8.652645
9.033001898096536
0.34955344
3.3039982
8.418014
9.049947108330203
1.067814
4.175488
8.202535
9.265878606352247
1.4556746
4.951209
8.12592
9.626216266623995
1.4317327
5.4539914
7.8912888
9.698882473152633
1.1540052
5.837064
7.2592196
9.38612295888024
0.9672575
5.9184666
6.991069
9.210802486552899
0.45968673
5.415684
7.0820484
8.927281653843503
-0.10534488
4.606444
7.7907324
9.051294594580966
-0.08619126
3.9695864
9.3661175
10.17296438638897
-0.30166942
3.7972038
11.362882
11.98435844808179
-0.92416185
4.76925
12.842498
13.73060710723321
-1.115698
5.755661
12.023681
13.376894807737168
-1.2593501
6.215348
10.314221
12.107835083538108
-1.1013328
5.6407394
10.79785
12.232106745152475
-0.6895301
3.3423057
13.455414
13.881448432915894
-0.80445176
1.4939818
14.733917
14.831299260150494
-1.484405
0.58418524
11.195287
11.308367401124205
-1.6089035
1.5753847
7.2544312
7.59586609292582
-0.90021986
2.5378537
5.779603
6.376120375374023
-0.1436521
2.7006595
7.1251445
7.621147057812665
-0.033518825
2.3127987
8.796297
9.095328387371238
-0.35434186
1.8674773
9.131485
9.327220777075903
-0.56982
1.4652514
9.155427
9.289429627679903
-0.7517793
1.3215994
9.356541
9.479274830183602
-0.8762778
1.4221559
8.6334915
8.793609500893204
-0.9959879
1.7908629
7.0820484
7.372556637261521
-0.6703765
2.2936451
6.2345014
6.676767168182161
-0.1340753
2.753332
5.899313
6.51158254534741
0.23942018
3.3183637
5.889736
6.764454940863503
0.47884035
3.7684734
5.899313
7.016592795858302
0.58418524
4.074931
6.244078
7.478960663093345
0.7038953
4.285621
6.7085533
7.991664835823918
0.770933
4.5394063
7.28795
8.620600808573684
0.6943185
4.7070007
7.8386164
9.169615069082056
0.545878
4.630386
8.413225
9.618773985715707
0.34476504
4.510676
9.227253
10.276539010207683
-0.10055647
4.510676
9.591172
10.599381741901123
-0.48362875
4.5777135
9.308656
10.384624383384523
-0.7086837
4.783615
8.99741
10.214626401846369
-1.0821792
5.0278234
9.121908
10.471834827096734
-1.5610195
4.88896
9.41879
10.726243849964733
-2.0638018
4.4484267
10.0029745
11.140344560044088
-2.5474305
3.964798
10.716447
11.706889179985472
-2.303222
3.5673606
11.204864
11.98248156693567
-1.316811
2.8874073
12.694057
13.084731754152433
-0.2873042
2.5809495
14.729129
14.956305888000207
0.41180268
1.8866309
16.352398
16.46602114340079
1.0055647
1.0869676
16.299725
16.36684721454137
1.1779473
1.8195933
13.278243
13.454003990956442
1.2449849
2.9975405
8.829816
9.407490898734137
1.5275006
3.6056678
6.1387334
7.281356090378535
1.8195933
3.217807
6.622362
7.584252214479159
1.8770541
2.504335
8.322245
8.891275445780227
1.4460979
2.4660277
8.154651
8.641228046033428
0.9816227
2.7820623
6.83784
7.447114260115971
0.4405331
2.9975405
5.755661
6.504379264424739
-0.21547815
2.8491
5.281609
6.004931013106476
-0.92895025
2.4947581
5.0613422
5.718736992492891
-1.2306197
2.2649148
5.707777
6.262825585465785
-1.067814
2.5570073
6.2871737
6.870739813315258
-0.6751649
3.0214825
6.5936313
7.284310544914055
-0.4261679
3.2704794
6.933608
7.678058067219455
-0.48362875
3.4045548
7.417237
8.175591347681056
-0.5746084
3.620033
7.848193
8.66192507026305
-0.6703765
3.7541082
7.9343843
8.80324896744449
-0.50278234
4.1276035
7.9822683
9.000361541267948
-0.076614454
4.5298295
8.169016
9.34120128151813
0.50278234
4.841076
8.480263
9.777712441235735
0.89543146
5.1571107
8.585608
10.055359006568416
0.9672575
5.530606
8.322245
10.039070859675508
0.8714894
5.7843914
7.560889
9.559587421532473
0.6799533
5.803545
7.0724716
9.174057449031208
0.29209262
5.693412
7.1347213
9.132606993517616
-0.24899697
5.1523223
7.4363904
9.050321828272876
-0.80924016
4.5058875
8.576031
9.721429682323448
-1.3311762
4.2521024
9.864111
10.823727814448658
-1.8483237
4.525041
10.912771
11.957461299845578
-2.4181437
5.4779334
10.6877165
12.250814605408644
-2.8395233
6.325481
9.768343
11.97894474432118
-2.8443117
6.766014
9.385271
11.914376276605791
-2.8299465
6.0477533
10.070012
12.082593241860051
-2.3798366
4.122815
11.999739
12.909490811140836
-2.2457612
2.3223755
14.226347
14.588551022046417
-2.7341783
0.5746084
14.580688
14.845955325487383
-2.9017725
0.062249243
11.602302
11.959831400930026
-2.3558946
1.3599066
8.690952
9.106713771595846
-1.532289
2.2936451
6.8522053
7.386571308764499
-1.0199299
2.4277205
6.445191
6.962368219796145
-0.6991069
2.1308396
7.393295
7.725932744574059
-0.6607997
1.8148049
8.508993
8.72543024352211
-0.5363012
1.6136919
8.259995
8.433216505284328
-0.18674773
1.8914193
7.675811
7.90761750347719
0.06703765
2.4947581
6.7947445
7.238567941570111
0.30166942
2.9161377
6.066907
6.738117072275274
0.4405331
3.2225955
5.568913
6.4491847387996275
0.58897364
3.7301662
5.2624555
6.4772268582656185
0.9576807
4.2185836
5.6120086
7.0857773397865955
1.316811
4.4005427
6.363788
7.848347931035042
1.4269443
4.630386
7.393295
8.839539081415671
1.091756
4.6351743
7.943961
9.261926746003763
0.45010993
4.3622355
8.197746
9.2970284585549
0.019153614
4.3382936
8.537724
9.576736523800218
-0.18195933
4.405331
8.408437
9.49430676573672
-0.033518825
4.735731
8.049306
9.339143670175948
0.33039984
4.9943047
8.298303
9.69092681326198
0.4213795
5.0613422
8.99741
10.331898702481546
0.320823
5.1571107
9.509769
10.822866068266789
0.062249243
5.2959743
9.56723
10.93540646816676
-0.5554548
5.48751
8.949526
10.512625959551196
-1.3072342
5.243302
8.221688
9.838558511364507
-2.0446482
4.6351743
8.255207
9.685756206461921
-2.4133554
3.964798
9.323022
10.414540147523317
-2.1021092
3.9264908
10.82658
11.706879404462361
-0.9959879
3.8738184
12.325351
12.95811463853255
0.2777274
4.3239284
14.053964
14.706712210184952
1.412579
5.281609
13.939042
14.972897777206645
1.6998832
5.023035
12.411542
13.496920199008308
1.0247183
3.6631286
11.468226
12.08258124455408
-0.11971009
2.030283
10.912771
11.100673868155411
-0.7038953
0.8475474
9.749189
9.811243450596617
-0.39264908
0.56982
9.32781
9.353443641728129
0.8475474
1.2880806
9.691729
9.813617618354474
2.054225
2.1452048
9.32781
9.789269033385885
2.7102363
2.542642
8.336611
9.12740304737115
2.992752
2.930503
7.240066
8.364386822651456
2.7102363
3.2321723
6.5984197
7.831440419578646
1.9249382
3.098097
6.066907
7.078908847412198
1.1540052
2.6144683
6.0956373
6.732307700928446
0.5554548
2.3223755
6.5457473
6.967694258156459
0.34476504
2.3127987
6.919243
7.303685801973228
0.47405192
2.456451
7.1490865
7.574187272288253
0.6847417
2.8107927
7.2783732
7.832250182024215
0.7182605
3.0597897
7.608773
8.232353063546936
0.58897364
3.098097
8.374918
8.948986008813373
0.37349546
2.8682537
9.016563
9.469149640906252
0.2681506
2.5713725
9.65821
9.99824355912468
0.24899697
2.3415294
10.093954
10.364973255790954
0.37349546
2.2840683
10.515334
10.767019948290917
0.6703765
2.4708161
11.243171
11.530968143150833
0.94331545
2.4468741
11.180922
11.484339126219481
0.8762778
2.6240451
9.993398
10.369255957695852
0.8619126
3.3423057
8.576031
9.244577003816463
1.043872
4.1659107
7.4842744
8.628953994888281
1.460463
4.501099
7.52737
8.89123983553409
1.8435353
4.1802764
8.561666
9.704403410650272
1.9919758
3.5338416
9.437943
10.272817382662804
1.70946
3.2513258
10.160992
10.804587936770123
1.0965444
3.241749
9.935937
10.508767237063225
0.62728083
3.1747115
8.90643
9.476116072414431
0.59376204
3.2704794
8.350976
8.988180664772914
0.7613561
3.3997664
8.504205
9.190188890244798
0.7757214
3.3566709
8.825027
9.473652492715487
0.59855044
3.2752678
8.614338
9.235391577002375
0.59376204
3.2273839
8.552089
9.160064631737987
0.62249243
3.2082303
8.470686
9.0792485656359
0.78050977
3.3662477
8.504205
9.179450628592837
0.91937345
3.4332852
8.475474
9.190558307279908
0.7374141
3.4284968
8.250419
8.964807580945555
0.7278373
3.2465374
9.284714
9.86284265732771
0.39743748
3.0071173
9.299079
9.781287440024192
0.22984336
2.954445
9.193734
9.659519666651633
0.2777274
2.873042
8.561666
9.035132606432532
0.2777274
3.1747115
8.264784
8.857910465782787
