0.25378537
3.8833952
9.074024
9.873351913252646
0.61291564
4.0940847
9.471462
10.336623949710775
0.7374141
4.1611223
9.461885
10.362721358674058
0.8379706
4.256891
9.356541
10.31349427025099
0.61291564
4.223372
8.743625
9.729517623376493
0.17717093
4.0414124
7.800309
8.78687820079606
-0.16280572
3.7924154
7.1490865
8.094341006112986
-0.30645782
3.6391866
7.067683
7.955484995656348
-0.41180268
3.5673606
7.216124
8.06027829809094
-0.2777274
3.5434184
7.752425
8.528367222707496
-0.023942016
3.5673606
8.111555
8.861374402361529
0.2825158
3.821146
8.010999
8.880150388526737
0.39743748
3.9552212
8.010999
8.943032426391632
0.41180268
4.10845
8.159439
9.144691853699669
0.33039984
4.213795
8.7053175
9.677178772837921
0.5315128
4.5681367
9.150639
10.241316303647087
0.56982
4.9224787
9.581595
10.787143147070527
0.5746084
5.1571107
9.251195
10.60710018529194
0.2825158
5.0757074
8.446744
9.858504025638736
0.2681506
5.1140146
8.853758
10.228102577527553
0.21547815
5.185841
10.141838
11.39281636156914
0.48841715
5.21936
11.722012
12.840787299906705
0.7278373
5.4683566
12.210428
13.39877687252413
0.90021986
5.7125654
12.440272
13.71875278064465
1.1204864
5.932832
12.449849
13.83664440070223
1.1971009
4.9943047
12.631808
13.635934344383443
0.79487497
2.9161377
13.699622
14.029088454920247
0.18674773
1.0247183
14.116213
14.15458888398421
0.076614454
-0.4165911
13.206416
13.21320690331919
0.81881696
-0.6368576
11.60709
11.653350714955
1.508347
0.05746084
9.892841
10.007333355406448
2.1499932
0.5793968
8.6334915
8.916016266771608
2.4372973
1.0869676
8.580819
8.986232399715647
2.27928
1.6041151
8.312668
8.76748262193196
2.327164
2.0111294
7.575254
8.175867101197603
2.054225
2.4420857
6.895301
7.597946953789402
1.5466543
2.6431987
6.339846
7.040759086432627
1.0965444
2.882619
6.5696893
7.257597264115425
0.48362875
2.9783869
7.1251445
7.73772393366318
-0.31603462
2.8538885
7.101202
7.659740913332187
-0.82360536
2.7102363
6.8761473
7.436740355606024
-0.78529817
2.7150247
6.1626754
6.7798688334602595
-0.56982
2.5570073
5.6790466
6.254162737264633
-0.2633622
2.5474305
5.1810527
5.779452317633296
-0.22026655
2.695871
5.45878
6.092168514733818
-0.33039984
2.815581
6.315904
6.922955086442945
0.19632454
3.0262709
7.043741
7.668842780835187
0.7613561
3.2944214
7.422025
8.155938504288896
0.8475474
3.8067808
7.7428484
8.669580214390429
0.7613561
4.5872903
8.389283
9.591817754444287
0.7613561
4.793192
9.916783
11.040694821372062
0.94810385
4.572925
12.363658
13.216299709182207
1.3311762
4.1946416
15.514427
16.12651492550632
1.5610195
4.8506527
16.548721
17.315477906961863
0.78529817
5.2049947
14.748282
15.65951802453518
0.30166942
4.735731
12.617443
13.480283114123162
0.110133275
2.944868
11.492168
11.863991865241463
-0.11492168
1.0582372
11.089942
11.140910568964463
-0.61291564
0.5410896
10.6398325
10.67119831939119
-1.2401965
0.10055647
10.151415
10.227386091740707
-1.6807296
0.15801731
10.34774
10.484538729394062
-1.5705963
0.8762778
9.89763
10.05970715925085
-0.9720459
1.6472107
8.767567
8.973761563939913
-0.20590134
2.5330653
7.445967
7.867734433570283
0.32561144
3.2034419
6.0716953
6.872666396384746
0.6560113
3.3375173
5.2049947
6.217824589102656
0.9576807
3.0693667
5.7269306
6.567792520328873
1.1444284
2.6479871
6.090849
6.739435759338318
0.8762778
2.3894134
5.8705826
6.3985075521768096
0.521936
2.552219
5.511452
6.096092673691113
0.18674773
2.5617957
5.439626
6.015580293563585
0.21068975
2.528277
6.2249246
6.722072613665273
0.04309563
2.480393
7.216124
7.630638914143239
-0.19632454
2.743755
7.565677
8.050230167486625
-0.45010993
3.5338416
7.0341644
7.88480215227172
-0.06703765
4.6495395
7.0581064
8.452193513834885
0.45968673
5.291186
7.3645644
9.079909866490622
0.5506664
5.5258174
8.09719
9.818471075864007
0.4309563
5.023035
10.668563
11.7997816938476
0.6560113
4.146757
13.9151
14.53464657044451
0.7565677
4.984728
16.505627
17.25849329519563
0.5602432
6.129156
15.289372
16.481666320704083
0.79487497
5.5880666
12.617443
13.822380295068008
1.2162545
3.3183637
12.354081
12.849674538375963
1.8148049
1.0726024
13.072341
13.24122645848941
2.4899697
0.320823
12.497733
12.747399756872907
2.4756045
0.61291564
9.840169
10.165294200206791
2.4277205
0.89064306
8.422802
8.810826785275983
2.4516625
1.043872
8.767567
9.163544232867261
1.8866309
1.3359646
10.007763
10.271294780112239
1.3551182
1.5897499
10.036493
10.251577860642357
0.81881696
2.030283
8.561666
8.837116462985598
0.21068975
2.4660277
6.172252
6.649991097121625
-0.30166942
2.6001031
4.630386
5.319023883729382
-0.6512229
2.767697
4.534618
5.352288991803621
-1.0151415
2.9113493
4.687847
5.610915798569144
-0.7230489
3.0119057
4.735731
5.658756269885871
-0.15801731
2.8538885
4.7070007
5.5068597497102205
0.521936
2.825158
5.3965306
6.113630680907955
0.7182605
2.681506
6.0238113
6.632697473973165
0.80924016
2.9975405
6.655881
7.344444729023804
0.90979666
3.4476504
6.646304
7.54237247206237
0.79487497
4.036624
6.655881
7.8247625930408375
0.6464345
4.759673
6.7947445
8.3211129676569
0.15801731
5.267244
7.589619
9.239650813518967
-0.25378537
5.1140146
9.543288
10.830138532574994
-0.19632454
4.232949
12.363658
13.06967623040365
0.51235914
3.7541082
16.213533
16.650360268484057
0.33518824
4.5298295
18.397045
18.949484882046843
-0.6799533
5.6215854
16.79293
17.721937750616288
-0.5267244
4.596867
13.867216
14.618765781976304
-0.51714754
2.4037786
12.694057
12.929991971490644
-0.41180268
1.1540052
12.368446
12.428989585018252
-0.9864111
1.3024458
10.089166
10.220598806019796
-1.115698
1.340753
8.652645
8.826702388141799
-1.2210429
1.5753847
8.566454
8.795278184057679
-1.067814
1.9919758
9.605537
9.867853983330322
-0.7757214
2.1404164
9.797073
10.05811967936229
-0.2873042
2.4133554
8.542512
8.881516763867277
0.33039984
2.5617957
6.6989765
7.179710877954323
0.93373865
2.4037786
5.3486466
5.937848211417663
1.163582
2.2122424
4.596867
5.2325068086378455
1.1587936
2.111686
4.2760444
4.907807509921652
0.79008657
2.2457612
4.0557775
4.702872741625674
0.7422025
2.3750482
3.964798
4.6809551069734665
0.6943185
2.5330653
4.4340615
5.1535813332547376
0.58897364
2.6623523
5.2480903
5.9141747326702045
0.31124622
3.0023289
6.0046577
6.720622808569053
0.06703765
3.6631286
6.7708025
7.69849137228715
0.01436521
4.31914
7.489063
8.645301257080842
0.21068975
4.9703627
8.772355
10.084795969240574
0.8283938
5.104438
10.553641
11.75248334898476
0.7182605
4.295198
13.163321
13.864978917432921
0.08140286
3.3183637
15.729905
16.076320773100086
0.10055647
4.3287168
16.328455
16.89278937913489
0.60812724
5.9184666
13.474567
14.729631228676856
1.508347
5.0517654
11.990162
13.098069236517624
2.0685902
1.7908629
13.776237
14.045317736433834
2.1930888
-0.5267244
15.14572
15.312736665103488
2.0207062
-1.0773908
13.120225
13.318570610997158
1.9967642
-0.59855044
10.208876
10.419523737414814
1.9057846
0.33039984
9.074024
9.277881974519048
1.8052281
1.0007763
8.748413
8.988611008862957
1.5849615
1.5753847
9.078813
9.349800931881935
1.1444284
2.078167
8.935161
9.244760214881945
0.5650316
2.231396
8.202535
8.51938751813075
-0.047884032
2.542642
7.0485296
7.493269888902287
-0.40222588
2.7581203
5.932832
6.554960442953978
-0.37349546
2.9975405
5.0517654
5.886007183686259
-0.12928689
2.7820623
4.9320555
5.66407596981157
0.05746084
2.3127987
5.8322754
6.274374771885735
0.11492168
2.255338
6.291962
6.684949156654131
0.48362875
2.231396
5.913678
6.339133400881379
0.45010993
2.2649148
4.999093
5.506665785437661
0.7613561
2.4995465
4.414908
5.13018592274478
1.2210429
2.825158
5.0613422
5.923651677845301
1.6089035
3.3183637
6.555324
7.521461552159609
1.4556746
4.122815
7.9487495
9.071891180714557
1.1540052
4.4436383
9.586384
10.629036170420598
1.1827357
4.237737
11.731588
12.52946356694454
1.0486604
4.074931
14.240712
14.849331290347987
0.5506664
4.0078936
16.184803
16.682754584813306
0.40222588
4.6255975
15.763424
16.43299902730022
0.641646
4.960786
13.153744
14.072742580614284
0.4165911
4.271256
11.669339
12.433448936872677
-0.08619126
2.542642
12.708423
12.960573712118828
-0.2633622
0.79487497
13.953407
13.978510576401561
-0.5793968
0.15801731
12.813767
12.827833574262817
-0.7422025
0.34955344
11.27669
11.30649268046455
-0.92895025
0.49320555
10.6398325
10.691689902498641
-1.1061212
1.316811
10.156203
10.300774954373313
-0.92416185
1.8579005
9.093178
9.326936936878672
-0.4405331
2.6001031
7.6135616
8.057352478021432
0.31124622
2.825158
5.8226986
6.479368184217531
1.0247183
2.6527755
4.5154643
5.336354989158096
1.532289
2.2457612
3.8498764
4.713056552715212
1.2545617
1.9009962
3.596091
4.2567103648102265
1.508347
1.8100165
3.2082303
3.9804537756940492
1.3024458
2.0925324
2.96881
3.8586123558533503
0.7757214
2.4468741
3.040636
3.9792467811601653
0.50278234
2.566584
4.156334
4.910728791450776
0.11971009
2.920926
6.2009826
6.855532462755931
-0.521936
2.8634653
8.805874
9.274441157776705
-0.33039984
3.4620156
10.462662
11.025516392384985
0.15801731
4.8027687
10.611102
11.648478108161946
0.46926352
5.6359506
10.0029745
11.491024993250507
0.58418524
5.377377
10.25676
11.595627295998062
0.45489833
4.6255975
12.047623
12.913105988661831
0.5315128
4.0557775
14.15452
14.733712206725942
0.6991069
4.9943047
13.484144
14.396317837737406
0.7565677
5.9807158
11.439496
12.93071653760074
1.4030021
4.927267
10.884041
12.029493327517867
2.3080103
2.135628
12.837709
13.217208303454782
2.9592333
-0.33997664
15.107412
15.398264581569686
2.992752
-0.59855044
14.42746
14.74674305275787
2.4708161
0.45968673
11.731588
11.997766922757439
2.327164
0.8810662
10.204087
10.503112331701672
2.384625
1.1109096
10.299856
10.630502868987834
2.1212628
1.4796166
10.457873
10.77293504369011
1.5993267
1.9057846
9.572019
9.890065736311094
1.0151415
2.1739352
8.025364
8.376334012954715
0.5410896
2.1021092
6.7085533
7.050980887928544
0.39743748
2.3463178
6.2392898
6.677716666033845
0.20590134
2.5617957
5.5737014
6.13769834240677
0.11971009
2.6240451
5.056554
5.698129634840648
0.1340753
2.566584
4.6112323
5.279090213999836
0.29688102
2.528277
4.3766007
5.063097506454254
0.46926352
2.6192567
4.1802764
4.95534294843175
0.7661445
2.5187001
3.763685
4.593054893997822
0.5363012
2.3319526
3.7205894
4.423619226234987
0.63206923
2.2266076
4.8506527
5.374581254128229
1.1827357
2.882619
7.4124484
8.04069326040424
1.5179238
3.596091
9.485827
10.25752800621767
1.4077905
4.3957543
9.830592
10.860251763167142
0.8714894
4.76925
9.854534
10.982580784518571
0.61291564
4.9320555
11.070788
12.13520430787014
0.62249243
4.534618
13.211205
13.981637083586076
0.8619126
4.271256
15.978902
16.56236180661687
0.62249243
5.2959743
17.070658
17.8841324531976
0.22984336
4.8506527
15.9022875
16.627219145242126
0.2777274
3.2513258
15.231912
15.577528472467861
0.4309563
1.1875241
13.924677
13.981865172820738
0.4165911
0.45010993
11.09473
11.111668860953708
-0.08619126
0.6943185
8.5473
8.575887864304944
-0.90021986
1.0342951
7.9248075
8.04255800462841
-1.4030021
1.2018893
9.131485
9.316489370043252
-0.92895025
1.388637
9.821015
9.9621081573123
-0.10055647
1.8435353
9.959879
10.129557019684476
0.24420857
1.8818425
8.595184
8.802168180218528
0.9576807
2.1404164
7.1490865
7.523826898022459
1.7142484
2.231396
6.2823853
6.883759068707709
1.7046716
2.2888567
5.2863975
6.007559147169363
1.3120226
2.5378537
4.4101195
5.2546417061917
0.6607997
2.6048915
3.9791632
4.801651257365874
0.33518824
2.6048915
4.0892963
4.86005713284038
0.25857377
2.5570073
4.1371803
4.870462702520728
0.21068975
2.456451
4.175488
4.849045350809681
0.15322891
2.6671407
4.783615
5.479059409287149
0.320823
3.371036
5.7365074
6.661405903657369
0.80924016
4.223372
6.7947445
8.041162451978044
1.2306197
4.76925
8.456321
9.786190844756707
1.2018893
4.5920787
10.907983
11.896042340386058
0.8714894
4.2281604
13.996503
14.647147859897077
0.51235914
4.185065
16.342821
16.877946610506545
0.39743748
4.405331
16.46253
17.046401481450474
0.7565677
5.889736
14.298173
15.482219711568028
1.1348516
7.479486
11.343728
13.634909849410905
1.9153614
5.5258174
10.668563
12.166408658013632
2.8060043
2.954445
12.220005
12.881417758224988
2.8682537
0.37828386
12.440272
12.772249443029247
2.6910827
-0.8475474
11.789049
12.121961075156824
1.934515
-1.2497733
11.176133
11.410969967347347
1.4556746
-0.93852705
10.424355
10.56726039177137
1.6519991
-0.17238252
9.500193
9.644297884732362
2.2026656
0.8714894
8.418014
8.744951808266656
2.3894134
1.6663644
8.192958
8.695437091986989
1.9201498
2.2266076
7.8865004
8.41674784504736
1.4556746
2.5953147
7.07726
7.677386073885449
1.043872
2.9831753
6.2105594
6.968504212839042
0.48841715
3.53863
5.9184666
6.912937154622466
-0.25378537
3.442862
4.831499
5.938104859713339
-0.47884035
3.0502129
4.453215
5.41887553244516
-0.02873042
2.7341783
4.5777135
5.332168253162057
0.22505496
2.695871
4.8698063
5.570761556835844
0.21547815
2.3798366
4.8123455
5.372962033022454
0.47405192
2.3175871
5.142745
5.660720997101981
0.9911995
2.5713725
5.9424086
6.550316827697183
1.3742718
3.074155
7.0820484
7.841840656011035
1.3934253
3.8546648
8.159439
9.13107473843612
1.1587936
4.3861775
9.074024
10.144913294211554
1.0342951
4.596867
10.520123
11.527095552860036
1.1827357
4.146757
12.899959
13.601595033347078
1.2976574
3.5577838
15.696386
16.14677343113255
1.1731589
4.501099
17.525557
18.13232863017694
0.89543146
5.923255
16.208746
17.280341402142763
0.5793968
5.3725886
14.350845
15.334509154860738
0.21547815
2.834735
13.752295
14.043068171588251
0.0
0.6560113
12.876017
12.892717041413766
-0.82360536
0.19153613
10.596737
10.630420693284483
-1.6136919
0.20590134
9.011775
9.157428131862918
-2.006341
0.24420857
9.80665
10.012763461148289
-2.6240451
0.4261679
10.366894
10.702323048195176
-2.6288335
0.6560113
10.093954
10.451269147545364
-1.9201498
1.1252748
8.815451
9.092050924552085
-1.0965444
1.7669208
7.4124484
7.698623920689775
0.02873042
1.8722657
6.2871737
6.560088086816145
1.0007763
2.2505496
5.6646814
6.17698500385042
1.4891934
2.6240451
4.975151
5.818542621002434
1.4221559
2.858677
4.3526587
5.3981663239710285
1.091756
2.9783869
4.0557775
5.148985397984938
1.0055647
3.0789435
4.2281604
5.326198733086847
1.0055647
2.791639
5.243302
6.024667893749868
0.7278373
2.657564
6.6654577
7.21253891641838
0.33039984
2.719813
7.575254
8.055496367606134
-0.019153614
3.1842883
7.61835
8.257076580707482
-0.009576807
3.7780502
7.0964136
8.039455393095862
0.34955344
4.3047748
6.813898
8.067371404880115
0.48841715
4.4101195
7.9343843
9.090773682019332
0.6655881
4.1611223
10.156203
10.995745442973828
0.6560113
4.0414124
12.995727
13.625427799333265
0.61291564
4.663905
14.470555
15.215933850550742
0.9959879
6.4068837
12.813767
14.360807361911707
1.1923125
5.559336
12.440272
13.67801870889133
2.2984335
2.8874073
14.882358
15.333117497348672
3.1028855
0.7086837
17.559074
17.84520195767356
2.9640217
0.7134721
15.887922
16.177779530489016
2.0829554
1.4413095
12.018892
12.282908553323063
1.6950948
1.8148049
9.768343
10.079056854932457
1.2737153
1.7381904
9.155427
9.40561002157381
0.7613561
1.6711528
8.810662
9.000010172520293
0.41180268
1.9249382
8.149862
8.38422489266487
-0.04309563
2.1547816
6.3685765
6.72337005035305
-0.4309563
2.1739352
5.1140146
5.573586035723089
-0.47405192
2.231396
4.7884035
5.304023172975209
-0.59376204
2.5187001
5.0757074
5.697298433655962
-0.51714754
2.767697
5.8562174
6.497912732027637
-0.009576807
2.7629087
6.0621185
6.662059558960627
0.6368576
2.9257145
6.0764837
6.774145386344467
0.92416185
2.8682537
6.0525417
6.7612290406144675
0.770933
2.7868507
6.1004257
6.751005027266224
1.0103531
2.9161377
6.2009826
6.926533046653767
1.541866
3.2273839
6.05733
7.034529671309461
1.5945383
3.6822822
6.1866174
7.374007853351464
1.3024458
4.0557775
6.8330517
8.052098388131409
0.79487497
4.390966
7.824251
9.007292442164397
0.33997664
4.7261543
8.556877
9.781219969877025
-0.06703765
4.7070007
9.883265
10.947112126767298
-0.047884032
4.644751
12.157756
13.014877023075602
-0.12449849
4.7884035
15.212758
15.949053716541462
0.023942016
5.7365074
16.208746
17.193938779747903
-0.5506664
4.5681367
16.127342
16.770875590332373
-0.48362875
2.6240451
16.203957
16.422171404021054
-0.45968673
1.292869
15.08347
15.145755367087125
-0.7134721
1.484405
12.282255
12.39218641643546
-1.0534488
1.6328455
9.988609
10.17586634741289
-1.13964
1.5705963
9.725247
9.916954442398012
-1.0199299
1.9249382
9.763555
10.003631313944553
-0.79008657
2.0733786
8.963891
9.234417962040501
0.009576807
2.255338
8.499416
8.793561348589447
0.7038953
2.2026656
7.350199
7.705364033431212
1.3503298
2.1787236
6.167464
6.678909631242564
1.7190368
2.2122424
5.3199162
6.012537889896529
1.8339585
2.3894134
4.5777135
5.4797957993490485
1.484405
2.753332
4.2425256
5.270988291195302
1.1348516
2.9400797
4.367024
5.3854299086427
0.9624691
2.7629087
4.2999864
5.200951291147201
0.8379706
2.72939
4.0892963
4.987395038312934
0.2633622
2.6671407
4.3478703
5.107541003032305
-0.047884032
2.8299465
5.142745
5.870154797464153
0.0047884034
3.217807
6.775591
7.500862326321403
0.272939
4.10845
7.52737
8.57992762679585
0.47405192
4.783615
8.183381
9.490807352082115
0.59855044
4.88896
9.619903
10.807530666910502
0.46926352
4.501099
11.51611
12.373395102883862
-0.18674773
3.964798
13.479356
14.051602765635069
-0.2777274
4.4244847
14.853627
15.501078414318016
-0.2633622
6.253655
13.666103
15.031298726532249
0.11971009
6.588843
11.678916
13.409856991272024
1.2114661
4.7979803
12.540829
13.481863767104517
2.0446482
1.9776106
14.432248
14.70990540889614
2.3127987
0.33039984
13.699622
13.897404358382563
2.0254946
0.7374141
11.03727
11.245787107229658
1.8914193
1.3263878
8.896853
9.191886010640971
2.0015526
1.2545617
8.322245
8.651005557492246
1.9871874
1.4556746
8.734048
9.074772384773583
1.7812861
1.9393034
10.012551
10.353021713188378
1.3120226
2.5234885
10.060435
10.454748098950065
0.59855044
2.992752
8.944737
9.45109296664466
0.25857377
3.2848446
7.4746976
8.168731376550834
0.11971009
3.5625722
6.7851677
7.66451269104956
-0.033518825
3.5769374
6.4308257
7.3587446651500965
0.019153614
3.2321723
6.3063273
7.086400194633793
0.07182605
2.8395233
6.2392898
6.855420339038471
0.062249243
2.5713725
5.90889
6.4444400451177435
0.12928689
2.408567
5.5258174
6.029309212511673
0.08140286
2.4181437
5.171476
5.709484160684179
0.59855044
2.681506
4.745308
5.483309650466622
1.1492168
3.0885203
4.7788267
5.804898120863407
1.5131354
3.596091
5.559336
6.79173544008348
1.7477672
4.0557775
6.909666
8.200457620644611
1.8195933
4.4005427
8.336611
9.60076945718008
1.6711528
4.673482
9.471462
10.693118397684303
1.1204864
4.548983
10.338163
11.350169821657682
1.1587936
4.185065
12.23437
12.982194885041709
1.412579
4.10845
14.66688
15.296800186550964
1.2210429
4.951209
16.25663
17.037706631633995
0.2633622
5.2385135
15.68681
16.540476771428683
-0.34476504
4.209007
14.159308
14.77567603925425
-0.30166942
2.5809495
13.187263
13.44084090463215
-0.36391866
1.4700398
11.736377
11.833680555237176
-1.1109096
1.6280571
9.490616
9.693115182107027
-1.685518
1.70946
8.51857
8.85038158219128
-2.1547816
1.6807296
8.925584
9.33455836113114
-2.0590134
1.6807296
10.0269165
10.373207764768557
-1.2162545
1.9776106
10.390836
10.647050662280883
-0.4405331
2.4899697
9.696517
10.020801271848615
0.19153613
2.9352913
8.341399
8.844860640700789
1.0199299
2.9975405
6.7229185
7.431227146431165
1.5945383
2.9017725
5.674258
6.569630264260085
2.135628
2.6862943
4.596867
5.7365731747752315
2.231396
2.695871
3.892972
5.234699660523866
1.7286136
2.6527755
3.6104562
4.8021574973160055
1.460463
2.7006595
4.0414124
5.07538443927363
1.0103531
2.657564
4.572925
5.384710013427923
0.61291564
2.906561
5.583278
6.324298973587841
0.22984336
3.2609026
6.339846
7.133019200951487
-0.20590134
3.9121256
6.6606693
7.727330677814744
-0.39264908
4.534618
6.9240313
8.286081193213553
-0.37349546
5.104438
7.541735
9.114414711981905
-0.4165911
5.1523223
9.246407
10.5932055308093
-0.5793968
4.817134
11.33894
12.333370586717034
-0.8810662
4.807557
13.862428
14.698836216953113
-0.842759
5.6120086
15.116989
16.147081499973822
-0.1388637
6.943185
13.120225
14.844776897045199
0.8475474
6.588843
11.626244
13.39032188615508
1.9919758
4.6782703
12.785037
13.759046318361616
3.1603463
2.2601264
14.705187
15.209815439964203
3.6008794
1.3263878
14.638149
15.132780737737704
3.193865
1.5897499
11.252748
11.804761824509567
2.6384103
1.5466543
8.283937
8.83045677515666
2.7820623
1.6280571
7.872135
8.506524218778665
2.633622
1.4748282
8.791509
9.29525204124417
1.9776106
1.70946
9.639056
9.987222137214452
1.1587936
2.1499932
8.954314
9.281433720167131
0.4309563
2.4612393
7.2927384
7.708920540652862
0.08619126
2.6384103
5.683835
6.266946629432258
-0.047884032
2.9400797
5.1666875
5.944831578056276
-0.0047884034
3.1747115
5.3199162
6.195185656409565
-0.08619126
3.41892
5.7125654
6.65806647932897
-0.17238252
3.3566709
5.717354
6.6321254774309475
0.090979666
3.3183637
6.0956373
6.940937187390953
0.3878607
2.9831753
6.2249246
6.913715177098983
0.5650316
2.882619
6.244078
6.900526618211293
0.6368576
2.8107927
6.4260373
7.042733677788051
0.92416185
3.1316159
6.564901
7.332054142212531
1.1731589
3.667917
6.622362
7.660652483050282
1.2114661
4.3478703
6.6654577
8.049841591360423
0.9624691
5.0038815
6.9958572
8.654894340482839
0.62728083
5.209783
7.9391727
9.516605520859233
0.39743748
5.209783
9.840169
11.14130706625265
0.10055647
4.5633483
11.884817
12.73118729273953
0.19153613
4.5920787
15.255854
15.933139817939457
0.35434186
5.7987566
16.927006
17.896219103573944
-0.16280572
5.803545
15.634137
16.67734633013401
-0.10055647
4.6399627
14.767436
15.479552040419978
0.076614454
2.9783869
14.350845
14.656855914314255
0.33997664
1.8674773
12.325351
12.470658923424015
-0.44532153
2.0973208
9.394848
9.63640166875489
-1.2689269
2.1212628
6.7133417
7.153942285780022
-2.2266076
1.8195933
6.579266
7.1802118917242685
-2.0111294
1.70946
7.881712
8.311935979308377
-1.091756
1.6903064
9.064447
9.28511023600294
-0.30645782
2.087744
8.710106
8.962060859594416
0.6560113
2.432509
7.5704656
7.9786841609341455
1.5658079
2.4468741
6.397307
7.025986528192033
1.9297266
2.4372973
5.961562
6.7234279227360325
1.9440918
2.3798366
5.6982
6.473994243969272
1.7860745
2.6527755
5.3725886
6.25235856376322
1.2976574
3.064578
5.056554
6.053452810097083
0.8379706
3.145981
4.9320555
5.9097005462946255
0.4405331
3.0502129
5.5401826
6.33967587289286
0.4261679
2.8060043
6.8330517
7.39904537744962
0.51235914
2.954445
7.795521
8.352328915663565
0.33518824
3.442862
8.312668
9.003671533003564
0.36391866
4.156334
8.743625
9.688060719659662
0.44532153
4.6399627
9.193734
10.307876197672485
0.521936
5.12838
9.595961
10.892894535759883
0.22026655
5.0182467
10.0508585
11.23615039702784
-0.272939
4.8362875
10.831368
11.865189203874921
-0.40222588
5.2289367
12.210428
13.289022312182032
-0.047884032
6.4547677
12.4785795
14.049244512154548
0.33039984
6.6893997
12.138602
13.863725910380804
1.3694834
5.104438
12.176909
13.274332412629139
2.0925324
2.327164
13.532028
13.889210615034573
2.5330653
0.8475474
14.489709
14.733852534977434
2.4612393
1.1540052
12.26789
12.56545120418856
2.5330653
1.6472107
9.270349
9.75033764376806
2.3463178
1.9680338
8.312668
8.858826850739703
2.1883004
1.9632454
9.414001
9.86237348854913
1.6184803
1.9440918
10.0987425
10.410742903849782
0.82360536
1.8052281
9.074024
9.288438267503249
0.18195933
2.2649148
8.441956
8.742400438648843
-0.47884035
2.408567
7.1059904
7.518349643363448
-0.7134721
2.9496565
6.2488666
6.94678707367461
-0.5267244
3.241749
5.9759274
6.818950434045745
-0.02873042
3.323152
5.9759274
6.837826747862881
0.45968673
3.0789435
5.8562174
6.632230735400261
0.6799533
2.9400797
5.7029886
6.452169056578413
0.770933
2.858677
5.7029886
6.425764627638075
1.0007763
2.7581203
5.9807158
6.661661876186506
1.115698
2.7581203
6.1100025
6.795891350787547
1.3024458
3.0502129
6.373365
7.184702187712658
1.340753
3.4524388
6.6079965
7.575128525251058
1.1971009
4.175488
7.393295
8.574879405783529
0.9864111
4.548983
8.030152
9.281680729693774
0.9576807
4.6399627
8.379706
9.626312166416222
0.7326257
4.6112323
8.695741
9.869959836682943
0.21068975
4.4580035
9.423578
10.426984595340345
-0.24420857
4.3766007
10.979809
11.82245648310544
-0.46926352
4.8458643
12.880805
13.770175627652911
-0.30166942
5.60722
13.412318
14.540364350131338
-0.4213795
5.133168
12.847286
13.84123341439052
-0.6464345
3.3183637
13.311762
13.734351669135474
-0.31603462
1.8195933
13.254301
13.382350149813991
-0.47405192
1.5466543
11.161768
11.278383519567559
-0.24899697
1.6376339
9.179369
9.327628935590148
-0.45010993
1.8195933
8.844181
9.040633557154393
-1.2354081
1.9871874
10.0508585
10.319636794211952
-1.3934253
1.9967642
10.979809
11.246550645785696
-0.92895025
2.1021092
10.907983
11.147461921334276
-0.30645782
2.5713725
9.65821
9.999344232038458
0.18195933
2.9257145
8.42759
8.922846378818813
0.45968673
3.0262709
7.465121
8.068311858747157
0.94331545
3.4572272
6.9240313
7.796439546645134
1.2976574
3.7588966
6.6846113
7.7779975436209945
1.460463
3.7014358
6.670246
7.766966183935178
1.2689269
3.394978
6.7851677
7.692499783391643
0.7134721
2.9352913
6.9862804
7.611378995291257
0.2825158
2.7102363
6.9767036
7.489965974656605
-0.023942016
2.6001031
6.775591
7.2573920088094495
-0.16280572
2.6527755
6.7612257
7.264839769816229
-0.08619126
2.954445
6.5505357
7.186493645580489
-0.062249243
3.2609026
6.564901
7.330435382564205
0.10055647
3.8355112
7.086837
8.058815757515134
0.36870706
4.390966
7.872135
9.021476552348307
0.32561144
4.663905
8.532935
9.729800305096235
0.07182605
4.735731
9.308656
10.444298637220093
-0.05746084
4.7309427
10.160992
11.208517949924916
0.08140286
4.951209
10.596737
11.69666343128692
0.4357447
5.3582234
10.060435
11.406699477445262
0.63206923
5.631162
9.433155
11.004268164974883
0.50757074
4.673482
10.606314
11.601420453675866
0.50757074
3.1555579
13.196839
13.578355934277525
0.8283938
2.1643584
15.049952
15.22733461116395
1.0247183
2.1212628
13.771448
13.971492080031496
1.4317327
2.8538885
10.151415
10.641699021145103
2.0111294
2.9783869
7.2209125
8.065792387356465
2.0733786
2.7820623
7.369353
8.145313399194272
1.6089035
2.3080103
9.457097
9.86672008431211
0.9911995
1.733402
11.233594
11.409679492992453
0.5650316
1.6136919
11.496957
11.6233939425266
0.23463176
2.1068976
10.443508
10.656497359551171
0.29688102
2.7341783
8.935161
9.348848616754063
0.5793968
3.0502129
7.704541
8.306590797890175
0.545878
2.9783869
6.981492
7.609862263018258
0.22026655
2.7246015
6.6510925
7.190896997857017
-0.11971009
2.4899697
6.8426285
7.282571173391154
-0.20111294
2.327164
7.5800424
7.9317829839785485
-0.25378537
1.958457
8.322245
8.553345624637865
-0.272939
2.0398598
8.556877
8.80089047868302
-0.17717093
2.0973208
8.528147
8.7840441402306
0.41180268
2.3175871
8.868123
9.175205854138659
0.7613561
2.4420857
9.682152
10.014365368454966
0.8858546
2.8921957
9.993398
10.441146122367641
0.8379706
3.2944214
9.581595
10.166728743900409
0.6847417
3.5673606
9.006987
9.711886518390427
0.7469909
3.964798
8.513782
9.421363626903062
0.81402856
4.0318356
8.389283
9.343362143131097
0.38307226
4.10845
8.825027
9.742033222264793
0.12449849
4.0462008
9.404425
10.238673953981419
0.038307227
3.9743748
9.552865
10.346707292981696
0.009576807
4.0078936
9.136273
9.976712386305547
0.272939
3.9983168
8.327033
9.241239781290847
0.5746084
3.8019924
7.632715
8.546558548614895
0.56982
3.667917
7.2783732
8.170252680892366
0.7230489
3.5003228
7.383718
8.203313334891588
0.6799533
3.4237084
7.9391727
8.672634222114175
0.61291564
3.3183637
8.724471
9.354335950468037
0.4261679
3.4524388
9.088389
9.731380975781432
0.20590134
3.1603463
8.810662
9.362582515256166
-0.11971009
3.4045548
8.834604
9.468661770551194
