0.36391866
3.2992098
8.523358
9.146849509914944
0.31124622
3.193865
8.374918
8.96866195582329
0.272939
3.1747115
8.51857
9.09501633888526
0.23942018
2.954445
8.829816
9.314059747734873
0.20111294
2.954445
9.069236
9.540452060825123
0.30166942
3.016694
9.107543
9.598895057032239
0.33997664
3.0454245
9.021352
9.52759079028323
0.4213795
3.0933087
9.184157
9.700250712821889
0.4261679
3.1268275
9.299079
9.819956285181268
0.320823
3.1124623
9.543288
10.04314195445742
0.25378537
3.0550013
9.615114
10.091970186423083
0.11492168
2.9400797
9.739613
10.174346857876184
0.033518825
2.8682537
9.610326
10.029275384896644
-0.05746084
2.9640217
9.260772
9.723714364002824
-0.11492168
3.0358477
8.868123
9.374069778068732
-0.02873042
3.2944214
8.346188
8.972896879936197
0.29688102
3.5242648
8.336611
9.055808076152529
0.4165911
3.6008794
8.748413
9.469667698670433
0.40701428
3.620033
9.093178
9.795722759817522
0.35434186
3.5098996
9.385271
10.026378553931538
0.40222588
3.596091
9.715671
10.367637871717092
0.35913026
3.9743748
10.070012
10.831886860063612
0.23942018
4.3718123
10.19451
11.094958946011106
0.35913026
3.8163576
10.658986
11.327291860526712
0.48841715
3.169923
11.942278
12.365474232835945
0.56982
2.3558946
13.096283
13.318692625111051
0.7038953
1.1779473
14.053964
14.120797671515685
0.545878
0.009576807
13.522451
13.533468509493822
0.04309563
-0.37349546
12.4785795
12.484242387241544
-0.17717093
-0.023942016
10.338163
10.339709089012619
0.22505496
0.7757214
7.9583263
7.99920936492271
0.5363012
1.0247183
5.602432
5.72056875855773
1.2593501
0.9720459
6.315904
6.51317727929191
1.3263878
0.8762778
8.025364
8.181297690279498
1.0965444
0.7326257
9.332599
9.425314204394594
0.90021986
0.770933
9.44752
9.521573917848187
0.7613561
0.94331545
8.896853
8.979059229043534
0.7422025
1.2258313
8.508993
8.628817390754557
0.6943185
1.484405
8.236053
8.397506307387758
0.60333884
1.8148049
8.145074
8.366586131079362
0.4357447
2.135628
8.010999
8.302221382426062
0.19153613
2.2457612
7.680599
8.004481967459407
0.05267244
2.2170308
7.6949644
8.008150716942922
0.06703765
2.1787236
7.97748
8.26991642274335
0.21547815
2.2026656
8.274361
8.565232335205781
0.25378537
2.3463178
8.48984
8.811752828753146
0.22984336
2.4612393
8.690952
9.035661616459969
0.2681506
2.6240451
8.537724
8.93589629610517
0.40701428
2.767697
8.42759
8.879756888421042
0.5793968
2.9400797
8.121132
8.656358849016671
0.5746084
3.1364043
7.848193
8.471206365109602
0.3878607
3.3183637
7.5225816
8.231112041780014
0.20111294
3.4237084
7.551312
8.293644450363361
0.15801731
3.3087866
8.183381
8.8284067294648
0.05267244
3.0358477
9.428367
9.905212925678445
0.05267244
2.743755
10.979809
11.317559728277338
0.31603462
2.858677
13.038822
13.352257904103535
0.46926352
3.3758245
13.986926
14.39619700758676
0.521936
4.2521024
12.966996
13.65634609162417
0.25378537
4.5537715
11.832145
12.680729003551942
-0.07182605
4.5058875
11.683704
12.522664389541307
-0.38307226
4.0940847
11.947066
12.634898922285338
-0.7422025
2.4947581
11.975797
12.255382367460276
-0.6560113
0.79966336
11.722012
11.767555270984031
-0.5315128
0.08619126
10.362105
10.376086074789729
-0.272939
-0.22505496
9.059659
9.066563188672939
-0.21068975
-0.37349546
8.274361
8.285465189755161
-0.25857377
-0.22984336
8.303091
8.310295558406235
-0.41180268
0.110133275
8.48984
8.500534489600446
-0.4357447
0.51235914
8.250419
8.277788928861453
-0.15801731
1.2976574
7.4507556
7.564565077115022
-0.05267244
1.8243817
6.6846113
6.929298020075727
0.19632454
2.3511062
6.3781533
6.8005206974607315
0.36870706
2.8060043
6.3446345
6.9472291101971235
0.41180268
3.2704794
6.5265937
7.311774062941891
0.320823
3.3806129
6.622362
7.4422543500468334
0.10534488
3.3279405
7.350199
8.069183181965885
-0.038307227
2.9640217
8.054094
8.582268608745373
-0.10534488
2.5809495
9.083601
9.44373928753632
-0.16280572
2.4133554
9.92636
10.21682021091533
-0.33997664
2.566584
9.77792
10.114872895223323
-0.4357447
2.873042
8.78672
9.254766112700054
-0.49799395
3.2369606
8.020576
8.663460162786432
-0.33039984
3.572149
7.603985
8.407734679532071
-0.24420857
3.8307228
7.455544
8.38565524375928
0.08140286
3.9600096
7.2113357
8.227494494037298
0.39743748
3.9312792
7.723695
8.675734642209342
0.31603462
3.8259344
8.599973
9.417918524337248
0.10534488
3.6008794
10.127473
10.749099338859963
-0.22026655
2.9352913
11.329363
11.70550814353813
-0.2777274
2.801216
12.200851
12.521370891556014
-0.090979666
4.209007
11.611878
12.351507525771083
-0.07182605
4.975151
10.405201
11.53366799576455
0.641646
4.6495395
10.644621
11.633480793219668
1.1204864
3.4811692
12.6461735
13.164335471019974
1.3790601
1.2689269
15.399506
15.513115532994624
1.508347
-0.090979666
16.352398
16.422067338014934
0.9768343
0.17238252
13.551182
13.587436797302983
0.6560113
0.6895301
8.63828
8.690551221987716
0.59376204
1.1444284
5.4204726
5.571695677673842
0.59855044
1.3742718
4.8745947
5.099858652287868
1.0342951
1.2737153
7.07726
7.264965527866856
1.3311762
1.2880806
9.165004
9.350319482577563
1.5275006
1.3359646
9.940725
10.145742009957536
1.2593501
1.2689269
9.662998
9.826986904990735
0.7230489
1.541866
9.030929
9.190093835594457
0.46926352
1.9057846
8.192958
8.42477202970154
0.10534488
2.3175871
7.651869
7.995836843622685
0.01436521
2.6479871
6.95755
7.444430416087634
0.0
2.8443117
6.8186865
7.388138786363078
0.18195933
2.954445
7.1107793
7.70227467020067
0.33997664
2.9831753
7.4124484
7.997456623137436
0.5602432
2.9975405
7.6470804
8.23267649554344
0.80445176
2.9496565
7.728483
8.311261766034967
0.90979666
2.9496565
7.8529816
8.43786258624861
0.94810385
2.873042
8.279149
8.814623421313602
1.0630256
2.9400797
8.662222
9.209135777188612
1.2976574
2.992752
8.825027
9.408591349746434
1.388637
3.2800562
8.537724
9.250935275246329
1.1683705
3.691859
8.422802
9.270302426570458
0.9528923
4.074931
8.99741
9.92302643109682
0.59855044
4.247314
9.543288
10.462900651304231
0.4213795
4.0318356
9.821015
10.624763396377535
0.58418524
3.6056678
10.232818
10.865204356589397
0.8762778
3.4763808
10.94629
11.518435090055773
0.8619126
3.9360676
11.295844
11.99298208381449
0.5506664
4.3382936
11.358093
12.170879592642175
0.1388637
4.4819455
11.48738
12.331545588512515
-0.46926352
4.2904096
12.176909
12.91916998119189
-0.79966336
3.2225955
12.679692
13.107218586609001
-0.7086837
1.5179238
12.334928
12.448162779775853
-0.22026655
0.7326257
10.740389
10.767599912967707
-0.047884032
0.62728083
9.074024
9.095806086020755
-0.21068975
0.58897364
8.087613
8.111767131224301
-0.320823
0.8523358
8.073248
8.124453012687752
-0.2873042
1.0342951
8.614338
8.680963705682395
0.0047884034
1.4460979
8.480263
8.602678689073619
0.37349546
1.8866309
8.240842
8.462289971544346
0.5602432
2.1978772
7.5465236
7.880009828745333
0.61770403
2.5570073
6.9862804
7.465116119605858
0.47405192
2.9113493
6.579266
7.210230436200721
0.50278234
3.217807
6.253655
7.050905686228809
0.37828386
3.4715924
5.889736
6.847192464595748
0.35913026
3.5242648
5.9807158
6.951141966165636
0.29209262
3.3662477
6.679823
7.485784919472086
0.08619126
2.9783869
7.6231384
8.184769735761746
-0.1340753
2.6431987
8.63828
9.034620032456228
-0.4357447
2.542642
9.14585
9.502708851948604
-0.7613561
2.5234885
9.476251
9.8360042069819
-0.9528923
2.7868507
9.141062
9.603830018559815
-0.82360536
3.6870706
8.207323
9.035096296547737
-0.5746084
4.4915223
7.321469
8.608591587541701
-0.18195933
4.711789
7.005434
8.444535098788327
0.39743748
4.5298295
8.058883
9.253264392445722
0.4309563
4.1659107
9.763555
10.623913159601498
0.18195933
3.7110126
11.166556
11.76846226580017
-0.31124622
3.2944214
11.678916
12.138664175631106
-0.23463176
3.940856
11.9614315
12.596080327785444
-0.019153614
5.415684
10.955867
12.221334744994866
0.48841715
5.57849
9.792285
11.280378905080605
1.541866
5.2145715
10.606314
11.91901792436147
1.910573
4.175488
12.306197
13.134971681701547
1.685518
2.0925324
14.044387
14.299107044856802
1.4413095
0.7038953
14.872781
14.959026069149688
0.7565677
0.47405192
11.592725
11.627054012507452
0.5363012
1.0390835
7.5465236
7.636578633225454
0.90021986
1.3982137
5.1235914
5.386704586638378
1.2018893
1.5801731
5.473145
5.822095928003338
1.7286136
1.3359646
7.7572136
8.058986637599048
2.0733786
1.3311762
9.888053
10.190413169682948
1.733402
1.5610195
10.381259
10.640113045228155
1.2641385
2.0829554
9.485827
9.793756746193631
0.8858546
2.5378537
7.85777
8.304817033620552
0.60333884
3.0789435
7.043741
7.710914495833847
0.31603462
3.514688
6.7372837
7.605517903988566
0.37349546
3.572149
6.540959
7.462163982142628
0.4165911
3.3758245
6.83784
7.637132841234855
0.47405192
3.1172507
7.398083
8.041990705164556
0.34955344
2.7341783
7.9966335
8.45837262023922
0.45489833
2.5234885
8.513782
8.891535439158993
0.49799395
2.4612393
8.556877
8.917726210154544
0.60333884
2.4420857
8.403648
8.772064291743225
0.641646
2.6527755
8.207323
8.649224360094378
0.6703765
3.1794999
7.8290396
8.476584551382608
0.7038953
3.5913026
7.4028716
8.258052710555468
0.7134721
4.012682
7.417237
8.463218092772976
0.5315128
4.2760444
7.97748
9.066821100752286
0.33039984
4.2042184
9.356541
10.26301455584262
0.49320555
4.0892963
11.109096
11.848105080313081
0.7086837
3.821146
12.5025215
13.09261023902773
0.6751649
3.9312792
12.722788
13.33342119823751
0.6847417
4.5920787
12.253524
13.103622028978107
0.51235914
4.7309427
11.760319
12.686584740309225
0.038307227
4.984728
12.081141
13.06916077094608
-0.62728083
4.232949
12.564771
13.273462215802475
-0.81402856
2.3750482
13.843274
14.069105978774635
-0.866701
1.0007763
13.804967
13.868303762290616
-0.78050977
0.7230489
10.898406
10.950216867746665
-0.5506664
0.6991069
7.6710224
7.722471753059809
-0.5602432
0.8379706
5.650316
5.739524254838114
-0.7278373
1.0869676
5.674258
5.823096348191593
-0.6895301
1.2306197
6.813898
6.958382185652177
-0.2681506
1.5897499
7.819463
7.983934244729845
0.12449849
1.934515
7.833828
8.070112080037985
0.37349546
2.078167
7.302315
7.601452598286982
0.59855044
2.4708161
6.967127
7.416471614487316
0.6991069
2.72939
6.7085533
7.276194638879004
0.6847417
3.0454245
6.6510925
7.34714303057113
0.56982
3.2465374
6.679823
7.448807527486729
0.33518824
3.4141316
7.029376
7.8218140280065915
0.18195933
3.323152
7.680599
8.370666293624346
0.062249243
2.9735985
8.5473
9.050000219187023
-0.22984336
2.705448
9.3182335
9.70575868796378
-0.5650316
2.6623523
9.600749
9.979066300069933
-0.7422025
2.920926
9.375694
9.84816291834223
-0.80445176
3.5051112
8.341399
9.083605374336761
-0.7661445
4.2904096
7.2544312
8.462940884125514
-0.60812724
4.783615
6.7324953
8.281261055417149
-0.30166942
4.865018
6.9288197
8.471596327489731
0.062249243
4.4580035
8.202535
9.335911757940451
0.34955344
3.9360676
9.65821
10.435316394200528
0.37828386
3.323152
10.721235
11.230820306997455
0.21068975
3.0789435
11.401189
11.811493684400826
0.32561144
3.7924154
11.860875
12.456676632417226
0.47405192
4.975151
10.941502
12.028853378382863
1.115698
5.315128
9.940725
11.327549823760018
1.8052281
4.9895163
10.658986
11.906640874899525
1.9776106
3.8402996
12.20564
12.947451095415039
1.5993267
2.030283
14.494497
14.723123147777084
1.1348516
0.8762778
15.672444
15.737892947089914
0.41180268
1.0534488
13.158532
13.207055512400075
0.3878607
1.4030021
8.585608
8.708128663598014
0.8331822
1.6950948
5.449203
5.767265603304785
1.2593501
1.5179238
4.903325
5.285134957574441
1.412579
1.0726024
7.240066
7.454153953557042
1.3934253
0.6991069
9.552865
9.679236252975643
1.0582372
0.94810385
9.993398
10.093897390322887
0.6368576
1.4508862
8.868123
9.008566276462746
0.2825158
2.078167
7.824251
8.100462968570117
-0.11971009
2.8395233
7.393295
7.920734391120417
-0.272939
3.4955344
6.9479733
7.782518153281259
-0.12928689
3.7349546
6.3781533
7.392390550377896
0.17717093
3.6343982
6.5265937
7.472393344336235
0.5602432
3.4524388
7.2113357
8.014771652157687
0.60812724
3.2273839
7.872135
8.529732705475329
0.6943185
2.9113493
8.422802
8.938770977428277
0.78529817
2.6431987
8.738836
9.16353923737878
0.8810662
2.6910827
8.312668
8.781722629629678
0.91458505
2.8921957
7.666234
8.24453785727135
0.9816227
3.241749
7.1969705
7.954175119077475
1.1252748
3.6248214
7.177817
8.119521421413516
1.3263878
4.012682
7.3406224
8.470280920637268
1.2210429
4.261679
7.431602
8.653413273344622
1.2018893
4.343082
8.389283
9.52297083749485
1.1875241
4.4244847
9.77792
10.797869889039458
0.8810662
4.1946416
11.027693
11.831369657964308
0.7757214
3.7205894
12.076353
12.660285814864627
0.79966336
3.6056678
13.072341
13.584049385403386
0.82360536
4.2425256
13.201628
13.891016058893515
0.58418524
4.3718123
13.024457
13.751017584860424
0.22026655
4.6591167
13.273455
14.069132550468641
-0.36391866
4.4723687
13.211205
13.95243493709353
-0.47884035
2.8682537
13.383588
13.695860099398821
-0.19153613
1.0295067
12.770672
12.813533090019451
0.35913026
0.20111294
10.596737
10.604727759565174
0.47884035
0.04309563
8.030152
8.044531856972881
0.25378537
0.15801731
6.4499793
6.45690423063966
-0.033518825
0.521936
6.081272
6.103721246536405
-0.33997664
1.0342951
6.3111157
6.404337081015148
-0.15801731
1.3551182
7.043741
7.174650166453158
0.34955344
1.9057846
7.632715
7.874804539752503
0.6943185
2.1068976
7.8050976
8.114224845074592
0.78529817
2.4995465
7.8050976
8.233102312849493
0.7757214
2.7389667
8.111555
8.596569583616306
0.8331822
3.064578
8.020576
8.62643951344929
0.770933
3.3423057
7.536947
8.280755254973633
0.7134721
3.4045548
7.129933
7.9332198971030055
0.50278234
3.3423057
7.4124484
8.146667697904348
0.1388637
3.217807
8.078036
8.696449555035736
-0.05746084
3.0262709
8.360553
8.891594644509253
-0.320823
2.8921957
8.192958
8.694381951976544
-0.5315128
2.834735
7.8769236
8.388334220867488
-0.6368576
3.0358477
7.7093296
8.309976983618048
-0.5315128
3.4524388
7.4268136
8.20727712997335
-0.35434186
3.9025488
7.038953
8.056196247214489
0.02873042
4.2185836
7.249643
8.387764384484635
0.35434186
4.31914
7.967903
9.07017118752969
0.5363012
4.0940847
9.3661175
10.235883342452324
0.45489833
3.8307228
10.510546
11.196112871010643
0.10534488
3.8642416
11.262324
11.90728418859846
0.05267244
4.232949
11.506534
12.260544578816253
0.11971009
4.88896
10.860099
11.9104156816202
0.45010993
5.674258
9.696517
11.243764548003373
1.1540052
5.5162406
9.801862
11.306508200392678
1.6903064
4.5202527
11.21444
12.208746754456541
1.6759412
2.5330653
13.369223
13.709898576201304
1.7908629
0.2873042
15.50485
15.610577327943984
1.4460979
-0.08619126
14.767436
14.838321889916967
0.5267244
0.29209262
10.654198
10.671207971238761
0.51714754
0.9672575
7.1969705
7.2800695420182
0.6607997
1.292869
5.827487
6.005645003796103
0.59855044
1.2593501
7.3645644
7.4954008624045425
0.8619126
1.0342951
9.720459
9.813255329582239
0.79487497
1.4269443
10.682928
10.807078860229112
0.521936
1.8052281
9.610326
9.79232482862555
0.25857377
2.3798366
7.9631147
8.315147494569493
0.009576807
2.8778305
7.062895
7.62669528813538
-0.10055647
3.394978
6.435614
7.276889264693085
-0.22984336
3.6391866
6.0238113
7.041506191734989
-0.11971009
3.6008794
5.9424086
6.949307952016725
0.17238252
3.4045548
6.5026517
7.34201509801382
0.46926352
3.1842883
7.2783732
7.958304946076526
0.7517793
2.8874073
7.762002
8.315706251364606
1.0055647
2.5953147
8.207323
8.666427853546272
1.1731589
2.4756045
8.327033
8.766093685247446
1.4269443
2.6527755
8.331821
8.859607081258025
1.5370775
3.0071173
7.9966335
8.68052470155107
1.4891934
3.5290532
7.3789296
8.31387478351795
1.3694834
4.027047
6.8809357
8.089491029249286
1.1348516
4.3526587
6.8569937
8.200725095370759
0.8762778
4.510676
7.8146744
9.06549485805846
0.81881696
4.510676
9.303867
10.372011052888924
0.9959879
4.3622355
10.635044
11.537992000318516
1.2162545
4.1611223
11.252748
12.058961339351924
1.2689269
4.146757
11.568783
12.354857418483416
1.2593501
4.3957543
12.047623
12.886187683244897
1.0247183
4.865018
12.722788
13.659713340868011
0.21547815
4.721366
13.484144
14.288452202145892
-0.7278373
4.4963107
14.058752
14.778195603916508
-1.3551182
3.2752678
14.173674
14.610158840101905
-1.1923125
2.006341
13.694834
13.89228143245153
-0.14844051
1.1348516
11.190498
11.248874523237903
0.6368576
0.7230489
8.394072
8.449190757870875
0.6943185
0.46447513
6.7947445
6.845901499443874
0.21547815
0.7517793
6.1866174
6.235850988833171
-0.48841715
1.091756
6.4547677
6.564640531671067
-0.8475474
1.2976574
7.086837
7.254344033386914
-0.8571242
1.460463
7.393295
7.584749390014555
-0.47405192
1.7238252
7.575254
7.7833651077090265
-0.18195933
1.8674773
7.9104424
8.129924983467953
-0.20111294
2.3989902
8.192958
8.539330090014701
-0.19632454
2.72939
7.9583263
8.415644164971912
0.15801731
3.0262709
8.073248
8.623259880225927
0.39743748
3.2082303
8.0924015
8.714221721834093
0.50278234
3.3566709
8.106767
8.788611533569355
0.37828386
3.2992098
8.0684595
8.725131635574645
0.272939
3.2369606
8.0924015
8.720055485820101
0.062249243
3.098097
8.049306
8.625161432054702
-0.04309563
3.0789435
7.809886
8.395002477030932
-0.24420857
3.1411927
7.675811
8.2972768337838
-0.32561144
3.2848446
7.479486
8.175508293191976
-0.33039984
3.6583402
7.201759
8.084426281636976
-0.20111294
4.0078936
6.813898
7.9077725961006635
0.15801731
4.2185836
6.9479733
8.129929206417925
0.3878607
4.0222588
8.030152
8.98956881124503
0.272939
3.7205894
9.734824
10.425165803537611
-0.08140286
3.4332852
11.142614
11.65984217541833
-0.63206923
3.3614593
11.880029
12.362604888687054
-0.8475474
3.739743
12.239159
12.825794598389534
-0.6560113
4.865018
11.271901
12.294491062994307
-0.110133275
6.1004257
9.3182335
11.138078866765362
0.6943185
6.181829
8.772355
10.754129725474941
1.292869
5.1810527
10.778696
12.028928220574857
1.484405
2.6001031
13.948619
14.26632237479451
1.5849615
0.4357447
16.802507
16.88271940771419
0.9816227
0.19632454
15.246277
15.279106005335052
0.05267244
0.25378537
10.141838
10.145149808466629
-0.0047884034
0.7422025
5.827487
5.874563322680055
0.41180268
1.4221559
4.10845
4.36708923120097
0.50757074
1.6328455
5.243302
5.515072716573354
0.91937345
1.5705963
7.943961
8.149757110159165
1.1492168
1.5179238
9.3421755
9.534203643909393
0.91458505
1.8052281
9.763555
9.97107365710876
0.62728083
2.2218192
9.021352
9.312075611659607
0.34955344
2.7868507
7.7907324
8.281560006726965
0.24899697
3.2800562
7.321469
8.026498301737375
0.19153613
3.5003228
7.2065473
8.013942013863247
0.18674773
3.4859576
7.398083
8.1803674278655
0.24420857
3.3997664
7.824251
8.534457208215834
0.33997664
3.2704794
8.264784
8.89484561436667
0.31603462
3.193865
8.327033
8.924131839532373
0.48841715
3.098097
8.121132
8.705718552908825
0.6655881
2.8874073
7.991845
8.52348046506128
0.8523358
2.8395233
8.030152
8.559948172011296
1.0534488
2.9592333
7.9631147
8.560257889615169
1.1731589
3.3039982
7.469909
8.251802652104407
1.1252748
3.643975
6.9527617
7.930049733875462
1.0199299
3.98874
6.789956
7.940642928606531
0.78529817
4.19943
7.422025
8.563782087807988
0.6368576
4.2760444
8.6095495
9.634027384358948
0.58897364
3.9935284
9.859323
10.653703402066308
0.78050977
3.5625722
11.257536
11.833563860586468
1.0390835
3.4524388
12.914324
13.408160875980414
1.1252748
4.280833
13.618219
14.319485621244613
0.94331545
4.999093
13.038822
13.99613027224512
0.35434186
5.2863975
12.344504
13.433478458904803
-0.36391866
5.482722
12.272678
13.446609602961377
-0.94331545
4.1946416
12.741941
13.447748294941483
-0.770933
2.1452048
13.450625
13.642418043307403
-0.29688102
0.7565677
12.124237
12.151447200534708
-0.033518825
0.6464345
9.045294
9.068425208071936
0.04309563
0.40222588
6.5265937
6.5391182116615685
-0.0047884034
0.4405331
5.6982
5.715205860985872
-0.25857377
0.6943185
6.291962
6.335434146929327
-0.6895301
1.0773908
7.6231384
7.729712975072357
-0.31603462
1.4556746
8.355764
8.487500593272484
-0.009576807
1.8579005
8.298303
8.503747001982742
0.07182605
2.327164
7.5944076
7.943291421134832
0.25857377
2.753332
6.7612257
7.304920931263508
0.2825158
3.3375173
6.603208
7.404133554648266
0.45010993
3.6296098
6.631939
7.573590933802033
0.6895301
3.643975
7.029376
7.947712493580479
0.6464345
3.6008794
7.9104424
8.715463982999692
0.19632454
3.3039982
8.791509
9.393911589490923
0.009576807
3.0502129
9.744401
10.210643854566895
-0.34955344
2.9496565
9.950302
10.384179156669655
-0.7086837
2.9831753
9.303867
9.796096989891003
-0.90979666
3.2082303
8.283937
8.929954918622647
-0.8858546
3.7014358
7.3549876
8.281377136406157
-0.80445176
4.012682
6.588843
7.756391289443883
-0.5650316
3.9983168
6.301539
7.484329637616967
-0.30645782
3.821146
6.9767036
7.960494009436071
-0.4213795
3.7014358
8.197746
9.004511656029672
-0.47884035
3.5577838
9.500193
10.155824810811312
-0.5602432
3.1316159
10.635044
11.100677991901343
-0.58897364
3.2848446
11.664551
12.132553422056814
-0.5506664
4.4101195
11.573571
12.39757843983554
-0.19153613
5.6886234
10.041282
11.542289928220889
0.6560113
6.0046577
9.730036
11.452504806067877
1.3359646
5.353435
11.219229
12.502605929537125
1.3263878
4.1946416
13.101071
13.820000040631218
1.1109096
2.0733786
15.102624
15.28470701965719
0.8858546
1.1300632
15.428236
15.494910604410466
0.272939
1.0965444
11.9853735
12.038525093456476
0.047884032
1.5705963
7.675811
7.834994471389193
0.5554548
1.8770541
5.070919
5.435630740122875
0.9959879
1.8914193
5.171476
5.59585753222829
1.3790601
1.3551182
7.809886
8.045649462955847
1.8770541
0.8810662
10.204087
10.412636753022293
1.7860745
0.8714894
10.520123
10.706191465949336
1.4748282
1.4269443
9.500193
9.71930813183343
1.1731589
1.9440918
7.752425
8.078111777672932
0.90021986
2.6001031
6.9288197
7.45516408861232
0.5554548
3.3375173
6.445191
7.279288228211258
0.29688102
3.763685
6.277597
7.325413704604233
0.36870706
3.7014358
6.5936313
7.570504988200403
0.641646
3.5529952
7.240066
8.09036714416248
0.59376204
3.3997664
7.7093296
8.446580761615909
0.5410896
3.2321723
8.341399
8.962067669984796
0.62728083
3.0071173
8.75799
9.281089293247764
0.6607997
2.873042
8.944737
9.418033556910995
0.62728083
2.882619
8.494628
8.99231222084445
0.78050977
3.1507695
7.9583263
8.594853000948309
0.91937345
3.5194764
7.302315
8.158172030180745
1.0342951
3.8067808
7.0341644
8.064788730074842
1.0486604
4.2042184
6.775591
8.04262251106371
0.82360536
4.367024
7.297527
8.544186352272712
0.8619126
4.3957543
8.6574335
9.747651428627485
0.81402856
4.2185836
9.782708
10.684590261454849
0.79487497
3.845088
10.702082
11.399608779351405
0.58897364
3.5003228
12.023681
12.536668020010154
0.48841715
3.9121256
13.350069
13.920043961904977
0.30166942
4.687847
13.560759
14.351344539376463
-0.090979666
5.0996494
12.943054
13.911770322846227
-0.45489833
5.4444146
12.593501
13.727521798792676
-0.90500826
4.663905
12.694057
13.553971522877298
-0.9816227
2.7341783
13.546393
13.854388900159941
-0.521936
1.1779473
12.665327
12.730690489784115
0.4357447
0.61291564
9.677363
9.70653882993979
0.51235914
0.45010993
7.029376
7.062381979707337
0.4213795
0.545878
5.616797
5.658970973960801
-0.038307227
0.7757214
5.6407394
5.693957676538947
-0.56982
0.8619126
6.50744
6.588957721907463
-0.49320555
1.2258313
7.6375036
7.750959767624648
-0.10534488
1.7238252
8.537724
8.710648467738531
-0.062249243
2.0590134
8.480263
8.726870238530893
-0.07182605
2.5905263
7.9104424
8.324126638245648
0.12928689
2.930503
7.7428484
8.27987118164697
0.25857377
3.3279405
7.7332716
8.422917628816984
0.39743748
3.4572272
7.441179
8.21471372638422
0.4165911
3.4955344
7.326257
8.128121114023726
0.36870706
3.4237084
7.690176
8.42594378247851
0.23942018
3.1411927
8.374918
8.947830312280361
-0.11492168
2.9352913
8.748413
9.228427372263203
-0.32561144
2.9352913
8.652645
9.142769012707614
-0.50757074
2.930503
8.231265
8.752096742363815
-0.6895301
3.1364043
8.010999
8.63067705488864
-0.6560113
3.6870706
7.374141
8.270598618822696
-0.56982
4.098873
6.703765
7.878192557227197
-0.18674773
4.390966
6.7708025
8.072126452420527
0.090979666
4.4196963
7.603985
8.79559999918727
0.15322891
4.2425256
8.992621
9.944332053498334
-0.02873042
3.8594532
10.491392
11.178797229904665
-0.34955344
3.3566709
11.870452
12.340869422592103
-0.48362875
3.4620156
12.334928
12.820682053060363
-0.50278234
4.6160207
11.362882
12.274995798393821
-0.2873042
5.506664
9.921572
11.350923986257545
0.39264908
5.5162406
9.969456
11.400575830740346
0.79966336
4.76925
11.544841
12.516731356179752
0.79487497
3.1986535
13.565547
13.960203009498331
0.80445176
1.412579
14.944607
15.03275740395007
0.46926352
0.866701
13.9438305
13.978618643299654
0.019153614
1.1109096
10.357317
10.416741658258706
0.40701428
1.6424223
6.703765
6.914020292508882
1.0390835
1.8626889
5.0134583
5.448308790790915
1.340753
1.6376339
6.0525417
6.411920484862489
1.5131354
1.1731589
8.441956
8.65635576424557
1.484405
1.0151415
9.797073
9.960753674774377
1.0342951
1.2593501
9.495404
9.63423248987408
0.641646
1.7381904
7.943961
8.157176933379644
0.39743748
2.3319526
7.1347213
7.5166618916678924
0.24420857
3.0789435
6.703765
7.381056545477691
0.033518825
3.5338416
6.1530986
7.095757960667553
0.10055647
3.6248214
5.8801594
6.908380102253135
0.33997664
3.4380736
6.4882865
7.350768546061931
0.5267244
3.3518825
7.7428484
8.45365342834807
0.47405192
3.2082303
8.710106
9.294267458642098
0.78529817
3.193865
9.184157
9.7553172162292
1.0582372
3.2082303
9.107543
9.713904838147728
1.2545617
3.2561142
8.748413
9.41864839029465
1.3503298
3.3758245
8.346188
9.103758871924526
1.5993267
3.514688
8.030152
8.910343768576988
1.6136919
3.7110126
7.699753
8.698379839292675
1.4652514
4.0462008
7.651869
8.778940786368615
1.2401965
4.209007
8.087613
9.201267022499453
0.8619126
4.2281604
8.829816
9.827811377150242
0.51235914
4.2185836
9.509769
10.416077701448717
0.33997664
4.1180267
9.950302
10.774147060117885
0.33039984
3.964798
10.13705
10.889837556718591
0.36391866
4.1371803
10.745177
11.519875641257551
0.33039984
4.5202527
11.3964
12.264574994865802
0.21547815
5.118803
11.640609
12.718189723915728
-0.37349546
5.4779334
11.712435
12.935546727549825
-0.9624691
5.3342814
12.042834
13.206466847781904
-1.3120226
3.892972
12.919112
13.556551564908801
-1.0726024
1.9728222
14.039598
14.218045999055215
0.05746084
1.1348516
12.89517
12.945138049518581
1.0582372
0.51714754
9.595961
9.667976246840528
1.2497733
0.2825158
7.3885064
7.498784793315838
0.58418524
0.39743748
6.7372837
6.774232107190441
-0.08619126
0.7182605
7.536947
7.5715844942885235
-0.25378537
1.0199299
7.5704656
7.643076247982268
-0.076614454
1.661576
7.062895
7.256113828815567
0.24420857
2.087744
6.5744777
6.902323301292573
0.5410896
2.2888567
6.181829
6.614125089216319
0.8810662
2.5570073
6.622362
7.153337843941827
0.8858546
3.0310593
7.129933
7.797948362051813
0.6799533
3.3997664
6.943185
7.760706489493367
0.58418524
3.5194764
6.7612257
7.644747068763055
0.40701428
3.5242648
7.383718
8.191788111032578
0.10534488
3.2704794
8.676587
9.273095244316012
-0.090979666
2.8682537
9.591172
10.011280563713646
-0.37349546
2.681506
10.156203
10.510872434344101
-0.59855044
2.9161377
10.070012
10.500822125901582
-0.770933
3.1651347
9.198523
9.758341815357339
-0.6895301
3.6104562
8.274361
9.054053849700765
-0.63206923
4.1276035
7.393295
8.49102039616936
-0.50278234
4.6830587
6.5218053
8.044735759333554
-0.17717093
4.7309427
6.3685765
7.935488228155181
0.18674773
4.390966
7.1347213
8.379719784952025
0.29688102
3.821146
8.7532015
9.555513110793521
-0.047884032
3.3662477
10.13705
10.681464738735215
-0.34476504
2.9113493
11.104307
11.484792190551653
-0.22026655
3.5577838
11.87524
12.398696560187348
-0.18674773
4.9176903
11.410766
12.426750099764305
0.29688102
4.9895163
10.941502
12.029126106161232
1.292869
4.582502
12.320562
13.208598971578787
1.6759412
3.3183637
14.03481
14.518822390720304
2.0350714
1.4269443
15.409082
15.608251277275437
2.0398598
0.37828386
15.442601
15.581336942415627
1.292869
0.5793968
12.62702
12.706252497847762
1.1013328
1.0295067
8.834604
8.962312840591803
1.316811
1.5131354
5.899313
6.231008438126677
1.388637
1.6280571
4.654328
5.122660405266539
1.5993267
1.1587936
5.9280434
6.24838754834763
1.7812861
0.92416185
8.130709
8.374692541143908
1.6711528
0.94331545
8.868123
9.073378774887452
1.2785037
1.2497733
8.1402855
8.334311415176224
1.067814
1.5227122
7.1347213
7.3731356058402575
0.89064306
1.9488802
7.129933
7.444952812993197
0.7230489
2.5617957
7.062895
7.547852762829022
0.5410896
3.169923
7.005434
7.708261630437907
0.59376204
3.4141316
7.1059904
7.905943612053697
0.5650316
3.6343982
7.819463
8.64130265129225
0.49799395
3.6487634
8.585608
9.342062092788069
0.5506664
3.4955344
9.241618
9.89593373030212
0.866701
3.3423057
9.80665
10.396757544727475
0.90979666
3.2082303
9.481039
10.0504017004705
0.90021986
3.2225955
8.676587
9.299391564596023
1.091756
3.217807
8.173804
8.851965010431211
1.1683705
3.4524388
7.7572136
8.570810114029022
1.0773908
3.8307228
7.4507556
8.446831862056884
0.8762778
4.1132383
7.517793
8.614163432714044
0.5746084
4.213795
8.312668
9.337381393312565
0.51714754
4.1802764
9.169792
10.0909484187679
0.6991069
3.8498764
9.653421
10.416277662007252
1.0247183
3.5817258
9.998186
10.669701462406294
1.3742718
3.4332852
10.697293
11.318487279529672
1.2497733
3.8594532
11.587936
12.277523339244896
0.82360536
4.4484267
12.138602
12.954245819082288
-0.023942016
4.807557
12.5264635
13.417356927463223
-0.8810662
4.8937483
12.636597
13.57971392817587
-1.4269443
3.916914
12.579136
13.251907499230594
-1.3838485
2.336741
12.124237
12.424674163782802
-0.49799395
1.2976574
10.275913
10.369489194379044
0.5506664
0.92895025
8.049306
8.12142302197438
0.8571242
0.33518824
7.2209125
7.279325959577662
0.45010993
0.39743748
7.9152308
7.937974089634274
-0.18674773
0.5410896
8.882488
8.900912857388517
-0.272939
0.80924016
9.112331
9.152264557649277
0.21547815
1.6136919
8.66701
8.818587993645023
0.6512229
2.0111294
7.9487495
8.225044190076485
1.0247183
2.456451
7.383718
7.848789009912239
1.1827357
2.858677
7.0341644
7.684423559903374
1.340753
3.2321723
6.83784
7.681185726582828
1.3838485
3.4476504
6.5026517
7.489045853798264
1.13964
3.442862
6.483498
7.428851059481866
0.641646
3.2369606
6.95755
7.700462763368155
0.24899697
2.906561
7.97748
8.494132316692303
0.076614454
2.5761611
8.623915
9.000798931688864
-0.08619126
2.60968
8.978256
9.350237479228468
-0.41180268
2.858677
8.987833
9.440484995910317
-0.6751649
3.0693667
8.954314
9.489815724134338
-0.770933
3.2704794
8.99741
9.60436146525491
-0.94331545
3.6583402
8.743625
9.524929064388912
-0.8858546
4.209007
7.728483
8.844768775518261
-0.8810662
4.357447
6.8809357
8.192124320278975
-0.7374141
4.156334
7.16824
8.318807632395684
-0.8619126
3.940856
8.772355
9.655436558704125
-1.3263878
3.6535518
10.247183
10.959584985379593
-1.0726024
3.5194764
10.927136
11.529939241009346
-0.51714754
3.9983168
10.6637745
11.400441318469184
0.16759412
4.9464207
9.332599
10.563737966006784
1.2737153
5.793968
8.418014
10.298318996103578
2.2649148
5.521029
9.23683
10.996846180406788
2.8107927
4.381389
11.602302
12.716545345049312
3.098097
2.3654714
14.609419
15.12047565983582
2.882619
0.14844051
17.051504
17.294082705678825
2.2170308
-0.023942016
16.43859
16.587435165543038
1.0007763
0.46447513
12.0571995
12.107573580726045
0.90021986
1.2258313
7.776367
7.923695010975191
1.2018893
1.7717092
5.094861
5.5264002341795555
1.4030021
1.7429788
5.0996494
5.56891493633322
1.6376339
1.316811
7.445967
7.736812323114456
1.6328455
0.9911995
9.193734
9.390069675369869
1.2689269
1.316811
9.188946
9.36914571444254
0.9528923
1.6998832
7.675811
7.919323150920233
0.92416185
2.135628
7.0724716
7.445457497112491
0.79966336
2.657564
6.861782
7.401767323780238
0.8283938
3.2369606
6.9288197
7.692378783264306
0.9720459
3.5194764
7.0006456
7.8956082462111
0.90979666
3.6774938
7.40766
8.320163492650465
0.81402856
3.5625722
7.867347
8.674659075895018
0.8331822
3.371036
8.595184
9.270127950400516
1.0007763
3.169923
9.179369
9.762724178539024
1.2258313
3.122039
9.270349
9.858456044361779
1.3934253
3.193865
8.643068
9.319068589063813
1.484405
3.2321723
8.169016
8.909725969855087
1.5275006
3.3183637
7.920019
8.721897883233149
1.4987702
3.620033
7.6853876
8.62647842783589
1.3838485
3.916914
7.369353
8.459587066889563
1.1061212
4.232949
7.350199
8.55375904636331
0.7517793
4.247314
8.240842
9.301415317267415
0.46447513
4.2042184
9.619903
10.508744730952051
0.50757074
3.98874
10.357317
11.110431862308152
0.521936
3.892972
10.912771
11.598112781516372
0.60812724
4.2425256
11.683704
12.444990040157098
0.47884035
4.6686935
11.908759
12.800176881521685
0.05746084
5.1810527
11.769896
12.859900648050683
-0.6655881
5.3007627
11.980585
13.117755743535946
-1.292869
4.9655743
12.196063
13.231492270160327
-1.7621324
3.0119057
12.459426
12.938855086415707
-1.4939818
1.3694834
13.125013
13.280566388656608
-0.4165911
0.9864111
11.597513
11.646839914967615
0.320823
0.8475474
8.6334915
8.680924156670601
0.90500826
1.0869676
6.775591
6.9216449087921434
0.5267244
1.3120226
5.932832
6.0989617386527994
-0.22505496
1.4460979
6.3206925
6.4879120153818315
-0.4357447
1.460463
7.067683
7.230143221838747
-0.076614454
1.9009962
7.9008656
8.12670504946116
0.24899697
2.0590134
8.48984
8.739503068218154
0.50757074
2.384625
8.197746
8.552607927173852
0.6799533
2.954445
7.800309
8.368745660531456
0.6368576
3.5529952
7.3549876
8.192997375420815
0.7517793
3.9312792
6.8426285
7.92727507176814
0.6560113
4.0653543
6.5744777
7.757655146943969
0.5315128
3.892972
7.153875
8.161841803238639
0.38307226
3.7780502
8.0924015
8.939092320867712
0.24420857
3.5098996
8.815451
9.491638921262286
0.10055647
3.3327289
9.054871
9.649242438589253
-0.110133275
3.41892
8.90643
9.540735946195111
-0.32561144
3.4620156
8.686164
9.356335587450891
-0.37828386
3.7110126
8.231265
9.037058932145259
-0.34955344
4.0940847
7.5225816
8.57163614294215
-0.2633622
4.333505
6.861782
8.11989397853545
-0.12449849
4.4580035
6.8330517
8.159649955122873
-0.047884032
4.280833
7.967903
9.045181036761672
-0.19153613
4.1371803
9.279925
10.162182762383964
-0.47405192
3.821146
10.251971
10.951200612756569
-0.61291564
3.643975
10.721235
11.340154577207532
-0.36391866
4.0701427
10.745177
11.495970310244518
-0.038307227
5.2480903
9.797073
11.114250561857862
0.5554548
6.0956373
8.858546
10.76750496670458
1.5466543
6.191406
9.385271
11.34940350683407
2.183512
5.6886234
10.754754
12.360942215545492
2.27928
4.333505
12.406754
13.337987723187716
2.0829554
2.3080103
14.30775
14.641629668036872
1.2018893
1.3072342
14.762648
14.869067122872645
-0.0047884034
1.3072342
12.215217
12.284966214746419
-0.12449849
1.733402
8.75799
8.92874933556014
0.37349546
2.2218192
5.329493
5.786145256447589
1.0582372
2.5139117
3.7445314
4.632616112906459
1.4221559
2.111686
4.8458643
5.473951558097714
1.8818425
1.5801731
7.5800424
7.968395270137667
1.934515
1.2018893
9.26556
9.54135686601893
1.5610195
1.3120226
9.476251
9.693168310818473
1.043872
1.4269443
8.925584
9.099004636550998
0.6655881
2.1739352
8.480263
8.779741150813786
0.29209262
2.777274
8.054094
8.524494556646104
0.22984336
3.490746
7.536947
8.309253947971202
0.21068975
3.8977604
7.3166804
8.292812351327862
0.21068975
3.9839516
7.690176
8.663432862885623
0.30645782
3.763685
8.379706
9.191230691188876
0.33997664
3.5673606
9.069236
9.751547666127959
0.46926352
3.289633
9.485827
10.051010490972956
0.5554548
3.1316159
9.519346
10.036607874158923
0.61291564
3.1842883
9.260772
9.812097237454672
0.641646
3.394978
8.820239
9.472813706809914
0.82360536
3.5625722
8.360553
9.125189792279237
0.81402856
3.5673606
7.9870567
8.785316041788228
0.7757214
3.5482068
7.747637
8.556716190675804
0.6607997
3.4859576
7.9822683
8.73528250959641
0.7422025
3.4045548
8.432379
9.123972377656685
0.521936
3.3854012
8.829816
9.470955871872338
0.34955344
3.4380736
9.184157
9.812812168476913
0.33997664
3.6008794
9.562442
10.223610378309635
0.46447513
3.7828386
9.528923
10.262844690442154
0.5315128
4.027047
9.3182335
10.165091554123403
0.50757074
4.390966
8.963891
9.994475937004957
0.38307226
4.721366
8.853758
10.041268452917425
0.320823
4.9655743
9.3421755
10.584710779937346
0.23463176
4.8985367
10.103531
11.230852574962725
-0.32561144
4.295198
11.683704
12.4524571946884
-0.770933
3.347094
13.326127
13.761651113941086
-0.9720459
2.2361844
13.88637
14.098817578240105
-0.6607997
1.8004397
12.301409
12.450016030910236
-0.21068975
1.7669208
9.629479
9.792511036496325
-0.02873042
1.9393034
7.3071036
7.560124804561554
-0.5602432
2.2505496
6.397307
6.804732347728216
-0.94331545
2.6431987
6.909666
7.4578701564526995
-1.2593501
2.743755
7.666234
8.239253587711522
-1.6472107
2.7341783
8.576031
9.150810631035817
-1.3551182
2.4229321
8.829816
9.255949014719448
-0.91458505
2.1452048
9.006987
9.303987234879296
-0.51235914
2.2888567
9.121908
9.418629759569678
-0.17238252
2.5761611
8.532935
8.915004349481245
0.01436521
2.9592333
8.101978
8.625504188728078
0.08140286
3.241749
7.762002
8.412148147185434
0.095768064
3.3375173
7.929596
8.603876313736171
0.110133275
3.0693667
8.480263
9.01931258870397
0.06703765
2.7724855
8.949526
9.369374532922867
-0.17238252
2.6240451
9.3182335
9.682190061258053
-0.24899697
2.4708161
9.773131
10.08370121896903
-0.23463176
2.5330653
9.404425
9.742416562689003
-0.4261679
2.8921957
8.24563
8.748533289460404
-0.48362875
2.9783869
8.743625
9.249630070067964
-0.23463176
2.954445
9.461885
9.915194062812017
-0.04309563
3.0310593
9.528923
9.999477754307307
0.023942016
3.1316159
9.179369
9.698887192908355
0.07182605
3.1603463
8.690952
9.248005419983645
0.01436521
3.217807
8.561666
9.14639825024848
