0.35434186
2.633622
8.872911
9.262293713701114
0.2777274
2.6048915
9.385271
9.744019067755021
0.272939
2.3750482
9.3182335
9.620021969458858
0.2825158
2.4995465
9.006987
9.351649794653131
0.4357447
2.7102363
8.935161
9.347317936183494
0.5410896
2.896984
8.963891
9.435922655074016
0.29209262
3.1316159
8.90643
9.445466373979247
-0.19632454
3.5338416
7.8769236
8.635537165470975
-0.5602432
3.7541082
6.5744777
7.591505433208333
-0.60333884
3.8355112
6.0285997
7.170716701211477
-0.46447513
3.6056678
6.6846113
7.609244656866204
-0.090979666
3.394978
8.571242
9.219563490325799
0.29688102
3.2082303
10.419566
10.906339541179708
0.25378537
2.9831753
11.482592
11.866493149535323
0.04309563
2.9735985
11.669339
12.042326349230335
0.038307227
3.289633
10.184934
10.703084725631344
0.095768064
3.7972038
8.341399
9.165525978091935
-0.009576807
4.0940847
7.1873937
8.271653398140232
-0.24899697
4.1132383
6.71813
7.881243940044013
-0.33997664
3.9743748
7.28795
8.308155731578234
-0.047884032
3.7445314
8.537724
9.32290375493752
0.21068975
3.7014358
9.155427
9.87759403972809
0.25857377
3.787627
9.193734
9.946744637409566
0.4405331
3.9217024
9.040505
9.864307264085653
0.49320555
3.8786068
8.99741
9.81021033136423
0.4405331
3.8594532
9.11712
9.910162408847121
0.33039984
3.6966474
9.677363
10.364638336393522
0.0
3.4476504
9.557653
10.160464119710756
-0.24420857
3.347094
9.308656
9.895137293915113
-0.2825158
3.4476504
9.390059
10.006963975298886
-0.39264908
3.6727054
9.619903
10.304633081854984
-0.49320555
3.9839516
9.667787
10.468104647202622
-0.39743748
4.036624
9.188946
10.044352023319343
-0.36391866
4.3143516
9.054871
10.036770166298208
-0.047884032
4.414908
9.433155
10.415282948460131
0.5746084
4.074931
10.036493
10.84741641457051
0.92416185
3.514688
11.267113
11.838705070409542
0.61770403
2.4612393
12.066776
12.330707236098942
-0.06703765
1.3551182
11.927913
12.004829706384713
-0.521936
0.7086837
10.936713
10.972071131270885
-0.37349546
0.61770403
10.280702
10.306011956440233
0.2873042
0.8475474
10.084377
10.1240083185265
1.1348516
1.1587936
10.084377
10.213978437895058
1.6424223
1.4652514
9.959879
10.200181428380331
1.6184803
1.436521
9.940725
10.173548969401606
1.0199299
1.0247183
9.854534
9.96002753196496
0.38307226
0.78050977
9.184157
9.225220352477105
0.11492168
1.0869676
8.2169
8.289278795186945
0.24420857
1.7764976
7.3406224
7.556475296637408
0.47405192
2.3894134
7.201759
7.602588423591362
0.7374141
2.7724855
7.5321584
8.060016574889906
0.7757214
2.9496565
7.627927
8.215076858616039
0.6464345
3.0358477
7.4268136
8.04933594043827
0.641646
3.083732
7.240066
7.895547370127405
0.7038953
3.1842883
7.2687964
7.966841405550959
0.6895301
3.169923
7.4842744
8.157096497320696
0.61770403
3.2273839
7.5082164
8.195784010655503
0.56982
3.3135753
7.541735
8.257253983448006
0.5363012
3.3662477
7.4986396
8.237040658279668
0.6703765
3.442862
7.6614456
8.426176936409055
0.6799533
3.53863
8.111555
8.87589785909999
0.60812724
3.8067808
8.298303
9.150039389270153
0.48841715
4.2999864
8.183381
9.257222423177888
0.7230489
4.8937483
8.111555
9.500994580056021
1.2210429
5.2002063
8.571242
10.099469433436296
1.4030021
4.975151
9.950302
11.212896918816819
1.1492168
4.381389
12.162544
12.978627168679813
0.22984336
3.916914
13.67568
14.227413011712965
-0.31124622
3.4715924
13.062764
13.519786886307486
-0.5650316
3.572149
12.090718
12.62002314303977
-0.49799395
3.5673606
11.477803
12.029714035478591
-0.37828386
3.0550013
11.238382
11.652354880777454
-0.10534488
2.2649148
11.449073
11.671426583170033
-0.51235914
1.4556746
10.931925
11.040311641440956
-1.0199299
0.9528923
9.241618
9.34643067145885
-1.0103531
1.2689269
7.4507556
7.625270400959177
-0.5650316
1.8770541
6.4882865
6.7779389485580985
0.033518825
2.3511062
7.053318
7.434925563416551
0.2825158
2.3080103
8.121132
8.447455967869946
0.11971009
1.9728222
8.537724
8.763508423857395
-0.2681506
1.4796166
8.566454
8.697430759646647
-0.6991069
1.0965444
7.97748
8.082780747025877
-0.9624691
1.4891934
7.2113357
7.426129793980241
-0.8762778
2.1212628
6.3685765
6.769518852772838
-0.545878
2.566584
6.205771
6.737724444838931
-0.20111294
2.8491
7.0581064
7.614110957225756
-0.21068975
2.801216
8.121132
8.593251938692124
-0.29688102
2.695871
8.863335
9.269010648965969
-0.4357447
2.8299465
9.011775
9.45571576391286
-0.29688102
2.9975405
8.925584
9.420161001202379
-0.40222588
3.1124623
8.973468
9.50643622562704
-0.61291564
3.2944214
8.748413
9.368223462313638
-0.7565677
3.7301662
7.872135
8.743972009835637
-0.6607997
4.1276035
7.565677
8.643682177009312
-0.076614454
4.4484267
7.97748
9.13425175116774
0.45489833
4.7070007
8.810662
9.999527729326536
0.6655881
4.4484267
10.117896
11.072638569470996
0.48841715
3.6391866
11.549629
12.119247487693645
-0.22984336
3.2082303
12.354081
12.765926810423972
-0.7278373
3.3758245
10.721235
11.263694735378657
-0.15801731
3.8498764
9.5385
10.287346513606686
1.1540052
3.9456444
10.577583
11.348352764768673
2.087744
3.0262709
12.938266
13.450491085801245
2.1404164
1.8243817
14.891934
15.155179267107469
1.0582372
0.50757074
13.982138
14.03130981160693
0.23463176
0.047884032
9.787497
9.790425539831073
-0.1340753
0.78529817
6.1770406
6.228202039181865
0.545878
1.6376339
6.1100025
6.349169891646331
1.6950948
1.8674773
8.963891
9.311936329417476
1.982399
1.8195933
10.769119
11.100214060875837
1.412579
1.8148049
10.496181
10.745171105543287
0.6655881
1.8435353
8.494628
8.717817140394686
0.15322891
2.0207062
6.5026517
6.811109208394888
-0.07182605
2.3702598
5.707777
6.180777548852445
0.033518825
2.7868507
5.631162
6.283123894530764
0.49320555
3.2273839
6.0381765
6.864316094791873
1.0199299
3.7684734
6.5361705
7.613354905204253
1.3694834
4.0557775
7.043741
8.242518413825115
1.4748282
4.0892963
7.5465236
8.709046354413342
1.2976574
3.9217024
7.9248075
8.936791451918195
0.866701
3.6152446
8.1642275
8.970829207624192
0.45968673
3.2944214
8.336611
8.975722735959065
0.47884035
3.1842883
8.312668
8.914562749575174
0.641646
3.5913026
8.159439
8.937875166268153
0.80924016
4.1802764
7.9966335
9.059565628114694
0.9911995
4.6782703
7.762002
9.116872852325448
1.2401965
4.960786
7.833828
9.355016951512484
1.2976574
4.8698063
8.523358
9.901846403314092
1.1300632
4.3718123
9.605537
10.6139594666214
0.8379706
3.86903
10.6637745
11.374870551074897
0.49799395
3.6631286
11.496957
12.076693549958506
0.50278234
3.6056678
11.520899
12.082414543912053
0.47405192
3.514688
11.808203
12.329290878806402
0.6560113
2.9879637
12.023681
12.406738886581142
0.5746084
2.3558946
12.301409
12.538144923592165
-0.076614454
1.7477672
11.951855
12.079213319135468
-0.59855044
1.4700398
9.821015
9.94844805245239
-0.5554548
1.7860745
7.9631147
8.179840465379659
-0.15322891
2.255338
7.9631147
8.277754826979713
0.0047884034
2.3319526
9.035717
9.331784755665671
-0.15801731
2.1164744
9.097966
9.342238492135882
-0.44532153
1.8387469
8.695741
8.899168820090816
-0.63206923
1.661576
8.327033
8.514682878647083
-0.842759
1.6663644
7.8386164
8.057972191098672
-0.90979666
1.8866309
7.225701
7.523155072418243
-0.80924016
2.1164744
6.564901
6.94494476889612
-0.5506664
2.408567
6.540959
6.99203610389519
-0.095768064
2.7868507
7.2687964
7.7853137821963125
0.25857377
2.7581203
7.9104424
8.381479063040109
0.37349546
2.7581203
8.566454
9.007267031403032
0.4405331
2.753332
8.882488
9.309860777177589
0.50757074
2.9496565
9.040505
9.523068578144493
0.47405192
3.2752678
8.6574335
9.268401117633168
0.29209262
3.6870706
8.078036
8.88450779501969
0.41180268
4.0078936
7.85777
8.83047794279801
0.7757214
4.31914
8.403648
9.480401955625846
1.0534488
4.3287168
9.653421
10.631843068637385
1.1540052
3.9360676
10.836157
11.586485362973805
1.1252748
3.466804
12.023681
12.563990869829079
0.29688102
3.2369606
12.186486
12.612553570485217
-0.05746084
3.1603463
10.299856
10.773955865883245
0.48362875
3.739743
9.495404
10.21676457800525
2.0015526
3.9504328
10.199299
11.119254696795421
3.2561142
2.9257145
12.172121
12.935324370774335
2.4851813
1.460463
14.18325
14.473205539508765
0.6895301
0.33039984
12.938266
12.960838607217658
-0.16759412
0.20111294
9.059659
9.06344073444392
-0.37828386
0.93373865
5.793968
5.880904132592883
0.56982
1.5035586
5.961562
6.1745936333385725
1.8052281
1.9871874
8.456321
8.872267181446063
2.1978772
2.4612393
10.041282
10.569564713941038
1.9776106
2.96881
10.0508585
10.6651084079589
1.2593501
2.8395233
8.796297
9.328649253745906
0.60812724
2.4660277
7.311892
7.740469948944804
0.40701428
2.552219
6.9767036
7.440018427836249
0.79966336
3.016694
7.311892
7.950073376202997
1.1444284
3.5817258
7.5800424
8.461413594638383
1.316811
3.9552212
7.575254
8.646515919653888
1.1348516
3.940856
7.2448545
8.32503167223705
0.8810662
3.739743
7.0102224
7.994071194039436
0.56982
3.3183637
7.536947
8.254804657092608
0.36391866
2.8682537
7.9152308
8.426754587093049
0.272939
2.585738
8.384495
8.77839891299011
0.30166942
2.432509
8.825027
9.15910550010271
0.36870706
2.5378537
8.983045
9.341934282846328
0.44532153
3.0358477
8.690952
9.21668781556318
0.7757214
3.7588966
8.192958
9.047408804685547
1.1731589
4.414908
8.494628
9.645020507664135
1.4508862
4.7405195
9.428367
10.65230937150668
1.4556746
4.807557
10.323798
11.480958516050201
1.0869676
4.4340615
11.022904
11.930919171438159
0.30645782
4.3143516
10.6877165
11.529736758136071
-0.02873042
4.4436383
9.945514
10.893116910816428
-0.58897364
4.951209
9.251195
10.50932769628627
-0.5315128
4.7979803
8.379706
9.670708260856676
0.5506664
3.6631286
9.437943
10.138862068686583
0.34955344
2.3750482
12.215217
12.448878005612908
-0.80445176
1.3838485
12.717999
12.818334228081763
-1.0773908
1.2306197
10.323798
10.45255970246026
-0.320823
2.1164744
8.384495
8.65344677647475
0.5554548
2.6001031
8.470686
8.87815220690019
0.521936
2.384625
9.572019
9.878380305542883
0.062249243
1.8722657
10.251971
10.421716142670478
-0.5602432
1.3934253
9.662998
9.779010357858384
-1.0342951
1.5035586
8.121132
8.323655065088781
-1.1013328
2.0254946
6.3925185
6.795576160023496
-0.9720459
2.4851813
5.2385135
5.879032455559791
-0.80445176
2.801216
4.9176903
5.716435198458374
-0.3878607
2.944868
5.8322754
6.545083613433516
0.07182605
3.0310593
7.3406224
7.9421166638403635
0.31124622
3.0214825
8.360553
8.895227725805862
0.23463176
2.858677
8.901642
9.352342412131305
0.22984336
2.873042
8.901642
9.356624651321793
0.076614454
3.1316159
8.346188
8.914691979718745
-0.05746084
3.4859576
7.675811
8.430496587098421
-0.04309563
4.027047
6.943185
8.02662994849508
0.2777274
4.4244847
7.0102224
8.294360568261313
0.770933
4.711789
7.8769236
9.210929217023418
0.9768343
4.7884035
8.954314
10.201115221877435
0.8475474
4.5872903
9.572019
10.648244406837867
0.34955344
3.9264908
10.28549
11.015027272125296
-0.29688102
3.7014358
10.7116585
11.3370365001814
0.30645782
3.8163576
10.390836
11.073751299106942
1.5035586
4.0557775
10.965444
11.787746752910083
2.4133554
3.5817258
12.5982895
13.318030985878517
2.480393
2.4133554
13.8241205
14.250717412725008
1.7956513
1.4460979
13.565547
13.760073768950264
1.0295067
0.8283938
11.300632
11.37762756182267
0.89064306
0.81881696
9.313444
9.391695745423686
1.5514427
1.2018893
9.552865
9.752371084011001
2.2266076
1.4700398
10.390836
10.727919857331711
1.8770541
1.3982137
10.611102
10.866177893881748
0.9911995
1.3551182
9.873688
10.015414755008589
0.19153613
1.5227122
8.403648
8.542636971295213
-0.18195933
1.8195933
6.8809357
7.119782528502808
-0.2777274
2.0590134
6.2488666
6.58521083022152
0.090979666
2.3080103
6.7229185
7.108644150277424
0.62249243
2.719813
7.5800424
8.077247084941218
0.8619126
3.1268275
7.9870567
8.620499915830178
1.0295067
3.4955344
7.8050976
8.61383749621113
0.9528923
3.572149
7.52737
8.386271620736913
0.6655881
3.3135753
7.771579
8.474681620961354
0.50278234
2.96881
8.379706
8.904274383402718
0.5506664
2.825158
8.556877
9.02800631763675
0.5315128
2.8107927
8.513782
8.981510667727992
0.56982
3.1507695
8.403648
8.992961250376943
0.49320555
3.5673606
8.178593
8.936369284216422
0.36391866
3.8786068
8.2169
9.093594788999752
0.38307226
4.1946416
8.446744
9.438709712022721
0.62249243
4.4963107
8.839393
9.936758721492646
0.9720459
4.6591167
9.313444
10.459086316321594
1.3455414
4.4723687
9.816227
10.870643181464054
1.2258313
4.074931
10.697293
11.512593547097199
0.39264908
3.98874
11.449073
12.130354180884865
-0.24899697
3.7110126
10.979809
11.592662174159122
-0.79487497
3.739743
10.170568
10.865448363489122
-0.51714754
3.7301662
9.490616
10.210454063967127
0.08619126
3.4380736
9.92636
10.50525606390733
0.30166942
3.2752678
10.654198
11.150350084496717
0.24420857
3.2752678
9.811439
10.346562029253741
0.29209262
3.2130187
8.724471
9.301892274700709
0.59855044
2.8874073
8.767567
9.250167845156877
0.40222588
2.1643584
9.993398
10.232996910438455
-0.095768064
1.4317327
10.357317
10.456244352513606
-0.36870706
1.0342951
9.844957
9.906003160740736
-0.6560113
1.115698
8.710106
8.805741119301445
-0.8523358
1.5705963
7.067683
7.290088708073588
-0.8762778
1.9009962
5.7125654
6.08399973663791
-0.6512229
2.2266076
4.9176903
5.437421250047109
-0.22026655
2.7964275
5.0374002
5.765754346766419
0.25857377
3.169923
5.93762
6.735770592051811
0.4405331
3.2034419
7.369353
8.0475756293894
0.5410896
2.9640217
9.030929
9.520287384696275
0.38307226
2.8203697
9.854534
10.257342430204266
0.20111294
2.6240451
10.275913
10.607565544334088
-0.0047884034
2.719813
10.309433
10.66216751420996
-0.1340753
3.3183637
9.241618
9.82023519820908
-0.033518825
4.0653543
8.212111
9.163351071996114
0.29688102
4.309563
7.97748
9.071971074672113
0.58418524
4.1802764
8.892065
9.843007474475376
0.34476504
3.9217024
10.773908
11.470645093129638
0.12928689
3.4332852
11.147403
11.664851310818994
-0.009576807
3.4093432
9.964667
10.531775939667506
-0.23942018
3.7780502
9.56723
10.288968699150068
0.12928689
4.027047
9.184157
10.02908634607419
1.1109096
4.280833
9.409213
10.396775156498537
1.7381904
4.6255975
10.160992
11.298814451428632
2.231396
4.19943
10.582372
11.601763729315444
2.054225
2.8443117
11.583148
12.102861781647515
1.0103531
1.4269443
12.239159
12.363412691836825
-0.1436521
0.5793968
10.572795
10.589633017891284
-0.18674773
0.81402856
8.178593
8.221125154363662
0.39264908
1.340753
7.129933
7.265516842272927
1.115698
1.7477672
8.173804
8.432706700541843
1.2976574
2.0685902
9.102755
9.424601854571232
0.89064306
2.2649148
8.887277
9.214486898293801
0.31124622
2.255338
8.456321
8.757441816558655
0.14844051
2.1739352
7.9391727
8.23276963048124
0.1436521
2.3175871
7.493851
7.84535863422504
0.30166942
2.6862943
7.3645644
7.8449978386782995
0.39743748
3.0358477
7.398083
8.00662005222207
0.45968673
3.289633
7.493851
8.196999666209097
0.36870706
3.2752678
7.800309
8.46806619846595
0.40222588
3.2034419
8.034941
8.659336021993653
0.18195933
2.9400797
8.350976
8.855279638612625
-0.18674773
2.6527755
8.231265
8.650191517732832
-0.21547815
2.5187001
8.346188
8.720614982407303
-0.038307227
2.6144683
8.801085
9.181286429897092
0.19153613
2.9352913
9.078813
9.543450823118503
0.47405192
3.620033
8.762778
9.4929261222399
0.8810662
4.367024
8.542512
9.634401164110598
1.2018893
4.7309427
8.571242
9.863698552434618
1.3215994
4.6016555
9.006987
10.200375897830003
1.13964
4.357447
9.77792
10.765399991412194
0.94810385
3.9264908
10.156203
10.929990795581848
0.45489833
3.596091
10.58716
11.190476346619826
-0.21068975
3.4811692
10.658986
11.215030489236831
-0.8523358
3.5003228
9.68694
10.335160575840995
-1.4173675
3.6056678
8.858546
9.668692365596646
-0.93373865
3.1555579
9.097966
9.674833421480622
0.40701428
2.633622
10.304645
10.643651769860139
1.0965444
2.2266076
11.693281
11.953786235795492
0.44532153
1.7142484
11.8896055
12.020801951842884
-0.24420857
1.3934253
9.830592
9.9318585967354
-0.05267244
1.7621324
8.446744
8.628752403562881
0.45968673
1.9297266
8.925584
9.14336939636899
0.7326257
1.6711528
10.424355
10.582847363786144
0.34476504
1.4556746
10.951078
11.052781140838066
-0.2633622
1.3790601
10.0987425
10.19586998595548
-0.6464345
1.6998832
8.470686
8.663717306017881
-0.6799533
2.4277205
6.7851677
7.23841590159092
-0.6991069
2.825158
5.626374
6.334536321060289
-0.51714754
3.074155
5.693412
6.49097931748361
-0.17717093
3.0071173
6.9048777
7.533357570687973
0.090979666
2.791639
8.221688
8.683184313334362
0.110133275
2.5570073
8.719683
9.087534454994001
-0.0047884034
2.5617957
8.710106
9.07902882158999
-0.14844051
2.4899697
8.772355
9.12009873119251
-0.30166942
2.5953147
8.944737
9.31852946848794
-0.45010993
2.8921957
8.485051
8.975716785933537
-0.56982
3.3135753
7.833828
8.524865972186895
-0.50278234
3.6248214
7.905654
8.711571585666245
-0.31124622
3.8355112
8.475474
9.308151561176894
0.033518825
3.8786068
9.346964
10.119804650633933
0.4213795
3.8163576
10.759542
11.424093091099248
0.59376204
3.6008794
12.095507
12.634087945817706
0.4261679
3.1364043
12.717999
13.105958914082448
-0.047884032
3.107674
11.520899
11.932771555146134
0.6991069
3.3518825
9.442732
10.044354302030897
2.1021092
3.7062242
9.969456
10.841817458265005
2.3798366
3.6727054
11.659762
12.454013309361992
1.7764976
3.3662477
10.443508
11.115503951714738
1.6232687
3.0597897
8.317456
9.00984966868183
1.7046716
2.3798366
7.967903
8.488639869610296
1.436521
1.1587936
9.165004
9.348993877601883
0.9528923
0.46926352
10.371682
10.425929434714044
0.62249243
0.48362875
10.67814
10.707196562477924
0.47884035
1.1061212
10.0029745
10.075330811173886
0.46447513
2.0159178
8.537724
8.784781509487507
0.37349546
2.542642
7.5465236
7.972110533365751
0.25378537
2.5905263
7.455544
7.896858276301173
0.22505496
2.4468741
8.082825
8.448070545104285
0.22505496
2.6862943
8.145074
8.579571933693993
0.33997664
3.1411927
7.1586633
7.824904702675748
0.5363012
3.514688
6.4164605
7.335640313219538
0.770933
3.9743748
6.3206925
7.506074098785919
0.6607997
4.0462008
6.6750345
7.833548793129199
0.39264908
3.7924154
7.067683
8.030487618088788
0.20111294
3.5003228
7.240066
8.044331268910105
0.30645782
3.3087866
7.651869
8.342246616666355
0.40701428
3.3135753
8.082825
8.745141124426342
0.44532153
3.5051112
8.576031
9.275366154355487
0.49799395
4.0078936
8.930372
9.801161125061359
0.59855044
4.7261543
8.6574335
9.881596546984845
0.6751649
5.4539914
8.101978
9.789990696965942
0.62249243
5.78918
8.111555
9.984959926992815
0.45489833
5.4683566
9.021352
10.559102431790263
0.4405331
4.697424
10.084377
11.133486821683212
0.047884032
4.146757
11.540052
12.26257301798788
-0.45968673
3.8738184
12.631808
13.220452525924912
-0.41180268
3.7301662
11.57836
12.171365396705383
-0.2873042
4.0892963
10.960655
11.702173171406828
-0.06703765
3.9695864
10.807426
11.513582252884865
0.5602432
3.2130187
10.658986
11.146808636261659
0.49320555
2.5187001
11.224017
11.513716105990104
-0.110133275
1.9249382
10.577583
10.751873474103245
-0.4309563
1.8818425
8.48984
8.70657384397479
-0.10534488
2.2218192
7.4746976
7.798633445948564
0.3878607
2.2505496
8.350976
8.657609853419327
0.4405331
2.0159178
8.978256
9.212333075202858
0.22984336
2.0973208
8.935161
9.18088672352913
-0.17238252
2.1883004
8.015787
8.310909721441403
-0.4213795
2.2026656
6.8426285
7.20075416853701
-0.50278234
2.3989902
5.995081
6.4767998627719185
-0.51714754
2.705448
5.7604494
6.385113043564817
-0.36391866
2.9352913
6.0381765
6.723685505535171
-0.047884032
3.0454245
6.603208
7.271812511482157
0.12449849
3.1842883
7.177817
7.8534226069317326
0.31124622
3.1986535
8.00621
8.62714657815982
0.31603462
3.2992098
8.6095495
9.225454394720213
0.11971009
3.5003228
9.030929
9.686292609991048
-0.090979666
3.8738184
8.892065
9.699668280838308
-0.033518825
4.156334
8.6095495
9.560365126911382
0.35913026
4.4484267
8.552089
9.646537958256221
0.80924016
4.477157
9.126697
10.197862468467656
0.79966336
4.271256
10.036493
10.93683173181695
0.62249243
4.2521024
10.433931
11.284271934459056
0.50757074
3.8977604
10.601525
11.30674605749556
-0.07182605
3.6391866
10.673351
11.27693512205645
-0.22984336
3.8881836
9.988609
10.721152700823499
0.47405192
4.19943
9.888053
10.753303197766067
1.292869
4.644751
10.821792
11.847210622595211
2.0685902
4.2425256
11.180922
12.13635414442679
2.1978772
3.1842883
11.085154
11.740995812366839
1.5658079
1.6280571
11.085154
11.31295522543147
0.58897364
0.22505496
10.582372
10.601137899105897
0.095768064
-0.30645782
10.208876
10.213923536466732
0.39264908
-0.090979666
10.342952
10.350802227387415
0.7230489
0.90979666
10.309433
10.374726073544025
1.0342951
2.2266076
9.14585
9.469642320140013
1.0630256
3.1986535
7.9487495
8.633888419237293
0.8571242
3.53863
7.053318
7.937623030542582
0.49799395
3.620033
6.531382
7.484089059484325
0.30645782
3.5529952
6.459556
7.378587529098001
0.17717093
3.5625722
6.38773
7.316174228001453
0.23463176
3.6583402
6.727707
7.661628173218042
0.2873042
3.5673606
7.0964136
7.9478104077223435
0.29209262
3.2848446
7.5561004
8.244402749549378
0.34955344
3.0933087
7.8769236
8.469750376944642
0.36870706
3.0214825
8.054094
8.610095428398736
0.25378537
3.107674
8.039729
8.623183349358875
0.019153614
2.9352913
7.967903
8.491394623606219
-0.16759412
3.0262709
8.145074
8.690721093078283
-0.06703765
3.6343982
8.106767
8.884425356544767
0.25857377
4.3622355
7.929596
9.053974218966765
0.79966336
4.9943047
7.8529816
9.340870493281964
1.3024458
5.353435
8.1642275
9.84937757665229
1.4796166
5.1140146
8.719683
10.21642181285616
1.2210429
4.5058875
10.041282
11.073450563083165
0.59376204
3.9264908
11.860875
12.508007079022109
-0.110133275
3.7780502
12.310986
12.878127227538632
-0.866701
3.940856
10.70687
11.441965700943282
-1.0151415
4.1276035
8.983045
9.937942974845905
-0.36391866
3.7588966
9.131485
9.881586895965624
-0.37349546
2.585738
11.482592
11.776054552159211
-0.8283938
1.8052281
11.99495
12.158285799166704
-0.770933
1.7621324
10.357317
10.53439438059067
-0.24899697
2.2170308
9.586384
9.842559839386018
0.4261679
2.2649148
9.830592
10.097128099098741
0.79966336
2.2122424
9.581595
9.866126214080579
0.8523358
2.1068976
8.959103
9.242889970926216
0.33518824
1.9201498
8.695741
8.911522305272163
-0.1388637
1.8770541
8.054094
8.271097661045642
-0.4261679
2.1883004
7.0006456
7.34706177403088
-0.2873042
2.2649148
6.172252
6.580963609628152
-0.15801731
2.456451
6.133945
6.609417710042263
0.038307227
2.6048915
6.909666
7.384470919883263
0.31603462
2.585738
7.714118
8.142084089789009
0.39743748
2.566584
8.274361
8.672390099425941
0.4165911
2.542642
8.834604
9.202652457626517
0.10534488
2.7006595
9.016563
9.412920541474744
-0.18674773
3.0933087
8.331821
8.889470298614052
-0.4213795
3.5482068
7.445967
8.258920182036038
-0.47405192
3.8738184
7.311892
8.288242367827547
-0.05267244
4.012682
8.255207
9.17893447709295
0.38307226
3.892972
9.691729
10.4513914213181
0.2825158
3.7349546
10.764331
11.397390609052254
0.038307227
3.5769374
10.658986
11.2432172885504
-0.21547815
3.6152446
10.481815
11.089854757391508
-0.45010993
3.6487634
10.529699
11.153055198410392
-0.14844051
3.7588966
10.529699
11.181498190959635
0.866701
3.8546648
11.271901
11.94426116408459
1.9871874
3.9217024
12.148179
12.919245571159706
2.5187001
3.241749
12.569559
13.22295743748556
1.7046716
2.0350714
12.488156
12.767203299961157
0.5650316
1.067814
10.769119
10.836670073132511
0.22026655
1.043872
8.202535
8.271623882752095
0.6464345
1.7238252
7.350199
7.577260642555121
1.9967642
1.910573
8.858546
9.279611976009178
2.3511062
1.9871874
11.128249
11.546191782476782
1.8195933
1.9393034
11.133038
11.446237030705154
0.89543146
2.2170308
9.131485
9.439334918370673
0.34955344
2.4899697
7.0724716
7.5061302563012156
0.14844051
2.542642
6.397307
6.8856809010400175
0.15801731
2.4660277
6.2584434
6.728623627126676
0.33039984
2.825158
6.3829417
6.988034512133826
0.6847417
3.3614593
6.459556
7.3139691303489425
0.80445176
3.5482068
6.3685765
7.334553645932286
0.60333884
3.3662477
6.339846
7.203422093419005
0.40701428
2.944868
6.9623384
7.570473243101234
0.1436521
2.6144683
7.9870567
8.405305149908951
-0.1388637
2.408567
8.781932
9.107294332489412
-0.40701428
2.408567
8.978256
9.304619443758249
-0.47405192
2.6001031
8.552089
8.951172088083677
-0.4261679
2.9735985
8.307879
8.834295064526053
-0.30166942
3.4859576
8.437167
9.133931009084256
-0.19153613
4.0940847
8.542512
9.474847120999293
0.07182605
4.5920787
8.475474
9.639813801720235
0.6560113
5.0038815
8.619126
9.987918421988482
1.283292
5.1571107
9.32781
10.735486546343335
1.3742718
4.8123455
10.673351
11.78845674388059
0.60333884
4.2999864
11.81778
12.590226733625633
-0.10055647
4.074931
11.827356
12.51005698943479
-0.60812724
4.43885
10.989386
11.867594447639034
-0.5267244
4.7500963
9.9550905
11.042856826457927
-0.16280572
4.232949
10.67814
11.487690183706903
-0.5602432
2.9257145
11.851298
12.219940673883903
-1.4700398
1.9009962
11.180922
11.436249878316618
-1.7381904
1.460463
10.007763
10.262045504766315
-1.4269443
1.3551182
9.691729
9.889495254766189
-1.0342951
1.2641385
10.457873
10.584655278664679
-0.9816227
1.2449849
10.864887
10.979952142885624
-0.89064306
1.1252748
10.175357
10.276058289169168
-0.7757214
1.3838485
9.030929
9.169211941701203
-0.7422025
1.9680338
7.551312
7.8387712582309215
-0.7565677
2.2888567
5.9041014
6.377277939660285
-0.7517793
2.480393
4.4915223
5.185681679333019
-0.8523358
2.72939
3.845088
4.791737343087235
-0.7613561
2.9496565
4.0557775
5.072422429107853
-0.58418524
3.0214825
5.142745
5.993200900291096
-0.25857377
3.1364043
6.871359
7.557742048672181
0.0
3.0454245
8.322245
8.861961996215244
0.06703765
2.9352913
9.385271
9.833806128908432
-0.22505496
2.815581
9.945514
10.338829506711466
-0.6895301
2.695871
9.68694
10.078689346481074
-0.7278373
3.1603463
8.408437
9.01217759993518
-0.15801731
3.9839516
7.73806
8.704850031017191
0.7086837
4.367024
8.6574335
9.722360412584358
1.0103531
4.510676
10.151415
11.154292258086507
0.90500826
4.2999864
11.209652
12.040150548050741
0.3878607
3.8977604
10.984597
11.66209023952751
-0.2777274
3.667917
10.67814
11.293954727690087
-0.24899697
3.9312792
9.983821
10.732829730933176
0.6895301
4.3718123
10.170568
11.091828343688851
1.8866309
4.2999864
11.061212
12.016640886833766
2.6431987
2.992752
12.6461735
13.261552488832614
1.7860745
1.6759412
14.207192
14.416766451157713
0.61770403
0.3878607
13.000515
13.02095983011471
0.30166942
0.50278234
9.533711
9.55172501408143
0.81402856
1.3120226
8.240842
8.384242637064363
1.9440918
1.5945383
9.437943
9.767129571596733
2.1021092
1.6328455
10.812215
11.135036441793021
1.5945383
1.8148049
10.228029
10.509455102212016
0.81881696
2.1021092
8.561666
8.853894134515889
0.34955344
2.4037786
7.16824
7.568619703184048
0.12928689
2.552219
6.349423
6.844392371839684
0.15801731
2.633622
6.0716953
6.620152265290051
0.51235914
3.0214825
6.4404025
7.132366454769215
0.90500826
3.4715924
6.7133417
7.611829796464304
1.0007763
3.620033
6.670246
7.654957689483542
0.7613561
3.3614593
7.0006456
7.803083436341172
0.48362875
2.8491
7.536947
8.071978062035623
0.33518824
2.705448
8.054094
8.502954754847769
0.22026655
2.7581203
8.106767
8.565944897517419
0.14844051
2.8538885
7.97748
8.473895209666807
0.20590134
2.9161377
7.762002
8.294270884435505
0.44532153
3.1364043
7.9343843
8.543406785323505
0.5650316
3.4284968
8.169016
8.87731215754961
0.63206923
3.98874
8.130709
9.078435107924111
0.6799533
4.4675803
8.192958
9.356610789506455
0.8283938
4.912902
8.111555
9.519462325355734
1.1540052
5.1475334
8.379706
9.901934625424058
1.3024458
4.8267107
9.32781
10.583078055919994
0.62728083
4.0414124
11.209652
11.932425653756317
-0.48841715
3.7732618
12.799402
13.352930417418563
-1.0821792
3.7732618
12.689269
13.282551062191576
-1.091756
4.060566
11.36767
12.12039820857281
-0.46447513
4.0414124
10.524911
11.28372731575123
-0.02873042
3.2752678
12.047623
12.484928047238661
-0.6991069
2.6719291
12.962208
13.253180356079866
-1.1061212
2.303222
10.845734
11.142633072552949
-0.92416185
2.5187001
8.700529
9.104785842848838
-0.51714754
2.60968
8.279149
8.696101698658886
-0.20590134
2.1643584
9.313444
9.563842679174108
-0.20590134
1.5705963
10.237606
10.359428025882389
-0.3878607
1.2258313
10.251971
10.332280095065688
-0.5410896
1.115698
9.500193
9.580773539681038
-0.63206923
1.5179238
8.0445175
8.21083854230925
-0.641646
2.1883004
6.5505357
6.93612904792245
-0.4357447
2.7341783
5.3486466
6.022758871162452
-0.18674773
3.241749
4.6112323
5.639793947662869
0.12928689
3.4955344
4.486734
5.689134970614354
0.48362875
3.7445314
5.377377
6.570509609391011
0.5793968
3.7110126
6.5601125
7.55925864121833
0.51714754
3.53863
7.4842744
8.294799775046139
0.38307226
3.4524388
8.020576
8.740463727786862
0.24420857
3.371036
8.207323
8.8760169077949
0.01436521
3.6296098
8.66701
9.396346952915815
-0.10534488
3.8163576
8.599973
9.409315452526622
0.18674773
4.1419687
8.212111
9.199432305774915
0.6943185
4.4244847
8.341399
9.467686357338708
0.9720459
4.6160207
9.188946
10.329048334767009
1.0199299
4.5537715
9.830592
10.881986631890365
0.81402856
4.5394063
9.935937
10.95407191821176
0.641646
4.2999864
9.672575
10.604729917864923
0.33039984
4.146757
9.691729
10.546770109432126
-0.01436521
4.3478703
9.543288
10.487064931799987
0.58418524
4.6782703
9.212888
10.349144396223618
1.7381904
4.9224787
9.500193
10.840007740876647
2.944868
4.620809
10.28549
11.653987716121035
3.3901896
3.7253778
12.5025215
13.479053211864743
2.1260512
2.3511062
14.317327
14.664025039909532
0.545878
1.1875241
12.593501
12.661139704551248
0.30645782
1.2401965
8.844181
8.935968868109176
1.0295067
1.9009962
7.4603324
7.767253743305328
2.3223755
1.9201498
9.696517
10.153957072899276
2.9161377
1.5658079
11.932701
12.383253639618507
2.2984335
1.5753847
11.980585
12.300368165499597
1.388637
1.9009962
9.840169
10.117856743671025
0.79008657
2.0829554
7.589619
7.909820353593566
0.62728083
2.4947581
6.2488666
6.7576349665083395
0.7613561
3.0023289
5.81791
6.591033520615189
1.0821792
3.4620156
6.2967505
7.266755309424611
1.3982137
3.7062242
6.8809357
7.939671016767142
1.4030021
3.7780502
6.7324953
7.8465644073089
1.1204864
3.6822822
6.7468605
7.767548904191329
0.91458505
3.466804
6.8809357
7.7590249949378505
0.49320555
3.040636
7.3166804
7.938673278120724
0.21547815
2.4708161
8.197746
8.564718362839821
-0.2633622
1.7286136
9.299079
9.462047055085716
-0.545878
1.3934253
9.792285
9.905981210618016
-0.60333884
1.5275006
10.390836
10.51982606403169
-0.2873042
1.9201498
10.223241
10.405968098072638
-0.18195933
2.4612393
9.299079
9.621001763161559
-0.07182605
3.1028855
8.815451
9.345867006465427
0.062249243
3.3566709
9.308656
9.895563661347506
-0.110133275
3.7062242
10.141838
10.798384609211556
-0.10055647
4.2760444
10.113108
10.980419418023299
0.36870706
4.8027687
8.619126
9.873796993326817
1.1683705
4.9655743
8.75799
10.135304799627274
1.283292
4.2281604
12.143391
12.922310726102864
-0.36391866
2.0254946
13.469779
13.626078431732822
-1.8052281
0.78050977
11.769896
11.933083561107212
-1.733402
2.2840683
8.432379
8.90655152998342
-0.15801731
5.913678
4.5394063
7.4567263557365395
0.7134721
4.9703627
4.6495395
6.843373745543305
2.3654714
4.975151
7.6614456
9.436383516067195
0.36391866
7.599196
9.878476
12.468540734851077
0.15801731
5.142745
8.748413
10.149262169389843
-0.6512229
-2.882619
7.565677
8.122379760791516
-5.463568
2.5809495
6.6654577
8.996677209151391
-5.827487
8.499416
6.0238113
11.936749659419043
-3.596091
4.280833
5.626374
7.931801981013875
-3.7253778
4.7788267
6.5265937
8.905731293146154
-4.146757
4.793192
7.40766
9.749036692446289
-4.050989
4.280833
6.8665705
9.049079165320324
-3.715801
4.7548847
6.5984197
8.941769733765218
-3.4811692
5.1906295
6.4978633
9.01573077954626
-3.6343982
5.118803
6.4787097
9.021345469067551
-4.3766007
4.4723687
4.9943047
8.006234600638976
-4.2425256
4.7548847
6.2345014
8.914985094127507
-3.4284968
5.032612
9.126697
10.97170745886839
-3.1028855
4.831499
9.083601
10.746306028664861
-3.4045548
4.6399627
8.034941
9.883345542072478
-3.6056678
5.023035
7.4124484
9.65277768019959
-4.1419687
4.9081135
5.722142
8.601650753833125
-4.247314
4.343082
6.4499793
8.860263678973528
-4.6830587
3.442862
7.7572136
9.693229703633477
