1.1731589
3.6535518
8.183381
9.038388925313757
1.0151415
3.6056678
8.37013
9.170082658002045
0.63206923
3.41892
8.7053175
9.373957461563975
0.4213795
3.5529952
8.930372
9.620441100224596
0.1388637
3.6008794
8.293514
9.04256588262973
-0.50757074
3.3758245
7.489063
8.230423791850395
-0.78050977
3.1364043
7.1730285
7.867564248209673
-0.50757074
3.0885203
8.020576
8.60965812757571
-0.10534488
3.074155
9.040505
9.549463898156143
0.25378537
3.2561142
9.65821
10.195474510805678
0.5746084
3.5194764
9.624691
10.264090924188075
0.6560113
3.6343982
9.006987
9.73473238709917
0.5793968
3.8307228
8.528147
9.36693256403502
0.60333884
4.0892963
8.465898
9.421135261305636
0.4309563
4.3143516
8.829816
9.836920218729459
0.320823
4.367024
9.533711
10.491209801222245
0.1388637
4.0797195
9.715671
10.538389236741928
-0.07182605
4.0222588
9.41879
10.241939445651807
0.25857377
4.084508
9.02614
9.910664342020434
0.39743748
4.0557775
8.384495
9.322394727591792
0.34955344
3.9695864
8.010999
8.947396727714995
0.31603462
3.9217024
8.054094
8.963708397605574
0.1436521
3.9791632
8.054094
8.984587718269834
-0.038307227
3.9217024
7.848193
8.773559678161968
-0.19153613
3.8977604
7.6853876
8.61942011252334
-0.2633622
3.821146
7.575254
8.48852123021326
-0.1340753
3.9983168
7.627927
8.613349011213051
0.10055647
4.501099
8.1163435
9.2814349531761
0.2777274
4.807557
8.901642
10.12071985270386
0.56982
4.903325
9.797073
10.970411908354437
0.62728083
4.9799395
10.840945
11.94652148578621
0.60812724
5.1666875
11.678916
12.785208762877184
0.59376204
5.3582234
11.750742
12.928381613622834
0.7565677
5.1235914
11.894394
12.973056161029541
0.5650316
4.534618
12.315774
13.13622102183025
0.36870706
3.2369606
12.521675
12.938554951138586
0.33039984
1.6424223
13.244724
13.35025959119686
0.272939
0.90979666
13.101071
13.13545958320127
0.047884032
0.6799533
10.529699
10.551738968125814
0.56982
0.866701
7.9870567
8.054125791216709
1.2976574
1.3455414
6.622362
6.881139060363946
2.0638018
1.5227122
6.8043213
7.271638084260437
2.2026656
1.2545617
7.833828
8.23374308237052
1.9057846
1.1587936
8.662222
8.944769617123628
1.4269443
1.2641385
9.227253
9.422123590988774
0.6895301
1.0055647
9.437943
9.516374630519673
0.37828386
1.0295067
9.337387
9.401583810040043
0.25378537
1.3694834
9.093178
9.199226628844821
0.11971009
1.8722657
8.599973
8.802229286804591
0.22984336
2.3463178
8.154651
8.4886021208911
0.4213795
2.7006595
7.785944
8.25179017035849
0.48841715
2.9257145
7.843405
8.385544245600393
0.6512229
3.0023289
8.058883
8.62459618549141
0.6655881
2.896984
8.030152
8.562643899195715
0.4357447
2.7581203
7.867347
8.348188155725675
0.14844051
2.6144683
7.843405
8.269007201746717
0.04309563
2.5713725
7.953538
8.358982084077796
0.062249243
2.5330653
8.274361
8.653631482192308
0.14844051
2.6862943
8.7292595
9.134450538784904
0.30166942
2.7868507
8.887277
9.318864324573283
0.40222588
2.944868
8.63828
9.135311623422117
0.44532153
3.1747115
8.307879
8.904940110636536
0.35434186
3.5003228
7.9248075
8.670662570086376
0.272939
3.9791632
8.078036
9.009045611607883
0.23463176
4.2185836
8.7053175
9.676469195492155
0.29209262
4.1802764
9.715671
10.58084517739338
0.39743748
3.8642416
10.807426
11.484371678358363
0.60333884
3.8019924
11.87524
12.483609248848255
0.4165911
4.2281604
12.425907
13.132176353755414
0.48362875
4.654328
11.9374895
12.821869192510261
0.641646
5.133168
11.3964
12.515553068223378
-0.21068975
4.6112323
11.563994
12.451257505832995
-0.4261679
4.1659107
12.081141
12.786337140888659
-0.49799395
2.27928
12.74673
12.958481439232665
-0.18674773
1.0103531
12.133814
12.177238017400411
0.2681506
0.63206923
10.199299
10.222382719281873
1.1492168
0.6799533
7.943961
8.055405445088759
1.0295067
0.20590134
7.4268136
7.500655844941031
0.7278373
0.46926352
7.393295
7.4438405938645165
0.33518824
0.94810385
8.226477
8.287712138180932
0.37828386
1.6328455
8.413225
8.578556793407317
0.320823
2.1068976
8.030152
8.308146089403525
0.25857377
2.585738
7.326257
7.773477249427265
0.23942018
2.920926
6.7324953
7.342725836580148
0.37828386
3.2369606
6.4739213
7.247942402322387
0.6751649
3.6056678
6.325481
7.312208642616422
0.6703765
3.4284968
6.6510925
7.5127241916813
0.62728083
3.2513258
7.216124
7.939587175990102
0.5363012
3.0502129
8.2169
8.781164854458199
0.41180268
2.9017725
8.896853
9.36716958140488
0.23463176
2.8107927
9.035717
9.465716288325687
0.05746084
2.8634653
8.935161
9.38295438914885
0.019153614
2.9257145
8.671799
9.152063656085389
-0.05267244
3.217807
7.9583263
8.584405430870708
0.033518825
3.4763808
7.455544
8.226268042124504
0.4261679
3.7062242
7.465121
8.345402586078785
0.8379706
3.7253778
7.7332716
8.62462316602061
1.091756
3.6152446
8.346188
9.160827950452566
1.3024458
3.5098996
8.935161
9.687768550965197
1.1875241
3.4045548
9.390059
10.058549757185348
0.8283938
3.2704794
10.0029745
10.556598527032156
0.32561144
3.4237084
10.668563
11.209194523698711
-0.06703765
3.845088
10.989386
11.642842699822603
-0.23463176
4.8602295
10.654198
11.712762793459936
-0.023942016
5.535394
9.868899
11.31531401140763
0.8379706
5.2624555
10.079589
11.401479899402725
1.9249382
4.501099
11.420342
12.425357584729642
2.432509
2.5139117
13.13459
13.59243550576995
2.6527755
0.21547815
14.978126
15.212754088687907
2.3989902
-0.6847417
15.102624
15.307294934058147
1.1875241
-0.7134721
12.29662
12.374414295246083
0.90500826
-0.15322891
9.097966
9.144151630042185
0.866701
0.5650316
6.315904
6.400083970472697
0.6847417
1.1492168
4.9559975
5.133369311086899
0.770933
1.6711528
5.410896
5.715319996282982
0.6607997
1.8722657
6.871359
7.152454685786312
0.6560113
1.5801731
8.030152
8.210398561047448
0.7038953
1.1875241
9.212888
9.315738806018185
0.92895025
1.0007763
9.844957
9.939199626176364
1.1731589
1.4173675
9.528923
9.704926991490263
1.115698
1.934515
8.590396
8.87592407573669
0.92416185
2.5617957
7.9104424
8.366120598996474
0.7757214
3.0454245
8.034941
8.627666558752919
0.6703765
3.217807
8.51857
9.130702079193274
0.7374141
3.040636
8.968679
9.498760744880174
0.8523358
2.7581203
8.820239
9.280642094596057
0.9672575
2.566584
8.312668
8.753478748346506
1.1779473
2.585738
7.7907324
8.292714370656979
1.2545617
2.695871
7.359776
7.937754709557455
1.2449849
2.8634653
7.16824
7.818765066057627
1.2066777
3.064578
7.062895
7.79308623031749
1.2066777
3.1124623
7.0581064
7.807711667365342
1.3551182
2.9017725
7.85777
8.485350607179281
1.4030021
3.040636
9.150639
9.744129859121633
1.2641385
3.3423057
10.108319
10.721341634463062
1.0534488
3.7684734
10.223241
10.946497415340785
0.78050977
4.0462008
9.931149
10.75214595223321
0.7757214
4.0892963
9.998186
10.82994973576964
0.842759
4.10845
10.524911
11.329755405300915
0.6368576
3.9600096
11.712435
12.380161018372108
0.2873042
3.7828386
13.096283
13.634700017076431
-0.05746084
3.6631286
13.9917145
14.463397953838294
-0.22984336
3.8355112
13.757083
14.283602531207988
-0.22026655
2.9783869
13.278243
13.609961373346524
0.10534488
1.8387469
13.067553
13.196704707491138
0.545878
1.2066777
11.348516
11.425536188611265
0.7565677
0.5650316
8.872911
8.923016102732804
0.1436521
0.40222588
7.374141
7.386500040141987
-0.6847417
0.46926352
7.1586633
7.206631615783165
-1.292869
0.7757214
7.4746976
7.6252448871248095
-1.4748282
1.1061212
7.881712
8.09444280185245
-1.2114661
1.6089035
7.5848308
7.847667187103504
-0.46926352
1.7429788
7.359776
7.577894447201656
0.4213795
1.8387469
7.819463
8.0437892293381
0.9720459
2.087744
8.063671
8.386080116578883
1.0630256
2.4851813
8.101978
8.540972078196214
1.1013328
2.7341783
7.6231384
8.173181958106188
0.80445176
2.9592333
6.991069
7.634084574062272
0.17717093
2.9400797
6.9000893
7.502445585160934
-0.35434186
2.9592333
7.431602
8.006954984574348
-0.5746084
2.7581203
8.145074
8.61856325429937
-0.58897364
2.6431987
8.537724
8.956903056621895
-0.49799395
2.681506
8.523358
8.949084050710423
-0.33039984
2.743755
8.264784
8.714586364419695
-0.272939
3.0023289
7.809886
8.371546702339606
-0.50278234
3.5290532
7.302315
8.125934723126424
-0.545878
4.2425256
7.0820484
8.273597492403688
-0.33997664
4.4340615
7.513005
8.730505452942985
-0.11971009
4.3143516
8.901642
9.892784618094138
0.05746084
3.8786068
10.6877165
11.369880614178149
0.10055647
3.4572272
11.870452
12.36406679475156
-0.06703765
3.1028855
11.851298
12.250945385634402
-0.272939
3.3183637
11.391612
11.86822894952897
-0.41180268
4.261679
10.7116585
11.535645678323355
-0.15801731
5.1762643
9.730036
11.022353607679912
0.20590134
5.0517654
9.969456
11.178227679191883
0.8714894
4.8841715
11.597513
12.614156466421962
0.90500826
3.8881836
12.794614
13.40295341170184
0.8283938
1.8435353
13.8241205
13.971083068587596
0.62728083
0.7230489
14.288596
14.320623632735717
0.22026655
0.35434186
11.540052
11.54759187241036
0.47884035
0.095768064
8.322245
8.33655892570068
0.9959879
0.22505496
6.215348
6.298665513889381
1.2258313
0.59855044
6.0477533
6.199697167168701
1.2641385
0.90021986
7.1251445
7.292196403515965
0.9720459
1.163582
8.78672
8.916571595823
0.2825158
1.4939818
9.054871
9.181638339914096
-0.2633622
1.757344
8.561666
8.744125574101968
-0.45968673
2.1068976
7.4507556
7.756551373057543
-0.50278234
2.4660277
6.9000893
7.344747532400094
-0.272939
2.7581203
6.7947445
7.338274793643359
0.19153613
2.9352913
6.9240313
7.522953513037693
0.49320555
2.743755
7.455544
7.959684593431093
0.7661445
2.6431987
8.2169
8.665501687417118
0.5650316
2.6862943
8.734048
9.155273385416667
0.46926352
2.633622
9.064447
9.450946046007816
0.4165911
2.6767175
9.184157
9.575338683351044
0.39264908
2.825158
9.059659
9.498058321438199
0.545878
3.0310593
8.66701
9.197954730037559
0.6751649
3.1364043
8.231265
8.83439869724006
0.61291564
3.2944214
7.920019
8.599743116223825
0.58418524
3.5338416
7.723695
8.51379890110846
0.49320555
3.7541082
7.7428484
8.619065164027814
0.30645782
3.964798
8.0924015
9.016678931979465
0.17717093
3.8546648
8.51857
9.351783998394998
0.31124622
3.8402996
9.251195
10.021446119409052
0.38307226
3.715801
10.055647
10.727066772787962
0.7422025
3.5577838
10.817003
11.411233393397655
0.8475474
3.4237084
11.60709
12.131143488310753
0.6512229
3.9504328
12.330139
12.963886277351763
0.2873042
4.6399627
12.564771
13.397210904130965
-0.36870706
4.8219223
12.828133
13.709408301475396
-0.9528923
4.9416323
12.966996
13.909375197462648
-1.1779473
3.9025488
12.65575
13.296069397599474
-0.5746084
1.8291701
12.210428
12.360040427330098
0.33997664
0.9672575
10.572795
10.622389528809316
0.6464345
0.44532153
8.796297
8.831252902733068
0.7517793
0.05267244
7.445967
7.48400801553302
0.5410896
-0.023942016
7.2687964
7.288947363104591
0.07182605
0.2633622
7.9104424
7.915151297110646
-0.5267244
0.7565677
8.839393
8.887333426544226
-0.8475474
1.3359646
9.279925
9.413827473725982
-0.90021986
1.8626889
8.7053175
8.94776849472293
-0.7326257
2.2649148
7.5704656
7.935901390755121
-0.34476504
2.8203697
6.766014
7.338412288899759
0.019153614
3.193865
6.4643445
7.210332280939797
0.48841715
3.3806129
6.775591
7.587866996423957
0.79487497
3.4284968
7.249643
8.058767948311116
0.7086837
3.3279405
7.843405
8.549644453899
0.31603462
3.1555579
8.465898
9.040401059596824
-0.15801731
2.8491
8.6334915
9.092827923881565
-0.51235914
2.6719291
8.643068
9.06114491822109
-0.866701
2.6048915
8.599973
9.027522495931581
-1.0869676
2.6623523
8.303091
8.786975446648295
-1.0869676
3.0023289
7.651869
8.291355401974727
-1.0390835
3.41892
7.07726
7.928197500869474
-0.7517793
3.7301662
6.919243
7.896533166742656
-0.49799395
3.7588966
7.599196
8.49264881667315
-0.24899697
3.8498764
8.662222
9.482490867733047
-0.33518824
3.8163576
9.701305
10.430353150574678
-0.4405331
3.9791632
10.405201
11.148812173429866
-0.61770403
4.0653543
10.759542
11.518525171181448
-0.5793968
4.3957543
10.94629
11.810149428207993
-0.47405192
5.21936
10.840945
12.041284750895498
-0.08619126
5.5976434
10.563218
11.955024358899275
0.44532153
4.903325
10.864887
11.928398137591914
0.6751649
4.0701427
12.492945
13.156579382753236
0.79966336
2.3223755
14.331692
14.540641916159835
0.8523358
0.4261679
15.485697
15.514989680472116
0.37349546
0.11492168
14.523228
14.528484384838903
-0.22505496
0.33997664
10.879252
10.88688974345441
0.51714754
0.94331545
6.7372837
6.822629904120093
1.0247183
1.316811
4.213795
4.5321195623075505
1.6136919
1.3120226
4.10845
4.604863224876958
2.0254946
1.13964
6.4308257
6.837903735080977
1.6567876
1.0726024
8.954314
9.169251048745577
1.1300632
1.0773908
10.1226845
10.242390110505518
0.49799395
1.2162545
10.065224
10.15066515617538
0.019153614
1.6280571
9.054871
9.200088284939639
-0.19632454
2.3415294
8.240842
8.56929270154691
-0.18195933
2.9113493
7.8386164
8.363789357229734
0.02873042
3.2034419
7.843405
8.472417621409045
0.20590134
3.2752678
8.130709
8.768021254325777
0.24899697
3.2321723
8.51857
9.114546967933407
0.22984336
3.1028855
8.820239
9.35293219788544
0.33997664
2.9975405
8.63828
9.149902226493708
0.23463176
2.834735
8.130709
8.613895510268069
0.29209262
2.743755
7.795521
8.269440835594535
0.47884035
2.7820623
7.6949644
8.19644072906039
0.62728083
3.0262709
7.599196
8.20363186678096
0.8331822
3.2082303
7.374141
8.084856132402148
0.93373865
3.5769374
7.4124484
8.28316006495233
0.92416185
3.8259344
7.551312
8.515524655372094
0.7565677
3.9121256
8.001422
8.938672822414516
0.6560113
3.667917
8.805874
9.561766353214088
0.6368576
3.5051112
9.65821
10.294289896830207
0.7613561
3.4476504
10.070012
10.671040313830444
0.79487497
3.3614593
10.414778
10.972640257864814
0.8475474
3.7301662
11.046846
11.690392773689215
0.770933
4.3143516
11.405977
12.21901286981462
0.45968673
4.9224787
11.200075
12.242703503005371
-0.15322891
4.9559975
11.664551
12.674665301416432
-0.7517793
5.1235914
12.243947
13.294006396835439
-1.3263878
5.104438
12.243947
13.33149789256895
-0.9672575
3.1507695
11.971008
12.41643945541555
-0.0047884034
1.3455414
12.243947
12.31765995244639
0.45489833
0.6655881
11.008539
11.038019540035746
0.6895301
0.23463176
9.409213
9.437361356209466
0.47884035
0.4261679
8.020576
8.046150130428012
-0.11492168
0.7326257
7.053318
7.092195718697044
-0.5506664
1.1204864
7.067683
7.177107221750958
-0.8331822
1.757344
8.255207
8.481208224323698
-0.8331822
2.1499932
8.829816
9.1259142273988
-0.4309563
2.4420857
8.7292595
9.0746614083002
-0.009576807
2.753332
7.9152308
8.380441748144484
0.29688102
2.8443117
7.3071036
7.846783663067338
0.6512229
3.1172507
7.101202
7.782571090633334
0.8762778
2.9879637
6.6893997
7.378608208892907
0.7374141
2.8874073
6.5744777
7.218355506587524
0.36391866
2.8060043
6.95755
7.5108985552285015
0.17717093
2.7724855
7.5800424
8.073110296737017
-0.090979666
2.7485435
7.929596
8.39292924380421
-0.29688102
2.8443117
8.111555
8.60090522437673
-0.45968673
3.0023289
8.24563
8.787246774250853
-0.47405192
3.4620156
7.881712
8.621580911275377
-0.3878607
3.9743748
7.6231384
8.60571521435528
-0.062249243
4.31914
7.7189064
8.845358335008651
0.18674773
4.5633483
8.221688
9.405061665748047
0.34476504
4.5298295
8.930372
10.019469572178584
0.2873042
4.285621
9.591172
10.509028594824354
0.009576807
4.1132383
10.127473
10.930897839971363
-0.22026655
3.9791632
10.199299
10.950248917489523
-0.1436521
4.132392
10.596737
11.37489067276617
0.038307227
4.7022123
10.840945
11.816867888709712
0.39743748
5.5737014
10.5440645
11.933205675973163
0.94810385
5.9519854
10.323798
11.954322984288792
1.3455414
5.3103395
11.113884
12.390666254463163
1.1300632
3.620033
13.330915
13.859833547410087
0.60812724
1.5035586
15.543158
15.627548132068485
-0.22026655
0.320823
15.59583
15.600684693789535
-0.79966336
0.31603462
11.482592
11.514740494567238
0.01436521
0.6607997
6.7372837
6.769627327740733
0.770933
1.0295067
3.9217024
4.1272230227055084
1.5658079
1.3120226
4.2281604
4.695795881679946
1.9440918
1.2497733
7.417237
7.768965618550938
1.6759412
1.067814
9.974244
10.17027764735636
1.0630256
1.2689269
10.931925
11.056544538146783
0.48841715
1.4652514
9.868899
9.98902825227783
0.062249243
1.9440918
7.9391727
8.173973032989709
-0.22026655
2.6192567
7.1634517
7.63046943990283
-0.2777274
3.1794999
6.8905125
7.59378114544796
-0.12449849
3.347094
7.086837
7.8384816992272865
0.12449849
3.2848446
7.359776
8.060521555796798
0.31603462
3.2130187
8.106767
8.725997701619676
0.5506664
3.0454245
8.580819
9.121858238839945
0.8331822
2.906561
8.815451
9.31957411419223
0.9624691
2.815581
8.580819
9.082086693379154
0.9576807
2.834735
8.418014
8.933970361268031
0.92895025
2.9783869
8.312668
8.878861567749427
1.067814
3.122039
8.231265
8.867980330056971
1.0630256
3.4284968
7.9487495
8.721653389925784
1.0486604
3.7588966
7.9008656
8.81207490802083
0.93852705
4.084508
7.991845
9.024058082014882
0.6464345
4.3382936
8.24563
9.339651376234011
0.33997664
4.3861775
8.671799
9.723899924224238
0.31603462
4.295198
9.11712
10.08317763363347
0.36870706
3.964798
9.351752
10.164193858442104
0.59855044
3.5482068
9.730036
10.374084799972078
0.842759
3.3087866
10.371682
10.919253753762778
0.8331822
3.643975
11.204864
11.811930970710756
0.7326257
4.31914
11.329363
12.146858569017057
0.110133275
4.663905
10.845734
11.806526732546203
-0.62249243
5.1379566
11.027693
12.18179391162375
-1.0055647
4.663905
11.793838
12.722333623480734
-0.6703765
2.6144683
13.268666
13.540397388931956
-0.090979666
1.2210429
13.982138
14.035647104727216
0.6512229
0.7565677
11.621455
11.664249569414148
1.0773908
0.36391866
9.193734
9.26379808810025
0.60333884
0.25378537
7.4268136
7.4556007991554365
-0.06703765
0.37349546
6.7708025
6.781427477786267
-0.45010993
0.92895025
7.723695
7.79236859374486
-0.7326257
1.2018893
8.901642
9.012241938648906
-0.41180268
1.5179238
9.232041
9.365055353802516
-0.019153614
2.0159178
8.63828
8.870410000895358
0.2777274
2.3750482
7.5848308
7.952838885064069
0.37349546
2.8538885
7.2544312
7.804546977354196
0.51714754
3.083732
7.053318
7.715318418941895
0.48841715
3.2609026
7.053318
7.785970091210887
0.20111294
3.1651347
7.565677
8.203535611003105
0.023942016
2.9783869
8.590396
9.092098754722421
-0.02873042
2.6767175
9.203311
9.584705376193757
-0.17717093
2.3989902
9.41879
9.721118503469448
-0.110133275
2.456451
8.944737
9.276562467102492
-0.06703765
2.7246015
8.073248
8.520873078220138
0.110133275
2.9640217
7.4603324
8.028332131974178
0.14844051
3.3614593
7.2927384
8.031530234349706
0.25378537
3.6248214
7.07726
7.955585691133296
0.31124622
3.7732618
7.240066
8.170247078081209
0.36870706
3.715801
7.7189064
8.574651184994988
0.272939
3.596091
8.944737
9.64441259040006
0.18674773
3.394978
10.280702
10.828369137872755
-0.047884032
3.3279405
10.97502
11.468589677651561
-0.34955344
3.4715924
11.473015
11.991839495154155
-0.4165911
3.9073372
11.870452
12.503937368166527
-0.2777274
4.7740383
11.48738
12.443009119668298
0.05267244
5.3725886
10.433931
11.73603022821508
0.7230489
4.9559975
10.386047
11.530598278288661
1.1540052
4.548983
11.252748
12.192182218576647
1.1252748
3.2992098
12.291832
12.77654718932524
0.89543146
1.2976574
13.421895
13.514177013295322
0.51235914
0.6512229
13.656527
13.681641600865419
-0.05267244
0.4405331
10.874464
10.883511073796775
0.08140286
0.89543146
7.675811
7.728291779911601
0.48362875
1.2210429
5.0661306
5.233595513905696
0.91937345
1.340753
4.3718123
4.664290890620899
1.3599066
1.2258313
5.995081
6.268413123133748
1.3455414
1.0630256
8.418014
8.590893967887189
1.1252748
1.0055647
9.739613
9.855833744603727
0.92416185
1.2593501
10.16578
10.285092456125744
0.7230489
1.9249382
9.466674
9.687419669525813
0.49799395
2.72939
8.317456
8.76798949420606
0.37828386
3.4093432
7.824251
8.54316254209781
0.29209262
3.7062242
7.699753
8.550298977805587
0.2873042
3.5577838
8.020576
8.778952084094332
0.4213795
3.169923
8.561666
9.139370406689077
0.61291564
2.9017725
8.623915
9.119641128305545
0.6895301
2.7006595
8.192958
8.654107114329534
0.7134721
2.6767175
7.843405
8.318224319826975
0.7134721
2.657564
7.8146744
8.284975761235383
0.6991069
2.825158
7.666234
8.200085932583745
0.79487497
3.0789435
7.632715
8.268619218572002
0.78529817
3.3614593
7.5465236
8.29856128402783
0.7613561
3.6152446
7.6231384
8.47123923791993
0.79008657
3.7014358
8.1642275
8.998859757142064
0.7182605
3.7014358
8.983045
9.742259156086718
0.641646
3.7110126
9.423578
10.148258574731399
0.5746084
3.6727054
9.797073
10.478625021271911
0.80924016
3.5673606
9.911995
10.565442279272583
1.0726024
3.5098996
9.9550905
10.61007539799656
1.1252748
3.596091
10.46745
11.125
0.94331545
4.0557775
11.204864
11.953582635234627
0.61770403
4.606444
11.602302
12.498571695741628
-0.1388637
4.793192
11.851298
12.784649012241632
-0.7230489
5.195418
12.378023
13.443608940232181
-0.91458505
4.6399627
12.5982895
13.456694480546604
-0.59376204
2.542642
12.727576
12.992643182026848
0.06703765
1.3982137
11.860875
11.943193126653645
0.7038953
0.6607997
9.835381
9.882653083570972
0.641646
0.45968673
7.9248075
7.964018729877146
0.06703765
0.6703765
6.6367273
6.670835749069561
-0.5746084
0.8810662
6.4882865
6.572998949151511
-0.8475474
1.412579
7.762002
7.934884428878482
-1.1252748
1.8339585
8.825027
9.083543220918203
-0.7661445
2.087744
8.954314
9.226342543419664
-0.2681506
2.3223755
8.154651
8.483139819303208
0.20111294
2.5617957
7.560889
7.985629765106903
0.50278234
2.8107927
7.603985
8.122433770667921
0.7757214
3.074155
7.3071036
7.9652958583063045
0.91458505
3.2225955
6.7612257
7.545578870971191
0.6895301
3.3327289
6.603208
7.428653360271316
0.32561144
3.289633
7.1634517
7.8894073453269
0.04309563
3.1364043
8.202535
8.781826013970468
-0.24899697
2.834735
8.820239
9.26791955542031
-0.45489833
2.834735
9.284714
9.718465034256711
-0.7038953
3.0071173
9.442732
9.9349588467994
-0.7278373
3.2465374
8.983045
9.579396995727748
-0.50278234
3.7205894
8.1163435
8.94262846946417
-0.34955344
4.0892963
7.5944076
8.632471359209836
-0.038307227
4.309563
7.5321584
8.677972852549715
0.2873042
4.2664676
7.991845
9.063932739654701
0.31124622
4.175488
9.069236
9.989124487773019
0.31603462
3.9504328
9.892841
10.657115196387906
0.16759412
3.5529952
10.419566
11.009960173518383
0.0047884034
3.4524388
10.970232
11.500667386799641
-0.11971009
4.1419687
10.91756
11.67747157072781
-0.12449849
5.2385135
9.892841
11.194902240825536
0.31603462
5.142745
9.758766
11.035453190142052
1.1109096
4.8698063
11.161768
12.228417516027536
1.3120226
4.060566
12.62702
13.328586941547796
1.1109096
1.7142484
14.384364
14.528685509595103
0.93852705
0.48362875
15.38514
15.42132536460393
0.2825158
0.30645782
12.593501
12.600396988684958
0.46447513
0.521936
8.5473
8.57580868658497
0.7517793
0.93373865
5.544971
5.673071700868354
0.90500826
1.2880806
5.0757074
5.314225937467575
1.1300632
1.5466543
7.1155677
7.368886191522656
0.9672575
1.4748282
9.332599
9.49779444740906
0.46926352
1.5658079
10.060435
10.192365923578155
0.19632454
1.4460979
9.634268
9.744170573653616
0.22505496
1.733402
8.461109
8.639774660068271
0.076614454
2.183512
7.656657
7.962285789590649
0.16759412
2.791639
6.9767036
7.516363983939475
0.25378537
3.2369606
6.775591
7.513384764708819
0.15322891
3.265691
7.0102224
7.7350782903100965
0.12449849
3.241749
7.6949644
8.350863164271038
0.10534488
3.169923
8.556877
9.125768759756241
0.2873042
3.0502129
8.901642
9.414115582708225
0.6560113
2.9640217
8.954314
9.454920171101104
0.8714894
3.0693667
8.647857
9.217696410927376
0.9864111
3.2082303
8.264784
8.920336482112184
0.92416185
3.3423057
7.9631147
8.685406110071941
0.90021986
3.490746
7.747637
8.545266287701887
0.78529817
3.7588966
7.5800424
8.497237261407978
0.81402856
4.0414124
7.6135616
8.658058390751142
0.7134721
4.213795
8.135497
9.18974557020049
0.5554548
4.1611223
9.088389
10.01110833220091
0.39743748
4.0797195
9.89763
10.712849497129348
0.6703765
4.0318356
10.247183
11.03221891216706
0.8714894
4.084508
10.141838
10.968116328962967
0.91458505
4.0653543
10.055647
10.884833789655126
0.9816227
4.2664676
10.582372
11.452201691551908
0.6464345
4.5920787
10.984597
11.92335703026181
0.08619126
4.841076
11.008539
12.026278650265349
-0.9864111
4.8602295
11.21444
12.262075894766898
-1.6089035
4.759673
11.745954
12.775385698143447
-1.6376339
3.4284968
12.349293
12.920583086113268
-1.0007763
1.9249382
12.382812
12.571434070536414
0.06703765
1.3024458
10.223241
10.306091166718774
0.81881696
0.90500826
8.0684595
8.160241330635923
0.6895301
0.5650316
6.6271505
6.686840559630674
0.19153613
0.6703765
7.326257
7.35935711706625
-0.5315128
0.91937345
8.255207
8.323232505512525
-0.89064306
1.1300632
9.260772
9.371882619724312
-0.40222588
1.7669208
9.696517
9.864392341502331
-0.20590134
2.1452048
9.174581
9.424289375046236
0.06703765
2.6910827
8.015787
8.455723953519591
0.30166942
3.2561142
7.4603324
8.145541472869098
0.25857377
3.739743
7.469909
8.357755757308784
0.1436521
3.9743748
7.3645644
8.369773030730135
-0.1436521
3.9935284
7.675811
8.653726258058667
-0.23463176
3.6631286
8.360553
9.130849139365921
-0.19153613
3.2752678
8.930372
9.513969590586543
-0.17238252
2.8107927
8.844181
9.28169223746487
-0.21547815
2.695871
8.355764
8.782537074131604
-0.24899697
2.6862943
7.809886
8.262717415261921
-0.51235914
2.8395233
7.3549876
7.9007119546056375
-0.56982
3.016694
7.1873937
7.815610220741474
-0.4309563
3.2513258
6.967127
7.700499917187804
-0.17238252
3.5482068
6.9767036
7.829040839250137
0.023942016
3.8259344
7.2209125
8.171898340370587
0.39264908
4.050989
7.7572136
8.760082430517029
0.45010993
4.1515455
8.485051
9.456956222595817
0.30166942
4.295198
9.572019
10.49586914185618
-0.047884032
4.280833
10.414778
11.260347143212083
-0.44532153
4.237737
11.147403
11.934039987565178
-0.6512229
4.405331
11.492168
12.324811173360198
-0.5602432
5.1906295
11.209652
12.365791979460793
-0.30166942
5.7508726
10.448297
11.930232367223091
0.22505496
5.602432
10.601525
11.992924193577254
0.59855044
4.606444
11.774684
12.657834704993794
0.62728083
2.657564
13.345281
13.621770913587763
0.7038953
0.6751649
14.647726
14.680163040295174
0.20111294
0.35913026
13.330915
13.337268121593178
-0.047884032
0.6751649
9.615114
9.638908740440641
0.47405192
1.2354081
6.435614
6.570242537807507
0.7374141
1.7860745
4.8937483
5.261426933143017
1.1779473
1.8674773
5.568913
5.990644791022668
1.316811
1.8052281
7.9104424
8.21997200471515
1.1109096
1.6472107
9.346964
9.555791758296625
0.9911995
1.5610195
9.691729
9.866552675293228
0.79008657
1.6567876
8.978256
9.163965509264015
0.61770403
2.2026656
8.207323
8.520178684993569
0.5410896
2.791639
7.943961
8.437567364459092
0.4213795
3.4045548
7.651869
8.385681628351408
0.30166942
3.5769374
7.6949644
8.491051844487894
0.18674773
3.4955344
7.9726915
8.7073212785366
0.21068975
3.3375173
8.379706
9.022355184008566
0.1436521
3.1124623
8.595184
9.142496970439323
0.18674773
3.074155
8.576031
9.112277842719138
0.22026655
3.122039
8.173804
8.752526490717017
0.32561144
3.217807
8.078036
8.701435137361367
0.641646
3.3758245
7.896077
8.611384162538808
0.7757214
3.5194764
7.762002
8.557869877534964
0.78050977
3.7541082
7.632715
8.541713460158284
0.6464345
3.9504328
7.833828
8.797309498872101
0.51714754
4.1515455
8.293514
9.288979955872737
0.4309563
4.175488
8.853758
9.79844134645017
0.40701428
3.916914
9.193734
10.001631031537588
0.5506664
3.940856
9.672575
10.459076833449872
0.7565677
3.8786068
9.907207
10.666242193677194
1.043872
4.0318356
9.821015
10.667600789493573
0.93852705
4.2042184
10.409989
11.26606248066996
0.79487497
4.6782703
10.850522
11.842797877708866
0.37349546
5.12838
11.137826
12.26747535306617
-0.34476504
5.133168
11.463438
12.564978815221023
-1.1061212
5.410896
11.563994
12.815118587211625
-1.4030021
4.5681367
11.415554
12.37542600572773
-0.6607997
2.5378537
11.827356
12.114606984651964
0.2825158
1.2210429
12.0332575
12.098348684574878
1.1779473
0.46926352
10.745177
10.81973183516409
1.2976574
0.08140286
9.3421755
9.43222080135985
0.7613561
0.40222588
8.231265
8.276180918350065
-0.019153614
0.7422025
7.589619
7.625847441060956
-0.6464345
1.3982137
7.417237
7.575505195112841
-0.94810385
1.982399
7.551312
7.864548302039806
-0.6464345
2.1930888
7.656657
7.990739469338599
-0.36870706
2.3319526
7.589619
7.948349873813604
0.1436521
2.6527755
7.422025
7.883166241908044
0.32561144
2.719813
7.297527
7.794697245259989
0.6512229
3.0023289
7.369353
7.984073521246894
0.8762778
3.1794999
7.1873937
7.907952287482741
0.5554548
3.2561142
7.321469
8.032105396597506
0.1436521
3.2034419
8.0924015
8.704575696811617
-0.04309563
3.0214825
9.002198
9.495829821378543
-0.33518824
2.7389667
9.409213
9.805487003633118
-0.7565677
2.743755
9.241618
9.669958365349752
-0.82360536
2.9975405
8.973468
9.496667779467398
-0.8331822
3.323152
8.676587
9.328488545705746
-0.7374141
3.6870706
8.255207
9.071202381519463
-0.5554548
3.9839516
7.680599
8.67017904657724
-0.2681506
4.3239284
7.431602
8.602149215769922
-0.04309563
4.4436383
7.627927
8.827969440001123
0.10534488
4.2042184
8.336611
9.337324197485344
0.10055647
3.9025488
9.572019
10.337482316764275
-0.16759412
3.7349546
10.25676
10.91691771551048
-0.35913026
3.6391866
10.309433
10.938786894158799
-0.7134721
3.8594532
10.405201
11.120819334952982
-0.6991069
4.8219223
10.093954
11.208371603142922
-0.47405192
5.3965306
9.619903
11.04037107148107
0.21547815
5.1906295
10.328587
11.56152075667519
0.59376204
4.654328
11.559206
12.4751981730956
0.5746084
3.5577838
13.034034
13.523092793303205
0.41180268
1.8100165
14.451402
14.570132371540717
0.009576807
1.0869676
14.384364
14.425377714874466
-0.32561144
0.80445176
11.003751
11.037921044688149
0.45968673
1.3215994
7.369353
7.5010197264128795
0.90979666
1.6232687
4.817134
5.164059545195826
1.388637
1.757344
4.5441947
5.066189587033108
1.6184803
1.7477672
6.7085533
7.118908335973718
1.364695
1.5466543
8.805874
9.044221531742485
0.90021986
1.5275006
9.868899
10.026905105204174
0.5602432
1.6376339
9.442732
9.600047079606645
0.39743748
2.0446482
8.259995
8.518572096110981
0.076614454
2.6527755
7.441179
7.90026773892377
-0.062249243
3.2944214
7.120356
7.845798665633739
-0.04309563
3.5817258
7.2544312
8.09057413485242
0.1436521
3.7014358
7.785944
8.622191483266947
0.23942018
3.5098996
8.542512
9.238572768920566
0.30645782
3.2704794
9.150639
9.7223525653155
0.39743748
3.1028855
9.246407
9.761244329958176
0.5363012
3.0023289
9.054871
9.554699477455697
0.5554548
3.1555579
8.51857
9.101214619156353
0.521936
3.3279405
7.881712
8.571405165504105
0.6464345
3.5003228
7.4986396
8.300586394771775
0.6703765
3.596091
7.40766
8.261640255241767
0.6943185
3.763685
7.273585
8.219029410946758
0.5410896
3.9600096
7.417237
8.425547632366305
0.49320555
4.003105
7.776367
8.760136427840322
0.5315128
4.036624
8.341399
9.282013627308412
0.49320555
3.9695864
9.016563
9.864040038882237
0.7757214
3.8833952
9.730036
10.505051260691024
0.90500826
3.8019924
10.251971
10.971649743019329
0.94810385
3.9073372
10.941502
11.656871134799436
0.48362875
4.3239284
11.60709
12.395756739959445
-0.02873042
4.9655743
11.793838
12.796575708114872
-0.8283938
5.185841
11.9614315
13.063499302946585
-1.5131354
5.401319
12.363658
13.57659208119116
-1.5370775
4.486734
12.684481
13.542136097131877
-0.8762778
2.183512
13.594277
13.796375097115638
-0.009576807
1.3263878
13.182474
13.249038373492079
0.7134721
0.7134721
10.46745
10.515968532534039
0.90979666
0.36391866
8.240842
8.298894086949552
0.320823
0.62728083
6.885724
6.921676598454579
-0.41180268
1.0103531
6.50744
6.598270258950921
-0.9864111
1.4221559
7.029376
7.239313602682804
-1.3694834
1.6950948
7.651869
7.956125349220547
-1.3551182
1.7764976
7.9966335
8.302917464092205
-1.0151415
1.934515
8.173804
8.460728749300399
-0.641646
2.0973208
8.231265
8.518461486453491
-0.2633622
2.480393
8.063671
8.440645662894692
0.11492168
2.8921957
7.867347
8.382908062421286
0.39264908
3.2465374
7.4746976
8.158755096765923
0.2681506
3.5003228
7.326257
8.123928527607791
0.090979666
3.53863
7.4746976
8.270506832362825
-0.23463176
3.4380736
8.1881695
8.883778703223733
-0.4357447
3.145981
8.7292595
9.289082211921894
-0.61291564
3.0310593
8.825027
9.351154978197588
-0.78529817
3.0358477
8.556877
9.11335324660802
-0.8571242
3.0597897
8.173804
8.769723515431338
-0.81881696
3.466804
7.8529816
8.623138226795275
-0.79008657
3.7541082
7.4842744
8.410227462105615
-0.5650316
4.1036615
7.28795
8.382929905107481
-0.37828386
4.2042184
7.6949644
8.776732236291512
-0.45489833
4.1180267
8.839393
9.762168919692057
-0.7565677
4.0318356
9.739613
10.568261375388818
-0.90021986
3.9935284
10.0029745
10.808245400625243
-0.94810385
4.0222588
10.0029745
10.82298343896079
-0.80445176
4.309563
10.156203
11.06200446619231
-0.29209262
4.8362875
10.141838
11.239745489205232
0.39743748
5.5497594
9.706094
11.18776323232567
1.0486604
5.779603
9.600749
11.255127141125088
1.532289
5.377377
10.548853
11.939111730611103
1.4796166
4.429273
12.339716
13.19379813412732
0.8523358
2.4516625
14.140155
14.376407985563807
0.17717093
1.2497733
15.069105
15.121879823277542
-0.6991069
1.0342951
12.473791
12.536106909261331
-0.60333884
0.9959879
8.37013
8.450744180808732
0.033518825
1.2449849
5.2385135
5.384527412157032
0.5793968
1.4173675
4.4005427
4.659335554174703
1.1061212
1.6280571
5.8945246
6.214458269000479
1.1779473
1.364695
8.135497
8.332842494496457
1.0007763
1.3551182
9.3661175
9.516409905795209
0.48841715
1.508347
9.461885
9.593796919419063
0.08619126
1.8195933
8.781932
8.968872920134364
-0.110133275
2.528277
8.42759
8.799351616294663
-0.18674773
3.145981
8.274361
8.854214250025327
0.17717093
3.6056678
8.130709
8.896102960745429
0.2873042
3.8498764
8.24563
9.104642132550648
0.272939
3.6966474
8.499416
9.272528355550723
0.22984336
3.4332852
8.762778
9.414168259909045
0.24420857
3.1603463
8.963891
9.50782654258926
0.2777274
3.0550013
8.7771435
9.297763711462004
0.24420857
2.992752
8.346188
8.869895649224121
0.12449849
3.0789435
7.9631147
8.538535783303477
0.05746084
3.0454245
7.771579
8.347176409056313
0.05746084
3.1986535
7.872135
8.497364308732003
0.08140286
3.2273839
7.9343843
8.566042870199842
0.05267244
3.4284968
7.929596
8.63920462938678
0.04309563
3.596091
7.8529816
8.637305285940695
0.1436521
3.86903
8.121132
8.996822220017119
0.23463176
3.9504328
8.7292595
9.584411648884528
0.30166942
4.0701427
9.619903
10.449860888563638
0.37349546
4.027047
10.0748005
10.856252361290762
0.5793968
4.012682
10.0987425
10.882183289532145
0.78050977
3.8642416
10.022128
10.76961519791819
0.7469909
3.9073372
10.366894
11.103952793449734
0.4213795
4.5872903
10.807426
11.748244783505495
-0.12449849
5.0517654
10.893618
12.008611132558494
-0.9576807
5.3965306
11.27669
12.538079205994084
-1.484405
6.066907
11.501745
13.088199431375912
-1.70946
5.109226
11.8896055
13.053319890213753
-1.0630256
3.016694
13.211205
13.592880045797989
-0.29209262
1.7429788
13.364434
13.480778892042284
0.62249243
1.1587936
10.261548
10.345514521536955
1.1109096
0.8619126
7.503428
7.634031856287509
0.50278234
0.9672575
5.6551046
5.759217545027886
-0.25857377
1.3790601
5.4683566
5.6454930314360645
-0.82360536
1.5370775
6.7468605
6.968576471879576
-1.3263878
1.6328455
8.226477
8.491196055999755
-1.4030021
2.1212628
8.556877
8.9268312600393
-1.1348516
2.4995465
8.130709
8.581610744420304
-0.521936
2.753332
7.9008656
8.383133767434188
-0.21068975
3.2752678
8.288726
8.91486100307243
0.023942016
3.6248214
8.236053
8.998470600303767
0.2873042
3.763685
7.833828
8.695788045733872
0.24420857
3.8067808
7.7189064
8.610036945684651
0.110133275
3.763685
8.049306
8.886438010675487
-0.22026655
3.5865142
8.576031
9.298381574357107
-0.49799395
3.2848446
8.844181
9.447631248416435
-0.6799533
3.2465374
8.432379
9.061310788757288
-0.8858546
3.323152
7.97748
8.687247073656303
-0.8762778
3.5003228
7.6614456
8.468640541410936
-0.89543146
3.8642416
7.1873937
8.209311283417561
-0.7517793
4.185065
6.9479733
8.145813092322864
-0.5746084
4.4244847
6.9862804
8.289412251103814
-0.60812724
4.280833
7.3071036
8.490530685895022
-0.58418524
4.074931
8.020576
9.015318232297174
-0.51235914
3.9552212
8.628703
9.505830280736758
-0.7661445
4.2425256
9.030929
10.007180878170333
-0.94331545
4.4101195
9.294291
10.330674311296152
-0.6991069
4.367024
9.706094
10.666203925903762
-0.8523358
4.5441947
9.792285
10.828897908246553
-0.82360536
4.9224787
9.619903
10.837511010257888
-0.4165911
5.60722
8.983045
10.597620254269868
-0.16759412
5.90889
8.39886
10.270536365561837
0.37349546
6.0764837
9.14585
10.986798080226288
0.33518824
5.803545
10.333375
11.85631174927087
0.047884032
3.9791632
12.004527
12.646924612269874
-0.33039984
2.4133554
14.863204
15.061483388443238
-0.5506664
1.5179238
14.733917
14.822133726065198
-0.7278373
1.4556746
11.583148
11.696924989039587
-0.2825158
2.4229321
8.269572
8.621846825117068
0.38307226
2.8107927
5.9759274
6.6150593583838235
0.92416185
2.8874073
6.105214
6.816512020132105
1.2545617
2.566584
8.379706
8.853290924445615
1.484405
2.0159178
10.280702
10.581124943885929
1.2880806
1.6328455
10.850522
11.048038664179055
0.90500826
1.532289
9.639056
9.801956635378263
0.78050977
2.207454
7.872135
8.212950774527064
0.076614454
2.681506
7.1826053
7.667213282241525
0.15801731
3.169923
6.6846113
7.399824872393254
0.5554548
3.0310593
6.3542113
7.062000628345756
0.59855044
2.8395233
7.771579
8.295697432177144
0.58897364
2.7868507
9.255983
9.684350861639004
0.1340753
2.8921957
10.16578
10.570045439623385
0.076614454
2.9592333
10.548853
10.956332837589724
0.110133275
2.8299465
10.366894
10.746777073535196
0.20111294
2.7629087
9.854534
10.236501225341879
0.33518824
2.834735
9.595961
10.011519853906112
0.18195933
3.0550013
9.485827
9.96729959202725
0.21547815
3.1411927
9.533711
10.040178075176257
0.23942018
3.2082303
9.275137
9.8172417136017
0.320823
3.5529952
8.714894
9.416797693291851
0.32561144
3.6343982
8.00621
8.79853829468548
0.33997664
3.5865142
7.4028716
8.23293272992372
-0.076614454
3.5577838
6.7085533
7.593970275949331
0.40701428
3.217807
8.202535
8.820517065414563
0.37349546
3.2321723
8.939949
9.513628369652631
0.19153613
3.0789435
9.299079
9.79742050477386
-0.11492168
3.1507695
10.055647
10.538339283237791
-0.32561144
3.2561142
10.146626
10.661253708051479
-0.5793968
3.5625722
9.548077
10.207516342998336
-0.38307226
3.7541082
8.652645
9.439721660713216
