0.46447513
3.0454245
8.542512
9.081016408353696
0.40701428
3.1986535
8.394072
8.992078898127854
0.45968673
3.347094
8.528147
9.172984171513644
0.60333884
3.4955344
8.935161
9.613525685128886
0.7374141
3.6343982
9.241618
9.957918506957714
0.80445176
3.9025488
9.414001
10.222546166893908
0.81881696
4.0222588
9.203311
10.077200251299224
0.9768343
3.9217024
9.011775
9.876540051860069
0.9528923
3.7828386
9.107543
9.907836016940037
0.7661445
3.5338416
9.179369
9.865892290536957
0.545878
3.347094
9.021352
9.637728511016006
0.2825158
3.3662477
8.576031
9.217360776548707
-0.0047884034
3.1747115
8.303091
8.889327398715974
-0.22984336
3.1603463
8.413225
8.990159907292606
-0.34955344
3.3614593
8.408437
9.06219650286524
-0.24420857
3.6631286
8.432379
9.196910372532214
0.0047884034
3.845088
8.604761
9.424788446860036
0.25857377
4.098873
8.513782
9.452623792239761
0.3878607
4.146757
8.858546
9.788762434297666
0.4213795
4.156334
9.112331
10.0243333399849
0.47884035
4.185065
8.911219
9.856666640315112
0.39264908
4.132392
8.686164
9.627059518013738
0.37828386
4.175488
8.719683
9.675260428932948
0.34955344
4.1706996
8.456321
9.435374039441157
0.46447513
4.237737
8.508993
9.517201160000868
0.5650316
4.4436383
8.987833
10.042227279610414
0.6703765
4.7165775
9.586384
10.704871264934862
0.7422025
5.109226
9.763555
11.044548685395094
0.91458505
5.377377
9.993398
11.385106553964139
1.0773908
5.233725
10.601525
11.872025609197012
0.9768343
4.5394063
11.640609
12.532524824104554
0.80445176
3.3997664
12.579136
13.0552754112831
0.60812724
2.1787236
13.330915
13.521462792711723
0.61291564
1.532289
12.641385
12.748654163612661
0.6799533
1.5993267
10.079589
10.228308450677806
0.92416185
1.7956513
7.714118
7.974086515433303
1.412579
1.9440918
6.0381765
6.498803542133587
1.8674773
2.0398598
5.899313
6.515396663040387
2.2409728
1.8148049
7.326257
7.873342430417423
2.0685902
1.532289
9.02614
9.386063215119673
1.5945383
1.316811
9.720459
9.938000936298168
1.0726024
1.4508862
9.730036
9.89591561266507
0.842759
1.934515
9.193734
9.43278011501605
0.9959879
2.6048915
8.350976
8.80433135509742
0.92895025
3.1124623
7.4746976
8.149937317027927
0.8571242
3.3758245
6.9958572
7.814913201512091
0.8331822
3.5482068
7.043741
7.930841972611184
0.81402856
3.394978
7.225701
8.024915995410696
0.7757214
2.9783869
7.565677
8.167741769622396
0.81402856
2.695871
8.226477
8.695129995838547
0.8762778
2.432509
8.796297
9.168413123018397
1.0103531
2.4133554
9.054871
9.42527373141541
1.115698
2.72939
8.532935
9.028030402406571
1.3120226
2.992752
7.867347
8.518985414225861
1.388637
3.2752678
7.680599
8.464472404752721
1.508347
3.6104562
7.7093296
8.645476429631422
1.283292
3.6583402
8.0684595
8.951554352031987
1.1587936
3.845088
8.470686
9.374434390489997
0.89064306
3.7972038
9.083601
9.885535692008236
0.7086837
3.7253778
10.113108
10.80072332715029
0.51714754
3.6631286
11.334151
11.922623077160456
0.38307226
3.8738184
11.769896
12.396921181694923
0.44532153
4.122815
11.468226
12.194922118992038
0.521936
4.8027687
10.534488
11.589410591838178
0.5746084
4.8458643
9.888053
11.026611736242277
0.48362875
4.4244847
11.133038
11.989765889456907
0.1340753
3.6727054
12.124237
12.669012421353997
-0.023942016
2.1643584
12.4785795
12.66491071342022
-0.10055647
0.8714894
12.363658
12.39474238021408
-0.1340753
0.5602432
10.965444
10.980564634053078
0.05267244
0.6991069
9.011775
9.039005104614667
0.34955344
1.5514427
6.579266
6.7687448263809005
-0.5315128
1.0151415
6.71813
6.815151713439493
-0.6703765
1.3838485
7.3310456
7.490572026287836
-0.33997664
1.8195933
7.9008656
8.114812479631913
-0.272939
1.8531121
7.8529816
8.073279456734014
-0.11971009
2.2936451
7.7428484
8.076313339525846
-0.19153613
2.4851813
7.4842744
7.888420174633353
-0.05746084
2.6527755
7.575254
8.026517787494695
0.038307227
2.882619
7.785944
8.302522795248743
0.320823
2.9879637
8.145074
8.681767390455278
0.34955344
2.8778305
8.446744
8.930373972273948
0.40222588
2.8682537
8.963891
9.420191372427848
0.37828386
2.9400797
9.054871
9.527741333570805
0.2681506
3.0071173
8.604761
9.119022867827717
0.18195933
3.0597897
8.169016
8.725149998290906
0.17717093
3.1842883
8.049306
8.658083504629909
-0.047884032
3.289633
8.078036
8.722307252030745
-0.11971009
3.514688
8.0924015
8.823509751840268
-0.21068975
3.7349546
8.269572
9.076348608605853
0.0
3.9791632
8.279149
9.185752650589526
0.07182605
4.189853
8.66701
9.626894281431545
0.17238252
4.2042184
9.361329
10.263510754860478
0.29688102
3.9073372
10.328587
11.046950969947403
0.45010993
3.53863
11.415554
11.959907312959006
0.320823
3.3375173
11.731588
12.201316162155097
0.15322891
3.7972038
11.324574
11.94521733427592
0.22505496
4.367024
10.280702
11.172035482894541
0.46926352
4.156334
10.309433
11.12563399319285
0.842759
3.514688
11.066
11.641289567858639
1.067814
2.0973208
12.349293
12.571556053506077
0.92416185
1.13964
12.41633
12.502723702281273
0.770933
1.0630256
10.376471
10.4592303819691
0.81402856
1.4030021
7.7189064
7.8874947863771645
0.7086837
1.70946
5.932832
6.214738788593549
0.80924016
1.8291701
5.93762
6.265466093488365
1.0773908
1.6376339
7.6614456
7.908246779562765
1.0007763
1.316811
9.433155
9.577053588882958
0.78529817
1.1013328
10.936713
11.020041847772637
0.6512229
1.3455414
11.473015
11.569988733020727
0.49799395
1.8962077
10.357317
10.541234385758068
0.45968673
2.2744915
8.485051
8.796630855987075
0.46447513
2.7246015
7.3406224
7.84371911760915
0.46926352
3.0119057
6.6175733
7.285880912349948
0.48362875
3.107674
6.5265937
7.244857279528177
0.36391866
2.9975405
6.7947445
7.43547171496358
0.4261679
2.920926
7.431602
7.996382849255968
0.5602432
2.8107927
8.058883
8.55336301818755
0.6799533
2.6431987
8.619126
9.040916681314819
0.90500826
2.6671407
9.11712
9.542250791658038
1.0821792
2.9161377
9.040505
9.560633258994317
1.1252748
3.2082303
8.389283
9.052019465096414
1.2354081
3.8738184
8.288726
9.232317132034884
0.90979666
3.7301662
8.001422
8.874943262912833
0.79966336
4.1036615
8.274361
9.270627914610333
0.8331822
4.1276035
8.7053175
9.67025620035316
0.842759
3.9600096
9.442732
10.274098422181474
0.8379706
3.7924154
10.170568
10.886921979624438
0.7422025
3.4572272
10.845734
11.407595035208109
0.6847417
3.4141316
11.453861
11.97147029709462
0.4357447
3.8977604
11.142614
11.812716366032664
0.15322891
4.223372
10.290278
11.12430596061924
-0.34955344
4.1276035
10.108319
10.924166677716844
-0.7661445
4.2664676
10.400413
11.267577278611945
-0.90500826
3.7972038
10.366894
11.077467281471442
-0.6512229
2.3463178
10.740389
11.012958176744991
-0.37349546
1.3599066
11.463438
11.549859803244772
-0.38307226
1.1348516
10.869676
10.935468910185998
-0.51714754
0.94810385
9.222465
9.2854832714814
-0.770933
0.9768343
7.809886
7.908404512825363
-1.0199299
1.1109096
7.9104424
8.052917463583801
-0.8858546
1.3024458
9.255983
9.38905359408381
-0.4405331
1.5610195
9.974244
10.105265659198118
-0.10055647
1.8674773
9.552865
9.734208449994751
0.095768064
2.1883004
8.968679
9.232282424044675
0.08619126
2.5570073
8.221688
8.61056770606347
0.110133275
2.896984
7.690176
8.218482183582044
0.08140286
3.083732
7.0820484
7.724729129523683
0.35913026
3.6152446
6.9383965
7.832005922652315
0.31603462
3.1986535
7.1634517
7.851515858070418
0.33997664
3.241749
7.7189064
8.378904428904232
0.15322891
3.0119057
7.9248075
8.479246946762412
-0.01436521
2.8395233
7.9631147
8.454247250336616
-0.35434186
2.743755
7.8529816
8.326047484336478
-0.7134721
2.8778305
8.336611
8.84816499641089
-1.0055647
3.2848446
8.48984
9.158533638269846
-1.1875241
3.964798
8.025364
9.029745326374366
-1.0151415
4.343082
7.8050976
8.989573054714818
-0.6560113
4.5537715
8.365341
9.547047615051603
-0.34476504
4.510676
9.141062
10.199219124018569
-0.24899697
4.3287168
9.959879
10.86273343413769
-0.30645782
4.309563
10.0987425
10.984118006862083
0.1436521
4.6830587
10.328587
11.34157741118175
-0.29688102
3.8738184
10.548853
11.241570260266307
0.23463176
4.5537715
10.314221
11.27719153105617
0.6943185
4.8841715
9.394848
10.61133261866047
1.1348516
4.4484267
9.313444
10.38347858390633
1.3742718
4.1515455
10.462662
11.33980809178858
1.0247183
3.4237084
11.176133
11.733617521948087
0.6560113
2.2266076
10.931925
11.175648128139342
0.06703765
1.4508862
10.539276
10.638886476344362
-0.12449849
1.0534488
9.864111
9.92098451958729
-0.25857377
0.81402856
8.978256
9.018790656174604
-0.2633622
0.7661445
8.494628
8.53317294963479
-0.24420857
0.8331822
8.90643
8.948649674316922
0.10534488
1.3072342
9.423578
9.514398605416629
0.10534488
1.8962077
9.260772
9.45349665139774
0.2681506
2.408567
8.973468
9.294956964697898
0.36870706
2.9113493
8.298303
8.801915948544066
0.47405192
3.3375173
7.771579
8.471197358837935
0.6464345
3.667917
7.3645644
8.252775245659553
0.6703765
3.7493198
7.2065473
8.151142494301173
0.46926352
3.53863
7.503428
8.30924430707088
0.36391866
3.2992098
7.8912888
8.560937892122185
0.22026655
3.1986535
8.106767
8.717772945225846
0.1340753
2.753332
8.403648
8.844214113815632
0.1436521
2.5761611
8.973468
9.33704270720196
0.40701428
2.552219
9.093178
9.45332555636941
0.7422025
2.9352913
8.7771435
9.284667339620837
1.0247183
3.1603463
8.2169
8.863141371059074
1.3215994
3.4045548
7.867347
8.673682332075225
1.4030021
3.5865142
7.541735
8.468132418815713
1.4269443
3.8355112
7.608773
8.639487662489744
1.2401965
4.189853
7.9631147
9.08317995087731
1.0726024
4.4244847
8.408437
9.561817419087076
0.8762778
4.582502
9.011775
10.147870641886067
0.7517793
4.5202527
9.883265
10.893886958808094
0.78050977
4.31914
10.716447
11.580431750851641
0.63206923
4.1946416
11.951855
12.682325087652746
0.6655881
4.477157
12.497733
13.292150857331649
0.7038953
4.687847
11.769896
12.688649092629934
0.32561144
4.606444
10.788273
11.73508366909683
-0.17717093
4.5537715
10.5919485
11.530723993973462
-0.7517793
4.1706996
9.916783
10.78436358176826
-0.7230489
3.0071173
9.572019
10.059279027020626
-0.61770403
1.6807296
9.581595
9.747480800597035
-0.37828386
1.3024458
8.954314
9.056445394636638
-0.5267244
0.9624691
7.9870567
8.06206327926342
-0.6943185
1.0869676
7.393295
7.504957468012706
-0.7182605
1.1540052
7.690176
7.809380969182268
-0.47405192
1.340753
8.815451
8.92941879175213
-0.1388637
1.8866309
9.246407
9.437938957868976
0.12928689
2.2649148
9.313444
9.58576001389276
0.33997664
2.8538885
8.920795
9.372345001656635
0.46447513
3.193865
8.552089
9.140827822269008
0.6368576
3.6296098
8.1402855
8.935541538591302
0.80924016
3.7253778
7.565677
8.471881808197653
0.7613561
3.6774938
7.3789296
8.279626996765398
0.51235914
3.4284968
7.795521
8.531544215679924
0.33039984
3.0214825
8.470686
8.999501956298792
0.033518825
2.7964275
8.580819
9.025053122409014
-0.14844051
2.753332
8.221688
8.671737752292286
-0.36870706
2.9161377
7.819463
8.353669745553354
-0.4309563
3.2130187
7.5848308
8.248567861461572
-0.4357447
3.5625722
7.3310456
8.162476483204541
-0.2633622
3.8019924
7.4603324
8.37741418460435
0.095768064
3.9456444
7.8865004
8.818966488306609
0.38307226
4.0414124
8.628703
9.535946748776851
0.37349546
4.1180267
9.002198
9.906422899343866
0.31603462
4.0414124
9.667787
10.483271761068023
0.19153613
3.9073372
10.433931
11.143199307564478
-0.07182605
3.6248214
11.018116
11.599282972602902
-0.1436521
3.9360676
11.128249
11.804710766853312
0.08619126
4.9176903
10.429143
11.530747151976428
0.45489833
5.12838
9.9550905
11.2076330332505
0.9720459
4.7070007
10.821792
11.841110539291106
1.4508862
4.4244847
11.9374895
12.813461639788677
1.484405
3.3183637
12.334928
12.859449161579892
1.3120226
2.1547816
12.109872
12.369862116027456
1.091756
1.5275006
11.166556
11.323301774921372
1.2593501
1.6903064
9.279925
9.516307687307705
1.6041151
1.9009962
7.201759
7.619206212868174
1.7669208
2.006341
6.4020953
6.9378843458778805
1.661576
1.8626889
7.240066
7.658263646231783
1.3982137
1.8626889
8.341399
8.660459300629013
0.9576807
1.8435353
8.973468
9.21080331486229
0.6943185
1.9393034
8.839393
9.076223781659728
0.6607997
2.2744915
7.9822683
8.326258237222177
0.6464345
2.753332
7.2783732
7.8085485612593155
0.6703765
3.2082303
6.95755
7.690880753140904
0.6895301
3.5577838
6.8761473
7.772688111648185
0.6368576
3.739743
6.9288197
7.899354845575577
0.5267244
3.7972038
7.297527
8.243184829322407
0.545878
3.7014358
7.714118
8.573577175598148
0.5793968
3.3854012
8.135497
8.83079588330617
0.7278373
3.1364043
8.614338
9.196390223323956
0.89543146
3.0502129
9.064447
9.605717355211068
1.0342951
3.145981
9.006987
9.596497977778144
1.1109096
3.3566709
8.6334915
9.329444574666669
1.1204864
3.8115692
8.0924015
9.015015685649137
0.8379706
4.1371803
7.881712
8.940907928992814
0.59376204
4.309563
8.030152
9.132810829234236
0.521936
4.5441947
8.465898
9.622554319708577
0.4405331
4.620809
8.90643
10.04342796317397
0.6368576
4.6160207
9.423578
10.512709418897293
0.842759
4.4244847
9.548077
10.557086347262425
1.0486604
3.8259344
10.338163
11.073169799858752
1.091756
3.9121256
12.0093155
12.677551879415578
0.7422025
4.247314
13.402741
14.079205572084513
0.36870706
4.333505
13.484144
14.168180915836274
-0.22026655
4.793192
12.11466
13.0302804270596
-0.5267244
3.964798
11.238382
11.928884862692858
-0.35913026
2.5713725
10.951078
11.254645511665915
-0.21547815
1.6184803
9.504981
9.644198999441079
-0.08140286
1.6376339
7.6614456
7.834936045645521
-0.33997664
1.4221559
6.4643445
6.627658814290502
-0.6464345
1.5753847
6.6989765
6.912018589136063
-0.7613561
1.685518
7.575254
7.797762955918782
-0.4357447
1.8818425
8.825027
9.033953304998567
0.23942018
1.9680338
9.44752
9.653295762566785
0.5506664
2.0925324
9.892841
10.126708840170815
0.6943185
2.4372973
9.888053
10.207648263378184
0.5554548
2.9257145
8.892065
9.377480954278264
0.37828386
3.3135753
7.240066
7.971288179566664
0.12449849
3.6248214
6.339846
7.304004396535463
-0.019153614
3.5769374
6.0956373
7.067647762690282
-0.16280572
3.4524388
6.5265937
7.385273389049715
-0.10534488
3.122039
7.369353
8.004098319285262
0.019153614
3.0454245
7.881712
8.44963681495764
0.047884032
3.098097
7.752425
8.348688043100882
-0.0047884034
3.193865
7.603985
8.24750781708457
-0.19632454
3.2848446
7.7667904
8.435151402008424
-0.4165911
3.7014358
7.762002
8.609462730666891
-0.545878
4.3526587
7.479486
8.671005287891175
-0.39264908
4.9320555
7.5848308
9.055882214646283
-0.29688102
5.0661306
8.576031
9.965045108951465
-0.19153613
5.0134583
9.768343
10.981437626789774
-0.20111294
4.7405195
10.7116585
11.715485222309002
-0.22505496
4.2999864
11.654974
12.424932676935002
-0.05267244
4.3766007
12.172121
12.935143887398212
0.090979666
5.4779334
11.003751
12.292215901835753
0.61770403
5.8705826
9.485827
11.172565401525613
1.340753
5.171476
10.314221
11.615719608212036
1.5897499
3.466804
12.588713
13.153772406257644
1.6184803
0.8475474
14.451402
14.566428248173253
1.6472107
-0.023942016
14.489709
14.583056696129898
1.2880806
0.15322891
10.529699
10.60929769451309
1.4269443
0.7422025
6.933608
7.117721319854366
1.4077905
1.2354081
5.8226986
6.116528939646345
1.3838485
1.4221559
7.1826053
7.451669738855356
1.2785037
1.6807296
8.959103
9.204615422078176
1.0055647
1.8722657
9.308656
9.548173132513728
0.47405192
2.1164744
8.911219
9.171369236481269
0.10055647
2.3558946
7.8865004
8.231478621451322
0.023942016
2.6001031
7.393295
7.83721359678744
0.02873042
3.145981
7.153875
7.815110159675379
0.08619126
3.490746
7.015011
7.836013930490914
0.40701428
3.5242648
7.1826053
8.010987366055545
0.45489833
3.2130187
7.560889
8.227846398655196
0.48841715
2.9735985
7.9487495
8.500791625016644
0.56982
2.777274
7.97748
8.466293823363067
0.82360536
2.681506
8.039729
8.515048002241018
1.0295067
2.791639
7.9966335
8.532249308317082
1.2641385
3.0214825
7.536947
8.217844401895762
1.4987702
3.3518825
7.0820484
7.977270261205427
1.6567876
3.8307228
7.0006456
8.150363244697001
1.4748282
4.0940847
7.3789296
8.566519357723415
1.1971009
4.486734
8.317456
9.525959885657931
0.7613561
4.572925
9.399636
10.48067112178824
0.36391866
4.501099
10.400413
11.33847049147007
0.18195933
4.132392
11.506534
12.227431703328802
0.25378537
4.0557775
13.019669
13.639116446329044
0.30645782
4.3957543
13.9198885
14.600680484329104
0.2681506
5.4779334
13.192051
14.28670285755391
0.22505496
5.473145
11.851298
13.056004127389592
0.2681506
4.43885
12.119449
12.909544591221426
0.17717093
2.5474305
13.421895
13.662652023042027
0.18674773
1.2545617
12.976573
13.038414172767522
0.45010993
0.7613561
9.9790325
10.01815140352477
0.17717093
0.94331545
6.8761473
6.942811874071628
-0.44532153
0.9672575
5.2002063
5.308111015866444
-0.8810662
1.283292
5.583278
5.796215256320923
-0.90500826
1.5275006
6.919243
7.143404029618589
-0.7134721
1.757344
8.360553
8.572988949390242
-0.22505496
1.958457
8.810662
9.028508704176273
0.12928689
2.1691468
8.815451
9.079322092570818
0.44532153
2.4420857
8.480263
8.836116232442972
0.59855044
3.074155
7.8529816
8.45446698999771
0.59376204
3.5290532
7.062895
7.917780854640356
0.45489833
3.763685
6.4499793
7.481610195632005
0.30166942
3.7445314
6.4404025
7.455957414333552
0.10534488
3.5338416
7.038953
7.876927699949668
-0.095768064
3.2034419
7.991845
8.610505239303569
-0.110133275
2.9113493
8.78672
9.25713423807594
0.0047884034
2.930503
9.260772
9.713380563063028
0.1388637
3.2513258
9.064447
9.630919382608125
0.34476504
3.5673606
8.389283
9.122773617388578
0.35434186
3.763685
7.809886
8.676704560279045
0.48362875
4.1132383
7.8912888
8.912074062019125
0.61291564
4.309563
8.145074
9.235270965021183
0.5506664
4.3861775
8.317456
9.41922835443375
0.6560113
4.390966
9.524135
10.508095663006243
0.35434186
4.0078936
10.769119
11.496203915544184
-0.17238252
3.9312792
11.391612
12.052115758765982
-0.60333884
4.271256
11.056423
11.868114523123898
-0.7086837
5.195418
9.911995
11.213484779753426
-0.7661445
5.0421886
9.442732
10.732000140997352
-0.19153613
3.3135753
11.405977
11.879089936100364
0.44532153
0.9816227
14.42746
14.467670573429887
0.80445176
0.095768064
15.437813
15.459054825526456
0.5506664
0.45010993
11.444284
11.466362894455406
1.1683705
1.1971009
7.302315
7.491458352162648
1.4077905
1.958457
5.722142
6.2096973260657125
1.6567876
2.1547816
6.469133
7.016958674911101
2.1164744
2.15957
8.446744
8.971660075441855
2.2744915
1.9776106
9.725247
10.181585736531986
2.030283
1.958457
10.199299
10.582216178824316
1.3215994
1.9488802
10.04607
10.318346990043201
0.93852705
2.0973208
9.346964
9.625243741206594
0.59855044
2.5617957
8.6334915
9.025421690665535
0.32561144
2.954445
7.8050976
8.351905066348916
0.1436521
3.1986535
7.3166804
7.986603487472837
-0.0047884034
3.1028855
7.603985
8.21270413544215
-0.095768064
3.0119057
8.078036
8.621799040871451
-0.009576807
2.801216
8.2169
8.681263832866724
0.2633622
2.6767175
8.078036
8.514038162070646
0.45968673
2.5905263
7.7572136
8.191245583635359
0.7134721
2.7629087
7.627927
8.14419869674785
1.0151415
2.834735
7.728483
8.294316416345179
1.2306197
3.0023289
7.833828
8.479225352191213
1.3503298
3.3039982
7.7189064
8.50419378604954
1.4508862
3.7014358
7.4507556
8.445084843138789
1.4891934
4.1276035
7.589619
8.766819510438964
1.1492168
4.3239284
8.111555
9.263604958710982
0.770933
4.232949
8.848969
9.839535152961606
0.8858546
4.1371803
9.878476
10.746408261709758
1.115698
3.9312792
10.85531
11.599030394973349
1.2258313
3.9935284
11.449073
12.18737855508402
1.1971009
4.4675803
11.525687
12.419089334859725
0.92416185
4.975151
11.358093
12.43432699396991
0.38307226
5.070919
11.353305
12.440196909434666
-0.3878607
4.807557
11.425131
12.40147819322169
-0.6991069
3.4237084
11.822568
12.328164607033969
-0.4309563
1.8674773
12.243947
12.393039694172215
-0.40222588
1.1827357
11.061212
11.131533986345286
-0.37349546
1.13964
9.169792
9.247884560019617
-0.7517793
1.2354081
7.9343843
8.065101381292571
-1.0390835
1.4508862
7.513005
7.722046677067713
-1.1875241
1.4413095
7.4986396
7.72768931566376
-1.0726024
1.7190368
7.785944
8.045277260980798
-0.44532153
1.9201498
8.082825
8.319695821483602
0.0
2.1739352
7.991845
8.28224492844105
0.49799395
2.4947581
7.6949644
8.104584853914288
0.7038953
3.016694
7.4124484
8.033698157841666
0.78529817
3.4524388
7.101202
7.934928898147251
0.6799533
3.6343982
6.8330517
7.7692845278039995
0.24899697
3.5529952
7.038953
7.888765928119071
-0.04309563
3.3566709
7.690176
8.390941422106268
-0.2825158
3.0502129
8.485051
9.021070187978019
-0.44532153
2.8778305
9.174581
9.625650359140716
-0.60812724
2.9257145
9.303867
9.771979182767302
-0.6943185
3.1124623
8.796297
9.356513348519075
-0.7278373
3.4955344
7.9248075
8.692012355972967
-0.641646
3.940856
7.019799
8.075867446272607
-0.37349546
4.209007
6.751649
7.964923253955825
-0.062249243
4.357447
7.0964136
8.327682970064503
0.24899697
4.5537715
8.015787
9.22234685525082
0.24899697
4.6830587
8.896853
10.057188539587035
0.25378537
4.4723687
9.744401
10.724730488696478
0.062249243
3.845088
11.410766
12.041351279030108
0.11492168
3.596091
13.302185
13.7801742998901
0.05746084
4.486734
12.919112
13.676166737104873
0.20111294
5.0900726
10.577583
11.740296597998892
0.6464345
5.0134583
9.92636
11.139356629234978
1.2545617
4.582502
11.444284
12.391323228671823
1.4413095
3.7828386
12.301409
12.950362883089838
1.292869
2.336741
12.0571995
12.349409674616979
0.9576807
1.3503298
10.936713
11.061294403763004
0.9768343
1.3120226
9.006987
9.154311251522207
1.340753
1.436521
7.2831616
7.543583691272111
1.4700398
1.5131354
6.670246
6.99591163044643
1.4939818
1.4030021
7.9726915
8.2319017202963
1.4652514
1.3455414
9.715671
9.91724255169256
0.80445176
1.7669208
10.228029
10.410654596420754
0.4165911
2.4372973
9.14585
9.47420412611224
0.22026655
2.72939
7.7572136
8.22632647082462
0.14844051
3.2273839
7.273585
7.958836511279852
0.21068975
3.490746
7.029376
7.851230899014413
0.33039984
3.6008794
6.9623384
7.84535863422504
0.4309563
3.5673606
6.9767036
7.847686144713468
0.31603462
3.4380736
7.1347213
7.926189383897793
0.34955344
3.2800562
7.4507556
8.148295180923967
0.36391866
3.1364043
7.675811
8.299851970041958
0.4165911
3.0023289
7.642292
8.221444852125627
0.6368576
2.9161377
7.4603324
8.035297724508059
0.9624691
3.0502129
7.383718
8.046703388643369
1.3455414
3.2465374
7.369353
8.16442601612946
1.4748282
3.5482068
7.2592196
8.21347421938131
1.3742718
4.0078936
7.264008
8.409378320529584
1.163582
4.510676
7.6614456
8.966486096838866
0.90979666
4.759673
8.346188
9.650961603668739
0.56982
4.6255975
9.399636
10.491616308097989
0.41180268
4.1802764
10.821792
11.60842205670023
0.18195933
3.8594532
11.96622
12.574533648782964
0.1436521
3.8115692
12.789825
13.346472433419088
0.019153614
4.4436383
12.464214
13.232646590573468
0.0047884034
5.104438
11.209652
12.317126648968044
-0.5363012
4.984728
10.994174
12.083335157372348
-1.0007763
4.7548847
11.453861
12.441921962427696
-0.90979666
3.107674
12.277467
12.69730513208167
-0.5267244
1.2545617
12.751518
12.823906412774297
-0.22984336
0.770933
11.540052
11.56805847178517
0.25378537
0.8619126
9.203311
9.247066135629138
0.34476504
0.9528923
7.795521
7.861107576487016
0.12928689
1.2737153
7.216124
7.328813662837243
-0.0047884034
1.460463
8.159439
8.289114503400727
-0.04309563
1.7429788
8.8777
9.047286108291976
-0.08619126
1.958457
8.437167
8.661914941095723
-0.18674773
2.2984335
7.747637
8.083535365565469
-0.23942018
2.6240451
7.4028716
7.8578270056972395
-0.29209262
2.9831753
7.1347213
7.738791944278896
-0.31124622
3.265691
6.71813
7.476288251321353
-0.19153613
3.3566709
6.871359
7.649803717594629
-0.090979666
3.1842883
7.5321584
8.178103580526974
-0.08619126
2.9640217
8.212111
8.731072581187764
0.038307227
2.7006595
8.623915
9.036975774690543
0.1340753
2.7724855
8.949526
9.37009393113646
0.10055647
2.9879637
8.585608
9.09124280837231
0.009576807
3.1986535
8.0684595
8.679372814389982
-0.21547815
3.53863
7.5321584
8.324766816776968
-0.21068975
3.916914
7.2113357
8.209139350265064
-0.20590134
4.3957543
7.153875
8.398986628123332
0.06703765
4.8841715
7.2927384
8.777451531937263
0.21547815
4.927267
8.135497
9.513711370465646
0.22984336
4.793192
9.232041
10.404715759999728
0.10055647
4.3143516
10.352529
11.21599712971475
-0.15801731
3.7253778
11.597513
12.18218909725062
-0.60333884
3.3327289
12.310986
12.768377485923843
-0.7661445
4.0462008
11.377247
12.099605434069172
-0.46447513
5.085284
9.471462
10.760318151258753
0.24899697
5.0661306
9.500193
10.76946324108015
1.0773908
4.7644615
11.267113
12.280419396809028
1.4269443
3.5003228
12.737153
13.286214605189706
1.2976574
1.6807296
13.685257
13.849008220321174
0.8475474
1.0007763
12.5504055
12.618739020317784
0.7086837
1.1348516
9.476251
9.570237563482129
1.0965444
1.7621324
7.015011
7.315592837191686
1.1875241
2.0350714
5.78918
6.250306388974439
1.4173675
1.7238252
6.8426285
7.197365268136564
1.4987702
1.5562311
9.002198
9.257847524327207
0.91937345
1.4748282
9.77792
9.931166832049298
0.36870706
1.9009962
9.169792
9.372023453256956
0.090979666
2.3750482
7.9487495
8.29649015924218
-0.110133275
2.777274
7.513005
8.010656411924202
-0.062249243
3.0502129
7.479486
8.077770823050537
-0.0047884034
3.3758245
7.4842744
8.210394379486239
0.08619126
3.5194764
7.513005
8.296950402788251
0.033518825
3.4763808
7.848193
8.583733509203979
0.23942018
3.3375173
8.111555
8.774603558140907
0.37828386
3.2273839
8.264784
8.880639661827443
0.5793968
3.145981
8.379706
8.969524921607384
0.7182605
3.2225955
8.384495
9.011146848048247
0.866701
3.265691
8.173804
8.844601863097017
1.0247183
3.347094
8.145074
8.865400253529078
1.0965444
3.4524388
8.09719
8.870525682907033
1.0390835
3.7732618
8.303091
9.179244088359967
0.8571242
4.1276035
8.37013
9.371810981045932
0.4405331
4.390966
8.528147
9.602287941726196
0.25378537
4.5202527
9.045294
10.11505957653322
0.14844051
4.414908
9.481039
10.4596147904663
0.18674773
4.1419687
9.888053
10.722143942679518
0.17238252
3.8402996
10.673351
11.344516024196105
0.10534488
3.739743
11.142614
11.75391988097415
0.18674773
4.0892963
11.152191
11.87975529274192
-0.01436521
4.582502
10.582372
11.531960566267694
-0.51235914
4.9176903
9.9790325
11.136753688344003
-0.9864111
4.5537715
10.424355
11.418275445975029
-0.93852705
3.0454245
11.305421
11.745977484251657
-0.4261679
1.484405
11.947066
12.04647094207275
-0.20590134
1.1013328
11.15698
11.213096277888951
-0.038307227
1.2258313
9.696517
9.773769260206516
0.01436521
1.1587936
8.968679
9.043241677171869
-0.14844051
1.4939818
8.796297
8.923500033296255
-0.06703765
1.8148049
8.7771435
8.963049588983111
0.17717093
2.2936451
8.374918
8.685128087146252
0.4309563
2.5809495
7.7667904
8.195734207751102
0.5650316
2.906561
7.398083
7.968625535179946
0.63206923
3.1364043
6.8905125
7.597085102648566
0.63206923
3.3854012
6.5984197
7.44309056561646
0.50278234
3.5529952
6.4978633
7.422856123473306
0.34476504
3.466804
6.9623384
7.785354695946693
0.22984336
3.3806129
7.752425
8.460583116712742
0.18674773
3.016694
8.403648
8.93065632047573
0.19153613
2.7820623
9.002198
9.424231087563424
0.0047884034
2.834735
9.188946
9.61626047458869
-0.17717093
2.992752
8.437167
8.953979238397872
-0.29688102
3.4524388
7.441179
8.208447863817362
-0.45489833
3.86903
6.646304
7.703874717890038
-0.45010993
4.122815
6.531382
7.736869764159056
-0.35913026
4.247314
6.766014
7.996724173288841
-0.16759412
4.256891
7.565677
8.682665460812972
-0.0047884034
4.1036615
8.791509
9.702097274729846
0.04309563
3.9456444
9.859323
10.619614257128873
-0.110133275
3.7301662
10.726024
11.356665286762082
-0.08619126
3.7828386
11.693281
12.290244499735604
-0.076614454
4.156334
11.750742
12.464385910974327
0.24420857
5.281609
10.409989
11.67574008335834
0.9528923
5.602432
9.3661175
10.955337018078792
1.3742718
5.0182467
10.443508
11.667831435415643
1.3742718
4.3047748
11.96622
12.791017265278946
1.0773908
2.6288335
12.813767
13.124944777599602
0.7182605
1.1587936
13.211205
13.281363740321789
0.36870706
0.79008657
12.559982
12.590207948308107
0.19153613
0.9720459
9.744401
9.794636983331944
0.7661445
1.7764976
7.0724716
7.332310374032361
1.2066777
1.9776106
6.3206925
6.731877051769196
1.6950948
1.8626889
7.5704656
7.97840254854081
1.6136919
1.541866
9.232041
9.497996871976644
1.4221559
1.460463
9.983821
10.189806717975912
1.0103531
1.757344
9.519346
9.732780705619122
0.7182605
2.135628
8.475474
8.769861404559126
0.5554548
2.753332
7.651869
8.151102246596631
0.49799395
3.1890767
7.177817
7.870150086887588
0.45010993
3.4955344
6.631939
7.5102578268480515
0.50757074
3.5625722
6.4787097
7.411020794568674
0.5410896
3.4093432
7.192182
7.977711623734267
0.59855044
3.265691
7.920019
8.587764694820956
0.5746084
3.0885203
8.283937
8.859613539833175
0.7182605
2.9783869
8.470686
9.007730343022997
0.89064306
3.0262709
8.628703
9.187278277777391
1.1587936
3.0597897
8.480263
9.089552916893322
1.3455414
3.289633
8.259995
8.992201923587476
1.3455414
3.5769374
7.967903
8.836993005176318
1.364695
4.036624
7.843405
8.926125711351132
1.2306197
4.477157
7.8050976
9.081790151369697
0.9672575
4.697424
8.135497
9.443923482052535
0.7517793
4.8267107
8.959103
10.204304134823529
0.7517793
4.7548847
9.701305
10.830024409526393
0.7134721
4.5202527
10.237606
11.213844353110188
0.60812724
4.146757
10.601525
11.399901915011155
0.5315128
4.1419687
10.850522
11.626359757505249
0.44532153
4.453215
11.171345
12.034466519103123
0.2777274
5.118803
11.224017
12.339280490270822
-0.31603462
5.0757074
11.329363
12.41841969926723
-0.9672575
4.6686935
11.9614315
12.876650213760529
-1.1492168
3.1603463
12.933477
13.363507333296537
-0.7374141
2.2026656
12.603078
12.815346006320654
-0.047884032
1.8243817
9.169792
9.349638955392416
0.20111294
1.7621324
6.8091097
7.036301082846498
-0.272939
1.5897499
6.291962
6.4954280913645634
-0.78529817
1.6328455
7.005434
7.23595093273019
-1.0773908
1.5753847
7.8386164
8.067621068480463
-1.0199299
1.6998832
8.475474
8.704224659124092
-0.59855044
2.0638018
8.355764
8.627649757148887
-0.37828386
2.3511062
7.9822683
8.329910287362512
-0.05267244
2.72939
7.819463
8.282290987048247
0.033518825
3.193865
7.728483
8.362496679102946
0.24420857
3.5482068
7.469909
8.27338816454247
0.36391866
3.6583402
7.086837
7.983679813944321
0.51714754
3.667917
7.2209125
8.115579631268789
0.35434186
3.4955344
7.699753
8.463480869172658
0.18195933
3.2944214
8.154651
8.796854618787446
0.038307227
3.145981
8.269572
8.847852422632046
-0.20111294
3.145981
8.202535
8.78744690012184
-0.34955344
3.074155
8.408437
8.959599841582717
-0.5793968
3.241749
8.307879
8.936749620215062
-0.7374141
3.6487634
7.8290396
8.668974300197254
-0.6751649
4.175488
7.335834
8.467881049025737
-0.3878607
4.654328
7.3645644
8.720665724653843
-0.1388637
4.7548847
7.9583263
9.271632287963275
0.038307227
4.620809
9.006987
10.1231989259394
0.05746084
4.4244847
9.921572
10.863560765911352
-0.2777274
3.9791632
10.481815
11.215138313573227
-0.3878607
3.763685
11.070788
11.699491988670651
-0.4357447
4.4963107
10.97502
11.86835108885642
-0.05746084
5.5258174
9.811439
11.26065237320277
0.6847417
5.506664
9.768343
11.234444608724719
1.4221559
5.056554
11.09473
12.275353799914932
1.7621324
4.1946416
12.488156
13.29113200835341
1.7286136
2.5139117
13.623008
13.960451122963063
1.0821792
1.7046716
13.876793
14.022923911208078
0.40222588
1.3838485
11.03727
11.130954134916434
0.545878
1.8674773
8.015787
8.248533176301523
0.8762778
2.1978772
5.93762
6.391702351310949
1.2162545
2.1499932
5.971139
6.461907199846174
1.4987702
1.9297266
8.058883
8.421148435148075
1.3072342
1.5179238
9.749189
9.952871274483826
0.79487497
1.5370775
9.883265
10.033610889064043
0.4261679
1.7764976
9.212888
9.392276967710417
0.29209262
2.231396
8.226477
8.528737575047284
0.320823
2.7485435
7.2448545
7.7553421804860285
0.58418524
3.2465374
6.813898
7.570368936838134
0.60333884
3.6487634
6.6989765
7.652044145328148
0.62249243
3.7062242
6.823475
7.7899555088481724
0.60333884
3.5194764
7.560889
8.361684661941169
0.5410896
3.3854012
8.365341
9.040611193765383
0.4309563
3.193865
8.719683
9.296201639874171
0.50757074
3.0550013
8.8777
9.40235145863311
0.5746084
3.016694
8.954314
9.466274831838263
0.6895301
3.1890767
8.542512
9.144406519466516
0.9576807
3.5003228
7.8146744
8.616179447922878
0.94331545
3.8019924
7.1730285
8.172963523941108
0.9911995
4.0701427
6.909666
8.080347932179537
0.8331822
4.247314
7.120356
8.332667158838188
0.7038953
4.3478703
7.833828
8.98711914613771
0.641646
4.390966
8.6574335
9.728486412385873
0.6943185
4.175488
9.150639
10.08221021550284
0.7422025
4.098873
9.710882
10.566591452281743
0.842759
3.9791632
10.213664
10.99376709954611
0.9768343
4.185065
10.682928
11.514943903704818
0.94331545
4.43885
10.745177
11.664135758309797
0.61291564
4.879383
10.812215
11.878048796536014
-0.05746084
5.3103395
10.67814
11.92584074563443
-0.9768343
5.4300494
11.027693
12.3308415000603
-1.4891934
5.2241483
11.219229
12.465172428877212
-1.5131354
3.5625722
11.69807
12.321783138883742
-0.8523358
1.9967642
12.799402
12.98222779515868
0.047884032
1.5514427
11.410766
11.515851581471706
0.7422025
1.2785037
8.920795
9.042456620217518
0.58897364
1.1444284
8.159439
8.260330206156778
-0.16759412
1.3790601
7.675811
7.800510575627631
-0.641646
1.5275006
7.8769236
8.049279070493673
-0.80445176
1.6376339
8.39886
8.594756244356343
-0.6751649
1.958457
8.341399
8.594785981589997
-0.4213795
2.1643584
7.9583263
8.258145559301633
0.05746084
2.4708161
7.5561004
7.950024433218399
0.17717093
2.8538885
7.6375036
8.155214909026148
0.36870706
3.3279405
7.350199
8.076915539748478
0.50757074
3.6296098
7.0006456
7.901945005078259
0.51714754
3.5913026
7.1347213
8.00432040854417
0.33518824
3.596091
7.747637
8.548104987478402
0.033518825
3.5003228
8.264784
8.9755246829899
-0.08619126
3.3087866
8.75799
9.36257884828906
-0.35913026
3.1028855
9.270349
9.782445280027805
-0.47405192
3.1986535
9.284714
9.831684383780107
-0.48841715
3.323152
8.686164
9.31296573984797
-0.58897364
3.7062242
7.800309
8.656085181474667
-0.49320555
4.003105
7.469909
8.489266294086555
-0.23942018
4.309563
7.7811556
8.898091966787828
-0.11492168
4.429273
8.24563
9.360666940517062
-0.076614454
4.477157
8.901642
9.964438340072434
-0.16759412
4.3766007
9.519346
10.478581699756726
-0.33997664
4.2999864
9.696517
10.612629589282593
-0.61291564
4.333505
9.725247
10.66467846778744
-0.7422025
4.357447
9.605537
10.573767436457688
-0.5650316
4.745308
9.227253
10.391314077832511
-0.21547815
5.511452
8.853758
10.431278407456452
0.16759412
5.770026
8.805874
10.529230756203551
0.81402856
5.6551046
9.615114
11.184510582834596
1.0582372
4.5872903
10.505757
11.512342381097314
0.8810662
2.4899697
12.162544
12.446032180619477
0.49799395
1.4030021
14.020445
14.099265632714207
-0.076614454
1.3694834
12.904747
12.97743614420634
-0.12449849
1.8052281
9.41879
9.591034644741965
0.641646
2.6384103
6.7612257
7.286088768233216
1.1540052
3.0693667
5.803545
6.6658737028914965
1.4413095
2.8203697
6.7564373
7.461990681556808
1.7477672
2.3989902
7.747637
8.296729249985116
1.8483237
1.9009962
9.275137
9.646670827629634
1.5849615
1.8148049
9.504981
9.805625110796178
0.90500826
1.9536686
9.093178
9.344610576485886
0.46926352
2.2649148
8.78672
9.086060514133939
0.31124622
2.7964275
8.159439
8.630951528063703
0.32561144
3.3518825
7.651869
8.360157582381213
0.23463176
3.5529952
7.273585
8.098386401295476
0.047884032
3.7828386
7.417237
8.32631733870411
-0.16280572
3.787627
8.173804
9.010199806970068
-0.2681506
3.5817258
8.983045
9.674489988147268
-0.25857377
3.3997664
9.524135
10.116047233039877
-0.18674773
3.3375173
9.409213
9.985348458511131
0.545878
4.4196963
9.500193
10.492156959653988
0.15801731
2.1404164
8.820239
9.0776081299179
0.32561144
3.845088
8.561666
9.391104332088526
0.25378537
3.572149
8.872911
9.568344424552006
0.095768064
3.7684734
9.011775
9.768451934582172
-0.20111294
3.8594532
9.030929
9.823110492906988
-0.17717093
3.7780502
8.872911
9.645393465914426
0.04309563
3.5098996
9.035717
9.693576801850744
0.36870706
3.620033
8.647857
9.38221768058901
0.6895301
3.715801
8.073248
8.914031688158843
0.9576807
4.189853
7.431602
8.584912892401249
0.56982
4.525041
7.6231384
8.883295185324496
-0.35434186
4.280833
9.011775
9.983144669403243
-1.3120226
3.572149
10.764331
11.417200971663053
-1.4077905
3.2561142
11.597513
12.127921155648119
-1.3694834
3.1316159
9.993398
10.561746965459944
-0.48841715
4.213795
7.7811556
8.862336055815698
-0.17717093
4.414908
6.2249246
7.633641833383386
-0.521936
4.405331
6.277597
7.686844712528118
-0.8714894
4.7500963
7.493851
8.915195617070049
-1.2449849
4.4436383
8.42759
9.608339629180866
-1.1971009
4.1419687
8.959103
9.942558872277846
-1.0726024
3.9791632
8.992621
9.891989470701866
-1.1109096
3.9552212
9.217676
10.091751325920528
-0.93373865
3.8498764
9.562442
10.350541665466338
-0.5650316
3.7780502
9.533711
10.27056867917509
-0.46447513
3.9743748
8.99741
9.8470693653213
-0.4405331
4.185065
8.1402855
9.163682856586306
-0.7422025
4.132392
8.030152
9.061504861849832
-0.94810385
4.060566
8.269572
9.261366999594168
-1.0582372
3.845088
8.494628
9.384203652854204
-1.2641385
3.787627
8.734048
9.603528137385076
-1.4077905
3.6391866
8.623915
9.46559337208937
-1.6903064
3.7014358
8.259995
9.207892590039647
-1.4508862
3.4237084
8.145074
8.953718927998665
