0.6991069
2.6671407
8.944737
9.360059709929072
0.6512229
2.6479871
8.954314
9.360324206483892
0.56982
2.6767175
8.99741
9.404408220719345
0.35913026
2.801216
9.069236
9.498780021635097
0.15322891
2.7485435
8.805874
9.226125062397116
-0.21068975
2.695871
8.599973
9.015078734669219
-0.48362875
2.7246015
8.461109
8.902118782123454
-0.34955344
2.801216
8.619126
9.069637881350507
-0.033518825
2.801216
9.313444
9.72564511549736
0.47405192
2.72939
9.830592
10.213463398609042
0.8714894
2.7724855
10.065224
10.476397189458266
0.93373865
2.992752
10.007763
10.487313735635471
0.8523358
3.1890767
9.385271
9.948869067765393
0.6560113
3.4284968
8.743625
9.414665031936835
0.5267244
3.5529952
8.303091
9.046686516414146
0.50757074
3.5673606
8.355764
9.099587366159797
0.5650316
3.643975
8.944737
9.675027016298884
0.5267244
3.6727054
9.294291
10.00749917176372
0.5554548
3.6152446
9.313444
10.005936577086024
0.58418524
3.5338416
9.217676
9.889128416591815
0.5602432
3.5290532
9.23683
9.903893801266136
0.50278234
3.6391866
9.150639
9.860560422991623
0.45010993
3.6056678
8.781932
9.503986927447336
0.25857377
3.4955344
8.825027
9.4956165038446
0.07182605
3.5290532
8.935161
9.607105216561846
0.05267244
3.8498764
9.136273
9.914424567979735
0.20590134
4.2760444
9.825804
10.717899388852757
0.2681506
4.7070007
10.572795
11.576344382730591
0.29209262
5.0517654
10.965444
12.07669670868465
0.46447513
4.936844
11.291056
12.331913703114155
0.63206923
4.232949
12.157756
12.88908016311373
0.545878
3.1794999
13.01488
13.4087395479459
0.37828386
2.0590134
13.551182
13.711934614740047
0.36870706
1.3072342
12.732365
12.804605275437646
-0.047884032
1.043872
10.788273
10.838763670852762
0.07182605
1.1492168
8.695741
8.771645503070845
0.81402856
1.7429788
7.0245876
7.28323062268542
1.5658079
1.5514427
6.4739213
6.838887756220854
2.15957
1.5993267
7.086837
7.579237645847789
2.1739352
1.1683705
8.178593
8.542860688902753
1.8004397
1.0582372
9.011775
9.250596723124769
1.1971009
0.94810385
9.165004
9.291353320211007
0.80445176
1.1540052
8.848969
8.960085627964123
0.7182605
1.6376339
8.12592
8.320356055490457
0.6991069
2.15957
7.2831616
7.628691733255129
0.7230489
2.6719291
6.8761473
7.4123821384265165
0.7038953
3.064578
6.9288197
7.608919039935885
0.6895301
3.0550013
7.1586633
7.813766254804197
0.8379706
3.0454245
7.565677
8.198553413631693
0.7661445
3.098097
7.7811556
8.410206143895197
0.6607997
3.1268275
7.9104424
8.531635429423009
0.6607997
3.0358477
8.255207
8.820514038054007
0.6607997
2.9496565
8.671799
9.183530196371969
0.58418524
3.122039
8.566454
9.136330454820879
0.60812724
3.241749
8.159439
8.800863605085157
0.8379706
3.3614593
7.9008656
8.627008618864417
0.91937345
3.514688
7.953538
8.743972009835637
0.92895025
3.667917
8.1881695
9.02012672622877
0.842759
3.8307228
8.7771435
9.613684405910426
0.7038953
3.8115692
9.715671
10.460295676725933
0.5746084
3.9073372
10.716447
11.421019974836968
0.2873042
3.8067808
11.410766
12.032443376285451
0.06703765
4.132392
12.109872
12.795708795303945
-0.076614454
4.5154643
12.411542
13.20763606368017
-0.090979666
4.5394063
12.243947
13.058665027475232
0.11971009
4.0892963
12.100295
12.77316812120388
0.05267244
3.2513258
12.593501
13.006543200082987
0.023942016
2.1499932
12.947843
13.125154040204693
0.24899697
1.4796166
11.563994
11.660927659784138
0.46447513
0.94810385
9.212888
9.27318410037108
0.4165911
1.1827357
7.5465236
7.649995452281123
-0.30166942
1.5131354
6.71813
6.893029725394054
-0.79966336
1.6519991
6.646304
6.895065157266407
-1.1204864
1.5945383
6.9288197
7.197679029002406
-1.0199299
1.5131354
7.5848308
7.801249712085398
-0.5410896
1.3503298
7.9966335
8.127872839466132
0.090979666
1.3838485
8.513782
8.62599508101502
0.19632454
1.7525556
8.643068
8.82114630137787
0.29688102
2.1691468
8.111555
8.401824807457892
0.30166942
2.6671407
7.40766
7.878963865524342
0.36870706
2.96881
6.694188
7.3322528852356745
0.49320555
3.0071173
6.5265937
7.202945996623426
0.6368576
2.9352913
7.07726
7.688246279833588
0.7613561
2.8921957
8.001422
8.542084573586514
0.94331545
2.8203697
9.198523
9.667323605368653
0.90021986
2.801216
9.476251
9.922526276607229
0.59855044
2.8538885
9.260772
9.709008145653359
0.2825158
2.954445
9.241618
9.70649599253639
0.11492168
3.1124623
9.126697
9.643506774010719
-0.08619126
3.1651347
8.853758
9.402900378205702
-0.21068975
3.371036
8.422802
9.074792982530305
-0.11492168
3.6631286
8.552089
9.304296784801524
0.12449849
3.7014358
9.260772
9.973866838611565
0.24899697
3.4859576
10.386047
10.958278950796815
0.45489833
3.074155
11.525687
11.937287173945435
0.6751649
3.4476504
12.378023
12.866918898038914
0.47884035
4.4196963
11.453861
12.286331173943681
0.59376204
4.721366
10.433931
11.467814643822864
0.78529817
4.1515455
10.486604
11.305789537895853
1.3215994
3.2752678
11.803414
12.3204945591336
1.7860745
1.6903064
13.019669
13.249866412946869
2.0159178
0.770933
12.770672
12.95176905033452
1.4748282
0.6895301
10.429143
10.555453325635426
1.508347
1.0390835
8.015787
8.222387168993926
1.733402
1.3455414
6.5840545
6.940096257666303
1.9536686
1.364695
6.766014
7.173434351856203
2.231396
1.1204864
8.298303
8.66582039833907
2.0350714
0.94810385
9.749189
10.004354291875277
1.4891934
0.9959879
10.295067
10.449788973927147
0.89064306
1.1779473
9.677363
9.789390223589365
0.6991069
1.6424223
8.413225
8.600503383364583
0.5267244
2.1883004
7.398083
7.732899411403511
0.50757074
2.8874073
6.885724
7.483845670135395
0.40222588
3.2034419
6.6079965
7.354552809075775
0.545878
3.1890767
6.7468605
7.482534289729159
0.7422025
2.9400797
7.3645644
7.964404548183681
1.0247183
2.7389667
7.8625584
8.38879078968393
0.9816227
2.6479871
8.183381
8.656970933990314
0.8475474
2.552219
8.111555
8.545728756546673
0.7422025
2.552219
8.240842
8.65887785867686
0.90500826
2.4420857
8.566454
8.953600060340385
0.9911995
2.6623523
8.566454
9.025227264332548
1.1540052
2.896984
8.24563
8.815591905512145
1.1300632
3.3901896
8.034941
8.793787792262874
1.1540052
3.8259344
8.317456
9.227653109495376
0.9911995
4.027047
8.461109
9.42284220069296
0.8379706
4.2185836
8.78672
9.782898005386189
0.8571242
4.1276035
9.56723
10.45483931780555
1.2354081
3.6727054
10.500969
11.193093718220323
1.3503298
3.289633
11.410766
11.952014347910408
1.1971009
3.3901896
12.473791
12.981598374711208
0.78050977
3.9073372
12.842498
13.446420662678054
0.076614454
4.0701427
12.354081
13.007507503931864
-0.7086837
4.414908
12.0093155
12.814730417524519
-1.0534488
3.9983168
11.717223
12.425361882855642
-0.7374141
2.4756045
11.544841
11.83028949399459
0.1436521
1.1779473
10.778696
10.843822468012533
0.58418524
0.6368576
9.572019
9.610952058724342
0.4165911
0.38307226
8.695741
8.714137672399671
0.0
0.6751649
8.42759
8.4545919728421
-0.4165911
1.1109096
8.09719
8.183651551108523
-0.36391866
1.388637
7.896077
8.02550826795315
0.076614454
1.7286136
7.9248075
8.111507069345077
0.37349546
1.8674773
8.293514
8.509368221799999
0.44532153
2.1308396
8.1881695
8.472597719080907
0.35913026
2.4229321
7.441179
7.833946636891776
0.25378537
2.801216
6.9000893
7.451338771885775
0.23942018
3.074155
6.555324
7.244309921939921
0.18195933
3.0933087
6.50744
7.2075269244349744
0.15801731
3.064578
7.441179
8.049083813959239
0.22984336
2.834735
8.571242
9.030766352074542
0.2777274
2.7102363
9.222465
9.616463578942975
0.019153614
2.8538885
9.294291
9.722596612412515
-0.15801731
2.9831753
8.853758
9.344160294216056
-0.15322891
2.9831753
8.298303
8.81955993523327
-0.36391866
3.2465374
7.833828
8.4877149776599
-0.38307226
3.466804
7.5321584
8.300535382388135
-0.33518824
3.715801
6.981492
7.915854911010432
-0.062249243
4.098873
7.1634517
8.25346440487976
0.11492168
4.1180267
8.0445175
9.038009489901567
-0.01436521
3.7684734
9.476251
10.198084288568039
-0.10055647
3.2082303
11.166556
11.618727437654599
0.19153613
3.1124623
13.115437
13.481052807182348
0.39743748
4.156334
13.196839
13.84159114356952
0.6607997
4.936844
11.180922
12.24018373139555
1.388637
4.817134
10.160992
11.33043888006302
2.1452048
4.453215
11.180922
12.224812674306097
2.5953147
3.4380736
12.583924
13.300795590117087
2.5139117
1.8195933
13.575124
13.9253243263047
2.1164744
1.0342951
12.545617
12.76486297163312
1.6472107
0.91458505
9.940725
10.11769688329157
1.5562311
1.0773908
7.7093296
7.938286209217524
1.6711528
1.2785037
6.6271505
6.953160935212617
1.6759412
1.0103531
7.2783732
7.536863395668698
1.5658079
0.91458505
9.035717
9.215877796740424
1.2306197
1.0342951
9.993398
10.121866753937866
0.92416185
1.388637
9.883265
10.023038646585052
0.7038953
1.9393034
8.283937
8.536977333613397
0.46447513
2.3175871
7.0724716
7.45699697559567
0.40701428
2.9400797
6.4739213
7.12189482903325
0.19632454
3.2609026
6.229713
7.034298384328435
0.15322891
3.41892
6.4164605
7.272101553095581
0.37349546
3.2800562
7.225701
7.9441188339457485
0.60333884
3.1268275
7.9631147
8.57626150210796
0.61770403
2.9161377
8.48984
8.997933044442242
0.6512229
2.6767175
8.872911
9.29071938742312
0.6703765
2.6527755
8.978256
9.385931533651549
0.79487497
2.719813
8.6095495
9.063859508748795
0.8858546
2.8682537
8.149862
8.685152683530122
0.9528923
3.2609026
7.7189064
8.433445839514674
0.9720459
3.5434184
7.4507556
8.307493609581785
0.9864111
3.9791632
7.4603324
8.51253796539579
0.8810662
4.309563
7.991845
9.12240103720472
0.8283938
4.414908
8.8777
9.949431927437413
0.8475474
4.3718123
9.825804
10.787840136561707
0.8331822
4.1706996
11.018116
11.810495680856882
0.8810662
3.9791632
12.23437
12.895341230050995
0.9672575
4.10845
12.885593
13.559257154794423
0.8283938
4.462792
12.339716
13.14805452873637
0.47405192
4.687847
11.784261
12.691313673100332
0.009576807
4.3478703
12.028469
12.790157730287184
-0.15322891
3.0502129
13.01488
13.368410002177825
-0.14844051
1.2066777
12.981361
13.03816899368956
0.19632454
0.63206923
10.94629
10.966281189177906
0.34955344
0.41180268
8.494628
8.511784630739763
0.11492168
0.17717093
6.981492
6.984685221018822
-0.1388637
0.46926352
6.8761473
6.893539953965874
0.06703765
0.7757214
7.7428484
7.781898318326164
0.35913026
1.3072342
8.523358
8.630496719935215
0.35434186
1.8818425
8.700529
8.908765149928582
0.2777274
2.231396
8.341399
8.639166655441269
0.0047884034
2.6048915
7.881712
8.301016081237105
-0.12449849
3.040636
7.795521
8.36845939650175
-0.12449849
3.3901896
7.489063
8.221614672005822
-0.14844051
3.4045548
7.2783732
8.036650152053648
-0.023942016
3.3614593
7.383718
8.112907919010528
0.08140286
2.9400797
7.747637
8.287132620975528
0.29209262
2.6527755
8.552089
8.958836835565712
0.23463176
2.4995465
8.887277
9.235067738530882
-0.019153614
2.327164
8.6334915
8.941657533193606
-0.272939
2.4756045
7.920019
8.302398279997595
-0.51235914
2.8203697
7.1347213
7.6890341615765125
-0.63206923
3.1890767
6.7851677
7.523843629517149
-0.4165911
3.5817258
6.895301
7.781226223216057
-0.14844051
4.003105
7.3789296
8.39615884785641
0.12449849
4.271256
8.135497
9.189419708029039
0.110133275
4.3622355
9.519346
10.471827905743103
-0.02873042
4.074931
10.94629
11.680203531660553
-0.20111294
3.892972
12.310986
12.913405533803573
-0.009576807
4.084508
12.890382
13.522028152659946
0.20111294
4.8937483
11.750742
12.730638351317316
0.45010993
5.7508726
10.170568
11.692544266782319
0.9768343
5.5641246
9.801862
11.313274546710085
1.5179238
5.1666875
11.051635
12.293794781788037
1.6759412
3.8019924
12.215217
12.902536518390422
1.6998832
1.8339585
12.679692
12.923915937107223
1.4748282
0.61291564
12.516887
12.618368994604031
1.2641385
0.44532153
10.668563
10.752422680766385
1.3599066
0.6655881
8.24563
8.383481869099004
1.4796166
0.9672575
6.694188
6.923655399379396
1.5562311
1.2114661
6.4643445
6.758494930318771
1.5610195
1.2641385
7.7332716
7.989888476761973
1.3311762
1.163582
8.954314
9.12719532934834
0.8619126
1.484405
9.557653
9.71056588061065
0.51714754
1.8770541
8.585608
8.803602989580149
0.48362875
2.384625
7.029376
7.438579320729935
0.59376204
3.1124623
6.157887
6.9252830364901365
0.61291564
3.3901896
5.6982
6.658719030229099
0.62249243
3.5529952
6.05733
7.05000157998791
0.8571242
3.3614593
7.4363904
8.205728288555834
0.91937345
3.2465374
8.508993
9.153590314035638
0.770933
3.1411927
9.059659
9.619711475764392
0.79487497
3.0071173
9.289502
9.796399167322033
0.93373865
3.0023289
9.198523
9.721042374969725
1.1204864
3.1411927
8.700529
9.31782082748668
1.2689269
3.323152
8.0684595
8.817797644415048
1.2785037
3.5434184
7.680599
8.554647367200383
1.2497733
3.6008794
7.5704656
8.47586087606044
1.2641385
3.8498764
7.9104424
8.887895698161982
0.90979666
4.1659107
8.312668
9.342536566797753
0.6464345
4.4915223
8.99741
10.076955706755784
0.50278234
4.735731
9.677363
10.785698810375015
0.47405192
4.8602295
9.931149
11.066809208269838
0.5410896
4.8123455
10.28549
11.368498233064704
0.641646
4.5537715
10.596737
11.551596289303687
0.5602432
4.620809
11.142614
12.075744631219953
0.30645782
4.6591167
11.329363
12.253805386897612
-0.19153613
4.5441947
11.429919
12.301603036021744
-0.91937345
4.381389
11.812991
12.632837261300718
-1.2689269
3.5529952
11.899182
12.482968132948315
-1.0247183
1.9871874
11.947066
12.154478753108487
-0.4261679
1.1204864
10.922348
10.987938597239213
-0.1436521
0.5554548
9.461885
9.479263562276632
0.04309563
0.4405331
8.772355
8.783515176453017
-0.07182605
0.35434186
8.949526
8.956825543456675
-0.272939
0.60812724
9.045294
9.069820840868314
0.009576807
1.1061212
8.599973
8.67082051232371
0.30645782
1.8148049
8.207323
8.41115860695351
0.4213795
2.2505496
7.642292
7.977917233909692
0.51235914
2.72939
7.273585
7.785699636863036
0.63206923
3.3327289
6.9527617
7.73611560077944
0.51235914
3.8163576
6.4787097
7.536629049867237
0.2825158
3.8977604
5.9184666
7.092291459361442
0.18674773
3.7205894
6.196194
7.229832980388718
0.22026655
3.3854012
7.5321584
8.260924071562048
0.24420857
2.815581
8.992621
9.426260008432932
0.18195933
2.6384103
10.04607
10.388351122786183
0.076614454
2.6240451
10.175357
10.508537817671385
0.11971009
2.7150247
9.351752
9.738632226426951
0.1340753
3.0310593
8.212111
8.754660101130604
0.0047884034
3.4045548
7.455544
8.19610609315985
0.02873042
3.7253778
6.847417
7.795279605296776
0.2825158
4.146757
6.564901
7.7700278620668355
0.36870706
4.4436383
6.9048777
8.219440619747946
0.23463176
4.6399627
8.1402855
9.3727556721148
-0.06703765
4.285621
9.763555
10.662928124762338
-0.37349546
3.6870706
11.971008
12.5315215350101
-0.46447513
3.5482068
13.551182
14.015706652145099
-0.22984336
4.31914
12.421119
13.152641907074875
0.08619126
5.1810527
10.0508585
11.307983845815599
0.80924016
5.2241483
9.270349
10.67173630720638
1.685518
4.8267107
10.673351
11.834632766370225
2.0159178
2.8395233
12.995727
13.454208702540758
2.384625
0.9624691
14.398729
14.626557617708297
2.0925324
0.21068975
13.426683
13.590397844589347
1.6567876
0.60812724
9.988609
10.143326738873345
1.4987702
0.8571242
6.933608
7.145340645787011
1.2737153
1.1827357
5.6646814
5.925354753006322
1.2449849
1.2497733
6.5218053
6.756172183962284
1.4460979
1.3263878
8.178593
8.410700531040893
1.340753
1.7046716
9.155427
9.40879204450903
1.1731589
2.030283
8.858546
9.163634151194252
1.0965444
2.3750482
7.867347
8.290863100408005
0.866701
3.0071173
7.40766
8.041601256531125
0.80445176
3.4524388
7.1730285
8.001175794026404
0.79487497
3.6104562
7.216124
8.107999887173788
0.93373865
3.3854012
7.5082164
8.288915692178971
1.0630256
3.083732
8.2169
8.84063730626684
0.9720459
2.9161377
8.710106
9.236594306206234
0.89064306
2.8203697
8.590396
9.085297631703687
0.866701
2.6671407
8.24563
8.70949049080226
0.8475474
2.7389667
8.034941
8.531151627752442
1.1252748
2.801216
8.020576
8.569870498373165
1.3215994
3.1124623
7.6710224
8.383235241699698
1.2545617
3.5242648
7.225701
8.13665311423359
1.1492168
3.9312792
7.1969705
8.2808234338841
0.8714894
4.223372
7.493851
8.64604913526485
0.61291564
4.4005427
8.307879
9.421321517350991
0.4165911
4.3718123
9.337387
10.318579898682197
0.35913026
3.8594532
10.453085
11.148602426294083
0.48841715
3.5098996
11.702858
12.227625752490495
0.59376204
3.7253778
12.861651
13.403471972331868
0.5410896
4.5058875
12.737153
13.521496083024326
0.33518824
4.9320555
11.611878
12.620350198617398
0.0
4.831499
11.626244
12.590191586879682
-0.08140286
3.9839516
12.449849
13.072002258337939
0.25857377
2.0685902
13.129802
13.29427038697763
1.0103531
0.641646
12.497733
12.55491355972583
1.3503298
-0.11492168
10.491392
10.578558457930436
0.9864111
-0.19632454
8.623915
8.68236450335625
0.40701428
-0.019153614
7.714118
7.724871844861328
-0.04309563
0.4309563
7.3406224
7.353388268734469
-0.038307227
1.0534488
7.417237
7.4917702344864985
0.18674773
1.5897499
7.9583263
8.117705371774075
0.36870706
2.006341
8.724471
8.959784622328575
0.35913026
2.5234885
9.035717
9.388351901597142
0.22984336
2.9352913
8.561666
9.053777035087302
0.12928689
3.3854012
7.642292
8.359562552656529
0.10534488
3.6391866
6.9000893
7.801667049967264
0.17717093
3.4763808
6.588843
7.451809237157271
0.31124622
2.9352913
6.9958572
7.59307757881611
0.5315128
2.4612393
8.106767
8.488808388630687
0.7086837
2.3080103
8.954314
9.274097705147865
0.6703765
2.3511062
8.992621
9.319031338759057
0.25378537
2.633622
8.231265
8.646045164401079
-0.038307227
2.9592333
7.762002
8.307057369997965
-0.25857377
3.2561142
7.5321584
8.209905586768482
-0.320823
3.5098996
7.2113357
8.026561036201686
-0.30166942
3.6774938
7.062895
7.968654258003276
0.11971009
3.5769374
7.953538
8.721673072109377
0.35434186
3.6008794
9.102755
9.795510521008463
0.49320555
3.6296098
10.247183
10.88219065097914
0.33997664
3.3375173
10.927136
11.430525857838683
0.076614454
3.4045548
11.654974
12.142293336745984
-0.019153614
4.1659107
11.444284
12.178950201184406
0.04309563
5.1379566
9.9790325
11.224150396534405
0.48841715
5.7269306
9.275137
10.911665918868668
1.1827357
5.1666875
10.0508585
11.36280252622565
1.8052281
3.6966474
12.291832
12.961989955008837
2.2457612
1.7669208
15.045163
15.314123698192942
2.0111294
0.51235914
15.495274
15.633638725198912
1.0726024
0.4309563
12.038046
12.093417535199224
0.7517793
0.842759
8.250419
8.327353608153937
0.9959879
1.1444284
5.889736
6.0819980078972735
1.388637
1.2354081
5.7365074
6.030096230316312
1.9297266
1.091756
7.517793
7.8379200702630305
2.1212628
1.115698
9.150639
9.459319299962992
1.7860745
1.2976574
9.562442
9.813983392054995
1.2785037
1.9297266
8.925584
9.22087088288667
0.8331822
2.27928
7.824251
8.1919604083535
0.4261679
2.9496565
7.3071036
7.891505307485157
0.076614454
3.53863
6.9527617
7.801837205930523
-0.05746084
3.667917
6.789956
7.717539827560998
0.12449849
3.41892
7.3406224
8.098719422638439
0.6464345
3.0597897
8.082825
8.666732005337638
0.842759
2.9113493
8.743625
9.254035275720389
1.0534488
2.681506
8.652645
9.119676683283085
1.292869
2.5234885
8.437167
8.90085928551327
1.3359646
2.5570073
8.0924015
8.591277609550017
1.412579
2.695871
7.5848308
8.172683938361232
1.5227122
2.954445
7.3310456
8.049324566481495
1.3982137
3.323152
7.225701
8.07521509409613
1.2162545
3.7349546
7.4746976
8.443948273833271
0.94810385
4.1946416
8.049306
9.12607515872702
0.6560113
4.3861775
8.820239
9.872462852100952
0.521936
4.5058875
9.476251
10.50593943865895
0.6607997
4.232949
9.868899
10.758702858375829
1.0534488
3.8355112
10.70687
11.421820226869352
1.2449849
3.6727054
11.611878
12.242323357973023
1.2449849
4.0653543
12.26789
12.983767425240424
0.9816227
4.6591167
11.803414
12.727589977323255
0.44532153
5.0517654
11.238382
12.329634309343827
-0.24420857
5.2049947
11.329363
12.470207415999418
-0.45010993
4.1132383
11.621455
12.33610757779367
-0.095768064
2.2936451
11.8896055
12.109198587424665
0.5410896
1.1827357
10.7116585
10.790332097978633
0.8379706
0.38307226
9.141062
9.187380004929613
0.7613561
0.019153614
8.652645
8.686098273831368
0.272939
-0.062249243
9.054871
9.059197185728012
-0.2825158
0.01436521
9.093178
9.097577000916104
-0.16759412
0.56982
8.954314
8.973991537152614
0.17717093
1.388637
8.523358
8.63755393335753
0.61291564
1.8674773
8.221688
8.453360111823924
0.7326257
2.2409728
8.078036
8.41506801820262
0.79008657
2.801216
7.8146744
8.339075729419664
0.6464345
3.2465374
7.3166804
8.030672401408863
0.770933
3.5482068
6.703765
7.623947321034311
0.81402856
3.5625722
6.4787097
7.438295722517036
0.7757214
3.3183637
7.015011
7.798952364869397
0.80445176
2.920926
8.173804
8.717225519163373
0.6847417
2.4612393
9.021352
9.37610589180476
0.44532153
2.2601264
9.428367
9.705698160473906
0.17238252
2.3415294
9.356541
9.646622583604472
-0.22984336
2.5187001
8.485051
8.853969102039112
-0.45968673
3.0023289
7.6470804
8.22819133402928
-0.5554548
3.5338416
6.823475
7.704308966283039
-0.4213795
3.9743748
6.459556
7.595991141444179
0.04309563
3.9552212
7.144298
8.166188232524611
0.35913026
3.763685
8.652645
9.442593242254581
0.6512229
3.5434184
10.572795
11.1697758763299
0.5410896
3.2225955
11.688493
12.136670346097555
0.4213795
3.4332852
12.066776
12.552772513605124
0.35913026
4.261679
11.439496
12.212819252800006
0.35434186
5.3247046
10.055647
11.383939144012071
0.7086837
5.583278
9.629479
11.153568918035832
1.364695
5.1810527
10.82658
12.07975712614134
1.7764976
3.7924154
12.5025215
13.185272462566306
1.9201498
1.5370775
14.623784
14.829181790252603
1.8195933
-0.08619126
15.14572
15.254873528870567
1.2401965
-0.038307227
12.373235
12.435292110286918
0.8475474
0.4309563
8.566454
8.619059852966762
0.80445176
0.8571242
5.6982
5.818186285819159
0.8475474
1.292869
4.8267107
5.068232740168955
1.2593501
1.2689269
6.277597
6.527201442662522
1.4748282
1.0582372
8.441956
8.634905890132522
1.4939818
1.340753
9.773131
9.977158972967956
1.2210429
1.5705963
9.624691
9.828142854465101
0.89064306
1.8866309
8.432379
8.686635365443168
0.5793968
2.4660277
7.9248075
8.319829706503304
0.35913026
3.1651347
7.52737
8.173637477242002
0.18195933
3.5865142
6.8569937
7.74044949667941
0.14844051
3.5577838
6.6606693
7.552772760601965
0.5410896
3.1028855
7.675811
8.296911781933535
0.7278373
2.8299465
8.75799
9.232590659486888
0.8714894
2.7820623
9.155427
9.608392829633615
0.80924016
2.7006595
8.791509
9.23250017320564
0.7757214
2.777274
7.9726915
8.478136554601875
0.6751649
2.882619
7.6375036
8.191263746078043
0.6799533
3.2944214
7.5944076
8.306056687607779
0.78050977
3.7062242
7.560889
8.456496266277334
0.8619126
4.0940847
7.302315
8.415951034287417
0.7278373
4.390966
7.819463
8.99746244473051
0.5363012
4.3478703
8.829816
9.856837313321604
0.5315128
4.175488
10.0508585
10.896649438893618
0.4309563
3.821146
10.79785
11.46213034862657
0.36870706
3.6583402
11.353305
11.933856507950134
0.4405331
3.9217024
12.052411
12.682051968773502
0.4405331
4.3047748
12.349293
13.085495561567276
0.35913026
4.975151
11.856087
12.862654906175147
-0.12449849
5.0182467
11.511322
12.558217699463144
-0.521936
4.5872903
11.812991
12.683154033608295
-0.8810662
3.2848446
12.392388
12.850594212192886
-0.8283938
1.3503298
12.531252
12.630989693399549
-0.11492168
0.37349546
11.180922
11.187748229613444
0.2681506
0.15322891
8.939949
8.945282222246794
0.19632454
0.320823
7.2113357
7.221137902788174
-0.30166942
0.61770403
6.1004257
6.139035395297603
-0.6703765
0.9672575
5.93762
6.053125113436531
-0.8858546
1.2641385
6.775591
6.949202556280317
-0.6560113
1.4652514
8.1163435
8.273593342783885
-0.095768064
1.70946
9.030929
9.191795123653206
0.19153613
2.1883004
9.222465
9.480464323881332
0.272939
2.7341783
8.7292595
9.151513446652297
0.35913026
3.265691
8.441956
9.058715872128518
0.39743748
3.5865142
8.049306
8.821132030544208
0.33518824
3.6296098
7.714118
8.53194215083731
0.29688102
3.490746
7.7428484
8.498538172062988
0.1388637
3.1411927
8.082825
8.672855905953337
-0.0047884034
2.906561
8.42759
8.914729207922466
-0.24420857
2.6862943
8.255207
8.684714330390396
-0.5410896
2.6001031
7.9583263
8.389772055692834
-0.6368576
2.657564
7.747637
8.21547990731046
-0.6943185
3.2225955
7.2209125
7.937806611634661
-0.6368576
3.8355112
6.8426285
7.870088771527835
-0.2825158
4.256891
6.9000893
8.112469679859558
0.08619126
4.3287168
7.752425
8.879488387620027
0.44532153
4.232949
9.208099
10.144222896738366
0.23463176
3.9743748
10.534488
11.261711297907697
-0.4357447
3.7924154
11.482592
12.100504563585742
-0.80924016
4.0940847
11.932701
12.64143012539461
-0.6655881
5.2624555
11.128249
12.327788953951314
-0.17238252
6.133945
9.682152
11.462943038781601
0.9576807
5.6886234
9.624691
11.221063316945084
2.2026656
4.8698063
11.329363
12.52681937337971
2.9496565
3.2513258
13.378799
14.080620378351865
3.0597897
1.292869
14.958972
15.323337503338198
2.2122424
0.5554548
13.785813
13.973231200604493
1.0821792
0.5650316
10.366894
10.438527679104073
0.7757214
0.81881696
7.2783732
7.365250948834442
0.5602432
1.1013328
5.5976434
5.732400580241538
0.38307226
1.2258313
5.707777
5.8504808798832
0.4309563
1.3215994
7.2831616
7.414633597274779
0.22984336
1.5849615
8.690952
8.837283948445315
0.076614454
1.7381904
8.901642
9.070082866117717
0.08619126
2.1404164
8.2169
8.491540177001857
0.21068975
2.4420857
7.469909
7.861788369679567
0.33518824
2.9879637
7.1059904
7.715917152383208
0.32561144
3.4524388
7.091625
7.894080404463138
0.35913026
3.643975
7.2544312
8.126149257662728
0.45010993
3.5338416
7.6470804
8.436140841050431
0.5650316
3.241749
8.365341
8.989278553157089
0.6368576
3.074155
8.78672
9.330727167934013
0.79966336
2.954445
8.901642
9.413152348378787
0.93373865
3.0262709
8.7292595
9.286019381027815
1.0199299
3.169923
8.365341
9.003754998051724
1.0582372
3.3279405
7.920019
8.655735702936061
0.89543146
3.6583402
7.321469
8.233416912359921
0.61770403
3.9073372
7.0724716
8.103622718998892
0.2825158
4.1276035
7.603985
8.656645727924245
0.15322891
4.1132383
8.231265
9.203039198056098
-0.22026655
3.8498764
8.796297
9.604421042647658
-0.24899697
3.6727054
9.514558
10.201841778992348
-0.2777274
3.5913026
10.261548
10.8753830414762
-0.15322891
3.7110126
11.224017
11.822590711136323
-0.14844051
4.027047
12.143391
12.794572299309799
-0.07182605
4.7309427
12.162544
13.05045855070959
-0.46926352
4.783615
11.664551
12.616058506957573
-0.90500826
4.280833
11.702858
12.494056204039083
-1.13964
3.1747115
12.512098
12.95878758917091
-0.63206923
1.3982137
13.278243
13.366609312268984
0.20590134
0.5267244
12.521675
12.534439860527772
0.7278373
0.22026655
10.390836
10.418624165031941
1.115698
-0.05746084
9.279925
9.346929819245378
0.9768343
0.019153614
9.198523
9.250264344433328
0.521936
0.30166942
9.255983
9.275593996178012
0.18195933
0.89064306
8.772355
8.819329395361459
-0.07182605
1.5753847
7.9870567
8.141257585486544
0.023942016
2.1260512
7.1107793
7.421849557933366
0.23463176
2.552219
6.6415157
7.118890652761606
0.2633622
3.0071173
6.799533
7.439473122840016
0.22984336
3.41892
6.847417
7.656954985877984
0.06703765
3.5529952
6.9623384
7.816803990224011
-0.10534488
3.3135753
7.4268136
8.133168970333765
-0.33039984
2.906561
8.255207
8.758179247729037
-0.4261679
2.5330653
9.169792
9.52276894379642
-0.40701428
2.3558946
9.782708
10.070614404051902
-0.4165911
2.3558946
9.227253
9.532364977048669
-0.48841715
2.456451
8.034941
8.416232963441653
-0.545878
2.834735
7.513005
8.048536880877888
-0.7230489
3.2944214
6.8569937
7.64162121852504
-0.545878
3.7541082
6.167464
7.240781777256487
-0.31603462
3.9791632
5.8466406
7.079323505043579
-0.023942016
3.8833952
7.0820484
8.076926402555905
-0.019153614
3.6487634
8.973468
9.686948305233269
-0.20111294
3.3997664
10.46745
11.007559519582369
-0.5554548
3.2465374
11.544841
12.005494449320121
-0.5650316
3.4237084
12.167333
12.652471585877809
-0.1388637
4.2904096
11.477803
12.254258641729349
0.49320555
5.363012
9.615114
11.020688455611316
1.3503298
5.425261
9.41879
10.953102013840004
2.3558946
4.8937483
11.27669
12.516498511378954
2.8395233
3.4572272
13.048399
13.794057832782224
2.9400797
1.3599066
15.217546
15.558506464731309
2.6431987
0.39743748
15.720328
15.945945506635407
1.508347
0.50757074
12.459426
12.560654234156717
0.9959879
0.8810662
8.872911
8.972002775371257
0.6464345
1.1587936
6.4882865
6.6225783042555335
0.32561144
1.3694834
6.0238113
6.186098190421261
0.41180268
1.2449849
7.3071036
7.423835575749353
0.45489833
1.1923125
8.676587
8.76993187072111
0.25378537
1.4987702
8.916007
9.04466144052559
0.07182605
1.8531121
7.896077
8.110931893840771
-0.033518825
2.3127987
7.0102224
7.381963255140474
0.10055647
2.8778305
6.564901
7.16867785363448
0.29209262
3.2465374
6.2967505
7.090443651444979
0.49320555
3.3279405
6.6606693
7.462101359239007
0.78050977
3.241749
7.5561004
8.259103087713372
0.641646
3.1794999
8.298303
8.909699852679873
0.5506664
3.064578
8.963891
9.489268214286906
0.6895301
2.9113493
9.404425
9.868871018173246
0.6655881
2.9161377
9.246407
9.718173779642353
0.59855044
3.064578
8.863335
9.397265633118739
0.59376204
3.107674
8.394072
8.970542170407242
0.7326257
3.3423057
7.8050976
8.522165009418318
0.7086837
3.5338416
7.2927384
8.13475882540232
0.7374141
3.845088
6.9623384
7.987655174885249
0.60812724
4.2664676
6.9383965
8.167858529863699
0.521936
4.4436383
7.5800424
8.802009994532366
0.63206923
4.357447
8.719683
9.768301976840304
0.79487497
4.1419687
9.734824
10.60917220673269
1.0534488
3.6343982
10.534488
11.19348189194204
1.1444284
3.6583402
11.669339
12.282778734569096
0.7086837
4.1515455
12.842498
13.515447185427137
0.01436521
4.936844
13.067553
13.969021446782307
-0.79966336
5.33907
12.74673
13.842841193892818
-1.4939818
5.4444146
12.636597
13.840419256662543
-1.9871874
4.1802764
12.785037
13.59708786247422
-1.6328455
2.1930888
12.823344
13.111597393378684
-0.1436521
1.2689269
11.496957
11.567663411077977
0.6751649
0.60812724
9.059659
9.105113477088798
0.7469909
0.6751649
7.513005
7.5801770135748745
0.33518824
0.9576807
6.5265937
6.60499257921124
-0.31603462
1.0582372
6.2249246
6.322138311584977
-0.63206923
1.2497733
6.612785
6.759465115846353
-0.63206923
1.4413095
7.422025
7.587050759906542
-0.2873042
1.6711528
8.010999
8.188491877687675
-0.18195933
1.8914193
8.236053
8.452404731906366
-0.17717093
2.360683
8.063671
8.403987083603067
-0.25378537
2.9975405
7.848193
8.404986091525105
-0.01436521
3.3854012
7.565677
8.288583869310472
0.31124622
3.466804
7.3885064
8.167351311251785
0.2873042
3.6583402
7.5704656
8.412963001949311
0.31603462
3.572149
8.00621
8.772658302442096
0.23942018
3.4859576
8.413225
9.109971303381668
0.01436521
3.2273839
8.652645
9.23495992754063
-0.33039984
3.083732
8.576031
9.119587168133627
-0.5793968
3.074155
8.355764
8.92215975492385
-0.62728083
3.289633
7.967903
8.643069150952371
-0.6655881
3.7349546
7.326257
8.250269105163612
-0.40701428
4.1515455
6.679823
7.875342951981718
-0.22026655
4.295198
6.813898
8.057695243474944
0.08619126
4.2281604
8.250419
9.27114760191236
0.22505496
4.0078936
9.591172
10.397328811340575
-0.05746084
3.7780502
10.472239
11.133047215179237
-0.45968673
3.4524388
11.15698
11.687978479719357
-0.37349546
3.7924154
11.611878
12.221196156598047
-0.47884035
4.7644615
10.812215
11.82511623720619
-0.20111294
5.6646814
9.495404
11.058560634443529
0.63206923
5.6886234
9.696517
11.25976850471559
1.541866
5.3007627
11.046846
12.349423266083432
2.1499932
4.309563
12.191275
13.108088761020689
2.111686
2.6144683
13.532028
13.94311465085876
1.4987702
1.7142484
13.383588
13.57591210211295
0.63206923
1.412579
10.548853
10.661762858733042
0.770933
1.6759412
7.9822683
8.192662598873724
1.1252748
1.7142484
6.325481
6.649556264198551
1.6376339
1.6807296
6.2823853
6.706344720432834
2.0446482
1.4269443
7.872135
8.257558423539253
2.087744
1.3215994
9.433155
9.75139549245609
1.6328455
1.4508862
9.749189
9.99089322271514
0.91458505
1.9967642
8.772355
9.04310500369813
0.5746084
2.432509
7.651869
8.049743496617028
0.3878607
3.0693667
7.067683
7.715153277018586
0.16759412
3.6774938
6.7947445
7.727910463260676
0.21547815
3.9743748
6.7564373
7.841653612094219
0.33997664
3.7445314
7.1586633
8.086010152149456
0.63206923
3.466804
7.967903
8.712389085192267
0.7326257
3.3087866
8.504205
9.154578359031104
0.7661445
3.145981
8.580819
9.171402927187968
0.8619126
2.992752
8.7532015
9.290747718244345
0.91458505
3.0358477
8.738836
9.296240623051863
1.0630256
3.064578
8.422802
9.025810530767012
1.2689269
3.1890767
7.73806
8.465102420194041
1.340753
3.4284968
7.297527
8.173500264108567
1.3311762
3.7205894
7.07726
8.105703121611544
1.1779473
3.9983168
7.311892
8.41652304145969
1.0055647
4.1611223
7.9583263
9.036650735673847
0.842759
4.0222588
8.963891
9.861042057088092
0.8283938
3.9217024
9.576807
10.381773426656059
0.9528923
3.667917
10.089166
10.77742480544456
1.1827357
3.6104562
10.845734
11.491918626825807
1.1971009
3.763685
11.688493
12.337716088533162
1.091756
4.4580035
12.373235
13.197070079809619
0.5410896
5.0038815
12.167333
13.167216679798864
-0.15801731
5.410896
11.880029
13.055184830256078
-1.0151415
5.1666875
11.674128
12.806655369491665
-1.4460979
3.6727054
12.129025
12.755125922729556
-1.292869
2.1499932
11.851298
12.11392807548273
-0.4405331
1.6519991
9.710882
9.860243576167257
-0.14844051
1.4077905
7.73806
7.866478320738849
-0.30166942
1.3311762
7.053318
7.184172017406292
-0.545878
1.4269443
7.393295
7.549500697722473
-0.79487497
1.2785037
8.121132
8.259490132332246
-0.47884035
1.1731589
8.930372
9.019819265783674
0.20590134
1.4796166
9.083601
9.205621610639948
0.4405331
1.9057846
8.805874
9.02050437650484
0.61770403
2.3702598
7.943961
8.313014423256435
0.6991069
3.083732
7.2113357
7.874104040131452
0.7517793
3.5577838
6.4547677
7.408577726242821
0.7469909
3.7349546
6.2009826
7.277366814241497
0.61770403
3.7924154
6.7564373
7.772606886763418
0.24420857
3.6056678
7.9726915
8.753529735878782
-0.11971009
3.122039
9.006987
9.533481424244044
-0.19632454
2.7629087
9.763555
10.148852474194742
-0.4213795
2.944868
9.935937
10.3717234389819
-0.48362875
2.9735985
9.165004
9.647459701845376
-0.51714754
3.241749
8.322245
8.946291567599392
-0.37828386
3.7062242
7.680599
8.53643976333271
-0.15322891
4.1036615
7.019799
8.132717751309272
0.11492168
4.343082
6.7851677
8.056926841506911
0.2633622
4.2999864
7.517793
8.66466743689521
0.40222588
3.9121256
9.006987
9.828139361202743
0.2873042
3.7014358
10.031705
10.696647789180554
-0.019153614
3.5098996
10.338163
10.91775561621126
-0.12449849
3.6343982
10.333375
10.954587656441307
-0.0047884034
4.213795
9.787497
10.656039507176933
0.15322891
5.0613422
9.030929
10.353662817584624
0.6512229
5.3965306
8.973468
10.491413783832652
1.484405
5.1523223
10.237606
11.556749388167004
1.8243817
3.892972
11.765107
12.526026371915473
2.1547816
2.4037786
13.939042
14.307974153934177
1.9632454
1.6232687
14.542381
14.763813339587163
1.283292
1.6089035
11.856087
12.033378591126551
0.9959879
2.0494366
8.767567
9.05883041276663
1.043872
2.6192567
6.3589997
6.956080393681443
1.4652514
2.9017725
5.5641246
6.444123351476364
1.9393034
2.4708161
6.5840545
7.294902526748103
2.3942018
1.7477672
8.5473
9.046724888111271
2.4181437
1.1971009
10.0029745
10.360500637020733
1.9871874
0.8714894
10.055647
10.287100660654653
1.4939818
1.1587936
9.595961
9.78045202540706
0.93852705
1.5610195
8.805874
8.992275738055342
0.38307226
2.1643584
8.255207
8.542812016309155
0.1388637
2.6719291
7.52737
7.988728928088285
0.11971009
3.2752678
7.201759
7.9124610839658125
-0.0047884034
3.5482068
7.311892
8.12733402473464
0.01436521
3.4763808
7.599196
8.356626483022788
0.076614454
3.3901896
8.623915
9.266669023179594
0.18195933
3.217807
9.294291
9.837236653429963
0.25378537
3.0454245
9.624691
10.098202505775781
0.31124622
2.8443117
9.533711
9.953825202877214
0.39264908
3.0214825
9.035717
9.535602313793104
0.44532153
3.3183637
8.403648
9.046057366036814
0.5793968
3.5625722
8.173804
8.93525037930221
0.61291564
3.5625722
8.571242
9.302353624700814
0.5363012
3.4763808
9.150639
9.803419053905856
0.46926352
3.217807
9.591172
10.12744186531582
0.40222588
2.9496565
9.725247
10.170678228007992
0.4165911
2.7581203
9.667787
10.062150463407024
0.37828386
2.777274
9.208099
9.625250082358859
0.6751649
3.0214825
8.767567
9.298141162466207
1.2018893
3.620033
7.9248075
8.794984550007083
1.1827357
3.6343982
7.728483
8.621900360855461
0.51714754
3.4237084
8.825027
9.479996350766537
-0.7565677
2.6623523
10.850522
11.197961444617352
-1.3838485
2.0829554
12.641385
12.88636293177307
-1.283292
1.8770541
12.765883
12.96680143493857
-0.29688102
2.1739352
10.778696
10.999746493105995
0.5554548
2.384625
8.576031
8.918703173465676
0.7613561
2.681506
7.5848308
8.080828983347281
0.4357447
2.944868
7.5848308
8.14811540590637
-0.05746084
3.265691
8.231265
8.855606165536159
-0.47405192
3.394978
8.66701
9.320282621887356
-0.6464345
3.0071173
8.896853
9.41353449310258
-0.59855044
2.6048915
9.485827
9.855183479695192
-0.2633622
2.3798366
10.223241
10.49988737500052
0.18674773
2.2936451
10.596737
10.843731707027077
0.1340753
2.4899697
9.916783
10.225483673519893
0.37349546
2.60968
8.75799
9.146163853355235
0.110133275
2.8203697
8.015787
8.498203312094352
-0.41180268
2.8443117
7.714118
8.232090323617168
-0.7230489
2.9017725
8.111555
8.645253602473106
-0.80445176
2.657564
8.853758
9.278944763170474
-1.0965444
2.791639
8.772355
9.270915536123155
-0.94331545
2.5713725
8.930372
9.340950128557544
