0.80924016
2.7102363
8.413225
8.87595673897899
0.9720459
2.896984
8.63828
9.162819858604145
0.866701
2.9496565
8.959103
9.471914436160068
0.5746084
3.0262709
8.848969
9.36977841240435
0.36870706
3.2561142
8.556877
9.1628802253133
0.023942016
2.954445
8.389283
8.894345971390424
-0.31124622
2.542642
8.456321
8.83579459778895
-0.10534488
2.5713725
9.097966
9.454948009910852
0.320823
2.6527755
9.643845
10.007191551652484
0.6703765
2.8491
9.907207
10.330513682264456
0.6847417
2.7964275
9.964667
10.372245330957343
1.091756
3.5482068
10.275913
10.925936619046348
1.541866
4.237737
9.006987
10.07281382579568
1.3934253
3.7924154
8.825027
9.705934372760813
0.8475474
4.5777135
8.365341
9.573543380019808
0.05267244
4.050989
7.9583263
8.93018730146562
0.04309563
3.5194764
8.197746
8.921413215939012
0.01436521
3.4476504
8.513782
9.185367258835518
-0.18195933
3.3039982
8.66701
9.277207647027968
-0.25857377
3.2513258
8.6574335
9.251439575347645
-0.45489833
3.2513258
8.695741
9.294835073599216
-0.51235914
3.3135753
8.714894
9.337648166364408
-0.39264908
3.4524388
8.963891
9.613784398657335
-0.4405331
3.5865142
9.045294
9.740353629646432
-0.49799395
3.7445314
9.078813
9.83332859190056
-0.4261679
3.8833952
8.868123
9.690509943815723
-0.29209262
3.964798
8.748413
9.609353166260764
-0.2873042
4.0462008
8.911219
9.791021663984274
-0.19632454
3.845088
9.399636
10.157578789276092
-0.076614454
3.5625722
10.108319
10.718017909014204
-0.038307227
3.3758245
10.496181
11.025763771088144
-0.25378537
3.2513258
10.922348
11.398825039462332
-0.5267244
3.2130187
11.09473
11.562610852509156
-0.5506664
3.4524388
11.161768
11.696479489414285
-0.62249243
3.7349546
10.850522
11.492224013155795
-0.272939
3.6343982
10.275913
10.903106848629738
0.07182605
3.3279405
10.314221
10.838058341140124
0.5554548
2.504335
11.180922
11.471409294466477
0.545878
1.388637
11.506534
11.602870428167831
0.18195933
0.521936
10.481815
10.496379409724604
-0.1436521
-0.047884032
9.394848
9.396068042831924
0.06703765
-0.19153613
8.820239
8.822573268172139
0.7613561
-0.019153614
8.968679
9.000957861896733
1.5514427
0.47405192
9.753978
9.887961464396325
1.7142484
0.7278373
9.840169
10.014854841927706
1.0486604
1.0199299
8.944737
9.063568683620975
0.45010993
1.2114661
7.5561004
7.665827027934872
0.21547815
1.5131354
6.6175733
6.791780654169104
0.19153613
2.1978772
6.5744777
6.93477515243248
0.29209262
2.6671407
6.703765
7.220763350945752
0.34955344
3.145981
6.8569937
7.552334092460464
0.51714754
3.5051112
6.943185
7.79493826929183
0.7278373
3.4093432
7.5225816
8.291115696171698
0.81881696
3.241749
8.259995
8.911056131947477
0.62728083
2.882619
8.848969
9.32776675662592
0.40222588
2.6048915
8.882488
9.265303041676596
0.18674773
2.6144683
8.528147
8.921861317852906
0.19632454
2.791639
8.145074
8.612434411318196
0.4213795
2.8778305
8.288726
8.784215677472826
0.6655881
2.9831753
8.576031
9.104429705302199
0.5554548
2.9640217
9.035717
9.52565673806819
0.50278234
3.1603463
9.241618
9.779983974825909
0.2681506
3.6966474
9.121908
9.846131826797953
0.33997664
4.213795
9.006987
9.94974670087742
0.33997664
4.357447
9.485827
10.444321282203953
0.5746084
4.1611223
10.697293
11.492484249015405
0.5554548
3.7062242
12.172121
12.735979337205851
0.17238252
3.572149
13.129802
13.60814667336405
-0.08140286
3.6296098
12.435484
12.954611551459918
0.11971009
3.6727054
10.67814
11.292730602707746
0.17717093
3.9504328
10.065224
10.81415911166839
0.17238252
3.6535518
9.543288
10.220200928506394
0.2873042
2.705448
8.987833
9.39058762731748
0.14844051
1.5801731
9.677363
9.80664782133524
-0.33997664
0.9911995
9.672575
9.729171023207893
-0.6895301
0.89064306
8.202535
8.279509509020503
-0.3878607
0.9624691
6.95755
7.034506624296093
0.04309563
1.3742718
7.536947
7.661334408696373
0.35913026
1.5131354
8.887277
9.02231924550839
0.2777274
1.4748282
9.346964
9.466677397959183
-0.18674773
1.4700398
8.973468
9.09499956178166
-0.44532153
1.8579005
8.078036
8.30089016472664
-0.45010993
2.2888567
7.015011
7.392688293845544
-0.272939
2.7868507
6.0860605
6.6993408903770915
-0.17238252
3.2369606
5.645528
6.509962809701097
-0.1388637
3.490746
5.9807158
6.92629402271952
-0.01436521
3.3135753
7.1251445
7.857968760097482
0.15322891
3.1124623
8.51857
9.070663248224758
0.4213795
2.930503
9.524135
9.973692813589345
0.2873042
2.8921957
9.916783
10.333921436268836
-0.15801731
2.9352913
9.528923
9.972025079174616
-0.46926352
3.0693667
8.7532015
9.287613148468527
-0.46926352
3.5290532
8.719683
9.41845479096301
-0.009576807
3.9552212
9.069236
9.894185418230853
0.36391866
3.8786068
9.634268
10.39207101956504
0.4261679
3.9839516
10.453085
11.194662688856916
0.37349546
3.7828386
10.91756
11.560383700962376
0.4309563
3.6056678
10.922348
11.510180403872369
0.23463176
3.4284968
10.94629
11.47305125724483
0.21068975
3.3662477
10.817003
11.330647617830726
0.30645782
3.572149
10.443508
11.041785550227239
0.8810662
3.1842883
11.171345
11.649674020553375
1.6903064
2.2122424
12.038046
12.35579663353273
1.6759412
1.2737153
13.263878
13.4298761076052
1.0055647
0.61770403
12.469003
12.524725302236547
0.48841715
0.80924016
9.442732
9.489921041789259
0.39264908
1.2066777
6.6367273
6.75695160249769
0.61291564
1.4987702
6.081272
6.293159088912291
1.3694834
1.7477672
7.560889
7.880178535104213
1.5370775
1.8243817
9.054871
9.363848755356079
1.0534488
1.7238252
9.667787
9.87660996073077
0.39743748
1.5370775
9.356541
9.490279997382107
0.095768064
1.5945383
7.9822683
8.140536434109155
0.320823
2.2601264
7.1395097
7.495578479799019
0.7661445
2.896984
7.086837
7.69433240506725
1.0007763
3.1986535
7.0245876
7.783172002368766
0.80924016
3.193865
7.153875
7.876139240512289
0.6464345
3.0454245
7.8769236
8.469853065414242
0.7326257
3.0597897
8.0445175
8.637900172899236
0.6655881
3.1555579
7.704541
8.352275478950006
0.6751649
3.193865
7.321469
8.016266497843814
0.7134721
3.1028855
7.785944
8.41176948719838
0.47884035
2.9879637
8.283937
8.819344534187069
0.21068975
3.016694
8.307879
8.841136532733204
0.095768064
3.2321723
8.408437
9.008769107786165
0.39743748
3.8115692
9.030929
9.81038647869329
0.8331822
4.271256
9.744401
10.671980805661443
0.8523358
4.453215
10.13705
11.104835666641153
0.93373865
4.0701427
10.658986
11.44779063402151
0.45489833
3.7062242
11.166556
11.77433691405274
-0.20590134
3.6056678
11.224017
11.790750169127545
-0.2873042
3.6822822
9.964667
10.62715109199221
-0.6751649
4.3287168
9.155427
10.149654183345554
-0.31603462
4.582502
8.2169
9.413641069405278
0.7374141
3.5338416
9.270349
9.948425812532399
0.6847417
2.1978772
12.129025
12.345557744407817
-0.15801731
1.3503298
12.698846
12.771414929702997
-0.7757214
1.0295067
10.453085
10.532265271790827
-0.4309563
1.2593501
8.585608
8.688172238913507
0.20111294
1.2785037
8.925584
9.018928121075419
0.5650316
1.292869
9.89763
9.997691841774577
0.16280572
1.1252748
10.362105
10.4242974572883
-0.5554548
0.8379706
9.595961
9.648480990539635
-0.7422025
1.163582
7.7667904
7.888461278988296
-0.8331822
1.9680338
6.105214
6.4684610348350775
-0.842759
2.4372973
5.209783
5.813131646731934
-0.6991069
2.8203697
5.209783
5.9653227388313175
-0.23942018
3.193865
6.3111157
7.077307108598851
0.30645782
3.0789435
7.843405
8.431654876421243
0.7038953
2.873042
8.959103
9.434795067789835
0.6991069
2.7102363
9.136273
9.555397337951614
0.076614454
2.5713725
8.686164
9.059098651167346
-0.50757074
2.7389667
7.9152308
8.391093264109998
-0.61770403
3.193865
7.5561004
8.226602378523951
-0.22026655
3.6008794
8.025364
8.79893802823981
0.35434186
3.8067808
9.188946
9.952580746991739
0.6703765
3.916914
10.821792
11.528347735632885
0.9911995
3.6870706
11.688493
12.296252689343827
1.0390835
3.514688
11.870452
12.42337906086903
0.60812724
3.5338416
11.420342
11.970049038103786
0.37828386
3.8833952
10.184934
10.906728477147432
1.115698
3.86903
9.533711
10.349194525736918
1.910573
3.8259344
10.807426
11.622759203138497
2.4995465
3.265691
12.090718
12.77098062667829
2.4277205
2.2122424
12.133814
12.570492152227722
1.1013328
0.9768343
11.142614
11.239439012639718
0.009576807
0.17717093
9.562442
9.564087580121502
-0.34955344
0.24420857
8.0924015
8.103627897134396
0.40701428
0.62728083
7.848193
7.883735050775748
1.3024458
1.1013328
8.700529
8.866143764288026
1.2880806
1.2354081
9.935937
10.094960426528852
0.7565677
1.4030021
10.232818
10.356223523158482
0.31603462
1.3838485
9.203311
9.31213460115768
0.16759412
1.6519991
7.311892
7.498063409642488
0.34955344
2.384625
6.0716953
6.532542123698889
0.8379706
3.2944214
5.9807158
6.879270856943587
1.2737153
3.572149
6.4164605
7.453426458951876
1.3551182
3.7062242
7.2927384
8.291952565949533
1.2162545
3.6487634
8.030152
8.903712289225032
0.90021986
3.2609026
8.37013
9.027898146650141
0.60333884
2.8778305
8.513782
9.00724162056998
0.39743748
2.882619
8.480263
8.965617732792671
0.37828386
3.0693667
8.566454
9.107592557174481
0.38307226
3.4332852
8.647857
9.312336965068251
0.36391866
3.821146
8.441956
9.273630013271333
0.44532153
4.2185836
8.374918
9.387971576168166
0.58418524
4.343082
8.671799
9.716158309733569
0.6368576
4.3287168
9.643845
10.589953617214105
0.4405331
4.0462008
10.783484
11.526029237147801
0.545878
3.691859
11.425131
12.019210697098625
0.31124622
3.8355112
11.841722
12.451280177225064
0.4309563
4.2281604
11.21444
11.992778512513075
0.46926352
4.697424
10.730812
11.723323977150942
0.46926352
4.807557
9.916783
11.030657614560791
0.82360536
4.209007
9.433155
10.362358756765095
0.4261679
2.920926
10.5680065
10.972519620789624
-0.32561144
1.6759412
11.180922
11.310517701190575
-0.6895301
1.0965444
10.041282
10.12448533245371
-0.58897364
1.091756
8.963891
9.049318184644276
-0.1388637
1.4221559
9.308656
9.4176896701444
0.29209262
1.8866309
9.3182335
9.511790939151112
0.2873042
1.8339585
8.772355
8.966613727777284
0.1340753
1.7190368
8.020576
8.203821585007368
-0.25857377
1.6136919
7.2113357
7.3942018527234135
-0.40701428
1.7764976
6.4739213
6.7255677164384
-0.47405192
2.1260512
5.8945246
6.2841258890713885
-0.40701428
2.408567
5.2768207
5.814782135573068
0.01436521
2.815581
5.6359506
6.300130376526384
0.4357447
3.0262709
7.2687964
7.885657471003924
0.47884035
3.0789435
8.532935
9.08406101310125
0.39264908
3.016694
9.227253
9.715802202544308
0.18674773
3.016694
9.428367
9.90098032095398
0.0047884034
3.2800562
9.160215
9.72976541140317
0.05746084
3.7732618
8.432379
9.238280011231417
0.5602432
4.0557775
8.355764
9.304945371242994
1.163582
4.1036615
9.624691
10.527518044127666
1.3982137
3.8115692
10.831368
11.567264379472329
1.5705963
3.8307228
11.36767
12.098145624990492
1.1013328
3.7828386
10.927136
11.615726833189616
0.51235914
4.0414124
9.485827
10.323586902487097
0.78050977
4.122815
8.250419
9.25614436447994
1.5035586
3.8259344
9.428367
10.285550873078957
2.087744
2.9017725
11.731588
12.264140161916481
2.4420857
2.3463178
12.325351
12.78214654366284
1.9871874
1.8100165
12.258312
12.549553268202231
1.1540052
1.3024458
10.151415
10.299481306626411
0.8523358
1.3120226
8.537724
8.679896258600019
1.0199299
1.4221559
8.1881695
8.373105874019453
1.2689269
1.3934253
8.920795
9.117697105777056
1.2641385
1.7381904
9.701305
9.936532603266658
1.0582372
1.9919758
9.433155
9.699085027269888
0.81402856
2.27928
8.231265
8.579713323467786
0.6799533
2.4612393
6.9048777
7.361886213588619
0.3878607
2.6144683
6.6271505
7.134774446938838
0.4213795
2.6288335
7.1490865
7.628745738038759
0.60333884
2.7724855
7.40766
7.932472619346974
0.79008657
2.9831753
7.723695
8.317393303918621
0.8619126
2.96881
7.7907324
8.381660659594711
0.7517793
3.064578
7.8529816
8.46322214941748
0.6991069
3.1651347
7.776367
8.424886586136209
0.62728083
3.064578
7.8386164
8.439729071151135
0.62728083
2.992752
8.001422
8.565792146963435
0.6368576
2.9831753
8.154651
8.706506370170995
0.63206923
3.0789435
8.298303
8.873625313043652
0.61770403
3.7205894
8.346188
9.158776465245346
0.63206923
4.2521024
8.298303
9.345678430283465
0.90500826
4.4244847
8.700529
9.802770370961506
1.0103531
4.4675803
9.725247
10.749908092017177
1.3790601
4.0940847
10.524911
11.377042146915661
1.3215994
3.739743
11.18571
11.86812609438354
0.47405192
3.7732618
11.741165
12.341685448391207
-0.17717093
4.19943
11.113884
11.882129978138718
-0.6368576
4.687847
9.816227
10.896780017890642
-0.1436521
4.5537715
8.6574335
9.783078543764075
1.1300632
3.4045548
9.935937
10.563658159854555
1.0773908
1.8531121
13.623008
13.790617166253723
0.2681506
0.8379706
14.566323
14.592870649029164
-0.06703765
1.1013328
11.362882
11.416326216102137
0.320823
1.6807296
7.809886
7.9951297717509675
0.3878607
2.1212628
6.933608
7.2612060234536155
0.5267244
1.9871874
8.192958
8.446946570925515
0.6943185
1.9632454
9.212888
9.445301191577185
0.6799533
2.303222
8.599973
8.928980895326273
0.45010993
2.3989902
7.1490865
7.554282776209761
0.18195933
2.6479871
5.707777
6.294733104426035
-0.12928689
3.1172507
5.0134583
5.904974905763386
-0.22026655
3.217807
4.903325
5.8690200564779
-0.095768064
2.8299465
6.2392898
6.851752075217268
0.062249243
2.3558946
8.00621
8.345868359659036
-0.047884032
2.2649148
9.404425
9.673434771113934
-0.11971009
2.5713725
9.835381
10.166661205186054
-0.34955344
2.8107927
9.414001
9.830878085930559
-0.47405192
2.9975405
9.102755
9.595317302504498
-0.45010993
3.1747115
9.150639
9.696163118658474
-0.51714754
3.5194764
8.887277
9.572765948271723
-0.21547815
4.122815
8.025364
9.0249931018412
0.45968673
4.4196963
7.824251
8.997996213160505
0.94810385
4.261679
8.494628
9.550890688278928
1.0247183
3.7780502
9.725247
10.483517743921139
0.842759
3.1555579
10.807426
11.290183970571759
0.11971009
2.7868507
11.061212
11.407509428543317
-0.05746084
2.8921957
10.242394
10.643060749918927
0.51714754
3.2225955
10.079589
10.594842094911716
1.5897499
3.2034419
10.922348
11.49291243039868
2.566584
3.1603463
12.224793
12.884902849286325
2.9975405
2.9161377
12.971785
13.629244362028397
2.2744915
1.7525556
12.382812
12.711364251248947
0.91937345
0.38307226
10.409989
10.4575269978444
0.10534488
0.2873042
8.293514
8.299157929505089
0.0
0.91937345
7.3071036
7.364714093016443
0.641646
1.3982137
8.303091
8.44440861186852
1.1444284
1.8674773
9.471462
9.721408492654483
1.1109096
2.4420857
9.351752
9.72898595561785
0.81881696
2.6623523
8.848969
9.277006161620996
0.51235914
2.6479871
7.833828
8.285119876305115
0.29688102
2.72939
6.871359
7.399545975237159
0.33039984
2.9735985
6.8282633
7.454973483431841
0.5267244
3.289633
7.2592196
7.987201944201796
0.6847417
3.5338416
7.4028716
8.231610697357569
0.7086837
3.5338416
7.264008
8.109012308995554
0.60812724
3.2944214
7.5800424
8.287344363493114
0.44532153
2.9592333
8.341399
8.861958983012817
0.272939
2.858677
8.820239
9.275944384593636
0.23942018
2.8874073
8.303091
8.794075393350104
0.5410896
3.3375173
7.7332716
8.44010014912997
0.8475474
3.691859
8.226477
9.056659368578297
0.8619126
3.7110126
9.006987
9.77958689435391
0.6703765
3.9504328
9.433155
10.24888939772104
0.7038953
4.247314
9.198523
10.156178635566581
0.80445176
4.486734
8.738836
9.856225431093545
1.0726024
4.630386
8.619126
9.842778427375583
1.0773908
4.4675803
9.370906
10.437141092491292
0.6464345
4.1180267
10.261548
11.075892386208839
0.15322891
4.060566
10.70687
11.45201915278617
-0.6799533
4.4244847
10.79785
11.68896736276616
-1.0199299
4.4005427
9.835381
10.8231113821412
-0.062249243
4.3526587
8.844181
9.857436387013788
1.1013328
3.8498764
9.821015
10.605980578694481
0.92416185
2.5378537
12.023681
12.3232975586783
-0.110133275
1.6376339
11.722012
11.836364214667679
-0.39264908
1.3982137
9.370906
9.482776488284316
-0.2633622
1.5562311
7.7572136
7.916159228743094
0.05267244
1.7764976
8.197746
8.388191424323466
0.48841715
1.9201498
9.485827
9.690533956612391
0.07182605
1.8339585
10.189722
10.353694871762379
-0.49320555
1.685518
9.634268
9.793024842779122
-0.80445176
2.2409728
8.1163435
8.458376228211225
-0.7613561
2.7246015
6.71813
7.289471221291374
-0.5746084
3.107674
5.961562
6.747446495542227
-0.31603462
3.1603463
5.8945246
6.695751198069214
-0.18674773
2.906561
6.9383965
7.524913100441058
0.37349546
2.9017725
8.073248
8.587031731200062
0.8331822
3.107674
8.42759
9.020870593363316
0.90500826
3.2609026
8.537724
9.183966755238616
0.7422025
3.1794999
8.264784
8.886322965087627
0.61770403
3.1651347
8.336611
8.938607954161718
0.33518824
3.0023289
8.724471
9.23269849814328
-0.14844051
2.8299465
8.954314
9.39203774081028
-0.07182605
3.040636
8.571242
9.094878765722147
0.20590134
3.514688
8.446744
9.151114940983199
0.5650316
3.9839516
8.853758
9.725233264469281
0.7374141
4.367024
9.323022
10.321502640025185
0.7038953
4.405331
9.270349
10.287943136838209
0.320823
4.0174704
9.634268
10.443280657957963
-0.4357447
3.6583402
10.366894
11.002082280830304
0.30645782
3.098097
10.658986
11.104328280782354
1.5131354
3.0262709
12.35887
12.813646814148358
2.3558946
3.2513258
13.651738
14.229943868133647
2.777274
3.1172507
13.977349
14.587555773578575
2.183512
2.183512
13.091495
13.450749735870906
1.1923125
1.3311762
10.275913
10.430150168225685
0.59376204
1.1348516
7.4363904
7.545882702783032
0.39264908
1.1923125
6.50744
6.627409586769973
1.0199299
1.2401965
7.953538
8.11400717443347
1.9249382
1.8818425
9.935937
10.294151675384441
2.27928
2.7150247
9.969456
10.580950811744964
1.7477672
3.4715924
8.341399
9.202477113363155
0.9959879
3.514688
6.823475
7.739821364044164
0.47405192
3.3662477
6.26802
7.130527694456843
0.076614454
3.0597897
6.3685765
7.06590040598955
0.08140286
3.1411927
6.622362
7.330033889421546
0.19632454
3.6391866
6.919243
7.820367376571322
0.5746084
4.0174704
6.8186865
7.935031777446265
1.0295067
4.0557775
7.297527
8.412081486124539
1.1013328
3.6104562
8.149862
8.98156927997313
0.770933
3.1747115
9.030929
9.603687023396763
0.35434186
2.8634653
9.203311
9.64499479951219
0.08619126
2.8634653
8.724471
9.182769595622503
0.22984336
3.0885203
8.389283
8.942698853979639
0.2633622
3.4476504
8.504205
9.1802584596373
0.23463176
3.8402996
8.403648
9.242524709217081
0.2777274
4.285621
8.101978
9.169827234269338
0.49320555
4.793192
7.9104424
9.26245351102748
0.7374141
5.133168
8.202535
9.704368818729113
0.9624691
5.161899
8.413225
9.91735371579138
1.0295067
4.5394063
9.509769
10.587814063376113
0.7038953
4.0318356
11.573571
12.275940502053638
0.34955344
3.9839516
12.670115
13.286304759602613
-0.45010993
4.8985367
12.138602
13.097477421050279
-0.5554548
5.48751
9.399636
10.898369595442576
0.25378537
5.3199162
8.236053
9.808082703980682
0.7757214
3.7349546
10.807426
11.460894230277898
0.22505496
2.1021092
12.612655
12.788610898982967
-0.5506664
1.2689269
11.33894
11.42300113078802
-0.36391866
1.5945383
8.916007
9.064776115030366
0.095768064
1.9536686
8.274361
8.502413238827495
0.35913026
2.0015526
8.978256
9.20566512125588
0.2777274
1.9919758
9.155427
9.373736894076716
0.16280572
2.1547816
8.384495
8.658483554490296
0.019153614
2.327164
7.503428
7.856047819050307
-0.15801731
2.753332
6.8330517
7.368609229531653
-0.34476504
3.0933087
6.157887
6.899782216049014
-0.41180268
3.3183637
5.602432
6.524443223371631
-0.4165911
3.3518825
5.913678
6.8103049005264635
-0.090979666
3.1986535
7.144298
7.828196390096752
0.11971009
2.9975405
8.00621
8.549794369728925
0.14844051
2.906561
8.652645
9.12898689857936
0.15801731
3.1364043
9.011775
9.543274545474052
0.17717093
3.4476504
9.241618
9.865353278646436
0.29209262
3.5865142
8.801085
9.508286325626592
-0.009576807
3.8546648
8.51857
9.350110189023175
-0.1340753
4.237737
8.159439
9.195261887870483
0.17238252
4.606444
7.872135
9.122475470825904
0.5363012
4.759673
8.475474
9.735284900542283
0.6560113
4.7500963
9.667787
10.791657044002607
0.62249243
4.534618
10.481815
11.437600724240571
0.4213795
4.189853
10.773908
11.56760669006916
-0.08140286
4.232949
10.218452
11.060798126174634
0.20590134
4.19943
9.050082
9.97905789012729
1.1300632
4.501099
9.184157
10.29007682927313
2.5570073
3.9312792
9.89763
10.952456988590006
2.834735
2.3989902
12.243947
12.794730317649028
1.9249382
1.1683705
14.42746
14.60212574990421
0.5650316
-0.10534488
12.74673
12.75968176561491
0.06703765
0.51714754
8.896853
8.91212285810124
0.46926352
1.8387469
6.564901
6.833675686083468
1.4987702
2.7150247
6.670246
7.355940160975718
2.2218192
2.858677
8.432379
9.176792678531323
2.0973208
3.0358477
9.591172
10.27646402663022
1.3359646
2.9783869
9.308656
9.86441361074185
0.6991069
2.8107927
8.09719
8.599638873657673
0.11971009
2.815581
6.895301
7.448959626130266
0.01436521
2.9879637
6.339846
7.008693201696577
0.18674773
3.2465374
6.7085533
7.455170484674808
0.6655881
3.6822822
7.3166804
8.21803054271378
1.0295067
3.9456444
7.7332716
8.742509960401238
1.2401965
4.10845
7.905654
8.99537709504339
1.1875241
3.9360676
8.159439
9.136699961903513
0.866701
3.6822822
8.264784
9.089390919237374
0.6703765
3.4859576
8.212111
8.94651201359908
0.6655881
3.5338416
8.154651
8.912315899631489
0.80445176
3.5625722
8.226477
9.000776893145156
0.90979666
3.763685
8.413225
9.261501687803312
1.0534488
4.309563
8.470686
9.562144553366293
1.3072342
4.9895163
7.97748
9.499701244274409
1.4317327
5.377377
7.8290396
9.605201869513287
1.3455414
5.2720323
8.240842
9.875033221611444
0.92895025
4.7979803
8.413225
9.729641518178644
0.6512229
4.0414124
9.083601
9.963378607131366
0.21068975
3.6056678
10.352529
10.96449166695148
-0.12928689
3.6822822
10.611102
11.232604756107712
-0.047884032
4.333505
10.342952
11.214196771437338
-0.12928689
5.0757074
10.28549
11.470432916800835
0.01436521
4.8602295
9.682152
10.833563777722295
0.39264908
3.7445314
10.429143
11.087953412441127
0.16759412
2.5953147
11.57836
11.866851259431735
-0.6847417
1.7908629
11.281479
11.443243867024565
-1.0151415
1.4748282
9.543288
9.709787633677333
-0.6703765
1.7238252
8.446744
8.64687547645802
-0.21068975
1.8435353
8.901642
9.092977694197208
0.06703765
1.8866309
9.864111
10.043134737664666
-0.06703765
1.934515
9.509769
9.70476976297448
-0.2873042
2.135628
8.590396
8.856542602098912
-0.45489833
2.2122424
7.642292
7.969038655157995
-0.45010993
2.3798366
6.9288197
7.339943016724962
-0.7038953
2.743755
6.4164605
7.013888069715127
-0.5793968
2.825158
6.114791
6.760760736942811
-0.16280572
3.0119057
6.775591
7.416651122116201
0.22984336
2.9975405
7.97748
8.525154591162712
0.59376204
2.992752
8.978256
9.48252103932443
0.49320555
2.858677
9.385271
9.823369899958275
0.11492168
2.801216
9.165004
9.584221795956207
-0.10534488
2.753332
8.226477
8.675647142001543
-0.22026655
2.791639
7.867347
8.350862707468275
-0.21547815
2.9640217
8.250419
8.76933637032909
-0.22984336
3.371036
8.197746
8.866777936576652
0.10534488
3.7493198
7.8386164
8.6897874194659
0.49320555
4.0701427
8.24563
9.208676799277661
0.5363012
4.3382936
8.801085
9.826877435971284
0.1340753
4.501099
8.916007
9.988645974349021
-0.272939
4.2185836
8.585608
9.569931832352774
-0.49799395
3.9791632
8.202535
9.13035113057423
-0.12449849
3.763685
8.374918
9.182596364251754
1.1779473
3.2513258
10.314221
10.878503695424623
2.2697031
2.6384103
13.776237
14.209062634019881
3.4572272
1.9919758
16.448166
16.92520472347796
3.5913026
1.1204864
17.108965
17.517694737214995
1.8626889
0.80924016
14.417883
14.56021401468125
0.6464345
0.9816227
9.730036
9.80076840560637
0.35913026
1.6903064
6.14831
6.386535081934742
0.8858546
2.3750482
5.5258174
6.079494292660549
1.661576
1.9393034
8.556877
8.929831035591812
1.9871874
1.6663644
10.960655
11.263287644359009
1.6519991
2.030283
10.386047
10.710795039169303
0.8714894
2.6288335
8.422802
8.86644536748464
0.40222588
2.6767175
6.7708025
7.291801436859076
-0.090979666
2.6144683
6.2728086
6.796458545072045
-0.4309563
2.4181437
6.3302693
6.790099667251647
-0.35434186
2.6288335
6.871359
7.365588632590135
0.22984336
3.1651347
7.2687964
7.931349887324115
0.6943185
3.4284968
7.5225816
8.296137947635117
0.866701
3.3039982
8.197746
8.880913282289105
0.78050977
2.8634653
8.858546
9.342508801340516
0.641646
2.504335
9.097966
9.45813884339088
0.5363012
2.4468741
8.959103
9.302705465588609
0.61770403
2.4468741
8.652645
9.013158292180513
0.8283938
2.7246015
8.590396
9.050115291640886
0.6847417
3.145981
8.532935
9.120145159452901
0.59855044
3.5817258
8.274361
9.036153445565036
0.80445176
4.223372
7.9631147
9.04959724330941
1.0486604
4.8458643
8.135497
9.527245252412126
1.2880806
5.0757074
8.269572
9.78814512735583
1.1348516
4.8602295
8.485051
9.844074740427217
0.7326257
4.223372
9.471462
10.396259266008819
0.17238252
3.5769374
10.979809
11.549043320177136
-0.41180268
3.691859
11.760319
12.333065614286218
-0.6991069
4.4675803
10.97502
11.870092401827783
-0.6512229
5.00867
10.084377
11.278542825173709
-0.30645782
4.7165775
9.89763
10.968276663019719
0.11492168
3.4524388
11.525687
12.032206866373073
-0.47884035
1.9249382
13.091495
13.240917619789895
-1.2976574
0.79487497
11.587936
11.687429499286027
-1.4939818
0.90979666
9.562442
9.721111440025494
-0.9672575
1.340753
8.552089
8.710420738595776
-0.36870706
1.5658079
8.7053175
8.852697584160524
-0.062249243
1.436521
9.351752
9.461645501481396
-0.23463176
1.4460979
9.461885
9.5746291285469
-0.34476504
1.5849615
8.394072
8.549350861117139
-0.47405192
2.2122424
6.8665705
7.229697905121376
-0.8283938
2.135628
6.0285997
6.449120560654714
-0.92895025
2.3558946
5.985504
6.499188299115766
-0.8283938
2.4947581
6.1243677
6.66467811808827
-0.78529817
2.552219
6.8665705
7.367517069527249
-0.46447513
2.4612393
7.7332716
8.12877156679031
-0.11492168
2.4037786
8.528147
8.861187569485343
-0.17717093
2.4947581
8.810662
9.158765219541316
-0.1388637
2.6862943
8.944737
9.340438409028323
-0.019153614
2.9640217
8.892065
9.373078823333236
0.10055647
2.8874073
9.155427
9.60047304259543
-0.06703765
2.552219
9.294291
9.638576296068663
-0.14844051
2.930503
9.112331
9.573111437011962
0.04309563
3.715801
8.451532
9.232412165149855
0.4357447
4.1132383
8.690952
9.625032895515012
0.5506664
3.916914
9.169792
9.986517782217723
0.19153613
3.1890767
9.461885
9.986699605292413
-0.08619126
3.2609026
10.19451
10.703689181640504
-0.51714754
3.5769374
10.141838
10.766559355430308
-0.8331822
3.4332852
9.768343
10.387596847872263
-0.545878
3.2082303
10.170568
10.678538709244995
0.34955344
2.9783869
11.195287
11.589970797879653
1.1971009
2.135628
13.536817
13.75642993745192
0.90500826
0.770933
15.2367
15.283010307290064
0.37828386
-0.18195933
13.608643
13.615115438666068
0.34476504
0.58897364
10.563218
10.585240910545085
0.6751649
1.8579005
8.1163435
8.353602161186682
1.0103531
2.7724855
6.9288197
7.5310045890870105
1.5562311
3.0502129
7.5561004
8.295800895633887
1.9249382
2.6192567
8.327033
8.938980513438258
1.532289
2.1739352
8.5473
8.951550090539486
0.78050977
2.1883004
8.42759
8.74197542889558
0.35913026
2.327164
7.627927
7.983103074142461
0.23942018
2.5330653
6.7612257
7.224120417185884
-0.023942016
2.8299465
6.4020953
6.999713891858088
0.06703765
3.0119057
6.191406
6.885460957794936
0.04309563
3.2513258
6.0238113
6.845383819229449
0.12928689
3.7062242
6.3111157
7.320040474868355
0.33997664
4.1132383
6.6846113
7.8561022032171
0.45968673
4.31914
7.1730285
8.385619760901044
0.4357447
4.0414124
8.049306
9.017439581930645
0.45489833
3.4476504
8.8777
9.534504519282722
0.56982
3.074155
9.313444
9.824223409541638
0.5650316
2.8682537
9.821015
10.246876682701334
0.29688102
2.96881
9.993398
10.429284065816228
0.14844051
3.0597897
9.332599
9.822512044222023
0.21068975
3.4811692
8.480263
9.169393746439624
0.31124622
4.280833
8.327033
9.36813102850751
0.47884035
4.7884035
8.499416
9.767199091888418
0.4357447
5.00867
9.208099
10.491221800309116
0.21068975
4.084508
10.357317
11.135601007680101
-0.40701428
3.347094
11.27669
11.769979818451594
-1.1013328
3.3901896
11.109096
11.666975471406058
-1.2737153
3.940856
10.429143
11.221395451607062
-1.0486604
4.663905
9.969456
11.056298883221148
-0.41180268
4.960786
10.362105
11.495747318939227
-0.11492168
3.821146
11.803414
12.407052501792139
-0.6607997
2.1021092
11.956643
12.15799463300152
-1.340753
1.1875241
10.299856
10.45441860981462
-1.5753847
1.7956513
8.336611
8.672097583010572
-1.5275006
2.8299465
6.7229185
7.452482119810402
-0.8379706
3.5338416
6.244078
7.22348567312038
-0.019153614
3.442862
7.005434
7.805752457216398
0.35434186
2.9257145
7.848193
8.383286660925881
0.15801731
2.360683
8.643068
8.96105031056388
-0.062249243
2.0398598
9.006987
9.235296987602442
-0.34955344
1.8722657
8.748413
8.953339738916911
-0.6607997
1.9440918
8.106767
8.362763532697107
-0.7086837
2.1021092
7.5800424
7.897983254973994
-0.40222588
2.5234885
7.85777
8.262828216728225
0.22026655
3.217807
8.504205
9.095289801310578
0.61291564
3.5338416
8.762778
9.46836766645074
0.45489833
3.217807
8.911219
9.485306469395672
0.22984336
3.2609026
8.868123
9.45145097522647
-0.19153613
3.1603463
8.978256
9.52016597442839
-0.47405192
2.906561
9.284714
9.740571378205992
-0.44532153
2.7341783
9.581595
9.974016765426642
-0.21068975
2.9975405
9.485827
9.950404970755272
0.0
3.5577838
9.275137
9.934082211250459
-0.038307227
3.8594532
8.868123
9.671631250714881
-0.521936
4.074931
8.561666
9.496293800597453
-0.7661445
3.9456444
9.035717
9.889351375589948
-0.81402856
3.5194764
9.437943
10.105648432882644
-0.89543146
3.5817258
9.370906
10.071962444838363
-0.9911995
3.8259344
8.700529
9.556121493985543
-1.1827357
4.232949
7.97748
9.108068356116323
-1.3120226
4.865018
7.642292
9.153929953509039
-1.1013328
5.185841
7.843405
9.467041667262666
-0.46926352
5.0517654
8.418014
9.828707970339282
0.46447513
4.367024
10.151415
11.06064465153012
0.9816227
3.4237084
12.832921
13.318004061334955
0.92895025
2.1021092
13.713987
13.905224571568134
0.44532153
1.0630256
11.281479
11.340198307624519
0.5602432
1.7669208
8.767567
8.961367449635285
0.22026655
2.992752
7.359776
7.948042708997778
0.46926352
3.9073372
6.933608
7.972603857082258
0.8762778
4.429273
5.7508726
7.311556502550618
1.5466543
4.673482
5.5880666
7.4471511411833795
2.111686
4.606444
6.0477533
7.890111804551953
2.504335
4.1419687
7.503428
8.92911119845831
2.0254946
2.743755
9.634268
10.22007514224264
0.9528923
1.3934253
10.97502
11.104085400673448
-0.15322891
0.78050977
10.922348
10.951272021400927
-0.56982
0.7565677
10.0029745
10.047715598339614
0.076614454
1.4987702
9.624691
9.74098845493113
0.46926352
2.657564
9.3421755
9.72415020914625
0.9720459
3.466804
8.389283
9.129275639723815
1.283292
4.0462008
7.704541
8.796506829967676
1.3311762
4.060566
7.3645644
8.514518903938574
1.2976574
3.8498764
8.00621
8.97802127575069
1.2641385
3.347094
8.892065
9.58487890191906
1.1587936
2.954445
9.543288
10.057131644341794
1.0486604
2.585738
9.710882
10.103809174705706
0.7086837
2.2744915
9.682152
9.970938224150434
0.6560113
2.1404164
9.720459
9.974921250570258
0.60812724
2.2122424
9.519346
9.791924352839859
0.8619126
2.504335
9.160215
9.535414689502563
0.9768343
2.896984
8.949526
9.457311185706075
1.2210429
3.107674
8.628703
9.252194530904292
1.163582
3.1555579
8.173804
8.83869579377868
0.8571242
3.5913026
7.9391727
8.755717126395812
0.9576807
3.4811692
8.968679
9.668138413915319
1.0821792
3.2944214
9.519346
10.13125228928876
0.9959879
3.3566709
9.859323
10.4625747003475
0.93852705
3.5434184
10.160992
10.80196259644786
0.8331822
3.5290532
9.916783
10.55892974285051
0.5363012
3.3854012
9.404425
10.009583649260492
0.37828386
3.323152
8.7771435
9.392799671500788
