18.36026
12.488785
-24.621094
33.15519702616394
20.511826
13.201279
-26.017975
35.66432006341825
18.36026
15.338776
-25.319534
34.83469613312997
18.36026
11.776276
-26.716415
34.48980473791313
20.511826
12.488785
-26.017975
35.40677404731332
19.794632
12.488785
-26.716415
35.51850172577315
19.077454
12.488785
-26.017975
34.595577808532845
20.511826
13.201279
-26.017975
35.66432006341825
19.794632
12.488785
-26.017975
34.9961737584893
21.229004
11.063782
-25.319534
34.84475194747769
21.229004
13.201279
-26.017975
36.08156585475816
20.511826
13.201279
-25.319534
35.158036412946366
18.36026
11.776276
-25.319534
33.41943510261843
21.946198
11.776276
-24.621094
35.02162940765589
20.511826
11.063782
-25.319534
34.412513266774596
21.946198
13.201279
-25.319534
36.01372181793611
21.946198
13.201279
-25.319534
36.01372181793611
20.511826
13.201279
-25.319534
35.158036412946366
19.794632
12.488785
-26.716415
35.51850172577315
21.946198
13.201279
-26.017975
36.508141014732075
19.794632
13.201279
-26.017975
35.25671755584317
20.511826
13.913773
-26.716415
36.4430373419001
19.077454
11.776276
-26.017975
34.344794968178945
19.794632
12.488785
-26.017975
34.9961737584893
20.511826
13.913773
-26.017975
35.93414896061179
19.794632
13.913773
-25.319534
35.021411558903864
19.077454
13.913773
-26.017975
35.135129072224494
19.077454
12.488785
-26.716415
35.123863554791704
19.077454
12.488785
-26.017975
34.595577808532845
19.794632
11.776276
-25.319534
34.22845182099974
19.794632
12.488785
-26.017975
34.9961737584893
17.643066
12.488785
-24.621094
32.76348273278117
19.077454
13.913773
-26.017975
35.135129072224494
19.077454
13.201279
-26.017975
34.85911586636091
17.643066
14.626282
-26.017975
34.67190316582903
19.794632
13.201279
-26.017975
35.25671755584317
18.36026
13.201279
-26.017975
34.47184157146417
19.077454
15.338776
-26.716415
36.23526101223779
19.077454
14.626282
-26.017975
35.42333098297911
18.36026
13.913773
-26.017975
34.75093088344001
18.36026
13.913773
-26.017975
34.75093088344001
19.794632
13.201279
-26.017975
35.25671755584317
19.077454
14.626282
-23.922668
33.914176780791095
19.077454
16.051285
-26.716415
36.542576035102535
18.36026
13.201279
-25.319534
33.947778427405964
19.794632
16.763779
-25.319534
36.248178160038265
18.36026
13.913773
-27.414856
35.80875034907669
18.36026
13.201279
-25.319534
33.947778427405964
18.36026
13.201279
-26.017975
34.47184157146417
19.794632
13.201279
-24.621094
34.23885860358903
19.794632
13.913773
-26.716415
36.04424195249066
19.794632
13.201279
-26.716415
35.77524342324155
20.511826
15.338776
-23.922668
35.047212855036705
19.794632
13.201279
-25.319534
34.74449498324339
19.077454
13.913773
-25.319534
34.6211076332055
21.229004
14.626282
-25.319534
36.13415960326703
21.946198
13.913773
-23.224228
34.8510169692229
19.077454
12.488785
-25.319534
34.073417831711204
21.229004
13.913773
-23.922668
34.87918776660105
19.077454
13.913773
-24.621094
34.1136406517338
21.946198
13.913773
-24.621094
35.79702333830025
19.077454
13.201279
-25.319534
34.34096326273478
19.794632
13.201279
-24.621094
34.23885860358903
19.794632
11.063782
-25.319534
33.98990256771119
22.663391
13.201279
-26.716415
37.43888248699472
21.946198
13.201279
-25.319534
36.01372181793611
19.794632
13.201279
-24.621094
34.23885860358903
22.663391
13.201279
-22.525787
34.57331466484032
20.511826
13.201279
-23.922668
34.16581236228696
20.511826
11.776276
-23.922668
33.64089351959717
22.663391
12.488785
-23.922668
35.240503208754696
21.229004
12.488785
-24.621094
34.825832697106826
19.794632
12.488785
-24.621094
33.970507228007726
22.663391
12.488785
-24.621094
35.718304008042395
20.511826
12.488785
-24.621094
34.393356249449724
21.946198
12.488785
-24.621094
35.26759970379594
21.946198
11.063782
-23.922668
34.29776835396875
20.511826
11.776276
-22.525787
32.6623144040125
23.38057
11.776276
-26.017975
36.908895967808355
22.663391
11.776276
-24.621094
35.475458823120775
23.38057
11.776276
-23.922668
35.46301922315519
23.38057
11.063782
-23.224228
34.762380466578016
21.946198
11.776276
-23.922668
34.53419105122487
21.946198
12.488785
-23.922668
34.78360841060772
20.511826
12.488785
-26.017975
35.40677404731332
22.663391
11.063782
-24.621094
35.245352364265706
23.38057
11.776276
-23.922668
35.46301922315519
21.229004
11.776276
-24.621094
34.57671992174612
20.511826
11.776276
-24.621094
34.14108802603635
20.511826
10.351273
-23.224228
32.66877002821273
21.946198
11.776276
-23.922668
34.53419105122487
20.511826
12.488785
-23.224228
33.40762574634439
21.229004
11.776276
-24.621094
34.57671992174612
21.946198
13.913773
-25.319534
36.28095055324316
21.229004
11.776276
-25.319534
35.07748642236125
21.229004
11.063782
-23.922668
33.843344223675466
22.663391
11.063782
-24.621094
35.245352364265706
21.229004
11.776276
-23.922668
34.08291747594203
23.38057
11.063782
-24.621094
35.7107349657897
21.229004
13.201279
-25.319534
35.58121967217222
19.794632
13.201279
-25.319534
34.74449498324339
21.229004
14.626282
-26.017975
36.626953072925
21.229004
12.488785
-23.922668
34.33561308862673
21.229004
13.913773
-25.319534
35.85167400968712
21.229004
13.201279
-23.922668
34.6011329774086
21.946198
13.201279
-26.017975
36.508141014732075
21.229004
14.626282
-23.922668
35.16948709130722
20.511826
15.338776
-25.319534
36.015160653188815
20.511826
14.626282
-25.319534
35.71752991682621
20.511826
13.913773
-24.621094
34.936032504958256
19.794632
14.626282
-24.621094
34.81312765928788
20.511826
12.488785
-26.716415
35.9231340171927
20.511826
14.626282
-23.922668
34.74128888398231
20.511826
13.913773
-24.621094
34.936032504958256
19.794632
15.338776
-24.621094
35.11842409530217
21.229004
14.626282
-24.621094
35.64823803499971
19.794632
13.913773
-23.922668
34.02520535734318
21.946198
13.913773
-25.319534
36.28095055324316
19.077454
13.913773
-26.716415
35.65542149563303
19.077454
13.201279
-26.716415
35.38346885431193
19.077454
16.763779
-25.319534
35.86157060271831
19.794632
15.338776
-25.319534
35.61157573278491
19.077454
13.913773
-23.922668
33.613039520121504
21.229004
13.913773
-23.922668
34.87918776660105
19.794632
13.913773
-24.621094
34.519831610453465
21.229004
14.626282
-23.922668
35.16948709130722
20.511826
13.913773
-24.621094
34.936032504958256
21.946198
13.913773
-25.319534
36.28095055324316
21.229004
13.913773
-23.224228
34.40390120275243
21.946198
11.776276
-23.922668
34.53419105122487
21.946198
13.201279
-26.017975
36.508141014732075
22.663391
13.201279
-24.621094
35.9736197561404
22.663391
12.488785
-25.319534
36.20328347505237
21.946198
13.201279
-26.017975
36.508141014732075
22.663391
11.063782
-24.621094
35.245352364265706
20.511826
13.201279
-26.716415
36.177004225966876
20.511826
11.776276
-24.621094
34.14108802603635
22.663391
12.488785
-24.621094
35.718304008042395
21.946198
12.488785
-26.017975
36.25658951422658
21.946198
11.776276
-25.319534
35.51612337419795
22.663391
13.201279
-25.319534
36.45520280458521
21.946198
12.488785
-24.621094
35.26759970379594
21.946198
13.201279
-24.621094
35.52615467533216
21.229004
13.201279
-23.922668
34.6011329774086
22.663391
13.913773
-25.319534
36.7192204092208
22.663391
12.488785
-24.621094
35.718304008042395
19.794632
13.913773
-25.319534
35.021411558903864
22.663391
14.626282
-25.319534
36.9950838689244
21.229004
15.338776
-24.621094
35.94644419947455
21.229004
13.913773
-24.621094
35.36187090727101
21.946198
11.776276
-25.319534
35.51612337419795
21.946198
13.913773
-24.621094
35.79702333830025
21.946198
13.913773
-25.319534
36.28095055324316
23.38057
14.626282
-23.922668
36.508535562869575
19.794632
13.201279
-24.621094
34.23885860358903
21.229004
13.201279
-24.621094
35.08764138731756
21.946198
14.626282
-26.716415
37.54105174880227
21.229004
12.488785
-26.716415
36.337408088119055
21.946198
12.488785
-24.621094
35.26759970379594
21.229004
13.913773
-24.621094
35.36187090727101
20.511826
13.201279
-26.017975
35.66432006341825
21.946198
13.913773
-26.017975
36.77177687056678
21.229004
14.626282
-26.017975
36.626953072925
21.229004
13.913773
-26.716415
36.85146560963519
19.794632
13.913773
-25.319534
35.021411558903864
21.229004
13.201279
-27.414856
37.10146461742195
19.794632
11.063782
-26.017975
34.51332608912643
21.229004
13.913773
-28.811722
38.397641936061646
21.946198
12.488785
-27.414856
37.271700893573396
21.229004
11.776276
-26.716415
36.09872801169731
20.511826
13.201279
-27.414856
36.695817306778984
22.663391
13.201279
-26.017975
36.94371411614312
19.794632
12.488785
-25.319534
34.48008086653075
21.229004
12.488785
-27.414856
36.85396314657862
22.663391
14.626282
-26.017975
37.47655842844464
21.946198
13.913773
-26.017975
36.77177687056678
21.946198
15.338776
-28.113281
38.82357870768581
20.511826
13.913773
-27.414856
36.95811607414534
21.229004
16.051285
-27.414856
38.20848952621655
21.229004
14.626282
-25.319534
36.13415960326703
21.229004
13.913773
-26.716415
36.85146560963519
19.077454
14.626282
-26.716415
35.93945307192884
20.511826
13.201279
-26.716415
36.177004225966876
20.511826
14.626282
-26.017975
36.21599293863486
21.229004
13.913773
-26.716415
36.85146560963519
21.946198
12.488785
-26.716415
36.761014572272245
19.794632
14.626282
-26.716415
36.32523173962556
21.946198
14.626282
-26.716415
37.54105174880227
21.946198
11.776276
-27.414856
37.0390419017555
20.511826
13.913773
-26.716415
36.4430373419001
21.946198
13.913773
-26.017975
36.77177687056678
21.946198
14.626282
-26.017975
37.04725063074013
22.663391
14.626282
-26.716415
37.96477602660129
21.946198
13.913773
-27.414856
37.77304566110105
21.946198
13.201279
-25.319534
36.01372181793611
21.946198
12.488785
-26.017975
36.25658951422658
22.663391
13.913773
-26.017975
37.20426519409855
24.097763
13.913773
-24.621094
37.15499334239528
23.38057
12.488785
-24.621094
36.17760315065887
23.38057
13.201279
-28.113281
38.87520096411078
23.38057
13.201279
-26.017975
37.38796251751274
23.38057
13.201279
-26.017975
37.38796251751274
23.38057
11.776276
-25.319534
36.41991763294674
23.38057
12.488785
-25.319534
36.656506419606124
23.38057
12.488785
-24.621094
36.17760315065887
24.814941
13.201279
-24.621094
37.36647288544154
25.532135
11.776276
-25.319534
37.837143312656416
22.663391
13.201279
-26.716415
37.43888248699472
23.38057
11.063782
-25.319534
36.195815848809616
24.814941
13.201279
-26.017975
38.301305333296085
25.532135
11.776276
-28.113281
39.760874286457
24.814941
12.488785
-26.017975
38.06160841525552
24.097763
11.776276
-25.319534
36.88443668977303
24.097763
11.063782
-25.319534
36.66317269988885
24.097763
12.488785
-26.017975
37.59796448737285
23.38057
11.776276
-26.017975
36.908895967808355
24.814941
11.063782
-28.113281
39.09661322948095
22.663391
10.351273
-26.716415
36.53142375921037
24.097763
11.063782
-26.716415
37.64141791661729
23.38057
10.351273
-27.414856
37.488321749287806
25.532135
12.488785
-26.017975
38.5330335911199
24.814941
11.063782
-26.716415
38.10453312056109
24.097763
9.638779
-28.113281
38.261793525003505
24.097763
10.351273
-26.716415
37.438187989296104
24.814941
9.638779
-28.113281
38.717488881802495
26.966507
12.488785
-26.017975
39.49806536994882
25.532135
11.776276
-28.113281
39.760874286457
22.663391
11.063782
-28.113281
37.76761928433205
22.663391
9.638779
-27.414856
36.852538842536006
24.097763
11.776276
-28.113281
38.855366449862814
22.663391
11.776276
-25.319534
35.96371326594349
24.814941
11.776276
-27.414856
38.80768450903925
24.097763
11.776276
-28.113281
38.855366449862814
24.097763
9.638779
-27.414856
37.75159092260219
22.663391
8.926285
-28.113281
37.19764009599181
24.097763
8.926285
-26.716415
37.06949666515331
25.532135
11.776276
-26.716415
38.78578866471262
24.814941
9.638779
-27.414856
38.21337094198836
21.229004
11.776276
-26.716415
36.09872801169731
22.663391
11.776276
-27.414856
37.46844375396115
23.38057
11.776276
-27.414856
37.90654304812528
22.663391
11.063782
-27.414856
37.25064885131197
25.532135
12.488785
-28.113281
39.977696113250914
24.097763
12.488785
-27.414856
38.57779591799699
24.814941
12.488785
-28.113281
39.52350776456494
23.38057
12.488785
-26.716415
37.63492491346552
26.249329
12.488785
-28.113281
40.43950439390918
23.38057
12.488785
-28.811722
39.150173486006096
24.814941
13.913773
-26.017975
38.55268247699341
23.38057
13.913773
-26.716415
38.131495988593535
23.38057
10.351273
-26.716415
36.98062533801484
22.663391
11.776276
-27.414856
37.46844375396115
24.097763
11.063782
-26.716415
37.64141791661729
24.097763
12.488785
-28.811722
39.58266326872552
25.532135
11.776276
-27.414856
39.27015275576271
23.38057
12.488785
-28.811722
39.150173486006096
22.663391
12.488785
-28.113281
38.209364904513265
25.532135
11.063782
-27.414856
39.0624062498875
24.097763
12.488785
-27.414856
38.57779591799699
24.097763
13.201279
-29.510162
40.32152878542367
25.532135
10.351273
-26.017975
37.8942443503339
25.532135
11.776276
-27.414856
39.27015275576271
23.38057
11.776276
-28.811722
38.928742870588245
26.966507
11.063782
-28.811722
40.984327344615835
24.814941
11.063782
-26.716415
38.10453312056109
25.532135
11.063782
-25.319534
37.62148291285845
26.249329
10.351273
-26.017975
38.381129269269486
26.966507
11.063782
-28.811722
40.984327344615835
25.532135
11.776276
-28.113281
39.760874286457
26.249329
9.638779
-28.113281
39.65211112907089
25.532135
8.926285
-26.716415
38.01756603398536
25.532135
11.063782
-27.414856
39.0624062498875
27.6837
11.776276
-26.716415
40.234745143928464
26.249329
11.063782
-28.113281
40.02238295873089
26.249329
11.776276
-26.017975
38.78972730422241
26.249329
10.351273
-26.716415
38.8579849344258
26.966507
11.776276
-27.414856
40.21750253018734
27.6837
9.638779
-28.113281
40.61588239031315
26.249329
11.776276
-25.319534
38.32475366083992
25.532135
10.351273
-28.113281
39.36235846175728
26.966507
10.351273
-27.414856
39.8235579962963
26.249329
12.488785
-26.716415
39.481184328938575
26.966507
11.063782
-27.414856
40.01467321203092
26.966507
9.638779
-28.113281
40.13047567778134
26.249329
10.351273
-26.017975
38.381129269269486
27.6837
10.351273
-27.414856
40.31265897497723
27.6837
9.638779
-27.414856
40.135616050850025
29.118073
11.063782
-27.414856
41.495105133015386
26.249329
8.926285
-26.716415
38.5028915310266
26.966507
10.351273
-26.017975
38.87513816293776
27.6837
10.351273
-27.414856
40.31265897497723
25.532135
8.926285
-26.716415
38.01756603398536
28.400879
10.351273
-25.319534
39.431429678422454
26.966507
9.638779
-26.716415
39.164594706387874
28.400879
10.351273
-26.716415
40.34260322246973
26.249329
12.488785
-27.414856
39.957118127593986
27.6837
11.063782
-27.414856
40.501467831232674
26.966507
11.776276
-26.716415
39.74468536356072
28.400879
11.063782
-28.113281
41.46533225836826
26.966507
11.063782
-27.414856
40.01467321203092
27.6837
9.638779
-27.414856
40.135616050850025
27.6837
8.213776
-26.716415
39.33980476893362
26.249329
11.063782
-26.716415
39.05382716220812
28.400879
11.063782
-28.113281
41.46533225836826
25.532135
10.351273
-26.017975
37.8942443503339
26.966507
9.638779
-27.414856
39.64432937460918
25.532135
9.638779
-26.017975
37.70584778295338
26.249329
11.063782
-26.716415
39.05382716220812
26.249329
11.063782
-26.017975
38.57939383798364
24.814941
12.488785
-27.414856
39.029801939711724
25.532135
11.776276
-26.716415
38.78578866471262
25.532135
12.488785
-27.414856
39.48966902825266
26.249329
12.488785
-26.017975
39.01194697571422
26.966507
13.201279
-27.414856
40.65760110168515
24.097763
13.201279
-25.319534
37.363815216061646
24.814941
13.201279
-27.414856
39.26358866088593
26.249329
13.913773
-26.716415
39.95481456634795
25.532135
13.913773
-26.716415
39.48733665188595
24.814941
12.488785
-28.811722
40.0233223634397
24.097763
13.201279
-27.414856
38.81430526196173
25.532135
13.913773
-27.414856
39.963200235302416
26.249329
13.201279
-28.113281
40.665188955339154
24.097763
13.201279
-27.414856
38.81430526196173
24.814941
13.913773
-28.113281
39.99663682150351
24.814941
16.051285
-28.113281
40.78947923436799
24.814941
13.913773
-26.017975
38.55268247699341
24.097763
12.488785
-27.414856
38.57779591799699
23.38057
16.051285
-26.716415
38.96230901060023
25.532135
13.913773
-28.113281
40.44551396149362
24.814941
12.488785
-26.716415
38.54241588517286
25.532135
13.913773
-26.017975
39.0181748515996
25.532135
14.626282
-26.017975
39.27789365135941
24.814941
14.626282
-27.414856
39.765357931323216
22.663391
12.488785
-27.414856
37.69845275132323
25.532135
12.488785
-25.319534
38.06492449174831
24.814941
13.201279
-28.113281
39.75439121774788
24.097763
13.201279
-28.113281
39.31071761658963
25.532135
13.913773
-26.716415
39.48733665188595
25.532135
13.913773
-28.113281
40.44551396149362
23.38057
11.063782
-27.414856
37.69127973894459
24.097763
12.488785
-28.113281
39.07721285420859
24.814941
13.913773
-26.716415
39.027442080561244
24.814941
12.488785
-26.017975
38.06160841525552
25.532135
13.913773
-26.017975
39.0181748515996
25.532135
11.776276
-27.414856
39.27015275576271
25.532135
13.201279
-26.017975
38.769816001788044
25.532135
13.201279
-27.414856
39.72075071180522
23.38057
11.776276
-26.017975
36.908895967808355
24.814941
13.913773
-24.621094
37.62409642550818
24.814941
13.913773
-26.017975
38.55268247699341
25.532135
14.626282
-26.017975
39.27789365135941
24.814941
13.201279
-27.414856
39.26358866088593
24.814941
13.913773
-27.414856
39.50884369946493
24.814941
13.201279
-26.716415
38.77914258224468
25.532135
13.913773
-26.716415
39.48733665188595
24.097763
13.201279
-26.716415
38.3241803285023
24.814941
13.201279
-26.716415
38.77914258224468
24.097763
14.626282
-27.414856
39.32180806936209
24.814941
14.626282
-26.716415
39.28710117022348
24.814941
14.626282
-27.414856
39.765357931323216
26.249329
16.051285
-27.414856
41.209772643489856
24.814941
12.488785
-28.113281
39.52350776456494
24.097763
13.913773
-27.414856
39.0623812498195
24.814941
13.913773
-26.716415
39.027442080561244
23.38057
13.913773
-26.716415
38.131495988593535
24.814941
12.488785
-28.113281
39.52350776456494
24.097763
14.626282
-28.811722
40.30813324217273
24.097763
14.626282
-27.414856
39.32180806936209
25.532135
15.338776
-28.811722
41.44011586765896
24.814941
15.338776
-28.811722
41.00212873189482
24.814941
13.913773
-26.716415
39.027442080561244
24.097763
13.913773
-27.414856
39.0623812498195
22.663391
13.201279
-28.811722
38.961754459301176
23.38057
12.488785
-29.510162
39.66699457968016
22.663391
14.626282
-28.811722
39.46736129286926
22.663391
13.913773
-28.811722
39.2088975423229
23.38057
16.051285
-29.510162
40.92852806026241
22.663391
13.913773
-28.113281
38.69856402273701
22.663391
13.913773
-29.510162
39.724954644207905
22.663391
11.776276
-27.414856
37.46844375396115
23.38057
16.051285
-27.414856
39.44450710333442
23.38057
13.913773
-28.811722
39.62776015623391
24.814941
15.338776
-29.510162
41.49589058626017
24.097763
14.626282
-29.510162
40.81029258004346
24.097763
15.338776
-26.716415
39.111981160668655
23.38057
14.626282
-29.510162
40.39094837878284
23.38057
16.051285
-28.113281
39.93308612150456
23.38057
13.913773
-28.811722
39.62776015623391
23.38057
14.626282
-28.113281
39.3819205847723
23.38057
15.338776
-28.811722
40.150271624528735
21.946198
14.626282
-29.510162
39.577939942322985
22.663391
15.338776
-28.811722
39.7369171301425
23.38057
15.338776
-28.811722
40.150271624528735
22.663391
13.201279
-28.113281
38.448140676557756
22.663391
14.626282
-28.811722
39.46736129286926
22.663391
15.338776
-28.811722
39.7369171301425
23.38057
13.201279
-28.811722
39.383245664400235
24.097763
13.201279
-29.510162
40.32152878542367
24.097763
15.338776
-28.811722
40.57210197887675
24.097763
14.626282
-30.208603
41.318155106517644
24.097763
13.201279
-29.510162
40.32152878542367
24.814941
13.201279
-28.113281
39.75439121774788
26.249329
11.776276
-29.510162
41.21356108354991
24.814941
13.201279
-28.811722
40.251340476513946
25.532135
13.201279
-29.510162
41.194821345213555
25.532135
12.488785
-28.811722
40.47190202493113
23.38057
13.913773
-29.510162
40.13843233112125
25.532135
11.776276
-28.113281
39.760874286457
24.097763
12.488785
-29.510162
40.093909842335314
26.249329
11.776276
-27.414856
39.74018402778855
25.532135
11.063782
-28.113281
39.55570513331484
25.532135
12.488785
-28.113281
39.977696113250914
25.532135
13.913773
-28.113281
40.44551396149362
24.097763
11.776276
-29.510162
39.8777198940124
24.097763
12.488785
-29.510162
40.093909842335314
24.814941
12.488785
-30.208603
41.04035563948764
25.532135
11.776276
-28.113281
39.760874286457
26.966507
12.488785
-30.208603
42.37595926735022
24.814941
13.201279
-29.510162
40.754199601467455
25.532135
11.776276
-28.113281
39.760874286457
25.532135
14.626282
-28.811722
41.18171134872099
25.532135
11.063782
-28.113281
39.55570513331484
24.097763
13.913773
-28.811722
40.05509511324683
24.814941
13.913773
-29.510162
40.99053697005871
25.532135
12.488785
-28.811722
40.47190202493113
24.814941
12.488785
-29.510162
40.52901069613978
24.814941
13.201279
-28.113281
39.75439121774788
24.814941
11.776276
-30.208603
40.82917741659296
24.814941
11.776276
-30.208603
40.82917741659296
24.814941
12.488785
-28.113281
39.52350776456494
26.249329
13.201279
-28.811722
41.151139228041124
24.814941
11.776276
-28.811722
39.80674905726179
24.814941
11.776276
-29.510162
40.31515404296271
25.532135
12.488785
-28.113281
39.977696113250914
24.814941
11.063782
-28.811722
39.60181757291103
24.814941
11.776276
-28.811722
39.80674905726179
26.249329
11.063782
-28.811722
40.51604379363192
24.097763
11.063782
-29.510162
39.67315501085873
26.249329
10.351273
-28.113281
39.8313032029301
24.097763
10.351273
-29.510162
39.48038352895967
24.097763
11.776276
-29.510162
39.8777198940124
25.532135
9.638779
-30.208603
40.7106339043084
26.249329
8.213776
-28.811722
39.83225630789857
24.814941
9.638779
-30.208603
40.26471247025738
25.532135
11.776276
-30.208603
41.2689986433332
25.532135
9.638779
-30.208603
40.7106339043084
24.814941
11.776276
-30.208603
40.82917741659296
24.814941
11.063782
-28.811722
39.60181757291103
25.532135
11.776276
-30.208603
41.2689986433332
25.532135
13.201279
-29.510162
41.194821345213555
24.097763
12.488785
-30.208603
40.61073367292353
24.097763
13.913773
-28.811722
40.05509511324683
24.814941
13.913773
-30.208603
41.49619358484884
25.532135
14.626282
-30.208603
42.17081556653695
23.38057
13.913773
-29.510162
40.13843233112125
24.814941
13.913773
-28.811722
40.4906130614708
24.097763
13.201279
-29.510162
40.32152878542367
24.814941
13.201279
-30.208603
41.26275252687041
26.249329
13.201279
-29.510162
41.64313430525643
24.814941
13.201279
-28.113281
39.75439121774788
25.532135
13.201279
-29.510162
41.194821345213555
22.663391
13.913773
-28.811722
39.2088975423229
24.814941
13.201279
-28.811722
40.251340476513946
24.814941
11.776276
-30.208603
40.82917741659296
25.532135
12.488785
-30.208603
41.477937647904305
26.249329
13.201279
-30.907043
42.64441800187628
24.814941
13.201279
-28.811722
40.251340476513946
27.6837
12.488785
-30.208603
42.83592823841775
25.532135
11.776276
-28.113281
39.760874286457
25.532135
12.488785
-28.811722
40.47190202493113
24.814941
12.488785
-28.811722
40.0233223634397
26.249329
11.776276
-30.907043
42.225032494251856
23.38057
10.351273
-28.811722
38.52161939914796
24.814941
11.776276
-28.811722
39.80674905726179
24.097763
12.488785
-29.510162
40.093909842335314
24.097763
13.201279
-30.208603
40.83547042132918
24.097763
11.776276
-30.208603
40.39730964993987
24.814941
10.351273
-28.811722
39.40869713852832
24.097763
11.776276
-30.907043
40.922221027555736
25.532135
11.776276
-28.811722
40.257742000957094
24.814941
11.063782
-28.811722
39.60181757291103
24.814941
11.063782
-28.811722
39.60181757291103
25.532135
11.063782
-29.510162
40.560409891739724
25.532135
11.776276
-28.811722
40.257742000957094
25.532135
11.063782
-28.113281
39.55570513331484
24.097763
10.351273
-28.113281
38.44746599714424
25.532135
10.351273
-30.208603
40.88518544255211
25.532135
12.488785
-28.113281
39.977696113250914
25.532135
11.063782
-30.208603
41.071363912022086
24.814941
11.063782
-30.208603
40.62940180479679
24.814941
11.776276
-29.510162
40.31515404296271
23.38057
12.488785
-28.811722
39.150173486006096
24.814941
11.776276
-30.208603
40.82917741659296
25.532135
11.063782
-28.811722
40.05511796994159
24.814941
11.776276
-30.208603
40.82917741659296
26.249329
12.488785
-30.208603
41.92322316598522
24.097763
13.201279
-30.208603
40.83547042132918
26.249329
11.776276
-28.811722
40.71637560229913
25.532135
10.351273
-29.510162
40.37187669324248
24.097763
11.063782
-30.208603
40.19538766392389
24.814941
11.776276
-29.510162
40.31515404296271
24.814941
11.063782
-28.811722
39.60181757291103
24.097763
11.063782
-30.208603
40.19538766392389
23.38057
9.638779
-30.907043
39.934978280129
23.38057
9.638779
-30.907043
39.934978280129
24.097763
10.351273
-28.811722
38.96108710744286
22.663391
9.638779
-30.208603
38.9755688951826
24.814941
10.351273
-30.208603
40.44119024168382
23.38057
8.926285
-29.510162
38.69339994390193
24.201279
8.298248
-29.53067
39.072026963233235
22.049713
9.723251
-29.53067
38.115508552130066
25.63565
7.5857544
-29.53067
39.83454244100684
22.766907
9.723251
-28.83223
38.002251809308945
21.33252
9.723251
-30.22911
38.254635199643616
22.766907
9.723251
-30.22911
39.0726611784058
24.918457
10.435745
-30.927551
41.06516353614094
25.63565
9.010757
-29.53067
40.13029772999993
23.484085
10.435745
-29.53067
39.146743533745884
24.918457
10.435745
-28.83223
39.511160903439674
24.918457
11.860748
-30.22911
40.93172370984851
24.918457
9.723251
-29.53067
39.84384037979945
24.201279
11.148254
-30.22911
40.29621158333312
24.201279
11.860748
-28.83223
39.46741387287112
24.201279
11.860748
-30.927551
41.023075216215965
23.484085
11.860748
-28.13379
38.51869282913979
24.201279
13.285751
-28.13379
39.417294992569566
24.272568
10.500198
-28.134277
38.61281158825397
25.70694
10.500198
-27.435852
39.03622553855425
23.555374
11.2127075
-30.229599
39.93005358984007
22.838196
10.500198
-26.737411
36.69777326351014
24.272568
10.500198
-28.134277
38.61281158825397
23.555374
11.925201
-28.832718
39.09465083144767
23.555374
11.925201
-28.832718
39.09465083144767
24.272568
10.500198
-28.832718
39.12463807739952
24.272568
13.350204
-30.229599
41.00261103061761
24.989746
11.925201
-26.737411
38.49138911669482
23.555374
10.500198
-27.435852
37.65415904464439
24.989746
11.925201
-27.435852
38.979787430474786
26.424133
11.2127075
-28.832718
40.68519578728853
26.424133
11.925201
-28.134277
40.397806723706395
25.70694
12.637711
-28.832718
40.643376252510386
25.70694
11.925201
-28.134277
39.93237692102112
25.70694
10.500198
-27.435852
39.03622553855425
25.70694
11.2127075
-28.134277
39.72542172034647
25.70694
9.787704
-29.531158
40.35759045609481
24.272568
11.2127075
-28.134277
38.81262580494909
24.272568
10.500198
-28.832718
39.12463807739952
24.272568
11.2127075
-28.134277
38.81262580494909
26.424133
10.500198
-26.737411
39.030477499361
26.424133
12.637711
-27.435852
40.133184341035815
26.424133
11.2127075
-28.134277
40.19324657591745
25.70694
10.500198
-28.134277
39.53022170105267
25.70694
10.500198
-28.134277
39.53022170105267
24.272568
9.787704
-26.03897
36.91862157693086
24.989746
11.925201
-28.134277
39.474489883499444
25.70694
9.787704
-27.435852
38.85063482328024
27.141312
11.2127075
-28.832718
41.15460085913846
24.989746
12.637711
-28.134277
39.695550057102594
25.70694
9.787704
-28.134277
39.34696112293013
24.989746
10.500198
-27.435852
38.56770059644307
27.858505
11.2127075
-27.435852
40.67612468193873
26.424133
11.2127075
-27.435852
39.70749988194925
25.70694
10.500198
-28.134277
39.53022170105267
27.141312
10.500198
-29.531158
41.460755693731784
27.141312
9.787704
-28.134277
40.29872887360251
26.424133
7.6502075
-26.737411
38.36208620764941
27.97911
11.3098755
-28.837112
41.74114274965259
28.69629
9.884872
-27.440247
40.91643661361837
25.110352
9.884872
-27.440247
38.486458911300865
28.69629
11.3098755
-26.741806
40.822964178227856
27.97911
10.597366
-26.741806
40.128033009395374
26.544739
9.884872
-28.837112
40.4216877653182
27.97911
9.884872
-26.741806
39.94578234737367
27.261917
10.597366
-28.138672
40.586957849301015
27.261917
10.597366
-26.741806
39.63130710599497
27.261917
9.884872
-28.138672
40.40677717415189
26.544739
9.884872
-27.440247
39.437304996546416
26.544739
10.597366
-27.440247
39.62189459440323
27.261917
10.597366
-28.837112
41.07426611534359
27.261917
10.597366
-28.138672
40.586957849301015
27.261917
8.459869
-27.440247
39.594804395984205
27.261917
7.7473755
-27.440247
39.448714171753274
27.97911
7.7473755
-28.138672
40.43064838833978
27.97911
8.459869
-28.138672
40.573203157418135
27.261917
9.884872
-28.837112
40.89623247995697
27.261917
11.3098755
-29.535553
41.75493076469009
27.97911
9.172379
-26.043365
39.309286061986995
27.97911
11.3098755
-28.138672
41.26171116899722
27.97911
10.597366
-28.138672
41.07212774783375
27.97911
9.884872
-27.440247
40.41668495623512
27.97911
9.172379
-27.440247
40.248356187318386
28.69629
10.597366
-27.440247
41.09438271851306
27.97911
12.022369
-26.741806
40.5276718736717
28.69629
10.597366
-27.440247
41.09438271851306
25.827545
9.884872
-27.440247
38.958181017137626
27.97911
9.884872
-28.138672
40.894084803000545
27.261917
10.597366
-28.138672
40.586957849301015
27.97911
9.884872
-26.741806
39.94578234737367
27.261917
10.597366
-24.646484
38.24873300087044
30.130676
11.3098755
-28.138672
42.74992290289101
27.97911
9.884872
-26.741806
39.94578234737367
28.69629
9.884872
-26.043365
39.99305664834991
29.413483
9.884872
-28.138672
41.8885239355602
27.97911
9.884872
-25.344925
39.02443457810279
29.413483
8.459869
-25.344925
39.737735799670006
30.130676
8.459869
-26.043365
40.714665170684356
29.413483
8.459869
-25.344925
39.737735799670006
30.130676
10.597366
-27.440247
42.10853721337278
28.69629
9.172379
-26.043365
39.822938805142506
29.413483
8.459869
-23.94806
38.86170265947891
30.847855
8.459869
-25.344925
40.81084145510158
32.282227
7.0348663
-23.94806
40.80614063203294
30.130676
8.459869
-23.94806
39.40731560811393
29.413483
7.0348663
-25.344925
39.45893521573251
29.413483
6.3223724
-23.94806
38.45302182787866
30.130676
6.3223724
-25.344925
39.8772530711432
30.130676
5.6098785
-25.344925
39.77051173313747
30.847855
7.7473755
-26.043365
41.10801499080654
30.847855
4.8973694
-24.646484
39.787230132802975
30.847855
7.0348663
-25.344925
40.53942158132547
30.847855
6.3223724
-24.646484
39.987644576168776
30.847855
7.0348663
-24.646484
40.1064668915555
30.130676
5.6098785
-23.249619
38.46911967988496
30.130676
4.1848755
-24.646484
39.15124606394252
30.130676
7.0348663
-24.646484
39.55750425112946
30.130676
7.0348663
-24.646484
39.55750425112946
30.130676
5.6098785
-23.249619
38.46911967988496
30.847855
6.3223724
-25.344925
40.42187198009266
30.130676
4.8973694
-25.344925
39.67627947930996
28.69629
7.0348663
-23.94806
38.03256275979999
30.847855
7.7473755
-26.043365
41.10801499080654
31.565048
5.6098785
-25.344925
40.8679364835304
30.130676
4.8973694
-26.043365
40.126037394105154
29.413483
4.8973694
-24.646484
38.68573930767318
27.97911
6.3223724
-25.344925
38.277515761744844
28.69629
6.3223724
-27.440247
40.20468261168405
28.69629
5.6098785
-26.043365
39.1561564743496
29.413483
7.0348663
-23.94806
38.57657132857649
28.69629
7.0348663
-26.741806
39.85085414607666
27.97911
7.0348663
-26.043365
38.86614084646011
27.97911
7.0348663
-25.344925
38.401629921971576
29.413483
6.3223724
-26.043365
39.79173688366405
28.69629
6.3223724
-25.344925
38.80482827259547
28.69629
6.3223724
-26.043365
39.26456798219134
29.413483
7.7473755
-26.741806
40.50060582590864
27.97911
8.459869
-26.741806
39.61722062338391
28.69629
7.7473755
-25.344925
39.06230937453487
27.97911
7.0348663
-26.741806
39.33756591093144
27.261917
7.7473755
-26.741806
38.966115463269816
29.413483
5.6098785
-26.043365
39.68476553079752
27.97911
5.6098785
-25.344925
38.166302230849695
27.97911
7.0348663
-26.043365
38.86614084646011
27.261917
7.7473755
-26.043365
38.4901395779044
27.261917
7.0348663
-25.344925
37.882273564170156
27.261917
7.7473755
-27.440247
39.448714171753274
25.827545
9.172379
-26.043365
37.80808664843574
25.827545
9.884872
-25.344925
37.51183732441168
25.827545
9.884872
-26.741806
38.4694290658992
27.97911
9.172379
-26.043365
39.309286061986995
27.261917
9.172379
-25.344925
38.3367948434293
27.261917
9.172379
-26.043365
38.80208193512302
27.97911
9.172379
-26.043365
39.309286061986995
27.261917
11.3098755
-25.344925
38.90360652415065
26.544739
12.022369
-26.741806
39.55103877230976
27.261917
9.172379
-26.741806
39.274275932218025
27.97911
10.597366
-25.344925
39.2109678533953
27.261917
11.3098755
-26.043365
39.3621940981286
26.544739
9.172379
-25.344925
37.83015793793855
27.261917
9.884872
-26.741806
39.44676155364737
27.97911
9.172379
-24.646484
38.3980774716082
26.544739
9.172379
-23.94806
36.90887612375579
27.261917
7.0348663
-25.344925
37.882273564170156
26.544739
8.459869
-26.741806
38.617570773689756
27.97911
10.597366
-26.043365
39.666002113054105
28.69629
9.172379
-25.344925
39.36971845778571
28.69629
7.7473755
-23.94806
38.170778100285695
27.97911
7.7473755
-23.94806
37.63458596220868
29.413483
9.884872
-23.94806
39.19659639490797
28.69629
7.0348663
-25.344925
38.9272596385714
27.97911
7.7473755
-25.344925
38.53852323892938
28.69629
6.3223724
-23.249619
37.46990980273371
31.565048
7.7473755
-24.646484
40.78999098134017
30.836136
6.313095
-22.552155
38.72107980783045
29.401764
6.313095
-23.250595
38.01195940249841
29.401764
5.600601
-23.250595
37.90014055774563
30.836136
4.888092
-22.552155
38.51441745064437
31.55333
4.175598
-23.949036
39.83220420950239
30.118958
3.463089
-23.949036
38.63548793187909
32.37451
2.8262787
-23.244736
39.95515674830034
30.94014
2.8262787
-23.244736
38.802034745495305
31.657333
3.5387726
-21.149414
38.23620436469538
33.091705
5.676285
-21.847855
40.05758184515448
30.94014
4.2512817
-22.546295
38.51884019288077
32.37451
4.2512817
-23.244736
40.08116917045101
33.091705
5.676285
-21.847855
40.05758184515448
33.8089
4.9637756
-21.149414
40.18679377052476
33.091705
2.8262787
-21.149414
39.37443886008885
32.37451
4.2512817
-21.149414
38.90347160009068
33.8089
4.2512817
-22.546295
40.858908936156446
33.091705
4.9637756
-23.244736
40.743314791451525
33.091705
4.2512817
-21.149414
39.50230381681475
31.657333
4.9637756
-22.546295
39.181133915225224
31.657333
3.5387726
-22.546295
39.026209705085535
32.37451
4.2512817
-21.149414
38.90347160009068
33.091705
3.5387726
-21.847855
39.810960772835536
33.091705
4.2512817
-22.546295
40.26747728083422
32.37451
4.2512817
-21.847855
39.28754393441307
31.657333
5.676285
-22.546295
39.277760013022956
32.37451
5.676285
-23.943176
40.66454205408872
31.657333
4.9637756
-20.450989
38.01405957781854
31.657333
4.9637756
-23.244736
39.58716401420415
32.37451
3.5387726
-21.847855
39.2168419605579
31.657333
3.5387726
-21.149414
38.23620436469538
30.94014
4.9637756
-22.546295
38.60397289959691
30.94014
4.9637756
-23.943176
39.43611328782288
30.94014
4.9637756
-22.546295
38.60397289959691
29.505768
4.9637756
-23.943176
38.32107940746352
30.222961
6.3887787
-23.244736
38.659559276296726
30.94014
4.9637756
-23.943176
39.43611328782288
32.37451
4.9637756
-24.641602
40.987272938910564
29.505768
7.8137817
-23.943176
38.79331311680049
31.037308
6.4683685
-23.929504
39.72122091055359
31.754501
5.7558746
-25.32637
41.02320614460567
