19.7585
-32.806442
-14.378906
40.90738246856779
20.475693
-33.518936
-12.2836
41.15409957840622
21.192871
-32.806442
-15.077347
41.86558167171379
21.192871
-31.38144
-12.98204
40.030810887521376
21.192871
-32.093933
-15.077347
41.309620443801435
20.475693
-32.093933
-15.077347
40.946317931511715
20.475693
-32.093933
-14.378906
40.694317365208526
20.475693
-32.093933
-15.775787
41.20861590024667
21.192383
-32.791306
-15.066116
41.8494295762723
18.323639
-34.216293
-15.066116
41.63530101987525
19.75801
-31.366302
-17.161438
40.85019913698402
21.192383
-32.791306
-15.764557
42.10591503642555
20.475204
-32.791306
-15.764557
41.74955118817522
20.475204
-33.5038
-15.066116
42.05622805672633
20.475204
-32.078796
-16.462997
41.464605105589754
19.040833
-32.791306
-13.6692505
40.30721410354556
20.475204
-32.078796
-15.066116
40.93007446968244
19.040833
-32.078796
-15.066116
40.2317080426776
19.75801
-32.791306
-17.161438
41.95430631483942
20.475204
-32.078796
-15.764557
41.19228621185494
19.75801
-31.366302
-14.367676
39.75744021858519
19.75801
-34.928802
-14.367676
42.62429263067746
20.475204
-33.5038
-14.367676
41.811107389925404
19.75801
-31.366302
-14.367676
39.75744021858519
19.040833
-32.791306
-12.272369
39.855165337777265
21.192383
-33.5038
-15.764557
42.663131885336604
19.040833
-33.5038
-13.6692505
40.88895021885497
19.040833
-33.5038
-14.367676
41.12770400969856
20.475204
-34.216293
-15.066116
42.62600805259625
19.040833
-33.5038
-14.367676
41.12770400969856
17.606445
-33.5038
-14.367676
40.4835970592952
19.040833
-33.5038
-15.066116
41.37687342340978
19.040833
-33.5038
-15.066116
41.37687342340978
19.75801
-34.216293
-15.066116
42.28618665748012
18.323639
-32.791306
-13.6692505
39.97341493251718
20.475204
-33.5038
-14.367676
41.811107389925404
19.040833
-34.216293
-14.367676
41.71016999785544
20.475204
-32.791306
-15.066116
41.490862840133246
21.192383
-34.216293
-15.066116
42.97510464374258
18.323639
-34.928802
-12.97081
41.521306830330346
20.475204
-33.5038
-13.6692505
41.576278261317476
19.75801
-33.5038
-14.367676
41.46460804955384
20.475204
-33.5038
-15.066116
42.05622805672633
21.192383
-33.5038
-15.066116
42.41001503182945
21.909576
-32.078796
-14.367676
41.418700958172266
19.75801
-32.078796
-12.97081
39.84557900213805
19.75801
-33.5038
-14.367676
41.46460804955384
19.75801
-32.791306
-15.066116
41.14166645567484
22.62677
-32.791306
-13.6692505
42.11993432078806
21.192383
-32.078796
-13.6692505
40.80459102156888
21.192383
-30.653793
-14.367676
39.93998182820693
20.475204
-34.216293
-15.066116
42.62600805259625
21.192383
-32.791306
-15.764557
42.10591503642555
21.192383
-32.791306
-14.367676
41.60308756007479
21.192383
-33.5038
-15.066116
42.41001503182945
22.62677
-32.078796
-16.462997
42.5681826121158
21.192383
-33.5038
-14.367676
42.16695101394574
22.62677
-32.791306
-15.066116
42.59375859776142
21.192383
-31.366302
-15.066116
40.74248337021045
22.62677
-32.791306
-15.066116
42.59375859776142
21.192383
-29.9413
-14.367676
39.395793740615574
24.061142
-32.791306
-12.97081
42.69016508884101
21.909576
-32.078796
-15.066116
41.666133134604955
20.475204
-32.078796
-12.97081
40.20603370744713
23.343948
-32.078796
-14.367676
42.195013798470605
21.909576
-33.5038
-12.97081
42.08058936108859
21.909576
-32.791306
-14.367676
41.972961441712684
22.62677
-32.791306
-14.367676
42.35174912913131
23.343948
-32.078796
-15.066116
42.43791996294411
21.192383
-34.216293
-13.6692505
42.50553157935741
21.192383
-34.216293
-14.367676
42.73525478984681
21.192383
-32.791306
-12.97081
41.14157002570135
21.192383
-34.928802
-12.97081
42.86467367219115
22.62677
-34.216293
-12.97081
43.02287074599465
21.909576
-34.928802
-12.272369
43.0193196742391
21.909576
-34.216293
-12.272369
42.44284846404854
23.343948
-33.5038
-12.97081
42.844911032317334
20.475204
-36.353806
-10.177063
42.94654539912087
21.196777
-34.85312
-11.550003
42.396294658628484
21.91397
-34.14061
-12.946884
42.58433010977674
19.045227
-35.565613
-13.645325
42.58906396178043
21.91397
-34.85312
-12.946884
43.15766284571823
21.91397
-34.85312
-11.550003
42.75938053835015
21.91397
-34.85312
-12.248444
42.95330546297121
21.91397
-34.14061
-12.946884
42.58433010977674
21.196777
-34.85312
-13.645325
43.01439337139808
20.479599
-34.85312
-13.645325
42.66554385933103
21.196777
-34.14061
-15.042191
42.908646885436305
21.91397
-35.490906
-14.992386
44.323787569783
19.045227
-34.77841
-12.897079
41.696441835230374
19.045227
-35.490906
-12.897079
42.29254861046742
21.196777
-36.91591
-11.500198
44.09469540756504
19.045227
-36.203415
-14.293945
43.33272266446715
19.762405
-36.203415
-12.897079
43.21544523698963
21.196777
-34.065903
-14.293945
42.59232274754748
20.479599
-36.203415
-13.59552
43.76001977895677
19.762405
-36.91591
-12.897079
43.81405745716065
21.91397
-36.91591
-12.897079
44.82567416618656
20.479599
-36.203415
-13.59552
43.76001977895677
19.762405
-36.203415
-13.59552
43.42900096709571
20.479599
-35.490906
-13.59552
43.172403747214496
19.045227
-35.490906
-14.293945
42.739232185118134
19.762405
-36.203415
-12.897079
43.21544523698963
19.045227
-34.77841
-14.293945
42.14944319351606
19.762405
-35.490906
-12.897079
42.62032026180411
19.762405
-37.628403
-14.293945
44.84156952451458
20.479599
-36.203415
-12.198639
43.34637192412273
19.762405
-36.203415
-10.801758
42.63704925003606
20.486923
-37.56102
-10.777344
44.121370247307595
21.204102
-36.136032
-10.777344
43.26173691449957
21.204102
-35.423523
-12.872665
43.2451776010018
20.486923
-34.71103
-13.571106
42.52933701383008
21.204102
-35.423523
-12.174225
43.0424396535341
20.486923
-35.423523
-14.269531
43.33773671787816
21.204102
-35.423523
-13.571106
43.45819538468837
21.921295
-36.136032
-12.174225
43.98372279711837
21.921295
-36.136032
-13.571106
44.390663498751344
19.76973
-34.71103
-12.872665
41.969075761952396
21.921295
-34.71103
-14.967972
43.697127649809545
19.050598
-34.609467
-13.503235
41.750184201502336
21.202148
-36.03447
-12.804794
43.72615840330519
19.767776
-34.609467
-12.804794
41.863384583069724
21.202148
-34.609467
-12.106354
42.354576567946
22.636536
-35.32196
-12.804794
43.86361085708602
20.48497
-36.03447
-12.106354
43.181951185687815
20.48497
-34.609467
-12.106354
42.0001554940388
22.636536
-34.609467
-12.804794
43.29192388688824
20.48497
-34.609467
-12.106354
42.0001554940388
21.919342
-35.32196
-12.106354
43.29736979823731
22.636536
-33.896957
-11.407913
42.32678684669585
21.202148
-36.03447
-12.804794
43.72615840330519
21.202148
-34.609467
-12.804794
42.559476994334055
21.202148
-34.609467
-12.106354
42.354576567946
22.636536
-35.32196
-10.709473
43.29834105240783
21.191406
-35.959763
-10.685059
43.08538856744607
20.474228
-35.247253
-10.685059
42.139451805137426
21.191406
-35.247253
-9.986633
42.322303436415915
21.191406
-33.82225
-9.986633
41.14308024149155
22.625793
-35.247253
-9.986633
43.05842772608154
21.191406
-36.672256
-9.288193
43.36127951898373
20.474228
-36.672256
-9.986633
43.17153145221614
19.757034
-34.53476
-9.986633
41.02100411155622
19.039856
-34.53476
-8.589752
40.36024758299852
21.191406
-35.959763
-9.986633
42.91751348653819
21.9086
-34.53476
-9.986633
42.09951618124978
19.757034
-35.959763
-12.08194
42.771697310491575
19.039856
-34.53476
-10.685059
40.85751220658127
19.757034
-35.959763
-10.685059
42.39829426339357
19.757034
-35.247253
-10.685059
41.79569069583834
19.757034
-35.247253
-10.685059
41.79569069583834
19.757034
-33.82225
-9.986633
40.422984800671415
19.757034
-35.959763
-9.288193
42.06798464427848
20.474228
-33.109756
-9.986633
40.18933613855562
19.757034
-34.53476
-10.685059
41.19660814267283
19.757034
-33.82225
-10.685059
40.60117540584186
17.605469
-35.247253
-11.383499
41.01104141055339
18.322662
-33.82225
-12.08194
40.319199116336776
17.605469
-34.53476
-10.685059
40.209112214498404
17.605469
-35.959763
-9.288193
41.10142959373113
17.605469
-33.82225
-9.986633
39.416111969758
18.322662
-36.672256
-11.383499
42.54595688506283
19.039856
-35.247253
-10.685059
41.46149469076323
16.88829
-35.247253
-10.685059
40.518560983575014
16.88829
-36.672256
-9.288193
41.42872473777629
19.039856
-35.247253
-10.685059
41.46149469076323
18.322662
-34.53476
-9.288193
40.182584992988566
17.605469
-35.247253
-10.685059
40.82268907555424
18.322662
-34.53476
-11.383499
40.71797653716661
18.322662
-34.53476
-9.288193
40.182584992988566
16.88829
-33.82225
-12.78038
39.906103171225574
18.322662
-35.247253
-9.986633
40.96122135964011
17.605469
-35.959763
-8.589752
40.94924688333718
17.605469
-34.53476
-8.589752
39.703727612506675
19.757034
-35.959763
-10.685059
42.39829426339357
18.322662
-35.247253
-9.288193
40.79656082318704
18.322662
-35.247253
-9.288193
40.79656082318704
17.605469
-34.53476
-8.589752
39.703727612506675
18.322662
-34.53476
-9.986633
40.349751139160546
19.039856
-33.82225
-9.986633
40.07734374238533
17.605469
-35.959763
-10.685059
41.43944424171854
19.757034
-34.53476
-7.8913116
40.561839423068726
19.039856
-33.82225
-9.986633
40.07734374238533
19.039856
-35.959763
-8.589752
41.58610848522993
18.322662
-33.109756
-9.288193
38.964682213011024
19.039856
-35.247253
-9.986633
41.287017303888184
19.039856
-34.53476
-10.685059
40.85751220658127
19.757034
-34.53476
-8.589752
40.703486382752736
20.474228
-34.53476
-9.986633
41.37120273832542
19.757034
-33.109756
-9.986633
39.828748707846856
21.191406
-33.82225
-10.685059
41.318165446912545
17.605469
-34.53476
-9.288193
39.86066583317522
19.757034
-33.82225
-9.288193
40.256122763150884
19.757034
-34.53476
-8.589752
40.703486382752736
20.474228
-33.82225
-8.589752
40.45889720792263
18.322662
-33.82225
-7.8913116
39.26751046259092
17.605469
-32.397263
-7.8913116
37.70686918054106
19.757034
-32.397263
-10.685059
39.42199421553516
19.039856
-32.397263
-9.288193
38.708775008973255
21.191406
-33.109756
-9.288193
40.39309560867503
19.039856
-35.959763
-9.288193
41.735969058849584
19.757034
-33.82225
-8.589752
40.100732232540814
19.039856
-33.82225
-9.986633
40.07734374238533
19.039856
-34.53476
-9.986633
40.68044443673536
19.757034
-34.53476
-10.685059
41.19660814267283
18.322662
-33.82225
-7.192871
39.13313145582733
18.322662
-34.53476
-9.986633
40.349751139160546
17.605469
-34.53476
-6.494446
39.30368976695286
18.322662
-34.53476
-7.192871
39.75056044465364
16.88829
-34.53476
-8.589752
39.39096123666491
19.039856
-33.82225
-9.288193
39.90903658536341
17.605469
-33.82225
-10.685059
39.59883365647434
17.605469
-34.53476
-9.986633
40.02917637096097
16.88829
-34.53476
-8.589752
39.39096123666491
16.88829
-34.53476
-9.288193
39.54914059097081
16.88829
-34.53476
-9.288193
39.54914059097081
18.322662
-35.959763
-9.288193
41.4137051071638
16.88829
-34.53476
-8.589752
39.39096123666491
16.88829
-34.53476
-8.589752
39.39096123666491
17.605469
-35.247253
-8.589752
40.32499503545382
16.88829
-35.959763
-9.288193
40.799379351514034
16.171097
-34.53476
-7.8913116
38.94132611869828
16.88829
-35.247253
-7.8913116
39.87299937428288
16.171097
-33.82225
-9.288193
38.62278449855571
15.453918
-33.82225
-8.589752
38.16480056220817
14.736725
-33.82225
-8.589752
37.88006618344931
17.605469
-34.53476
-9.288193
39.86066583317522
17.605469
-34.53476
-5.7960052
39.19433378412306
16.88829
-32.397263
-8.589752
37.53106460716076
17.605469
-35.247253
-6.494446
39.931181645152016
16.171097
-35.247253
-9.288193
39.876607162948616
15.453918
-35.959763
-7.8913116
39.92744579527189
16.171097
-35.247253
-8.589752
39.71973192875535
16.171097
-35.247253
-8.589752
39.71973192875535
16.171097
-33.82225
-9.986633
38.79667205696015
16.171097
-35.959763
-8.589752
40.353348066738064
16.171097
-35.247253
-9.288193
39.876607162948616
16.171097
-34.53476
-7.8913116
38.94132611869828
15.453918
-35.247253
-7.192871
39.152649101186306
16.171097
-36.672256
-6.494446
40.60217507835941
16.171097
-36.672256
-8.589752
40.98954230197015
16.171097
-34.53476
-7.8913116
38.94132611869828
16.88829
-34.53476
-9.288193
39.54914059097081
16.171097
-35.247253
-9.288193
39.876607162948616
16.171097
-35.959763
-8.589752
40.353348066738064
16.171097
-34.53476
-7.8913116
38.94132611869828
16.171097
-34.53476
-8.589752
39.088845803002904
16.88829
-35.247253
-7.192871
39.74066781913633
16.171097
-32.397263
-8.589752
37.213852926153386
17.605469
-34.53476
-9.288193
39.86066583317522
17.605469
-35.247253
-7.8913116
40.18201386542554
17.605469
-34.53476
-9.986633
40.02917637096097
14.736725
-36.672256
-8.589752
40.44513820104417
16.88829
-34.53476
-8.589752
39.39096123666491
16.171097
-34.53476
-9.986633
39.41937139047644
16.88829
-34.53476
-8.589752
39.39096123666491
16.171097
-33.109756
-7.8913116
37.68332791998339
16.88829
-35.959763
-7.192871
40.37395539718721
16.171097
-33.82225
-7.192871
38.173110973133795
16.171097
-35.959763
-8.589752
40.353348066738064
16.171097
-33.82225
-8.589752
38.46079546870992
16.88829
-33.82225
-7.8913116
38.61905957808026
16.88829
-33.109756
-7.192871
37.85773056684559
16.171097
-35.247253
-7.8913116
39.57456402999359
18.322662
-35.247253
-7.8913116
40.501378918944695
15.453918
-35.959763
-7.8913116
39.92744579527189
15.453918
-36.672256
-7.8913116
40.57031926993011
16.171097
-33.82225
-6.494446
38.04769153384588
15.453918
-34.53476
-7.192871
38.512474516179495
14.019531
-35.247253
-7.192871
38.608982950255566
15.453918
-34.53476
-7.192871
38.512474516179495
15.453918
-34.53476
-7.8913116
38.64901154945622
14.019531
-35.959763
-7.8913116
39.39447373105617
15.453918
-34.53476
-5.7960052
38.276192267926156
15.453918
-35.959763
-7.8913116
39.92744579527189
15.453918
-35.247253
-8.589752
39.43318803190245
15.453918
-35.959763
-7.8913116
39.92744579527189
14.736725
-35.247253
-9.288193
39.316795708764054
14.736725
-33.82225
-8.589752
37.88006618344931
13.302353
-33.109756
-8.589752
36.70139549990743
15.453918
-35.247253
-8.589752
39.43318803190245
15.453918
-33.109756
-9.986633
37.87891732784462
14.019531
-34.53476
-8.589752
38.24893087251753
14.736725
-34.53476
-7.8913116
38.36787074961777
17.605469
-34.53476
-9.288193
39.86066583317522
15.453918
-35.247253
-8.589752
39.43318803190245
14.736725
-33.82225
-7.8913116
37.727820341683866
14.019531
-34.53476
-9.986633
38.58665167515834
14.019531
-33.82225
-9.288193
37.772507582917534
14.736725
-33.82225
-9.288193
38.04452796918944
15.453918
-35.247253
-10.685059
39.94199590793348
14.736725
-33.82225
-9.986633
38.221046409954226
15.453918
-34.53476
-10.685059
39.31467663390003
14.019531
-35.247253
-9.986633
39.22561568390291
15.453918
-34.53476
-9.986633
39.1306280896116
14.736725
-33.109756
-9.986633
37.59201763724664
14.736725
-33.82225
-7.8913116
37.727820341683866
15.453918
-33.109756
-6.494446
37.11141935158318
16.171097
-33.82225
-9.986633
38.79667205696015
16.88829
-33.82225
-9.288193
38.928517096845276
14.736725
-35.247253
-9.288193
39.316795708764054
14.019531
-33.109756
-10.685059
37.509648823773496
15.453918
-35.959763
-10.685059
40.5721410922877
16.171097
-33.109756
-10.685059
38.36575176121439
14.736725
-35.247253
-9.986633
39.48762724041703
15.453918
-33.109756
-7.8913116
37.38117730880326
15.453918
-33.109756
-8.589752
37.53482920329214
16.88829
-33.82225
-9.288193
38.928517096845276
16.88829
-32.397263
-9.986633
37.875186932294476
15.453918
-33.109756
-10.685059
38.069017876356
15.453918
-33.109756
-11.383499
38.27092335205345
16.88829
-30.25975
-12.08194
36.69931999221001
17.605469
-31.684753
-11.383499
37.99289677134563
15.453918
-33.82225
-12.78038
39.3205585316662
16.171097
-31.684753
-10.685059
37.14294698515705
18.322662
-32.397263
-11.383499
38.921545688089004
16.171097
-32.397263
-11.383499
37.9561739718076
16.88829
-30.25975
-10.685059
36.26344376249483
16.88829
-33.82225
-12.78038
39.906103171225574
16.171097
-30.97226
-11.383499
36.74737248791572
16.171097
-30.97226
-10.685059
36.537047096705486
17.605469
-32.397263
-10.685059
38.388874540373834
17.605469
-32.397263
-11.383499
38.58910650202982
16.88829
-31.684753
-10.685059
37.460759091076724
16.171097
-32.397263
-10.685059
37.752583598468796
16.88829
-31.684753
-10.685059
37.460759091076724
17.605469
-34.53476
-11.383499
40.400325237513556
17.605469
-32.397263
-10.685059
38.388874540373834
16.171097
-30.97226
-9.288193
36.15322649685381
17.605469
-31.684753
-11.383499
37.99289677134563
17.605469
-31.684753
-12.08194
38.20797515224243
17.605469
-31.684753
-12.78038
38.43454479239266
16.171097
-30.25975
-10.685059
35.935044073691145
16.88829
-31.684753
-12.78038
38.11136410860611
15.453918
-32.397263
-10.685059
37.45099173889208
16.88829
-31.684753
-9.986633
37.267555964123304
16.171097
-32.397263
-9.986633
37.56088156871122
17.605469
-30.97226
-9.986633
36.99954305830597
16.88829
-32.397263
-9.288193
37.697049020882424
17.605469
-31.684753
-9.288193
37.418532927485444
16.88829
-33.109756
-9.288193
38.31110602327428
16.88829
-32.397263
-9.986633
37.875186932294476
16.88829
-33.109756
-10.685059
38.67351637930827
16.88829
-31.684753
-12.08194
37.88286164025479
18.322662
-32.397263
-10.685059
38.723031189864905
16.171097
-32.397263
-11.383499
37.9561739718076
17.605469
-33.109756
-10.685059
38.992038011885356
17.605469
-33.109756
-12.08194
39.39773804034075
15.453918
-33.109756
-9.986633
37.87891732784462
16.171097
-31.684753
-9.986633
36.94808204225982
16.171097
-29.547256
-12.08194
35.784325400039855
17.605469
-32.397263
-12.08194
38.80088172775926
16.88829
-32.397263
-11.383499
38.26723276532581
16.171097
-32.397263
-12.08194
38.17145926912377
17.605469
-31.684753
-12.78038
38.43454479239266
17.605469
-30.97226
-12.78038
37.84932672060528
16.171097
-32.397263
-11.383499
37.9561739718076
18.322662
-31.684753
-11.383499
38.33050402828666
16.88829
-31.684753
-11.383499
37.66592523525906
19.757034
-30.97226
-11.383499
38.46043840449072
19.039856
-31.684753
-12.78038
39.112374410552604
17.605469
-32.397263
-12.08194
38.80088172775926
18.322662
-32.397263
-10.685059
38.723031189864905
17.605469
-31.684753
-12.08194
38.20797515224243
17.605469
-31.684753
-12.08194
38.20797515224243
19.039856
-33.82225
-12.08194
40.65014095868472
19.039856
-33.82225
-10.685059
40.25706429418243
17.605469
-30.25975
-12.78038
37.268527140663544
17.605469
-30.97226
-12.08194
37.619232648195556
18.322662
-30.97226
-13.478821
38.427587009326714
19.039856
-32.397263
-12.08194
39.47242102385379
19.039856
-32.397263
-11.383499
39.264269524952645
19.039856
-33.109756
-9.288193
39.30702993790122
18.322662
-30.97226
-10.685059
37.53893161397578
17.605469
-32.397263
-12.08194
38.80088172775926
21.191406
-31.684753
-14.875687
40.918031212661155
19.039856
-31.684753
-12.78038
39.112374410552604
18.322662
-31.684753
-12.08194
38.543700150466385
19.039856
-32.397263
-13.478821
39.922141021618565
18.322662
-31.684753
-10.685059
38.128914053695034
18.322662
-30.97226
-12.78038
38.1882048446613
17.605469
-30.25975
-12.08194
37.03482478789811
19.039856
-33.109756
-12.08194
40.05927310034625
19.039856
-32.397263
-13.478821
39.922141021618565
19.757034
-30.97226
-12.08194
38.672918230878146
19.039856
-32.397263
-12.78038
39.6917735765037
19.039856
-30.97226
-11.383499
38.096995990702794
19.039856
-33.109756
-10.685059
39.66034073168213
20.474228
-32.397263
-13.478821
40.62579476386047
19.039856
-32.397263
-12.08194
39.47242102385379
19.039856
-31.684753
-11.383499
38.678465347537056
19.757034
-30.25975
-13.478821
38.57034493998028
21.191406
-31.684753
-12.08194
39.98715461469705
18.322662
-31.684753
-12.08194
38.543700150466385
20.474228
-32.397263
-11.383499
39.97950219428858
19.757034
-31.684753
-14.177246
39.94068325293068
21.191406
-31.684753
-12.08194
39.98715461469705
19.039856
-30.97226
-13.478821
38.774677122285624
19.757034
-33.109756
-11.383499
40.20174647850358
19.757034
-33.109756
-9.986633
39.828748707846856
17.605469
-31.684753
-10.685059
37.78950424204285
18.322662
-31.684753
-9.986633
37.93911362661808
21.191406
-30.97226
-9.288193
38.660407074878464
19.757034
-33.109756
-9.986633
39.828748707846856
19.757034
-33.82225
-9.986633
40.422984800671415
18.322662
-33.82225
-9.986633
39.74163231256597
17.605469
-33.109756
-10.685059
38.992038011885356
19.039856
-31.684753
-9.986633
38.290631822308214
17.605469
-33.109756
-9.986633
38.806459310012904
16.88829
-33.109756
-9.986633
38.48640181934393
18.322662
-35.247253
-10.685059
41.13708058934254
18.322662
-32.397263
-10.685059
38.723031189864905
18.322662
-33.82225
-10.685059
39.92286416338152
17.605469
-33.82225
-10.685059
39.59883365647434
17.605469
-32.397263
-11.383499
38.58910650202982
18.322662
-32.397263
-11.383499
38.921545688089004
17.605469
-32.397263
-10.685059
38.388874540373834
18.322662
-33.82225
-11.383499
40.11544010921792
16.88829
-34.53476
-9.986633
39.71897281851348
16.88829
-31.684753
-12.08194
37.88286164025479
16.171097
-33.82225
-11.383499
39.179496665786495
16.171097
-32.397263
-10.685059
37.752583598468796
16.171097
-32.397263
-11.383499
37.9561739718076
18.322662
-31.684753
-10.685059
38.128914053695034
17.605469
-33.109756
-11.383499
39.18918831092002
16.88829
-33.109756
-9.986633
38.48640181934393
14.736725
-32.397263
-10.685059
37.16078839766371
17.605469
-33.82225
-10.685059
39.59883365647434
14.736725
-32.397263
-10.685059
37.16078839766371
17.605469
-32.397263
-11.383499
38.58910650202982
16.171097
-33.109756
-10.685059
38.36575176121439
16.171097
-32.397263
-11.383499
37.9561739718076
15.453918
-33.109756
-12.08194
38.48444954063021
16.171097
-32.397263
-11.383499
37.9561739718076
16.171097
-32.397263
-12.78038
38.398244372606904
14.736725
-31.684753
-10.685059
36.54127989984409
16.171097
-33.109756
-10.685059
38.36575176121439
14.736725
-32.397263
-12.78038
37.81655453468758
16.171097
-30.97226
-12.08194
36.9696976579722
16.171097
-34.53476
-10.685059
39.60207803841785
14.736725
-34.53476
-9.986633
38.85297243193724
16.171097
-34.53476
-11.383499
39.79620631554439
15.453918
-33.109756
-11.383499
38.27092335205345
16.171097
-31.684753
-13.478821
38.040853925520814
16.88829
-29.547256
-13.478821
36.60509838177003
16.88829
-30.97226
-12.08194
37.288986388200136
17.605469
-30.25975
-12.08194
37.03482478789811
17.605469
-31.684753
-12.78038
38.43454479239266
17.605469
-33.109756
-12.08194
39.39773804034075
16.88829
-30.25975
-12.08194
36.69931999221001
16.88829
-30.97226
-12.08194
37.288986388200136
17.605469
-30.25975
-11.383499
36.812891286120816
17.605469
-31.684753
-11.383499
37.99289677134563
16.171097
-30.97226
-14.177246
37.70649202744303
19.039856
-30.97226
-10.685059
37.894162206029506
16.88829
-30.25975
-12.08194
36.69931999221001
16.88829
-30.25975
-11.383499
36.475346848719276
17.605469
-31.684753
-12.08194
38.20797515224243
17.605469
-31.684753
-12.08194
38.20797515224243
16.171097
-30.97226
-10.685059
36.537047096705486
16.88829
-32.397263
-11.383499
38.26723276532581
17.605469
-28.834763
-10.685059
35.43397421007574
17.605469
-31.684753
-12.08194
38.20797515224243
15.453918
-30.25975
-13.478821
36.55344940065079
18.322662
-31.684753
-12.08194
38.543700150466385
14.736725
-31.684753
-10.685059
36.54127989984409
17.605469
-30.97226
-12.08194
37.619232648195556
16.171097
-30.25975
-11.383499
36.14887227558938
16.88829
-30.97226
-11.383499
37.06857625675857
17.605469
-30.97226
-11.383499
37.400767142031995
17.605469
-32.397263
-12.08194
38.80088172775926
16.88829
-32.397263
-9.986633
37.875186932294476
16.88829
-31.684753
-9.986633
37.267555964123304
16.171097
-31.684753
-10.685059
37.14294698515705
15.453918
-31.684753
-9.986633
36.63986872886897
16.88829
-30.25975
-12.78038
36.93514526916995
14.736725
-30.97226
-9.986633
35.723727302492
16.88829
-31.684753
-12.78038
38.11136410860611
16.88829
-30.97226
-11.383499
37.06857625675857
16.171097
-32.397263
-13.478821
38.63632520051564
15.453918
-30.97226
-10.685059
36.225336774336036
15.453918
-32.397263
-9.986633
37.25773796254863
14.019531
-32.397263
-12.78038
37.54288238239207
16.171097
-30.25975
-12.08194
36.374855696663936
15.453918
-32.397263
-14.177246
38.59275207464884
15.453918
-30.25975
-13.478821
36.55344940065079
14.736725
-29.547256
-12.08194
35.159418260016935
15.453918
-29.547256
-11.383499
35.23418791524611
15.453918
-30.25975
-11.383499
35.83378376049269
14.019531
-31.684753
-12.08194
36.69392445346879
15.453918
-29.547256
-12.08194
35.46600003105968
14.019531
-30.25975
-12.78038
35.71467264020314
14.736725
-30.97226
-12.78038
36.603142475237014
15.453918
-31.684753
-12.08194
37.26553983218779
12.585159
-28.834763
-12.78038
33.958325145385004
16.171097
-29.547256
-12.08194
35.784325400039855
14.736725
-29.547256
-12.78038
35.405501840065405
14.019531
-33.109756
-12.08194
37.93120732665667
14.019531
-31.684753
-12.08194
36.69392445346879
14.019531
-30.97226
-12.78038
36.320328464451215
15.453918
-31.684753
-12.78038
37.49780429769772
14.736725
-29.547256
-12.08194
35.159418260016935
14.736725
-33.109756
-10.685059
37.78356169261558
14.736725
-31.684753
-12.08194
36.973880930918654
13.302353
-30.25975
-12.08194
35.193442132599436
14.019531
-30.25975
-11.383499
35.23895133806127
14.736725
-31.684753
-11.383499
36.751581067179956
14.736725
-30.97226
-10.685059
35.925233980079206
14.019531
-30.97226
-10.685059
35.63704052284031
12.585159
-30.97226
-13.478821
36.046438147547946
14.736725
-30.97226
-12.08194
36.36516424957321
14.019531
-30.25975
-12.08194
35.47073404417806
14.019531
-33.109756
-12.08194
37.93120732665667
14.736725
-30.97226
-12.08194
36.36516424957321
14.736725
-31.684753
-12.08194
36.973880930918654
15.453918
-30.97226
-14.177246
37.404528534427655
14.019531
-30.25975
-12.78038
35.71467264020314
14.736725
-29.547256
-12.08194
35.159418260016935
14.736725
-30.25975
-12.78038
36.00224466743359
15.453918
-30.97226
-12.08194
36.66166606673874
15.453918
-29.547256
-12.08194
35.46600003105968
16.171097
-30.97226
-12.78038
37.20380912065239
16.171097
-31.684753
-11.383499
37.34985894070585
14.736725
-30.97226
-12.08194
36.36516424957321
16.171097
-30.25975
-12.78038
36.61277092924254
14.736725
-30.25975
-12.08194
35.76026779723115
14.019531
-30.97226
-11.383499
35.8526443846894
16.171097
-30.97226
-12.78038
37.20380912065239
15.453918
-30.97226
-11.383499
36.437459798434084
14.736725
-31.684753
-11.383499
36.751581067179956
16.171097
-30.25975
-12.08194
36.374855696663936
15.453918
-30.97226
-13.478821
37.145431496412684
15.453918
-30.25975
-12.78038
36.301710827237535
13.302353
-31.684753
-12.08194
36.425945249295694
16.171097
-28.834763
-12.78038
35.44412519363664
15.453918
-30.97226
-10.685059
36.225336774336036
14.736725
-30.25975
-10.685059
35.31280247381518
15.453918
-30.97226
-11.383499
36.437459798434084
13.302353
-30.25975
-12.78038
35.43928945823671
14.736725
-32.397263
-10.685059
37.16078839766371
14.736725
-31.684753
-9.288193
36.157504232243234
14.019531
-31.684753
-8.589752
35.69670347065503
14.736725
-31.684753
-10.685059
36.54127989984409
14.019531
-32.397263
-9.986633
36.68600102080407
14.736725
-30.97226
-9.986633
35.723727302492
12.585159
-33.109756
-8.589752
36.44757914307375
15.453918
-30.97226
-10.685059
36.225336774336036
13.302353
-30.97226
-11.383499
35.57833086238202
13.302353
-30.97226
-12.08194
35.80791514608711
15.453918
-30.97226
-12.08194
36.66166606673874
14.736725
-31.684753
-10.685059
36.54127989984409
12.585159
-32.397263
-12.08194
36.79595274852759
14.736725
-32.397263
-9.986633
36.96601750520757
13.302353
-32.397263
-11.383499
36.82552626596971
15.453918
-30.97226
-12.08194
36.66166606673874
14.019531
-30.25975
-10.685059
35.019569375676404
13.302353
-30.97226
-9.986633
35.15631249994444
12.585159
-31.684753
-10.685059
35.72786512905141
14.019531
-32.397263
-10.685059
36.882250677515096
12.585159
-31.684753
-10.685059
35.72786512905141
14.736725
-30.25975
-10.685059
35.31280247381518
13.302353
-30.25975
-10.685059
34.73867635310282
14.019531
-30.25975
-10.685059
35.019569375676404
14.736725
-31.684753
-9.986633
36.343189081011104
13.302353
-32.397263
-10.685059
36.61564980369562
12.585159
-31.684753
-11.383499
35.94292418304506
14.019531
-30.97226
-9.986633
35.43389497481102
14.736725
-29.547256
-9.986633
34.49556803224419
13.302353
-31.684753
-9.986633
35.785597784430855
14.019531
-32.397263
-11.383499
37.09061696962589
13.302353
-31.684753
-10.685059
35.98675802194034
14.019531
-30.97226
-10.685059
35.63704052284031
14.736725
-31.684753
-10.685059
36.54127989984409
13.302353
-31.684753
-9.288193
35.597004487956916
13.302353
-32.397263
-9.288193
36.23266186926945
12.585159
-28.122253
-9.986633
32.3879641936534
14.736725
-30.97226
-9.288193
35.534805643331936
13.302353
-30.25975
-10.685059
34.73867635310282
14.019531
-30.25975
-9.986633
34.81282084401072
12.585159
-30.25975
-7.8913116
33.7092201546921
15.453918
-30.97226
-9.986633
36.0255087441307
14.736725
-29.547256
-9.986633
34.49556803224419
14.019531
-32.397263
-8.589752
36.33061651402385
15.453918
-30.25975
-12.78038
36.301710827237535
14.736725
-29.547256
-10.685059
34.704206632738526
15.453918
-30.97226
-9.288193
35.83817796707863
15.453918
-30.97226
-9.288193
35.83817796707863
15.453918
-30.97226
-12.08194
36.66166606673874
15.453918
-30.97226
-9.986633
36.0255087441307
15.453918
-29.547256
-11.383499
35.23418791524611
13.302353
-30.97226
-10.685059
35.361052766205574
13.302353
-30.25975
-12.08194
35.193442132599436
14.736725
-30.25975
-9.986633
35.10778082439935
14.736725
-29.547256
-9.986633
34.49556803224419
15.453918
-28.834763
-9.986633
34.205260968594985
14.736725
-29.547256
-9.986633
34.49556803224419
14.736725
-29.547256
-7.8913116
33.94825846681516
16.88829
-27.40976
-12.08194
34.387243913191305
16.171097
-30.97226
-9.288193
36.15322649685381
16.171097
-30.25975
-10.685059
35.935044073691145
15.453918
-28.834763
-10.685059
34.41565954722228
16.171097
-30.25975
-7.192871
35.055588528926094
16.171097
-30.25975
-7.8913116
35.205534898649105
15.453918
-31.684753
-9.288193
36.4556950310279
15.453918
-30.97226
-9.288193
35.83817796707863
14.736725
-30.25975
-8.589752
34.73625339331643
16.88829
-30.25975
-9.288193
35.876696184313886
14.736725
-30.25975
-8.589752
34.73625339331643
15.453918
-30.97226
-10.685059
36.225336774336036
15.453918
-30.25975
-9.288193
35.22423288066399
14.019531
-30.25975
-9.986633
34.81282084401072
14.019531
-29.547256
-9.288193
33.997913969784605
13.302353
-29.547256
-9.288193
33.70850675622364
14.019531
-31.684753
-9.986633
36.058336252262805
14.736725
-30.25975
-10.685059
35.31280247381518
14.019531
-30.97226
-9.288193
35.243419709393976
14.736725
-30.97226
-9.986633
35.723727302492
14.019531
-30.25975
-10.685059
35.019569375676404
14.736725
-29.547256
-11.383499
34.9255695752589
14.736725
-29.547256
-9.986633
34.49556803224419
14.019531
-31.684753
-10.685059
36.257983361211295
16.171097
-29.547256
-10.685059
35.33716471310252
13.302353
-31.684753
-9.986633
35.785597784430855
13.302353
-30.25975
-9.986633
34.530246026129035
15.453918
-28.834763
-11.383499
34.63886652618341
15.453918
-30.25975
-10.685059
35.618065731385705
15.453918
-30.97226
-10.685059
36.225336774336036
15.453918
-28.834763
-10.685059
34.41565954722228
15.453918
-32.397263
-9.986633
37.25773796254863
15.453918
-28.122253
-12.08194
34.287868977006646
14.019531
-30.25975
-12.08194
35.47073404417806
15.453918
-28.834763
-10.685059
34.41565954722228
14.736725
-30.97226
-9.986633
35.723727302492
14.019531
-31.684753
-10.685059
36.257983361211295
16.171097
-29.547256
-12.78038
36.026140682843064
14.736725
-30.97226
-11.383499
36.13911853756086
14.019531
-30.97226
-12.08194
36.080484913614484
15.453918
-30.97226
-11.383499
36.437459798434084
16.171097
-29.547256
-11.383499
35.55458707550089
15.453918
-31.684753
-9.288193
36.4556950310279
15.453918
-32.397263
-9.288193
37.07663358252068
16.171097
-33.109756
-10.685059
38.36575176121439
14.736725
-30.97226
-10.685059
35.925233980079206
15.453918
-29.547256
-11.383499
35.23418791524611
14.736725
-30.25975
-12.08194
35.76026779723115
15.453918
-30.25975
-11.383499
35.83378376049269
16.171097
-30.25975
-8.589752
35.368639694341155
16.171097
-30.97226
-11.383499
36.74737248791572
16.171097
-30.25975
-11.383499
36.14887227558938
17.605469
-30.97226
-9.986633
36.99954305830597
16.171097
-30.97226
-12.08194
36.9696976579722
14.736725
-30.25975
-12.78038
36.00224466743359
16.88829
-31.684753
-14.177246
38.60223053333107
16.88829
-30.97226
-10.685059
36.86008371510264
16.88829
-32.397263
-12.78038
38.705750630054155
16.88829
-32.397263
-11.383499
38.26723276532581
17.605469
-30.25975
-12.78038
37.268527140663544
17.605469
-31.684753
-12.08194
38.20797515224243
15.453918
-30.97226
-11.383499
36.437459798434084
15.453918
-30.97226
-12.08194
36.66166606673874
16.88829
-33.82225
-12.78038
39.906103171225574
16.88829
-31.684753
-12.78038
38.11136410860611
17.605469
-31.684753
-13.478821
38.67240214287186
15.453918
-32.397263
-10.685059
37.45099173889208
16.171097
-32.397263
-9.288193
37.38124588540773
14.736725
-31.684753
-13.478821
37.45361388917463
14.736725
-32.397263
-10.685059
37.16078839766371
15.453918
-33.109756
-11.383499
38.27092335205345
16.171097
-34.53476
-10.685059
39.60207803841785
17.605469
-32.397263
-9.288193
38.0237513149676
16.171097
-33.109756
-10.685059
38.36575176121439
18.322662
-33.109756
-9.288193
38.964682213011024
15.453918
-32.397263
-8.589752
36.907859101776175
16.88829
-33.109756
-9.986633
38.48640181934393
16.171097
-32.397263
-7.8913116
37.05887023751871
14.736725
-33.82225
-8.589752
37.88006618344931
16.171097
-34.53476
-7.192871
38.80581759855328
14.736725
-33.82225
-7.8913116
37.727820341683866
14.019531
-34.53476
-7.192871
37.95964075398864
16.171097
-32.397263
-7.8913116
37.05887023751871
16.171097
-33.82225
-7.8913116
38.310857491810495
16.88829
-34.53476
-9.288193
39.54914059097081
16.171097
-33.109756
-7.192871
37.54327906209546
14.019531
-33.82225
-7.192871
37.312588332181875
15.453918
-33.82225
-7.192871
37.87486785764902
15.453918
-34.53476
-8.589752
38.79764271290364
14.019531
-33.82225
-8.589752
37.60685622018444
14.019531
-33.109756
-8.589752
36.967377999160455
14.736725
-33.109756
-8.589752
37.24527910258812
13.302353
-34.53476
-7.8913116
37.8401258199588
14.736725
-33.82225
-8.589752
37.88006618344931
14.019531
-33.109756
-7.8913116
36.81135761968971
14.019531
-34.53476
-10.685059
38.773282446042984
13.302353
-33.82225
-9.288193
37.51223433240647
15.453918
-34.53476
-9.288193
38.95823115099122
12.585159
-35.959763
-8.589752
39.05476329633573
12.585159
-33.109756
-8.589752
36.44757914307375
13.302353
-34.53476
-9.986633
38.33190685327059
13.302353
-34.53476
-8.589752
37.99192162023971
14.019531
-34.53476
-7.192871
37.95964075398864
14.736725
-33.82225
-9.986633
38.221046409954226
14.019531
-32.397263
-8.589752
36.33061651402385
15.453918
-32.397263
-8.589752
36.907859101776175
14.736725
-33.109756
-8.589752
37.24527910258812
14.736725
-33.109756
-7.8913116
37.090427728749134
12.585159
-33.82225
-7.192871
36.79766619372331
13.302353
-33.82225
-8.589752
37.34542850568778
15.453918
-34.53476
-9.986633
39.1306280896116
13.302353
-33.82225
-8.589752
37.34542850568778
14.019531
-33.109756
-8.589752
36.967377999160455
14.019531
-33.109756
-9.288193
37.13588198048822
14.736725
-32.397263
-7.8913116
36.45581557526607
14.736725
-33.82225
-7.192871
37.58793725843106
16.171097
-32.397263
-8.589752
37.213852926153386
15.453918
-33.109756
-7.192871
37.23999216704486
16.171097
-30.97226
-8.589752
35.98012078630191
15.453918
-32.397263
-10.685059
37.45099173889208
14.019531
-32.397263
-9.288193
36.50206008741151
15.453918
-32.397263
-7.8913116
36.751586049427004
14.736725
-30.97226
-8.589752
35.35867245490754
14.019531
-30.97226
-7.8913116
34.901303015051425
15.453918
-31.684753
-10.685059
36.83636416110275
14.736725
-30.97226
-9.288193
35.534805643331936
17.605469
-32.397263
-8.589752
37.85919927476758
16.171097
-30.97226
-10.685059
36.537047096705486
16.171097
-31.684753
-9.288193
36.76545234766091
16.88829
-30.97226
-8.589752
36.30811276745701
15.453918
-31.684753
-9.288193
36.4556950310279
18.322662
-30.25975
-10.685059
36.953253831699314
17.605469
-31.684753
-9.986633
37.59799046117691
17.605469
-33.109756
-8.589752
38.47066817161242
15.453918
-30.25975
-10.685059
35.618065731385705
17.605469
-31.684753
-10.685059
37.78950424204285
14.736725
-30.97226
-9.288193
35.534805643331936
16.171097
-31.684753
-9.986633
36.94808204225982
16.171097
-32.397263
-9.288193
37.38124588540773
15.453918
-32.397263
-7.8913116
36.751586049427004
16.171097
-30.25975
-7.8913116
35.205534898649105
16.88829
-30.97226
-7.192871
36.003231327418725
15.453918
-30.97226
-8.589752
35.6635430890435
14.019531
-30.25975
-7.192871
34.11652288538594
16.88829
-32.397263
-6.494446
37.107611800217285
16.88829
-32.397263
-8.589752
37.53106460716076
16.171097
-30.97226
-5.7960052
35.41721200560541
15.453918
-32.397263
-7.192871
36.60797285780534
16.171097
-30.97226
-6.494446
35.53819262097645
16.88829
-30.25975
-5.7960052
35.134889344051594
16.171097
-32.397263
-4.399124
36.4751878823768
14.736725
-33.109756
-3.0022583
36.36537572688906
14.019531
-32.397263
-3.7006836
35.494012891921294
15.453918
-31.684753
-3.7006836
35.446329298563306
14.736725
-33.109756
-3.7006836
36.42968666228822
14.736725
-31.684753
-5.0975647
35.31401579987842
15.453918
-32.397263
-3.7006836
36.08464103132211
14.736725
-32.397263
-3.7006836
35.78335828941646
14.019531
-33.109756
-5.0975647
36.31512536228018
15.453918
-33.109756
-3.7006836
36.72566756647352
16.171097
-33.82225
-4.399124
37.74653983521205
14.736725
-32.397263
-1.6053772
35.627670883979874
14.736725
-33.109756
-1.6053772
36.27677318148539
14.019531
-31.684753
-2.3038177
34.7243206180166
15.453918
-32.397263
-2.3038177
35.968234140523215
14.736725
-30.97226
-2.3038177
34.37672935990821
