-26.744812
-22.792953
-11.445023
36.956626419738654
-27.462006
-21.367966
-12.143463
36.85397473952521
-28.896378
-23.505463
-10.048157
38.58073066078859
-27.462006
-22.792953
-12.143463
37.698065799707315
-28.1792
-21.367966
-10.048157
36.76442139710705
-30.33075
-22.08046
-10.746582
39.02550435592569
-28.896378
-22.08046
-13.540344
38.80577670481629
-28.896378
-21.367966
-12.143463
37.934869464505375
-29.613571
-20.655457
-12.143463
38.09298252149354
-28.1792
-21.367966
-12.143463
37.39145586467164
-27.462006
-21.367966
-12.841904
37.08997519230264
-26.744812
-22.08046
-14.23877
37.49098850057171
-26.744812
-19.230453
-12.143463
35.10782081005954
-28.896378
-22.08046
-12.841904
38.56762779926321
-27.462006
-18.51796
-13.540344
35.78292163125798
-27.462006
-19.942963
-14.23877
36.805245531483855
-28.896378
-19.942963
-13.540344
37.63061724835493
-26.027634
-18.51796
-14.23877
34.97277645216973
-28.1792
-18.51796
-12.841904
36.0818026763492
-27.462006
-18.51796
-15.635651
36.62717636985037
-28.1792
-19.942963
-12.841904
36.83345779697108
-27.462006
-17.805466
-14.23877
35.69227987637435
-28.1792
-19.230453
-13.540344
36.70447528380395
-27.462006
-17.092957
-13.540344
35.06667755861681
-28.1792
-19.230453
-13.540344
36.70447528380395
-28.1792
-18.51796
-14.23877
36.60224869287405
-28.1792
-19.942963
-13.540344
37.08274537952675
-27.462006
-17.092957
-14.93721
35.629358286039896
-28.1792
-18.51796
-14.23877
36.60224869287405
-28.1792
-18.51796
-15.635651
37.167937343983056
-27.462006
-19.230453
-13.540344
36.156783433835066
-28.1792
-21.367966
-13.540344
37.8681682808307
-28.896378
-19.230453
-13.540344
37.25790997182679
-28.896378
-17.092957
-15.635651
37.03570318688272
-28.1792
-18.51796
-14.93721
36.87956473335708
-27.462006
-17.092957
-14.93721
35.629358286039896
-26.744812
-19.230453
-16.334091
36.76816322783119
-28.1792
-18.51796
-14.23877
36.60224869287405
-28.896378
-20.655457
-13.540344
38.013015927216465
-28.1792
-19.230453
-14.23877
36.96782543222552
-27.462006
-19.230453
-14.93721
36.70275582509098
-28.1792
-19.942963
-13.540344
37.08274537952675
-26.744812
-21.367966
-14.93721
37.34963506190941
-27.462006
-18.51796
-14.23877
36.05300392196016
-27.462006
-19.230453
-15.635651
36.992506763405814
-28.1792
-19.942963
-15.635651
37.89805661656676
-28.1792
-19.230453
-14.23877
36.96782543222552
-27.462006
-19.942963
-15.635651
37.36786290028338
-26.744812
-19.230453
-16.334091
36.76816322783119
-28.1792
-19.230453
-16.334091
37.82433150382089
-28.1792
-18.51796
-15.635651
37.167937343983056
-27.462006
-17.805466
-15.635651
36.27216456010035
-28.1792
-17.805466
-17.032532
37.43272611465801
-28.1792
-18.51796
-14.93721
36.87956473335708
-28.896378
-20.655457
-16.334091
39.09540801340197
-26.744812
-18.51796
-14.23877
35.50975053154415
-28.896378
-19.942963
-14.93721
38.15550617364665
-27.462006
-19.230453
-14.93721
36.70275582509098
-27.462006
-18.51796
-14.93721
36.33451220731813
-26.027634
-18.51796
-16.334091
35.87694286442025
-29.613571
-19.942963
-14.93721
38.7014943388818
-29.613571
-17.092957
-15.635651
37.59795799391903
-28.1792
-17.805466
-17.032532
37.43272611465801
-27.462006
-18.51796
-16.334091
36.93073284299017
-28.896378
-18.51796
-14.23877
37.157206016927255
-28.896378
-19.942963
-15.635651
38.434308175403324
-27.462006
-18.51796
-16.334091
36.93073284299017
-29.613571
-19.230453
-16.334091
38.904709432350536
-30.33075
-17.092957
-15.635651
38.16539228108038
-28.896378
-19.230453
-16.334091
38.3616136694002
-30.33075
-18.51796
-14.23877
38.28330829925671
-28.896378
-18.51796
-14.23877
37.157206016927255
-31.047943
-19.230453
-14.93721
39.45764052129591
-30.33075
-18.51796
-16.334091
39.111016745405315
-28.896378
-17.805466
-17.032532
37.97554915974718
-29.613571
-20.655457
-16.334091
39.62845016525375
-29.613571
-19.230453
-14.23877
38.072516064638904
-31.765137
-17.805466
-15.635651
39.62994103657612
-31.047943
-17.805466
-15.635651
39.05743092109682
-31.047943
-17.805466
-15.635651
39.05743092109682
-31.047943
-17.805466
-15.635651
39.05743092109682
-29.613571
-17.805466
-16.334091
38.22042361421443
-31.047943
-19.942963
-14.93721
39.809757251972
-29.613571
-18.51796
-15.635651
38.26685316016003
-29.613571
-18.51796
-14.93721
37.98682215224857
-30.33075
-18.51796
-15.635651
38.824512533160025
-28.896378
-18.51796
-15.635651
37.71457166687201
-31.047943
-18.51796
-15.635651
39.38734925391654
-28.896378
-20.655457
-16.334091
39.09540801340197
-31.047943
-19.230453
-17.032532
40.29754749341919
-29.613571
-19.230453
-14.93721
38.33919880538797
-30.33075
-19.230453
-16.334091
39.45335395973167
-31.047943
-20.655457
-14.93721
40.17141919227991
-28.896378
-19.230453
-14.23877
37.51737553183691
-31.047943
-19.230453
-14.23877
39.198567702926816
-29.613571
-19.230453
-13.540344
37.816859575645125
-28.896378
-20.655457
-14.93721
38.53269620410454
-28.896378
-20.655457
-15.635651
38.80878857053516
-30.33075
-19.942963
-16.334091
39.80551014238245
-29.613571
-19.230453
-15.635651
38.61667461853428
-28.896378
-20.655457
-12.841904
37.769868788245084
-31.047943
-19.230453
-13.540344
38.95030293377463
-29.613571
-22.08046
-14.23877
39.58854389362139
-29.613571
-21.367966
-14.23877
39.195613818106295
-29.613571
-21.367966
-14.23877
39.195613818106295
-29.613571
-21.367966
-12.841904
38.71005060159603
-26.744812
-22.08046
-14.23877
37.49098850057171
-28.1792
-21.367966
-14.23877
38.1234806946249
-26.744812
-22.08046
-14.93721
37.76177835188479
-28.896378
-22.792953
-15.635651
39.98740951752033
-28.1792
-23.505463
-15.635651
39.88793811946006
-27.462006
-22.792953
-15.635651
38.96349641310922
-27.462006
-24.930466
-15.635651
40.251255560774126
-26.744812
-22.08046
-14.23877
37.49098850057171
-27.462006
-22.08046
-14.93721
38.27308107993871
-27.462006
-21.367966
-14.23877
37.596466093175735
-27.462006
-22.08046
-14.93721
38.27308107993871
-26.027634
-22.792953
-15.635651
37.96617146594123
-26.027634
-22.792953
-14.93721
37.6839061434263
-26.744812
-22.08046
-15.635651
38.04346429784293
-26.744812
-21.367966
-15.635651
37.63440756558418
-26.744812
-23.505463
-15.635651
38.8878564703607
-24.593262
-22.08046
-15.635651
36.562944041107045
-26.744812
-22.08046
-14.93721
37.76177835188479
-28.896378
-22.792953
-16.334091
40.26564015812676
-26.744812
-22.792953
-14.93721
38.18277033159475
-26.027634
-23.505463
-17.032532
38.98784115352503
-23.876068
-21.367966
-16.334091
35.96469249757757
-26.027634
-23.505463
-17.032532
38.98784115352503
-26.744812
-19.942963
-14.23877
36.27325829834046
-26.027634
-22.08046
-17.032532
38.145662305619695
-26.027634
-20.655457
-17.032532
37.3388922049617
-26.744812
-21.367966
-17.032532
38.235875532467865
-25.31044
-22.792953
-16.334091
37.774853741547595
-26.027634
-22.792953
-16.334091
38.25910392577334
-26.027634
-22.792953
-14.23877
37.4125526619033
-26.027634
-22.08046
-17.032532
38.145662305619695
-26.027634
-21.367966
-18.429398
38.38841505136999
-26.027634
-22.792953
-16.334091
38.25910392577334
-26.027634
-22.08046
-16.334091
37.838959621458606
-26.744812
-23.505463
-17.730957
39.77660856416981
-26.027634
-21.367966
-16.334091
37.42766624030027
-25.31044
-22.08046
-15.635651
37.049138611781515
-26.027634
-22.08046
-17.032532
38.145662305619695
-23.876068
-22.792953
-17.730957
37.46961822649202
-28.1792
-22.792953
-17.032532
40.046137332261836
-26.027634
-22.792953
-17.730957
38.87600010017829
-26.027634
-21.367966
-18.429398
38.38841505136999
-25.31044
-19.942963
-17.730957
36.77943622067823
-26.027634
-22.08046
-18.429398
38.78952275029061
-26.027634
-21.367966
-18.429398
38.38841505136999
-26.027634
-22.792953
-15.635651
37.96617146594123
-27.462006
-22.792953
-16.334091
39.248986103544766
-25.31044
-22.792953
-15.635651
37.478134901607966
-26.744812
-23.505463
-16.334091
39.17389740989847
-25.31044
-23.505463
-14.93721
37.6330355051001
-25.31044
-22.08046
-17.032532
37.65995508224718
-26.027634
-22.792953
-17.032532
38.56246517927926
-25.31044
-20.655457
-16.334091
36.524905552046775
-25.31044
-23.505463
-17.730957
38.826691371923836
-26.027634
-22.792953
-17.032532
38.56246517927926
-25.31044
-24.217957
-17.032532
38.95169910647352
-25.31044
-22.792953
-17.730957
38.39953028073716
-23.876068
-22.792953
-17.032532
37.14421390947889
-25.31044
-24.217957
-16.334091
38.65139293455347
-24.593262
-23.505463
-14.23877
36.87923373471004
-26.744812
-24.930466
-14.93721
39.49599156382043
-24.593262
-24.930466
-14.93721
38.07199664728575
-25.31044
-24.930466
-15.635651
38.81520471654761
-24.593262
-25.64296
-14.93721
38.542316119246614
-23.876068
-24.217957
-15.635651
37.43059658283414
-23.876068
-24.217957
-14.93721
37.144263205271685
-23.876068
-26.355453
-15.635651
38.8477817447068
-24.593262
-26.355453
-16.334091
39.575762365327535
-23.876068
-24.930466
-16.334091
38.18896721301684
-25.31044
-24.930466
-17.730957
39.705583048172365
-23.876068
-24.217957
-17.730957
38.353134039149914
-23.158875
-26.355453
-17.032532
39.000647906276825
-26.744812
-25.64296
-17.032532
40.77932825931847
-23.876068
-23.505463
-16.334091
37.274334019033795
-26.027634
-27.067963
-15.635651
40.67660184307435
-25.31044
-25.64296
-16.334091
39.55985563338642
-23.876068
-24.930466
-17.730957
38.80697833357826
-23.158875
-25.64296
-16.334091
38.219070994665906
-24.593262
-26.355453
-17.032532
39.86910651490543
-26.027634
-24.930466
-17.730957
40.166561480077085
-23.876068
-26.355453
-15.635651
38.8477817447068
-23.876068
-24.930466
-17.032532
38.49288121584139
-23.876068
-25.64296
-15.635651
38.36797574149567
-23.158875
-26.355453
-18.429398
39.63062022691939
-23.158875
-26.355453
-17.032532
39.000647906276825
-23.876068
-24.930466
-17.032532
38.49288121584139
-24.593262
-24.930466
-16.334091
38.64141793060265
-26.027634
-25.64296
-17.032532
40.31260749743419
-22.441696
-24.930466
-16.334091
37.3089845365488
-23.876068
-27.780457
-15.635651
39.82830583030742
-23.158875
-25.64296
-15.635651
37.92582771941998
-22.441696
-27.067963
-14.93721
38.20241563758599
-25.31044
-27.067963
-14.93721
39.95513994479074
-24.593262
-27.780457
-14.93721
39.996281260242654
-24.593262
-27.780457
-15.635651
40.26233858338491
-24.593262
-27.067963
-15.635651
39.774072039968765
-24.593262
-27.067963
-15.635651
39.774072039968765
-25.31044
-27.780457
-17.032532
41.26111060122928
-23.876068
-27.067963
-15.635651
39.334651946470814
-23.876068
-25.64296
-15.635651
38.36797574149567
-24.593262
-29.917953
-15.635651
41.765847128103665
-24.593262
-27.067963
-16.334091
40.05378464093624
-24.593262
-27.780457
-16.334091
40.53868233705926
-24.593262
-24.930466
-15.635651
38.35140574041094
-22.441696
-25.64296
-16.334091
37.78880326689045
-26.027634
-27.067963
-17.730957
41.52708929732269
-25.31044
-24.930466
-16.334091
39.10177712853183
-24.593262
-25.64296
-16.334091
39.104889500067635
-23.876068
-25.64296
-17.032532
38.958121483102694
-25.31044
-26.355453
-14.93721
39.47592317783319
-23.876068
-25.64296
-15.635651
38.36797574149567
-25.31044
-27.780457
-16.334091
40.97773249640437
-25.31044
-26.355453
-15.635651
39.74546394617724
-24.593262
-28.492966
-15.635651
40.7572247238143
-26.027634
-24.930466
-14.93721
39.013921355976414
-23.876068
-28.492966
-15.635651
40.3285184986614
-24.593262
-25.64296
-17.032532
39.401739432574544
-25.31044
-27.067963
-15.635651
40.22146941078235
-23.876068
-26.355453
-14.23877
38.30690626222395
-25.31044
-25.64296
-14.93721
39.003845025302475
-23.876068
-27.067963
-15.635651
39.334651946470814
-23.876068
-27.067963
-15.635651
39.334651946470814
-26.027634
-27.780457
-14.23877
40.64399195491568
-26.027634
-27.067963
-14.23877
40.16036427123685
-26.027634
-27.780457
-14.23877
40.64399195491568
-23.876068
-26.355453
-16.334091
39.134115601432086
-26.744812
-28.492966
-14.23877
41.591785089294525
-23.158875
-27.067963
-12.841904
37.86717057586789
-23.158875
-29.20546
-12.143463
39.20148088421693
-25.31044
-27.780457
-12.841904
39.71506793515214
-23.158875
-29.917953
-15.635651
40.937649093239955
-23.876068
-27.780457
-14.23877
39.3009285931166
-23.876068
-28.492966
-14.23877
39.80776714656717
-23.876068
-27.780457
-17.032532
40.39712381228009
-24.593262
-29.20546
-16.334091
41.52818132003856
-23.158875
-27.780457
-14.93721
39.130646806962574
-23.158875
-26.355453
-14.23877
37.86404512312357
-24.593262
-27.780457
-16.334091
40.53868233705926
-24.593262
-27.067963
-14.23877
39.24596447456811
-23.876068
-26.355453
-14.93721
38.57196848657957
-23.158875
-27.780457
-14.93721
39.130646806962574
-22.441696
-27.067963
-13.540344
37.67818020647859
-23.158875
-29.917953
-14.93721
40.676009142079835
-24.593262
-27.780457
-14.93721
39.996281260242654
-21.724503
-28.492966
-14.93721
38.81911049784307
-24.593262
-28.492966
-15.635651
40.7572247238143
-23.158875
-27.067963
-13.540344
38.10969691592204
-23.158875
-27.067963
-14.93721
38.62807652341024
-21.724503
-27.067963
-14.93721
37.78556472208914
-22.441696
-27.067963
-14.93721
38.20241563758599
-23.158875
-28.492966
-14.23877
39.38178729944132
-22.441696
-29.20546
-14.93721
39.74555147818039
-22.441696
-28.492966
-14.93721
39.224980829743565
-22.441696
-29.20546
-14.23877
39.48836761323279
-23.158875
-25.64296
-14.93721
37.6432615047999
-23.158875
-28.492966
-16.334091
40.1868773036905
-23.158875
-27.780457
-14.23877
38.86939456673303
-23.876068
-28.492966
-14.93721
40.062900678086045
-24.593262
-26.355453
-14.93721
39.019978419013924
-23.158875
-26.355453
-14.23877
37.86404512312357
-23.876068
-28.492966
-12.143463
39.10728214286391
-23.876068
-27.067963
-14.23877
38.80056397332953
-23.158875
-26.355453
-13.540344
37.60697145155154
-23.158875
-26.355453
-13.540344
37.60697145155154
-23.876068
-25.64296
-14.93721
38.088689804397646
-25.31044
-26.355453
-14.93721
39.47592317783319
-22.441696
-25.64296
-14.23877
36.93147324194247
-23.876068
-26.355453
-13.540344
38.05282454765595
-23.876068
-27.067963
-13.540344
38.549736099230465
-24.593262
-25.64296
-14.93721
38.542316119246614
-25.31044
-27.067963
-14.23877
39.69931387896946
-25.31044
-25.64296
-14.93721
39.003845025302475
-23.876068
-26.355453
-14.93721
38.57196848657957
-23.876068
-26.355453
-15.635651
38.8477817447068
-23.876068
-26.355453
-15.635651
38.8477817447068
-25.31044
-26.355453
-15.635651
39.74546394617724
-26.744812
-25.64296
-14.93721
39.94955162207315
-23.876068
-26.355453
-14.93721
38.57196848657957
-24.593262
-24.930466
-14.93721
38.07199664728575
-24.593262
-27.780457
-13.540344
39.49586329950819
-23.876068
-25.64296
-15.635651
38.36797574149567
-24.593262
-27.067963
-14.93721
39.504726465145126
-26.027634
-27.067963
-14.93721
40.413271878744396
-23.876068
-26.355453
-14.23877
38.30690626222395
-25.31044
-26.355453
-14.93721
39.47592317783319
-23.158875
-24.930466
-12.841904
36.36998931876218
-24.593262
-26.355453
-14.93721
39.019978419013924
-23.876068
-24.930466
-14.23877
37.34082591846942
-23.876068
-25.64296
-14.93721
38.088689804397646
-24.593262
-24.930466
-12.143463
37.06508376586127
-25.31044
-27.067963
-12.143463
38.996880822281
-24.593262
-26.355453
-12.143463
38.03816795903409
-24.593262
-25.64296
-13.540344
38.02276732381453
-25.31044
-23.505463
-13.540344
37.100755577927586
-23.158875
-27.067963
-14.23877
38.36340196530494
-23.158875
-26.355453
-13.540344
37.60697145155154
-23.876068
-24.217957
-14.23877
36.86893819349324
-23.158875
-25.64296
-14.23877
37.37161290567849
-25.31044
-24.930466
-13.540344
38.019566367303725
-23.158875
-22.792953
-14.93721
35.762725485897846
-23.158875
-24.930466
-13.540344
36.622431850553525
-24.593262
-24.930466
-13.540344
37.545940284349484
-24.593262
-24.930466
-14.93721
38.07199664728575
-23.876068
-25.64296
-14.93721
38.088689804397646
-26.027634
-25.64296
-14.23877
39.21404976814751
-23.876068
-24.930466
-13.540344
37.08012498556757
-24.593262
-25.64296
-12.841904
37.77968294413513
-24.593262
-23.505463
-13.540344
36.615246408173334
-25.31044
-25.64296
-14.93721
39.003845025302475
-23.158875
-24.930466
-14.23877
36.88636775255274
-23.158875
-24.930466
-13.540344
36.622431850553525
-25.31044
-24.930466
-15.635651
38.81520471654761
-24.593262
-24.217957
-15.635651
37.89210370825959
-23.158875
-24.217957
-13.540344
36.141165419651664
-22.441696
-24.930466
-14.23877
36.44036759728145
-23.158875
-24.217957
-15.635651
36.977241733936836
-23.158875
-26.355453
-14.23877
37.86404512312357
-23.158875
-24.930466
-14.23877
36.88636775255274
-24.593262
-24.930466
-15.635651
38.35140574041094
-25.31044
-24.930466
-15.635651
38.81520471654761
-23.158875
-23.505463
-15.635651
36.51457195208168
-26.027634
-25.64296
-14.23877
39.21404976814751
-23.876068
-24.930466
-15.635651
37.89549259971428
-23.876068
-22.792953
-13.540344
35.678094001804
-23.876068
-25.64296
-13.540344
37.562867224702444
-24.593262
-24.930466
-14.23877
37.803428986853326
-24.593262
-24.930466
-15.635651
38.35140574041094
-26.744812
-24.217957
-13.540344
38.5374541968792
-24.593262
-24.930466
-13.540344
37.545940284349484
-25.31044
-23.505463
-13.540344
37.100755577927586
-26.744812
-22.792953
-14.23877
37.91498733546455
-26.744812
-24.217957
-14.93721
39.05015586206491
-23.876068
-22.792953
-15.635651
36.52477353839788
-26.027634
-22.08046
-16.334091
37.838959621458606
-26.027634
-22.08046
-15.635651
37.54274907105898
-26.027634
-22.08046
-14.23877
36.98279233252862
-28.1792
-22.08046
-16.334091
39.3499238106791
-25.31044
-22.08046
-14.93721
36.75983240332187
-26.027634
-22.08046
-17.032532
38.145662305619695
-27.462006
-22.792953
-15.635651
38.96349641310922
-27.462006
-22.08046
-15.635651
38.551032786505864
-27.462006
-20.655457
-15.635651
37.752923107025765
-26.744812
-21.367966
-13.540344
36.81325769859023
-26.744812
-22.08046
-14.23877
37.49098850057171
-28.1792
-22.08046
-17.032532
39.64493903900282
-28.1792
-22.08046
-12.841904
38.033256032755396
-26.744812
-21.367966
-16.334091
37.92990232302708
-28.1792
-22.792953
-15.635651
39.47226330364779
-27.462006
-21.367966
-13.540344
37.33755015218845
-28.1792
-22.08046
-17.032532
39.64493903900282
-27.462006
-23.505463
-13.540344
38.600639883479424
-26.744812
-22.792953
-15.635651
38.4613746991706
-27.462006
-23.505463
-14.93721
39.11251329547952
-27.462006
-22.792953
-12.143463
37.698065799707315
-27.462006
-23.505463
-13.540344
38.600639883479424
-28.896378
-25.64296
-14.23877
41.17407637615794
-26.744812
-21.367966
-13.540344
36.81325769859023
-28.1792
-23.505463
-12.143463
38.65278411352231
-28.1792
-24.930466
-14.23877
40.228572093666365
-27.462006
-24.217957
-12.841904
38.80187744632178
-27.462006
-24.217957
-12.143463
38.57635140465351
-26.744812
-23.505463
-14.23877
38.347546228641704
-27.462006
-24.930466
-15.635651
40.251255560774126
-26.027634
-25.64296
-16.334091
40.02251411071258
-27.462006
-23.505463
-14.93721
39.11251329547952
-27.462006
-24.930466
-14.23877
39.72949150338055
-26.027634
-25.64296
-14.23877
39.21404976814751
-26.027634
-24.217957
-14.23877
38.29738499252429
-26.744812
-24.930466
-14.93721
39.49599156382043
-25.31044
-24.930466
-14.93721
38.539158315054216
-24.593262
-24.217957
-15.635651
37.89210370825959
-24.593262
-26.355453
-14.93721
39.019978419013924
-26.744812
-25.64296
-16.334091
40.49257865067684
-24.593262
-24.930466
-13.540344
37.545940284349484
-26.027634
-25.64296
-12.841904
38.728717693963866
-26.027634
-24.217957
-15.635651
38.83839149986615
-23.876068
-23.505463
-14.93721
36.683698362977765
-26.027634
-24.930466
-15.635651
39.286631990093014
-26.744812
-24.217957
-14.93721
39.05015586206491
-24.593262
-24.930466
-14.23877
37.803428986853326
-24.593262
-26.355453
-14.23877
38.75798021405963
-23.876068
-23.505463
-14.93721
36.683698362977765
-25.31044
-24.217957
-15.635651
38.36145615535697
-23.876068
-24.217957
-14.93721
37.144263205271685
-22.441696
-24.217957
-14.93721
36.238921057532366
-23.158875
-24.217957
-16.334091
37.27794771365757
-23.876068
-25.64296
-14.23877
37.8202406849659
-23.158875
-24.930466
-13.540344
36.622431850553525
-22.441696
-24.930466
-13.540344
36.173177622333306
-23.158875
-24.930466
-14.23877
36.88636775255274
-24.593262
-26.355453
-14.23877
38.75798021405963
-26.744812
-25.64296
-13.540344
39.448540884672624
-23.876068
-25.64296
-13.540344
37.562867224702444
-23.876068
-25.64296
-14.93721
38.088689804397646
-23.158875
-24.930466
-14.23877
36.88636775255274
-24.593262
-24.930466
-12.841904
37.29974852776323
-23.876068
-24.930466
-12.841904
36.83081966700918
-23.158875
-24.217957
-12.841904
35.88533578244392
-24.593262
-23.505463
-14.93721
37.15448245375314
-23.876068
-23.505463
-14.93721
36.683698362977765
-25.31044
-24.217957
-15.635651
38.36145615535697
-24.593262
-24.930466
-15.635651
38.35140574041094
-25.31044
-24.217957
-13.540344
37.55620625049457
-23.876068
-24.217957
-14.23877
36.86893819349324
-24.593262
-24.930466
-15.635651
38.35140574041094
-25.31044
-23.505463
-13.540344
37.100755577927586
-24.593262
-24.217957
-15.635651
37.89210370825959
-23.158875
-23.505463
-14.93721
36.220996276870444
-26.027634
-24.217957
-13.540344
38.04323968772244
-24.593262
-24.217957
-14.23877
37.33738668326879
-24.593262
-22.08046
-15.635651
36.562944041107045
-23.158875
-24.217957
-14.93721
36.687370235077154
-23.876068
-23.505463
-16.334091
37.274334019033795
-21.724503
-23.505463
-16.334091
35.93415235766752
-25.31044
-23.505463
-13.540344
37.100755577927586
-23.876068
-24.217957
-13.540344
36.60487661756969
-23.876068
-23.505463
-13.540344
36.13743804852438
-24.593262
-24.217957
-13.540344
37.07666156772765
-25.31044
-23.505463
-12.841904
36.851588171763375
-23.876068
-23.505463
-13.540344
36.13743804852438
-24.593262
-24.217957
-12.143463
36.58963836582957
-22.441696
-24.930466
-12.143463
35.67382208330431
-24.593262
-24.930466
-12.841904
37.29974852776323
-22.441696
-25.64296
-12.143463
36.175335620095666
-25.31044
-24.930466
-12.841904
37.7764613900806
-22.441696
-26.355453
-12.143463
36.683829804705844
-21.724503
-25.64296
-12.841904
35.97818688650979
-23.876068
-26.355453
-13.540344
38.05282454765595
-23.876068
-24.930466
-12.841904
36.83081966700918
-21.724503
-24.930466
-12.143463
35.22706236477238
-23.158875
-24.930466
-14.23877
36.88636775255274
-23.158875
-24.217957
-13.540344
36.141165419651664
-21.007324
-24.930466
-15.635651
36.15673279172048
-22.441696
-26.355453
-14.93721
37.70092655733079
-23.158875
-25.64296
-13.540344
37.11112824805721
-22.441696
-24.930466
-15.635651
37.00853074165806
-20.29013
-24.217957
-14.93721
34.947376035932585
-21.007324
-24.930466
-14.23877
35.57496829430246
-21.724503
-25.64296
-14.23877
36.50010869258217
-21.007324
-24.217957
-14.23877
35.07933426367742
-21.724503
-24.930466
-13.540344
35.732661811250324
-21.007324
-24.217957
-12.841904
34.53594778564974
-20.29013
-24.930466
-12.841904
34.61404454954845
-23.158875
-24.930466
-12.143463
36.12928614549162
-21.724503
-24.217957
-14.93721
35.799212535530195
-21.724503
-24.930466
-14.93721
36.28501642540881
-21.007324
-24.930466
-12.841904
35.03926717470879
-20.29013
-26.355453
-14.93721
36.46120617401545
-21.724503
-25.64296
-13.540344
36.23335925969586
-21.007324
-24.930466
-14.93721
35.86022942881849
-21.007324
-24.930466
-14.93721
35.86022942881849
-21.724503
-24.217957
-15.635651
36.096218800848796
-20.29013
-23.505463
-13.540344
33.875317111061854
-21.007324
-24.217957
-14.93721
35.36859310079618
-21.007324
-24.217957
-12.841904
34.53594778564974
-22.441696
-23.505463
-12.841904
34.943540538855316
-23.158875
-24.930466
-12.143463
36.12928614549162
-22.441696
-24.217957
-13.540344
35.685852974800284
-22.441696
-23.505463
-14.93721
35.76669839204043
-22.441696
-23.505463
-15.635651
36.063972429862396
-23.158875
-23.505463
-15.635651
36.51457195208168
-21.007324
-24.217957
-15.635651
35.66918518111081
-21.724503
-22.08046
-14.93721
34.389256631682045
-23.158875
-22.08046
-14.93721
35.312894079659486
-23.158875
-22.792953
-15.635651
36.06003227583657
-23.158875
-22.08046
-14.93721
35.312894079659486
-23.158875
-22.792953
-15.635651
36.06003227583657
-23.158875
-23.505463
-12.841904
35.408401302692276
-22.441696
-22.08046
-15.635651
35.15181221990909
-23.876068
-24.217957
-14.23877
36.86893819349324
-23.876068
-23.505463
-13.540344
36.13743804852438
-23.158875
-20.655457
-14.23877
34.14269873564662
-23.876068
-23.505463
-14.23877
36.4048903313698
-22.441696
-22.792953
-14.23877
35.012726132235656
-21.007324
-22.08046
-14.93721
33.940751455661676
-23.158875
-23.505463
-13.540344
35.66765025080938
-22.441696
-21.367966
-13.540344
33.81657387946497
-22.441696
-21.367966
-12.143463
33.28187902867997
-21.724503
-22.08046
-12.841904
33.532302086244016
-22.441696
-22.792953
-14.23877
35.012726132235656
-22.441696
-24.217957
-12.143463
35.17958080013799
-23.876068
-23.505463
-12.841904
35.88158353681419
-24.593262
-24.217957
-12.841904
36.82733280331675
-23.876068
-22.792953
-12.143463
35.17171014232799
-23.158875
-24.930466
-11.445023
35.90055845883529
-24.593262
-19.942963
-10.746582
33.43709476974076
-23.876068
-23.505463
-11.445023
35.405677676309914
-23.158875
-24.930466
-8.651276
35.109915647261424
-23.158875
-22.08046
-9.349716
33.336126998816916
-23.876068
-24.217957
-10.048157
35.46183164905967
-22.441696
-22.792953
-12.143463
34.21421024394962
-23.158875
-23.505463
-11.445023
34.926048408342375
-21.724503
-24.930466
-11.445023
34.99243779911597
-22.441696
-23.505463
-12.841904
34.943540538855316
-23.158875
-22.792953
-10.746582
34.224863894451794
-21.007324
-22.08046
-12.841904
33.07217559865279
-21.724503
-24.930466
-12.143463
35.22706236477238
-20.29013
-24.217957
-13.540344
34.373531573749624
-21.724503
-23.505463
-12.841904
34.48732004868782
-22.441696
-24.217957
-11.445023
34.94463743619148
-21.724503
-23.505463
-12.143463
34.23338371453916
-21.007324
-22.08046
-12.143463
32.80728753241229
-23.158875
-24.217957
-12.841904
35.88533578244392
-22.441696
-22.08046
-12.143463
33.74374218605207
-22.441696
-24.217957
-13.540344
35.685852974800284
-22.441696
-23.505463
-12.143463
34.692941929541846
-21.007324
-23.505463
-12.841904
34.0401087528558
-21.724503
-23.505463
-12.841904
34.48732004868782
-22.441696
-24.217957
-14.23877
35.95666438738704
-21.724503
-20.655457
-12.841904
32.61159851068137
-19.572937
-22.792953
-12.841904
32.67312475192245
-21.007324
-22.792953
-11.445023
33.042623101174186
-20.29013
-24.217957
-14.23877
34.65460151624889
-19.572937
-22.792953
-13.540344
32.95389920261713
-21.007324
-24.217957
-12.841904
34.53594778564974
-20.29013
-22.792953
-13.540344
33.384862921174694
-21.007324
-23.505463
-12.841904
34.0401087528558
-18.855759
-22.792953
-12.841904
32.248610828850055
-20.29013
-23.505463
-12.143463
33.341564332067186
-19.572937
-22.792953
-12.841904
32.67312475192245
-20.29013
-22.792953
-14.23877
33.674184230560805
-21.007324
-22.792953
-12.841904
33.5520635251675
-20.29013
-24.930466
-11.445023
34.120463869758574
-21.007324
-22.792953
-11.445023
33.042623101174186
-21.007324
-23.505463
-12.143463
33.78280921181937
-20.29013
-24.930466
-11.445023
34.120463869758574
-23.158875
-22.792953
-12.143463
34.688846046518506
-21.007324
-22.792953
-10.746582
32.807246603265874
-21.724503
-24.217957
-12.143463
34.726461438266895
-21.007324
-22.792953
-12.143463
33.29099219207521
-20.29013
-24.217957
-10.048157
33.15364695837586
-21.724503
-22.792953
-10.746582
33.27103533093293
-20.29013
-23.505463
-11.445023
33.093574790022494
-22.441696
-24.217957
-12.143463
35.17958080013799
-20.29013
-23.505463
-13.540344
33.875317111061854
-21.724503
-22.08046
-12.841904
33.532302086244016
-21.724503
-23.505463
-12.841904
34.48732004868782
-20.29013
-22.792953
-13.540344
33.384862921174694
-21.724503
-24.930466
-11.445023
34.99243779911597
-19.572937
-23.505463
-10.746582
32.42060614987018
-21.724503
-22.792953
-12.143463
33.748133628950505
-19.572937
-22.08046
-11.445023
31.648618781880216
-20.29013
-22.792953
-10.746582
32.35269916953897
-21.007324
-22.792953
-12.143463
33.29099219207521
-21.007324
-22.08046
-12.143463
32.80728753241229
-21.007324
-24.217957
-12.143463
34.282369868331195
-19.572937
-22.792953
-10.746582
31.907798497866768
-23.158875
-22.792953
-9.349716
33.81226894560612
-23.158875
-23.505463
-10.048157
34.493561517083336
-21.007324
-21.367966
-10.746582
31.833734586360485
-21.724503
-21.367966
-12.143463
32.8025561569474
-21.724503
-22.08046
-11.445023
33.022556803077805
-21.724503
-22.792953
-10.746582
33.27103533093293
-21.007324
-23.505463
-12.143463
33.78280921181937
-21.007324
-23.505463
-8.651276
32.69035113939872
-20.29013
-23.505463
-10.746582
32.858563277539425
-20.29013
-24.217957
-10.048157
33.15364695837586
-21.007324
-22.792953
-10.746582
32.807246603265874
-21.007324
-22.792953
-11.445023
33.042623101174186
-20.29013
-23.505463
-11.445023
33.093574790022494
-19.572937
-25.64296
-10.048157
33.78796692588021
-20.29013
-24.217957
-11.445023
33.60338342979301
-20.29013
-23.505463
-11.445023
33.093574790022494
-20.29013
-22.792953
-12.143463
32.843140455809035
-20.29013
-22.792953
-10.746582
32.35269916953897
-20.29013
-24.217957
-12.143463
33.847636189044835
-21.007324
-23.505463
-12.841904
34.0401087528558
-19.572937
-24.217957
-10.746582
32.9408297801006
-19.572937
-24.217957
-12.841904
33.68269112824308
-21.007324
-24.217957
-12.143463
34.282369868331195
-21.007324
-24.930466
-11.445023
34.551763208558725
-20.29013
-26.355453
-10.746582
34.95408888925765
-19.572937
-22.792953
-12.841904
32.67312475192245
-19.572937
-23.505463
-10.746582
32.42060614987018
-20.29013
-22.792953
-10.746582
32.35269916953897
-20.29013
-24.217957
-10.048157
33.15364695837586
-21.007324
-22.792953
-13.540344
33.825542987488575
-18.855759
-23.505463
-12.143463
32.48861541888077
-20.29013
-23.505463
-11.445023
33.093574790022494
-20.29013
-25.64296
-10.746582
34.42004860678947
-19.572937
-23.505463
-13.540344
33.450672784947464
-18.855759
-24.217957
-12.841904
33.271062848169954
-19.572937
-24.930466
-11.445023
33.69891062257707
-18.138565
-24.217957
-12.143463
32.603384991295385
-18.855759
-22.792953
-14.23877
32.82987821056168
-17.421387
-23.505463
-12.143463
31.677676030469886
-18.138565
-24.217957
-11.445023
32.34973714211697
-18.855759
-24.217957
-11.445023
32.757252596276295
-19.572937
-23.505463
-12.143463
32.91003361438575
-20.29013
-24.930466
-10.746582
33.892573566620015
-18.855759
-24.930466
-12.841904
33.79322680263569
-18.138565
-23.505463
-10.048157
31.344532798051482
-18.855759
-24.217957
-11.445023
32.757252596276295
-19.572937
-24.217957
-10.746582
32.9408297801006
-20.29013
-26.355453
-12.143463
35.40851679361108
-18.138565
-22.792953
-13.540344
32.12268960563545
-20.29013
-25.64296
-11.445023
34.644469368320536
-19.572937
-24.217957
-12.143463
33.42264199680921
-18.855759
-23.505463
-12.143463
32.48861541888077
-20.29013
-24.930466
-12.143463
34.36104297622618
-19.572937
-24.217957
-12.841904
33.68269112824308
-18.138565
-23.505463
-12.143463
32.077687375241844
-18.138565
-22.792953
-12.143463
31.559308122948746
-18.138565
-24.930466
-12.143463
33.13607384178816
-18.855759
-24.217957
-13.540344
33.54683315379318
-18.138565
-24.217957
-12.143463
32.603384991295385
-18.138565
-25.64296
-12.143463
33.6754022224494
-18.138565
-24.930466
-13.540344
33.67308401251751
-20.29013
-24.930466
-12.841904
34.61404454954845
-18.855759
-24.217957
-12.143463
33.007769045829384
-18.855759
-26.355453
-13.540344
35.121083105673506
-21.007324
-23.505463
-12.143463
33.78280921181937
-19.572937
-25.64296
-12.143463
34.469189140448314
-18.138565
-25.64296
-10.746582
33.19725867294523
-18.855759
-24.930466
-11.445023
33.28747924391486
-20.29013
-23.505463
-12.143463
33.341564332067186
-18.855759
-24.930466
-12.143463
33.53403486222058
-20.29013
-24.930466
-10.048157
33.67763328083548
-18.855759
-25.64296
-11.445023
33.824393558634206
-18.855759
-25.64296
-10.746582
33.59449490453198
-19.572937
-24.930466
-9.349716
33.046106669555265
-16.704193
-24.217957
-9.349716
30.869995205764226
-19.572937
-26.355453
-8.651276
33.94929043866841
-21.007324
-25.64296
-9.349716
34.442508284866896
-18.138565
-27.780457
-8.651276
34.28711065446095
-20.29013
-27.780457
-9.349716
35.64912834225404
-18.138565
-27.780457
-10.048157
34.665931498239374
-15.9869995
-27.780457
-11.445023
34.03419480486684
-18.138565
-26.355453
-9.349716
33.332186666475245
-18.855759
-25.64296
-12.143463
34.06706355610852
-18.138565
-25.64296
-11.445023
33.429889247755334
-18.138565
-26.355453
-9.349716
33.332186666475245
-17.421387
-27.780457
-11.445023
34.731067796894756
-18.855759
-27.067963
-12.143463
35.15221157360693
-18.138565
-24.930466
-12.143463
33.13607384178816
-18.138565
-23.505463
-12.841904
32.34855036840909
-18.138565
-24.930466
-10.746582
32.65003305056712
-19.572937
-27.067963
-12.143463
35.54206183073356
-18.855759
-24.930466
-11.445023
33.28747924391486
-18.138565
-25.64296
-10.746582
33.19725867294523
-18.855759
-24.217957
-10.746582
32.51981066884461
-18.138565
-25.64296
-13.540344
34.20394585584206
-20.29013
-26.355453
-12.841904
35.6540862621313
-18.138565
-24.217957
-12.143463
32.603384991295385
-18.855759
-24.217957
-13.540344
33.54683315379318
-19.572937
-24.930466
-12.841904
34.19857424614
-19.572937
-23.505463
-12.841904
33.174103125240066
-20.29013
-25.64296
-11.445023
34.644469368320536
-18.855759
-24.930466
-12.143463
33.53403486222058
-18.855759
-27.067963
-12.841904
35.39955737165897
-18.855759
-26.355453
-12.841904
34.8577676399931
-19.572937
-24.930466
-13.540344
34.466924319850655
-19.572937
-24.930466
-13.540344
34.466924319850655
-18.855759
-24.930466
-14.23877
34.348366813203434
-19.572937
-24.217957
-15.635651
34.84369044277421
-19.572937
-25.64296
-13.540344
34.98574277138653
-19.572937
-23.505463
-14.23877
33.73942976835486
-21.007324
-24.217957
-13.540344
34.801696525524264
-22.441696
-24.217957
-11.445023
34.94463743619148
-20.29013
-22.792953
-12.841904
33.1077416716053
-21.007324
-24.217957
-14.23877
35.07933426367742
-20.29013
-23.505463
-13.540344
33.875317111061854
-21.007324
-22.792953
-13.540344
33.825542987488575
-21.007324
-21.367966
-14.93721
33.48160423673909
-22.441696
-22.08046
-15.635651
35.15181221990909
-21.007324
-22.792953
-12.841904
33.5520635251675
-21.724503
-22.792953
-14.23877
34.5574207954131
-21.007324
-23.505463
-14.23877
34.59128512842415
-21.724503
-23.505463
-15.635651
35.62210446017858
-20.29013
-24.217957
-12.841904
34.10444664922743
-21.007324
-23.505463
-12.841904
34.0401087528558
-22.441696
-22.792953
-15.635651
35.60368057255457
-21.724503
-23.505463
-16.334091
35.93415235766752
-21.724503
-22.792953
-16.334091
35.472175977161136
-18.855759
-22.08046
-14.93721
32.65281830055026
-21.007324
-22.792953
-17.032532
35.368539604428115
-19.572937
-23.505463
-16.334091
34.67577222914437
-21.007324
-23.505463
-14.93721
34.884591045084825
-21.007324
-24.217957
-16.334091
35.98082307155091
-21.007324
-24.217957
-12.841904
34.53594778564974
