17.75
-29.064545
-16.825302
37.985538340885405
16.315628
-28.352036
-15.428421
36.16730195174572
17.032822
-28.352036
-16.825302
37.10856578065063
16.315628
-29.064545
-18.222168
37.986772343104846
17.75
-28.352036
-17.523743
37.76217596476334
17.75
-30.489548
-17.523743
39.39234179122733
16.315628
-29.064545
-16.825302
37.33682271000205
17.032822
-29.777039
-16.825302
38.20837451151907
17.75
-29.777039
-17.523743
38.8434813068945
18.467194
-28.352036
-16.825302
37.78843662263382
18.467194
-29.777039
-16.825302
38.86901142077227
17.75
-28.352036
-16.825302
37.44317308852843
19.184387
-28.352036
-18.222168
38.78048511030548
18.467194
-27.639542
-18.222168
37.90816282271867
19.184387
-29.064545
-16.825302
38.67659851203228
19.184387
-26.927048
-16.825302
37.09713613967559
17.75
-26.927048
-15.428421
35.751427255163534
19.901566
-29.777039
-16.126862
39.27874830438688
19.193665
-29.782898
-16.13272
38.93176560402668
17.042099
-27.645401
-14.037415
35.3800825909243
19.193665
-29.070404
-14.73584
37.82367151603774
18.47647
-30.495407
-14.73584
38.581017003791835
19.910843
-27.645401
-16.13272
37.695815249238045
19.910843
-28.357895
-14.73584
37.65311190243776
18.47647
-28.357895
-15.43428
37.19902165264649
18.47647
-29.782898
-15.43428
38.29644946979011
18.47647
-29.070404
-14.73584
37.46482888417232
19.910843
-29.070404
-14.73584
38.1926046352972
18.47647
-26.932907
-14.73584
35.831640963548196
19.193665
-30.495407
-12.640533
38.18572584360712
19.193665
-29.782898
-12.640533
37.619154770729
18.47647
-29.070404
-15.43428
37.745005296127424
18.47647
-30.495407
-12.640533
37.83031766414753
17.759277
-29.782898
-11.942093
36.67460444678477
19.193665
-30.495407
-11.942093
37.96024531808738
16.324905
-29.782898
-13.338974
36.48906387161176
19.193665
-28.357895
-13.338974
36.7490848764675
18.47647
-28.357895
-14.037415
36.641494525929886
19.193665
-28.357895
-14.037415
37.008322939534494
18.47647
-29.070404
-14.037415
37.1956628383522
18.47647
-29.070404
-12.640533
36.69129957965171
19.910843
-28.357895
-14.73584
37.65311190243776
18.47647
-28.357895
-12.640533
36.12939595333867
18.47647
-29.782898
-13.338974
37.50105630022723
17.042099
-29.782898
-11.942093
36.33273492256157
17.759277
-28.357895
-12.640533
35.76793556865912
18.47647
-29.070404
-13.338974
36.93773959577538
17.759277
-29.070404
-14.73584
37.11637598434063
17.759277
-27.645401
-14.037415
35.731068113276784
17.759277
-28.357895
-12.640533
35.76793556865912
17.759277
-29.782898
-13.338974
37.15294317444363
17.759277
-29.782898
-13.338974
37.15294317444363
17.759277
-26.932907
-14.73584
35.467146164179184
17.042099
-28.357895
-15.43428
36.5078133359191
17.042099
-29.070404
-14.037415
36.504390922745515
18.47647
-30.495407
-14.037415
38.31969370677759
16.324905
-28.357895
-14.037415
35.60507940852681
17.042099
-29.070404
-14.037415
36.504390922745515
17.042099
-28.357895
-14.037415
35.939565158053874
17.042099
-27.645401
-14.73584
35.6629543570995
17.759277
-28.357895
-13.338974
36.02069344759082
15.607727
-26.932907
-14.73584
34.44020272118854
17.759277
-28.357895
-15.43428
36.848055237755595
18.47647
-28.357895
-13.338974
36.3796425704636
18.47647
-27.645401
-11.942093
35.330747497753286
17.759277
-29.782898
-13.338974
37.15294317444363
17.759277
-28.357895
-13.338974
36.02069344759082
18.47647
-29.070404
-13.338974
36.93773959577538
18.47647
-29.070404
-13.338974
36.93773959577538
17.759277
-27.645401
-12.640533
35.205727336680425
17.759277
-26.932907
-13.338974
34.90990776493473
19.910843
-27.645401
-14.037415
36.847778617747096
19.910843
-26.932907
-14.037415
36.31627831031836
19.193665
-26.220398
-12.640533
34.86673324121522
19.193665
-25.507904
-14.037415
34.872609265053924
20.628036
-26.220398
-14.037415
36.1949474201856
20.628036
-25.507904
-14.037415
35.68218067296511
21.345215
-25.507904
-14.73584
36.37879027449837
19.910843
-26.220398
-14.73584
36.070707606943685
22.062408
-26.220398
-15.43428
37.5829242647384
21.345215
-26.932907
-14.037415
37.12207677359088
20.628036
-25.507904
-14.037415
35.68218067296511
21.345215
-25.507904
-12.640533
35.581658805617465
22.779602
-24.082901
-15.43428
36.566562941991485
22.062408
-26.220398
-14.73584
37.301530461962116
21.345215
-25.507904
-15.43428
36.66726610098321
21.345215
-25.507904
-13.338974
35.83573056267917
21.345215
-24.795395
-14.73584
35.8827929389779
20.628036
-24.082901
-14.037415
34.677817483091765
19.910843
-25.507904
-14.037415
35.27242263905507
21.345215
-24.082901
-14.037415
35.109162911019396
22.062408
-26.220398
-14.037415
37.03117747883194
21.345215
-26.220398
-15.43428
37.16644296165393
20.628036
-25.507904
-15.43428
36.25446328934463
20.628036
-25.507904
-14.73584
35.96267630355203
20.628036
-25.507904
-13.338974
35.413236085382856
20.628036
-25.507904
-15.43428
36.25446328934463
19.910843
-26.932907
-12.640533
35.79952794621565
20.628036
-26.932907
-14.037415
36.71438803878529
21.345215
-26.220398
-16.13272
37.46187515119538
18.47647
-28.357895
-14.73584
36.91470154870127
19.910843
-27.645401
-15.43428
37.40223094793695
19.910843
-27.645401
-14.037415
36.847778617747096
18.47647
-27.645401
-15.43428
36.658767496671246
20.628036
-28.357895
-14.73584
38.037234083957955
18.47647
-27.645401
-15.43428
36.658767496671246
18.47647
-27.645401
-15.43428
36.658767496671246
18.47647
-27.645401
-14.73584
36.37022426230865
18.47647
-30.495407
-16.13272
39.13584676422787
20.628036
-28.357895
-16.13272
38.599880902200496
19.910843
-27.645401
-16.13272
37.695815249238045
18.47647
-26.932907
-14.73584
35.831640963548196
19.910843
-27.645401
-16.13272
37.695815249238045
19.910843
-26.932907
-14.73584
36.591913582763574
18.47647
-26.932907
-17.529602
37.06815967800482
17.759277
-28.357895
-18.228027
38.102796749283215
17.759277
-27.645401
-14.037415
35.731068113276784
19.910843
-29.782898
-15.43428
39.00871296902783
17.759277
-26.932907
-16.831161
36.387654518630185
19.193665
-29.782898
-15.43428
38.64757127718377
18.47647
-29.070404
-16.831161
38.337401420235174
19.910843
-28.357895
-16.13272
38.221413694992364
18.47647
-29.070404
-16.13272
38.03594395077586
19.910843
-27.645401
-17.529602
38.31444670319376
19.193665
-29.070404
-16.13272
38.38944849642119
19.193665
-26.220398
-16.831161
36.59499924479522
18.47647
-26.220398
-18.228027
36.89377005071029
19.910843
-29.070404
-18.228027
39.67103497042899
19.910843
-29.070404
-15.43428
38.46748068580135
19.193665
-29.782898
-16.831161
39.2263392183946
19.193665
-27.645401
-16.831161
37.62914935072776
17.759277
-29.782898
-16.831161
38.54479118810186
18.47647
-29.070404
-16.13272
38.03594395077586
19.193665
-26.932907
-16.831161
37.10884210143689
19.910843
-29.070404
-16.13272
38.7529957259355
22.062408
-28.357895
-17.529602
39.97758313505598
21.345215
-29.782898
-16.831161
40.32278665994499
18.47647
-29.070404
-16.831161
38.337401420235174
19.193665
-28.357895
-16.13272
37.85276297760921
20.628036
-28.357895
-15.43428
38.31322484785361
19.193665
-29.070404
-16.831161
38.68815156206177
20.628036
-29.782898
-16.13272
39.65856166922693
20.628036
-29.782898
-15.43428
39.3796128250393
19.910843
-28.357895
-15.43428
37.93189762484702
19.910843
-29.070404
-16.13272
38.7529957259355
20.628036
-28.357895
-15.43428
38.31322484785361
21.345215
-27.645401
-16.831161
38.77079205286178
19.910843
-28.357895
-16.13272
38.221413694992364
21.345215
-29.782898
-16.13272
40.03628115339573
19.910843
-30.495407
-15.43428
39.555385727345175
19.910843
-28.358383
-16.13272
38.221776185895486
19.193665
-31.20839
-16.13272
40.03279905277671
19.910843
-30.495895
-17.529602
40.419404640399826
19.193665
-29.783386
-16.831161
39.22671109437101
19.910843
-29.070892
-16.831161
39.049280575659296
19.910843
-31.20839
-16.13272
40.38155422807547
19.910843
-28.358383
-16.831161
38.521779427154904
21.345215
-29.783386
-18.228027
40.92590037236887
19.910843
-29.783386
-16.831161
39.582567666662776
21.345215
-29.783386
-15.43428
39.76034929394563
20.628036
-29.070892
-14.037415
38.31033334004026
18.47647
-31.920883
-14.73584
39.717348519727494
20.628036
-29.070892
-14.73584
38.571721635946425
20.628036
-31.20839
-16.13272
40.739957543240024
19.910843
-30.495895
-16.13272
39.83347753607746
19.193665
-29.783386
-16.831161
39.22671109437101
20.628036
-31.20839
-16.13272
40.739957543240024
19.910843
-31.20839
-14.73584
39.84407475357848
19.193665
-31.20839
-16.831161
40.31932930282556
19.910843
-29.070892
-17.529602
39.35537240217735
20.628036
-29.783386
-17.529602
40.24739777108267
17.759277
-29.783386
-16.831161
38.54516805604498
17.759277
-31.920883
-16.13272
39.93243500256872
18.47647
-31.20839
-17.529602
40.28188790466582
18.47647
-29.070892
-17.529602
38.64949794507362
19.193665
-31.20839
-17.529602
40.61585083273755
18.47647
-31.20839
-18.228027
40.59069465022125
18.47647
-30.495895
-18.228027
40.045481954897234
19.193665
-30.495895
-16.831161
39.77039509700494
18.47647
-33.345886
-17.529602
41.95968436850649
17.759277
-31.20839
-16.13272
39.36521455787457
19.193665
-31.920883
-16.13272
40.59069164287392
17.042099
-33.345886
-15.43428
40.50429935947001
17.759277
-32.633392
-14.037415
39.71623590587671
18.47647
-31.920883
-16.13272
40.25651999793015
19.193665
-32.633392
-14.73584
40.62610124709314
19.193665
-32.633392
-14.73584
40.62610124709314
17.042099
-31.20839
-16.13272
39.04691251498798
18.47647
-33.345886
-15.43428
41.128398534536025
18.47647
-31.20839
-18.228027
40.59069465022125
17.759277
-30.495895
-16.831161
39.09833200316463
17.759277
-32.633392
-14.037415
39.71623590587671
18.47647
-31.20839
-14.037415
38.889491872805436
18.47647
-33.345886
-14.037415
40.62483473524077
18.47647
-32.633392
-13.338974
39.80259516703968
17.759277
-32.633392
-14.037415
39.71623590587671
17.759277
-32.633392
-15.43428
40.231174023153365
18.47647
-31.20839
-16.831161
39.98288971205761
19.193665
-33.345886
-14.73584
41.20060519172094
19.193665
-34.058395
-14.73584
41.77937279580603
19.193665
-33.345886
-14.73584
41.20060519172094
19.193665
-31.20839
-14.73584
39.49057319277286
19.193665
-31.920883
-14.73584
40.05601851333486
18.47647
-31.20839
-14.037415
38.889491872805436
22.779602
-31.20839
-15.43428
41.60637956266442
19.910843
-32.633392
-15.43428
41.226169430331964
18.47647
-30.495895
-16.13272
39.13622729785505
20.628036
-31.20839
-15.43428
40.468463440105126
20.628036
-31.920883
-14.73584
40.76277419123513
19.193665
-31.20839
-14.73584
39.49057319277286
19.910843
-31.920883
-15.43428
40.66450002766541
19.193665
-32.633392
-14.73584
40.62610124709314
18.47647
-33.345886
-14.037415
40.62483473524077
19.910843
-31.20839
-13.338974
39.34886905736619
19.193665
-31.20839
-14.037415
39.235308381967954
20.628036
-32.633392
-14.037415
41.07923044347502
19.910843
-32.633392
-12.640533
40.26366955379874
19.193665
-31.920883
-14.73584
40.05601851333486
19.910843
-30.495895
-15.43428
39.555762224931435
20.628036
-32.633392
-14.037415
41.07923044347502
20.628036
-33.345886
-12.640533
41.19765855376371
19.910843
-31.920883
-12.640533
39.68838120330763
20.628036
-30.495895
-13.338974
39.15920997142227
21.345215
-31.920883
-12.640533
40.427022104168614
19.910843
-32.633392
-14.037415
40.723813120557914
20.628036
-31.20839
-13.338974
39.71659243746561
22.062408
-32.633392
-11.942093
41.16189691708219
19.910843
-32.633392
-13.338974
40.488371510089934
21.345215
-29.783386
-14.037415
39.239231454709326
22.779602
-31.20839
-12.640533
40.65288255894731
20.628036
-31.920883
-14.037415
40.51552557353786
20.628036
-31.20839
-12.640533
39.48749894893557
20.628036
-31.920883
-12.640533
40.0529876699487
20.628036
-31.20839
-13.338974
39.71659243746561
19.193665
-31.20839
-11.942093
38.535358788431246
19.193665
-34.058395
-12.640533
41.08715191801903
19.193665
-33.345886
-13.338974
40.721899161127816
19.193665
-33.345886
-11.243652
40.08446739532892
17.74414
-32.621674
-11.23584
38.797837785073476
18.461334
-33.334167
-11.93428
39.93012084606369
19.178528
-33.334167
-11.93428
40.266731528257296
17.74414
-31.909164
-11.93428
38.41192937564286
18.461334
-32.621674
-13.3311615
39.78334115428765
19.178528
-32.621674
-12.632721
39.89455094762316
19.178528
-34.75917
-13.3311615
41.87762789095674
18.461334
-31.909164
-10.537415
38.34126672887843
19.178528
-32.621674
-11.23584
39.47446823679991
19.895706
-34.046677
-11.93428
41.20002743618246
19.895706
-31.19667
-11.93428
38.87799237377909
19.178528
-33.334167
-9.838974
39.69619737377246
19.178528
-34.046677
-11.23584
40.66000745271313
19.178528
-32.621674
-11.93428
39.67891762518542
20.6129
-33.334167
-11.23584
40.771343983665474
22.047272
-31.19667
-12.632721
40.23555823502856
20.6129
-31.909164
-13.3311615
40.25923837349711
19.178528
-32.621674
-10.537415
39.28137741128899
19.895706
-34.046677
-9.140533
40.47918693841704
20.6129
-33.334167
-8.442093
40.09148625965135
19.895706
-34.046677
-9.140533
40.47918693841704
22.764465
-32.621674
-11.23584
41.3356827919293
20.6129
-33.334167
-10.537415
40.58442384689445
21.330078
-31.909164
-11.23584
39.99263848275705
21.330078
-30.484177
-11.23584
38.86517033082127
19.895706
-31.19667
-10.537415
38.47217693915305
19.895706
-31.909164
-10.537415
39.052158005952435
19.895706
-32.621674
-10.537415
39.63647063863658
19.895706
-32.621674
-9.838974
39.456534506142006
22.047272
-34.046677
-11.23584
42.08922001422989
19.895706
-31.909164
-9.838974
38.86951704702221
22.047272
-32.621674
-10.537415
40.75896032383171
22.047272
-31.19667
-9.838974
39.44768526855378
22.047272
-31.19667
-10.537415
39.62766158253601
21.330078
-33.334167
-9.140533
40.61635424828126
22.047272
-33.334167
-9.838974
41.15889115718574
23.481644
-31.909164
-9.838974
40.82141221604784
22.004791
-33.31024
-8.424515
40.80141383694626
20.57042
-31.172745
-9.821396
38.61789635577413
21.287598
-31.885239
-7.027649
38.97714894202034
19.853226
-31.172745
-10.519836
38.42600183713497
20.57042
-31.885239
-9.821396
39.19528524889425
21.287598
-31.885239
-9.122955
39.40886440573998
20.57042
-33.31024
-9.821396
40.36303004403829
21.287598
-30.46025
-9.821396
38.43759368636957
19.853226
-32.597748
-10.519836
39.590790141932
19.853226
-31.885239
-9.821396
38.82369032773755
22.004791
-31.172745
-10.519836
39.580522960814484
20.57042
-33.31024
-9.821396
40.36303004403829
19.853226
-33.31024
-6.3292084
39.29098489654624
21.287598
-32.597748
-8.424515
39.833996968081486
21.287598
-31.172745
-7.726074
38.530431041073726
19.136047
-33.31024
-9.122955
39.4840318297315
20.57286
-31.88768
-9.123932
39.02964086705049
20.57286
-33.312683
-11.219238
40.72896702450005
21.29004
-31.88768
-9.822372
39.57990613589884
19.855667
-31.175186
-11.219238
38.62655962415547
19.855667
-31.175186
-10.520813
38.42951041202337
18.421295
-32.60019
-11.219238
39.089484429559185
20.57286
-31.175186
-10.520813
38.80492579074208
19.138489
-31.175186
-11.219238
38.26284474638468
20.57286
-31.175186
-9.822372
38.621415944152666
20.57286
-31.88768
-11.917679
39.77559428079768
19.855667
-31.175186
-11.917679
38.83517604488874
18.421295
-31.175186
-11.219238
37.90920291981388
18.421295
-31.175186
-11.219238
37.90920291981388
19.138489
-31.175186
-12.616119
38.69548363958722
18.421295
-32.60019
-11.219238
39.089484429559185
20.57286
-31.175186
-11.219238
39.00007825012182
19.138489
-31.175186
-12.616119
38.69548363958722
19.855667
-31.175186
-11.219238
38.62655962415547
19.855667
-31.88768
-11.917679
39.40942505547531
18.421295
-32.60019
-12.616119
39.513073266760394
20.57286
-31.88768
-13.31456
40.21621859749186
21.271484
-32.587982
-10.510071
40.310224318035154
18.40274
-31.875473
-11.906937
38.684387180404414
19.119934
-30.450485
-13.303818
38.337912465685484
19.837112
-30.450485
-14.002258
38.94619717525785
19.837112
-31.16298
-13.303818
39.2636461772568
19.837112
-29.737976
-14.002258
38.391685412196516
18.40274
-29.737976
-14.002258
37.670562632677786
18.40274
-30.450485
-11.906937
37.51890311323497
17.685547
-31.875473
-11.208496
38.137313905335056
19.837112
-31.875473
-12.605377
39.60369011225864
17.685547
-30.450485
-13.303818
37.64308963495989
16.968369
-31.16298
-13.303818
37.89523006809779
19.119934
-30.450485
-13.303818
38.337912465685484
21.271484
-31.875473
-12.605377
40.34126123956014
19.837112
-30.450485
-13.303818
38.70057647039156
18.40274
-31.875473
-12.605377
38.905040455596016
19.119934
-30.450485
-11.906937
37.87583796515266
19.119934
-32.587982
-11.906937
39.614689300793934
18.40274
-32.587982
-11.906937
39.27356105137717
19.837112
-31.875473
-12.605377
39.60369011225864
20.554306
-30.450485
-11.208496
38.41017988691686
20.554306
-31.16298
-11.208496
38.97744490006368
19.837112
-31.16298
-10.510071
38.40708114184073
19.119934
-31.16298
-11.906937
38.45098531226963
18.40274
-30.450485
-9.81163
36.90746551501725
19.119934
-30.450485
-11.906937
37.87583796515266
19.837112
-31.875473
-11.208496
39.181464160863904
19.119934
-31.875473
-10.510071
38.62744132909676
17.685547
-32.587982
-11.208496
38.73480990074528
19.119934
-32.587982
-10.510071
39.21747072116744
19.119934
-32.587982
-11.208496
39.41038991189776
18.40274
-31.16298
-10.510071
37.68625295926056
19.119934
-29.737976
-12.605377
37.53417876010227
19.119934
-29.737976
-10.510071
36.883337907981904
19.837112
-29.737976
-11.906937
37.67802307515036
19.119934
-29.025482
-10.510071
36.311321718727584
19.119934
-32.587982
-11.208496
39.41038991189776
16.968369
-29.025482
-11.208496
35.44057767444596
21.271484
-31.16298
-11.906937
39.564914334408236
19.119934
-31.16298
-10.510071
38.04161764241319
19.119934
-31.16298
-9.11319
37.67961379709773
18.40274
-31.16298
-11.208496
37.88696986236248
19.119934
-32.587982
-11.906937
39.614689300793934
17.685547
-31.16298
-12.605377
37.984278588935645
20.554306
-29.737976
-13.303818
38.52036133403589
17.685547
-30.450485
-13.303818
37.64308963495989
19.119934
-30.450485
-11.906937
37.87583796515266
19.119934
-29.737976
-14.002258
38.026073946763
19.119934
-30.450485
-11.906937
37.87583796515266
18.40274
-29.737976
-14.002258
37.670562632677786
19.119934
-31.16298
-13.303818
38.90622960591835
19.119934
-31.16298
-14.002258
39.15056011632369
17.685547
-30.450485
-12.605377
37.40195353092787
18.40274
-31.875473
-12.605377
38.905040455596016
18.40274
-30.450485
-14.002258
38.23553552335592
18.40274
-32.587982
-11.906937
39.27356105137717
16.968369
-31.875473
-13.303818
38.48328066349074
17.685547
-29.737976
-12.605377
36.82419368070909
18.40274
-33.300476
-14.002258
40.54190269367531
18.40274
-30.450485
-14.002258
38.23553552335592
16.968369
-31.875473
-13.303818
38.48328066349074
16.251175
-32.587982
-14.700684
39.270693626796145
17.685547
-31.16298
-14.002258
38.470419084424464
19.837112
-32.587982
-15.399124
41.14147062841519
18.40274
-31.875473
-13.303818
39.13691661574146
19.119934
-31.16298
-14.002258
39.15056011632369
19.119934
-31.875473
-16.097565
40.50616332829024
17.685547
-29.737976
-16.796005
38.46077959925946
20.554306
-31.875473
-16.097565
41.20263171633048
20.554306
-29.737976
-14.700684
39.0248224541525
18.40274
-31.16298
-14.002258
38.805352036538565
19.119934
-31.875473
-14.700684
39.97158719894827
16.251175
-31.875473
-12.605377
37.93470696061194
18.40274
-33.300476
-13.303818
40.306007229071945
16.968369
-32.587982
-14.700684
39.57287210996
17.685547
-31.16298
-15.399124
39.000550877519665
19.119934
-30.450485
-15.399124
39.114409259488376
19.837112
-30.450485
-15.399124
39.46993917695861
19.837112
-30.450485
-17.494446
40.33359277394821
19.119934
-30.450485
-14.002258
38.58584180110627
19.837112
-31.16298
-15.399124
40.0221862299525
19.837112
-31.875473
-15.399124
40.57942605971575
19.837112
-31.16298
-15.399124
40.0221862299525
20.554306
-29.737976
-14.700684
39.0248224541525
20.554306
-32.587982
-14.002258
40.99413722850348
18.40274
-31.16298
-15.399124
39.33096961553881
19.837112
-31.875473
-16.097565
40.84958206018989
20.554306
-32.587982
-14.002258
40.99413722850348
21.988678
-28.312973
-15.399124
39.016144369791014
19.119934
-31.16298
-16.097565
39.94790002987485
21.271484
-29.737976
-16.796005
40.23591774954857
19.837112
-29.737976
-16.796005
39.49638099026448
19.837112
-29.025482
-16.796005
38.96274450015521
19.837112
-31.16298
-15.399124
40.0221862299525
20.554306
-32.587982
-14.700684
41.237921408690994
21.988678
-30.450485
-16.097565
40.8639890439729
21.271484
-29.025482
-16.097565
39.42190132034397
21.271484
-30.450485
-15.399124
40.20996377172501
21.988678
-31.16298
-18.192871
42.25652484056826
21.271484
-31.16298
-16.796005
41.30028008095859
21.271484
-30.450485
-18.192871
41.36047292649257
21.271484
-31.16298
-17.494446
41.58921691817709
20.554306
-29.025482
-16.097565
39.03959172019717
19.837112
-32.587982
-14.002258
40.639276337676094
20.554306
-33.300476
-14.700684
41.80324571775573
20.554306
-31.16298
-13.303818
39.63082659991068
21.271484
-31.16298
-14.002258
40.2451305405581
20.554306
-29.737976
-16.796005
39.8614161203185
19.837112
-31.16298
-16.097565
40.296078292822116
21.271484
-31.16298
-15.399124
40.75218222924157
18.40274
-31.875473
-16.097565
40.172605800917836
18.40274
-32.587982
-16.097565
40.740263167642276
19.837112
-30.450485
-14.700684
39.202718648252734
19.837112
-32.587982
-16.097565
41.407959870355846
19.119934
-32.587982
-14.700684
40.542059263633085
18.40274
-33.300476
-16.097565
41.3123980591594
19.837112
-32.587982
-14.700684
40.88517648549411
19.119934
-30.450485
-16.796005
39.68513311101605
18.40274
-31.875473
-16.097565
40.172605800917836
19.119934
-33.300476
-16.796005
41.91180606111705
19.837112
-31.875473
-17.494446
41.41995203712593
18.40274
-33.300476
-16.796005
41.58952363952369
19.837112
-31.16298
-16.097565
40.296078292822116
19.119934
-34.012985
-15.399124
41.94744491343454
19.119934
-30.450485
-14.002258
38.58584180110627
17.685547
-31.875473
-15.399124
39.57217958946585
19.119934
-31.875473
-15.399124
40.233701450672854
20.554306
-34.012985
-16.796005
43.144739028755
20.554306
-32.587982
-16.796005
42.03048762087394
19.119934
-33.300476
-16.097565
41.63682557713334
19.837112
-32.587982
-17.494446
41.97074234381166
18.40274
-31.875473
-16.097565
40.172605800917836
19.119934
-31.875473
-16.097565
40.50616332829024
20.554306
-31.16298
-17.494446
41.22701182363633
20.554306
-31.16298
-16.097565
40.65393500807302
19.119934
-31.16298
-15.399124
39.6716042231799
19.837112
-31.875473
-15.399124
40.57942605971575
19.837112
-32.587982
-16.097565
41.407959870355846
19.837112
-31.875473
-14.002258
40.07018835889329
18.40274
-33.300476
-15.399124
41.04528838054604
16.968369
-31.875473
-15.399124
39.25690219715748
21.988678
-31.16298
-15.399124
41.13108748163456
20.554306
-31.875473
-16.796005
41.480490637354144
20.554306
-31.875473
-16.796005
41.480490637354144
21.271484
-30.450485
-15.399124
40.20996377172501
21.988678
-29.737976
-14.700684
39.79898526992397
20.554306
-31.16298
-14.700684
40.12132783527515
21.988678
-32.587982
-12.605377
41.28406500621638
21.271484
-31.16298
-14.700684
40.49342424674113
22.705872
-31.875473
-13.303818
41.33514088605859
20.554306
-32.587982
-13.303818
40.760859066461514
21.271484
-31.875473
-14.002258
40.79932699209403
21.271484
-32.587982
-14.002258
41.35838329940648
22.705872
-31.875473
-13.303818
41.33514088605859
23.42305
-30.450485
-12.605377
40.43225006975403
23.42305
-31.875473
-13.303818
41.73339952295029
21.271484
-31.16298
-13.303818
40.0074852615498
22.705872
-31.875473
-13.303818
41.33514088605859
21.988678
-30.450485
-12.605377
39.618550157742554
21.271484
-31.16298
-12.605377
39.780683850547206
22.705872
-31.875473
-14.002258
41.565196106162546
21.988678
-29.737976
-13.303818
39.30446155644658
24.140244
-30.450485
-14.002258
41.30431733922466
20.495224
-31.136124
-13.273056
39.56875691044009
21.929596
-30.42363
-14.669922
40.270472278084846
20.495224
-31.848618
-13.971497
40.36819825882823
23.363968
-31.136124
-12.5746155
40.90787483642743
23.363968
-31.136124
-13.273056
41.127938487343975
21.929596
-32.561127
-13.971497
41.66937474923505
22.64679
-31.136124
-13.273056
40.724799291632486
23.363968
-31.136124
-12.5746155
40.90787483642743
21.212402
-31.848618
-13.273056
40.502769846448466
20.495224
-33.27362
-12.5746155
41.0525146606263
21.929596
-31.848618
-13.273056
40.88294910281975
21.929596
-32.561127
-12.5746155
41.2220208733489
21.929596
-31.136124
-12.5746155
40.105938813659506
23.363968
-30.42363
-13.971497
40.82493021130364
21.212402
-32.561127
-11.876175
40.63540882279041
21.212402
-32.561127
-13.971497
41.29643604335382
21.929596
-30.42363
-13.971497
40.021333727404844
20.495224
-33.27362
-14.669922
41.74199960770926
19.77803
-32.561127
-13.971497
40.578322041781895
19.752151
-32.542084
-13.256943
40.309815499279296
19.034973
-31.829575
-14.653809
39.87713827779725
19.034973
-30.404587
-12.558502
38.00638085047776
19.752151
-33.254578
-13.955383
41.118938335562
19.034973
-31.829575
-13.955383
39.62580865943385
21.903717
-32.542084
-13.256943
41.40660082398548
19.034973
-32.542084
-13.256943
39.96328270855324
20.469345
-32.542084
-11.860062
40.232352801123405
20.469345
-30.404587
-13.256943
38.97665410767948
20.469345
-32.542084
-14.653809
41.142621841968825
20.469345
-32.542084
-13.256943
40.66605197462774
21.186523
-31.829575
-13.955383
40.70311150431638
21.186523
-31.11708
-13.955383
40.1484017744052
19.034973
-31.829575
-14.653809
39.87713827779725
20.469345
-31.11708
-16.05069
40.557261735627414
19.034973
-33.254578
-15.352249
41.27818639275471
20.469345
-31.11708
-16.05069
40.557261735627414
19.752151
-31.829575
-17.44757
41.324169824919046
21.186523
-33.254578
-16.05069
42.571825795501184
19.752151
-31.11708
-17.44757
40.777909345931405
19.034973
-32.542084
-15.352249
40.70637433047572
19.034973
-33.967087
-11.860062
40.70324496143551
18.31778
-33.254578
-14.653809
40.69572569501311
20.469345
-34.67958
-12.558502
42.18273844656796
19.752151
-31.829575
-13.955383
39.97526701169424
19.752151
-33.254578
-13.955383
41.118938335562
21.186523
-32.542084
-13.955383
41.262678567661176
22.62091
-31.829575
-13.256943
41.23801613328865
19.034973
-31.829575
-11.860062
38.93729622238009
21.186523
-31.829575
-13.256943
40.46896567268785
19.752151
-32.542084
-13.256943
40.309815499279296
21.186523
-31.11708
-13.256943
39.91100176045995
22.62091
-31.829575
-13.955383
41.467819789868386
21.903717
-30.404587
-13.955383
39.987052347838166
23.338089
-31.829575
-11.860062
41.212245980412185
23.338089
-31.11708
-13.955383
41.32422742727246
22.62091
-30.404587
-14.653809
40.631006166588776
21.186523
-31.829575
-13.256943
40.46896567268785
22.62091
-31.11708
-13.256943
40.690599080323516
24.055283
-30.404587
-11.860062
40.54326663857468
22.590149
-31.103897
-12.54483
40.43686455016557
20.438583
-31.816391
-13.243271
40.06747543695042
23.307327
-32.5289
-12.54483
41.93725840560068
22.590149
-31.816391
-12.54483
40.98744120964448
21.155762
-29.678894
-13.941711
39.02274070323851
21.872955
-30.391403
-12.54483
39.48969994020197
21.155762
-30.391403
-12.54483
39.097012878423655
21.872955
-29.678894
-12.54483
38.94400778280915
24.02452
-31.103897
-12.54483
41.255336716807776
22.590149
-30.391403
-13.941711
40.35249046004627
21.872955
-31.816391
-13.243271
40.81780270394433
22.590149
-30.391403
-12.54483
39.89141450452559
20.438583
-31.103897
-11.84639
39.05797004983826
23.307327
-31.816391
-10.449524
40.800816965338605
23.307327
-31.103897
-11.84639
40.63275466853219
21.155762
-32.5289
-11.84639
40.57132722469697
20.438583
-30.391403
-11.147949
38.28380571825949
21.155762
-31.816391
-11.84639
40.002323846070965
21.872955
-32.5289
-11.147949
40.75330999306222
22.590149
-31.816391
-11.147949
40.58169867782921
21.155762
-32.5289
-10.449524
40.185671371693545
21.155762
-31.816391
-10.449524
39.611128536135524
21.155762
-32.5289
-9.751083
40.009740025086394
21.155762
-31.816391
-10.449524
39.611128536135524
21.155762
-32.5289
-9.751083
40.009740025086394
20.438583
-31.816391
-10.449524
39.23277886538245
21.155762
-32.5289
-9.751083
40.009740025086394
21.155762
-31.103897
-11.147949
39.233855407750205
19.004211
-32.5289
-11.147949
39.28824457912793
20.445908
-33.96025
-11.151855
41.17884932627352
21.88028
-31.822739
-9.056549
39.66679301094856
21.163086
-31.822739
-9.056549
39.2757445052963
20.445908
-30.39775
-11.151855
38.293893001507925
21.163086
-32.535248
-8.3581085
39.7023501990515
21.88028
-31.822739
-9.056549
39.66679301094856
21.88028
-31.822739
-9.75499
39.83206170471769
21.88028
-31.822739
-11.151855
40.196980498675984
23.314651
-31.822739
-11.151855
40.99541019707648
21.12207
-32.513763
-11.134277
40.339295842422686
21.839264
-28.951263
-11.832718
38.14632792267658
22.556458
-29.663757
-10.435852
38.69934314889918
23.273636
-29.663757
-12.531158
39.73198325233794
22.556458
-30.376266
-11.134277
39.43961866585189
21.12207
-30.376266
-13.229599
39.29226022853849
21.839264
-28.951263
-13.92804
38.8473858163664
20.404892
-31.08876
-9.7374115
38.44070426176692
20.404892
-31.801254
-9.7374115
39.019182231708164
21.12207
-31.08876
-9.7374115
38.82615060372487
19.687698
-31.08876
-10.435852
38.24948937567664
20.404892
-31.801254
-11.134277
39.39100927023989
21.839264
-31.08876
-9.038971
39.05339268832799
22.556458
-30.376266
-10.435852
39.24816345972047
21.839264
-29.663757
-12.531158
38.909148988380615
20.404892
-31.08876
-8.34053
38.11082600251207
23.273636
-31.08876
-9.038971
39.87325041469296
21.839264
-29.663757
-9.7374115
38.10130058732001
23.273636
-30.376266
-8.34053
39.16559832042497
23.273636
-29.663757
-10.435852
39.121702012557876
23.273636
-30.376266
-10.435852
39.664677246811806
21.839264
-29.663757
-9.7374115
38.10130058732001
22.556458
-29.663757
-12.531158
39.316180955949136
23.273636
-28.238754
-10.435852
38.05254706180159
21.839264
-29.663757
-9.038971
37.928814517502715
22.556458
-30.376266
-9.7374115
39.06825426367215
23.273636
-31.801254
-8.34053
40.2808439176583
21.12207
-31.08876
-9.038971
38.65689893099209
23.99083
-31.08876
-8.34053
40.14517873887925
22.556458
-31.08876
-9.038971
39.4589383093362
23.99083
-29.663757
-8.34053
39.05205172767015
23.273636
-28.951263
-8.34053
38.071015506283615
22.556458
-29.663757
-9.038971
38.34625380221727
23.273636
-30.376266
-9.038971
39.32025739490476
23.273636
-28.951263
-7.64209
37.924125010506174
23.99083
-29.663757
-6.9436646
38.777735474814506
23.99083
-28.951263
-7.64209
38.36843865680408
23.99083
-28.238754
-7.64209
37.833695957501796
24.708008
-28.951263
-8.34053
38.964417486703496
23.99083
-28.238754
-5.5467834
37.466703968323664
23.273636
-28.238754
-7.64209
37.38302883296861
23.273636
-28.951263
-6.245224
37.66750026444382
23.99083
-29.663757
-6.245224
38.658777769515844
23.273636
-28.951263
-6.9436646
37.78957853818629
23.273636
-29.663757
-6.245224
38.217841298988716
22.556458
-30.376266
-6.245224
38.347283608571935
21.12207
-30.376266
-6.9436646
37.644041394874996
21.12207
-29.663757
-5.5467834
36.83540644500546
21.12207
-28.951263
-4.1499023
36.076851090003856
20.404892
-31.08876
-6.9436646
37.82968520894421
19.687698
-30.376266
-5.5467834
36.62089354111939
21.12207
-29.663757
-4.1499023
36.65108459449904
19.687698
-28.951263
-6.245224
35.56380091535317
20.404892
-30.376266
-4.848343
36.91319030054247
18.97052
-31.08876
-6.245224
36.95124367568279
20.404892
-31.08876
-5.5467834
37.59837032601114
21.12207
-31.08876
-6.9436646
38.221293928519906
22.556458
-29.663757
-6.245224
37.78538057703749
21.839264
-29.663757
-6.245224
37.36167522195204
21.839264
-29.663757
-6.9436646
37.48474950313127
21.12207
-30.376266
-9.038971
38.08624919744248
23.273636
-28.238754
-7.64209
37.38302883296861
21.839264
-28.951263
-7.64209
37.06117428857911
22.556458
-28.238754
-7.64209
36.94079637099663
23.273636
-26.813766
-6.9436646
36.17809577987504
23.99083
-28.238754
-6.245224
37.57645364006644
24.708008
-28.238754
-7.64209
38.29248400214705
21.839264
-26.813766
-8.34053
35.57381019345113
23.99083
-27.52626
-9.7374115
37.78984018865884
21.839264
-27.52626
-10.435852
36.65454160021477
22.556458
-28.951263
-10.435852
38.155949271951684
23.273636
-28.238754
-8.34053
37.53203709624286
21.839264
-28.238754
-8.34053
36.65985802522546
23.99083
-28.238754
-6.9436646
37.69882674680921
21.839264
-28.951263
-6.245224
36.79853200886976
23.273636
-28.951263
-8.34053
38.071015506283615
23.273636
-26.813766
-8.34053
36.47196991997759
23.273636
-27.52626
-8.34053
36.99894094240233
23.273636
-28.238754
-6.245224
37.12266373909525
23.99083
-27.52626
-5.5467834
36.93266479034007
25.425201
-26.813766
-5.5467834
37.36556959308429
25.425201
-26.101257
-6.9436646
37.09354432072295
23.99083
-26.813766
-5.5467834
36.40473608708505
25.425201
-26.101257
-4.848343
36.7589856016313
25.425201
-25.388763
-5.5467834
36.356526196410904
25.425201
-23.96376
-4.1499023
35.184148652571515
23.99083
-26.101257
-3.451477
35.619491418959264
24.708008
-26.101257
-5.5467834
36.366579110109804
25.425201
-23.96376
-6.9436646
35.6218628689996
26.142395
-24.676254
-8.34053
36.904020624875685
27.576767
-24.676254
-9.7374115
38.26503323603271
24.708008
-23.96376
-9.7374115
35.7710035820303
26.142395
-26.101257
-9.7374115
38.20363304876906
23.99083
-25.388763
-10.435852
36.45622240912722
23.99083
-25.388763
-7.64209
35.75682674930324
23.273636
-26.813766
-6.9436646
36.17809577987504
23.273636
-27.52626
-7.64209
36.8477769613336
24.708008
-26.813766
-9.038971
37.56549943827281
22.556458
-27.52626
-6.245224
36.13158697245995
23.99083
-26.813766
-6.245224
36.517677520406124
21.839264
-28.238754
-7.64209
36.50729004681805
21.839264
-27.52626
-7.64209
35.959003417194594
20.404892
-28.951263
-6.9436646
36.09362486450169
18.97052
-28.238754
-7.64209
34.86702382747827
21.839264
-27.52626
-6.245224
35.68825079934834
20.404892
-26.813766
-6.245224
34.26865118590988
19.687698
-28.238754
-5.5467834
34.86831743211701
21.12207
-27.52626
-5.5467834
35.13692871845269
19.687698
-27.52626
-4.848343
34.18781956831903
18.97052
-29.663757
-3.451477
35.37982209570079
21.839264
-29.663757
-3.451477
36.997360547747185
20.404892
-30.376266
-4.848343
36.91319030054247
19.687698
-28.951263
-4.1499023
35.256244944934046
19.687698
-28.238754
-5.5467834
34.86831743211701
18.97052
-28.951263
-4.848343
34.95086185118509
18.253326
-28.951263
-5.5467834
34.67169544230207
17.536133
-30.376266
-4.848343
35.40819100482789
17.536133
-29.663757
-6.9436646
35.15208308639048
18.253326
-29.663757
-4.848343
35.16573483165111
16.818954
-29.663757
-4.848343
34.443027502742666
17.536133
-28.951263
-5.5467834
34.299540756309696
16.818954
-28.951263
-4.1499023
33.73832444169112
17.536133
-28.951263
-6.9436646
34.55294673294432
18.97052
-28.951263
-5.5467834
35.05457345507413
17.536133
-29.663757
-6.245224
35.02081203214205
18.253326
-28.951263
-5.5467834
34.67169544230207
18.97052
-28.951263
-5.5467834
35.05457345507413
18.97052
-28.951263
-4.848343
34.95086185118509
18.253326
-29.663757
-3.451477
35.000502228539524
17.536133
-26.813766
-6.245224
32.641948872147246
19.687698
-29.663757
-5.5467834
36.03208002621587
20.404892
-26.813766
-4.848343
34.04179954425056
18.97052
-28.951263
-2.7530365
34.722262282963
19.687698
-27.52626
-4.1499023
34.0957800438247
19.687698
-28.951263
-2.7530365
35.11923050925945
19.687698
-28.238754
-2.7530365
34.53421402720152
19.687698
-27.52626
-2.7530365
33.95408312327381
21.839264
-26.101257
-3.451477
34.207336138657816
20.404892
-27.52626
-4.1499023
34.514871681457834
23.273636
-27.52626
-4.848343
36.37119254933687
21.12207
-26.101257
-5.5467834
34.03210728373832
19.687698
-25.388763
-5.5467834
32.60309295023825
21.12207
-25.388763
-4.848343
33.38019878458541
21.12207
-25.388763
-3.451477
33.20608258886371
21.839264
-26.101257
-1.3561554
34.059774475247
22.556458
-24.676254
-2.7530365
33.54535030885428
23.273636
-24.676254
-2.7530365
34.0317324489448
20.404892
-23.96376
-2.7530365
31.594314102283498
21.839264
-24.676254
-2.7530365
33.067358456830206
21.12207
-25.388763
-4.1499023
33.28592616796737
21.12207
-24.676254
-5.5467834
32.951876606272364
21.839264
-25.388763
-4.1499023
33.745583478388326
22.556458
-24.676254
-2.7530365
33.54535030885428
22.556458
-25.388763
-1.3561554
33.98855936883395
21.839264
-24.676254
-2.7530365
33.067358456830206
21.839264
-26.101257
-4.1499023
34.28484804784852
21.839264
-24.676254
-3.451477
33.13281894747638
23.273636
-24.676254
-3.451477
34.095341464345424
21.12207
-25.388763
-3.451477
33.20608258886371
23.99083
-25.388763
-2.054596
34.99100575002721
21.839264
-25.388763
-4.1499023
33.745583478388326
22.556458
-26.101257
-4.1499023
34.746093530424396
21.12207
-25.388763
-3.451477
33.20608258886371
21.839264
-26.101257
-3.451477
34.207336138657816
21.839264
-25.388763
-2.7530365
33.60240985766032
