18.253326
-28.951263
-17.420227
38.403437015576806
16.818954
-29.663757
-16.721786
37.979387013097316
18.97052
-30.376266
-15.324905
38.95447249975765
17.536133
-30.376266
-16.721786
38.85681001536684
18.253326
-28.238754
-16.721786
37.55302078551321
18.97052
-28.951263
-16.721786
38.44053119399578
18.97052
-29.663757
-16.023346
38.685483716642665
17.536133
-31.08876
-16.721786
39.41630552958461
16.818954
-27.52626
-16.721786
36.33442485697964
17.536133
-28.238754
-15.324905
36.603222514383894
18.253326
-28.951263
-15.324905
37.49949869456591
18.97052
-28.238754
-16.721786
37.906807111528465
18.97052
-29.663757
-13.92804
37.865674775076634
19.687698
-27.52626
-14.626465
36.86779093991207
20.404892
-27.52626
-13.229599
36.72978391397351
18.253326
-27.52626
-15.324905
36.41059858685552
19.687698
-29.663757
-13.92804
38.230016736688725
19.687698
-28.951263
-13.92804
37.679853533482415
21.12207
-28.238754
-12.531158
37.424577472877864
18.97052
-28.238754
-13.92804
36.76000674242491
18.97052
-29.663757
-11.832718
37.146093676060005
18.97052
-28.951263
-13.92804
37.31013949034582
18.97052
-31.08876
-12.531158
38.51521139483805
20.404892
-28.238754
-11.832718
36.794021916992506
20.404892
-28.238754
-13.229599
37.2667305260545
20.404892
-28.951263
-13.92804
38.05949963800513
19.687698
-26.813766
-13.92804
36.06346808709265
18.253326
-29.663757
-13.92804
37.511500515154516
20.404892
-29.663757
-14.626465
38.86169794775844
19.687698
-27.52626
-13.92804
36.596321829992355
18.253326
-29.663757
-13.92804
37.511500515154516
19.687698
-28.238754
-12.531158
36.634172872747
19.687698
-28.238754
-13.229599
36.87892424828763
19.687698
-28.951263
-12.531158
37.18616725552998
19.687698
-28.238754
-12.531158
36.634172872747
19.687698
-30.376266
-11.832718
38.08327955468942
18.253326
-30.376266
-11.134277
37.14665068652304
18.97052
-28.951263
-9.7374115
35.95654895962539
18.97052
-31.08876
-9.038971
37.5245866665069
18.253326
-31.08876
-10.435852
37.53134594856595
17.536133
-29.663757
-11.134277
36.21362500140227
20.404892
-28.951263
-11.832718
37.343653569436164
21.12207
-31.08876
-11.832718
39.40388325565134
19.687698
-29.663757
-11.832718
37.51742433731626
19.687698
-31.08876
-12.531158
38.87346604439444
19.687698
-28.951263
-10.435852
36.53338350538535
18.253326
-30.376266
-10.435852
36.94331430285712
18.97052
-29.663757
-11.134277
36.929544537749514
19.687698
-28.951263
-13.229599
37.42730910440764
18.253326
-25.388763
-12.531158
33.68683868495139
20.404892
-30.376266
-12.531158
38.679543116020156
18.253326
-29.663757
-12.531158
37.01556893727287
18.97052
-26.813766
-12.531158
35.15520658173818
17.536133
-28.951263
-13.229599
36.34162887458145
18.253326
-28.238754
-11.832718
35.64581868394156
18.97052
-28.951263
-12.531158
36.811495237773556
18.253326
-28.238754
-11.134277
35.420098447399006
19.687698
-30.376266
-11.134277
37.87208953854573
17.536133
-29.663757
-12.531158
36.66721117019946
17.536133
-29.663757
-12.531158
36.66721117019946
17.536133
-28.238754
-11.832718
35.28393998547268
16.818954
-27.52626
-12.531158
34.60638919118206
18.97052
-28.951263
-13.229599
37.05507540514862
16.818954
-28.238754
-11.832718
34.933044913850914
16.818954
-28.238754
-15.324905
36.26509653320255
18.253326
-28.238754
-13.229599
36.13355151271288
17.536133
-27.52626
-13.229599
35.21694586938492
18.97052
-26.813766
-13.229599
35.410181889469484
18.97052
-28.951263
-13.229599
37.05507540514862
18.253326
-28.238754
-11.832718
35.64581868394156
17.536133
-27.52626
-13.229599
35.21694586938492
18.253326
-28.238754
-12.531158
35.88371654777763
20.404892
-28.951263
-13.229599
37.80949109929278
18.97052
-27.52626
-13.229599
35.95271926379057
19.687698
-26.813766
-13.229599
35.79952283146994
19.687698
-28.238754
-13.92804
37.13519825204586
19.687698
-27.52626
-13.229599
36.33624741186908
19.687698
-26.813766
-11.832718
35.30717603671384
21.12207
-28.238754
-12.531158
37.424577472877864
21.12207
-25.388763
-11.832718
35.08196666045997
19.687698
-28.951263
-13.229599
37.42730910440764
21.12207
-27.52626
-11.832718
36.658561041811915
21.839264
-28.238754
-11.832718
37.6084288544262
21.12207
-26.101257
-12.531158
35.83918787717312
21.12207
-28.238754
-13.229599
37.66419295118458
21.12207
-25.388763
-13.92804
35.843010972111074
20.404892
-27.52626
-13.229599
36.72978391397351
21.839264
-24.676254
-14.626465
36.05280076997313
21.839264
-26.813766
-13.229599
37.02639406453017
20.404892
-26.813766
-12.531158
35.94951395653268
18.97052
-27.52626
-11.832718
35.46249944924215
21.12207
-26.813766
-13.229599
36.60795285063155
21.839264
-26.101257
-13.92804
36.772535408257646
20.404892
-28.238754
-13.229599
37.2667305260545
21.12207
-26.813766
-13.229599
36.60795285063155
21.12207
-26.813766
-14.626465
37.13560750447692
21.839264
-26.101257
-13.229599
36.51371611934
20.404892
-25.388763
-14.626465
35.70549602356845
21.12207
-26.101257
-13.92804
36.35117212475755
20.404892
-26.101257
-15.324905
36.50326063667978
21.839264
-26.101257
-11.832718
36.03112972930924
19.687698
-27.52626
-14.626465
36.86779093991207
19.687698
-26.813766
-12.531158
35.547340312888565
18.97052
-26.813766
-11.832718
34.91234489649578
18.253326
-27.52626
-13.229599
35.579505970673445
20.404892
-26.813766
-13.229599
36.19889480842699
18.253326
-28.238754
-13.92804
36.395074397913895
19.687698
-28.238754
-14.626465
37.40275640274975
19.687698
-28.238754
-14.626465
37.40275640274975
19.687698
-27.52626
-16.023346
37.44393269547317
18.253326
-29.663757
-13.92804
37.511500515154516
18.97052
-27.52626
-16.721786
37.379056270273196
18.253326
-28.238754
-15.324905
36.95218352394754
18.97052
-27.52626
-13.92804
36.21554801419896
16.818954
-27.52626
-15.324905
35.71309352083805
18.253326
-28.951263
-13.92804
36.9506407727339
17.536133
-28.951263
-15.324905
37.1556783492611
16.818954
-28.951263
-16.023346
37.11873566151432
18.97052
-28.951263
-13.92804
37.31013949034582
18.253326
-29.663757
-13.92804
37.511500515154516
16.818954
-28.951263
-13.92804
36.26352286830821
18.253326
-30.376266
-13.229599
37.82755382158619
17.536133
-31.08876
-13.92804
38.31471273432782
18.253326
-29.663757
-12.531158
37.01556893727287
18.253326
-28.951263
-15.324905
37.49949869456591
17.536133
-30.376266
-16.023346
38.56139521816962
16.818954
-30.376266
-13.92804
37.41102889533797
18.97052
-31.08876
-15.324905
39.512585144047776
18.253326
-29.663757
-16.023346
38.33888518446383
18.97052
-30.376266
-14.626465
38.685030906164954
17.536133
-28.951263
-15.324905
37.1556783492611
18.97052
-28.951263
-14.626465
37.57645201577379
19.687698
-28.238754
-14.626465
37.40275640274975
17.536133
-29.663757
-13.229599
36.911743478744334
16.818954
-29.663757
-14.626465
37.104570412656884
18.97052
-31.08876
-12.531158
38.51521139483805
17.536133
-30.376266
-13.92804
37.73888915803978
18.253326
-27.52626
-16.023346
36.710032209789055
18.253326
-28.238754
-14.626465
36.668033458782254
18.97052
-28.238754
-16.023346
37.60392825120635
19.687698
-28.951263
-15.324905
38.218238958153215
20.404892
-28.238754
-14.626465
37.78518673917151
19.687698
-29.663757
-14.626465
38.48996514667411
19.687698
-31.08876
-13.92804
39.34598695487413
20.404892
-28.951263
-14.626465
38.32060477080183
18.253326
-28.951263
-14.626465
37.219525666245566
19.687698
-30.376266
-13.229599
38.540178215909464
20.404892
-31.08876
-14.626465
39.9600309953388
18.97052
-29.663757
-16.023346
38.685483716642665
21.12207
-30.376266
-13.92804
39.532892752428324
19.687698
-28.238754
-14.626465
37.40275640274975
21.12207
-29.663757
-13.92804
38.98808223855881
20.404892
-31.08876
-13.92804
39.709707123620916
19.687698
-30.376266
-13.229599
38.540178215909464
20.404892
-28.951263
-15.324905
38.59258917788654
18.253326
-29.663757
-13.92804
37.511500515154516
21.12207
-31.801254
-16.023346
41.40300989681336
18.97052
-30.376266
-13.92804
38.42640210722635
19.687698
-31.08876
-13.92804
39.34598695487413
19.687698
-31.801254
-13.229599
39.673008857861255
20.404892
-29.663757
-13.229599
38.3577949649131
18.97052
-31.08876
-15.324905
39.512585144047776
18.253326
-30.376266
-14.626465
38.33842668834364
18.97052
-29.663757
-12.531158
37.37444312659973
19.687698
-33.226257
-13.229599
40.824158760182215
18.97052
-31.801254
-12.531158
39.09258685070211
18.97052
-31.08876
-13.92804
38.99207401431091
19.687698
-31.801254
-13.229599
39.673008857861255
18.253326
-31.801254
-14.626465
39.47704565679988
18.253326
-31.08876
-14.626465
38.9053777512666
17.536133
-32.513763
-15.324905
39.993917384202
18.253326
-32.513763
-13.229599
39.564517869155814
17.536133
-31.801254
-13.92804
38.89506302520122
17.536133
-31.801254
-16.023346
39.693617269696205
18.97052
-31.801254
-13.92804
39.56249074348233
18.97052
-33.226257
-15.324905
41.215501080259536
17.536133
-31.801254
-14.626465
39.15059597297419
18.253326
-30.376266
-14.626465
38.33842668834364
17.536133
-31.801254
-14.626465
39.15059597297419
18.97052
-32.513763
-14.626465
40.38513169849379
16.818954
-33.938766
-13.229599
40.121557545574085
16.809189
-31.790512
-13.222275
38.31467290942531
17.526367
-33.928024
-12.523834
40.18869068998143
18.960754
-31.790512
-11.825394
38.85854882012773
16.091995
-32.50302
-12.523834
38.36984645770035
17.526367
-32.50302
-12.523834
38.99315876745641
18.24356
-31.790512
-11.126953
38.30500219761611
17.526367
-33.215515
-11.825394
39.37364518998559
17.526367
-33.215515
-12.523834
39.589018746029026
18.960754
-33.928024
-13.920715
41.28447009110236
16.091995
-31.078018
-14.619141
37.92775725649768
17.526367
-33.215515
-13.920715
40.05284290296227
17.526367
-32.50302
-11.825394
38.77447563717013
17.526367
-32.50302
-13.920715
39.46398674741314
18.960754
-31.790512
-14.619141
39.79781512680297
17.526367
-32.50302
-15.317581
39.97809764127884
18.24356
-31.790512
-15.317581
39.72521122947696
18.24356
-33.928024
-13.222275
40.72796147247153
18.24356
-33.215515
-11.126953
39.495657766669424
16.809189
-34.64052
-13.222275
40.71047498417944
16.809189
-34.64052
-11.825394
40.2784588588848
19.677933
-32.50302
-12.523834
40.006423434438936
18.960754
-33.928024
-12.523834
40.834636392367635
18.24356
-33.215515
-13.920715
40.37182529120711
18.24356
-32.50302
-13.222275
39.548736251143346
20.395126
-31.790512
-12.523834
39.79251607950294
17.526367
-31.790512
-11.825394
38.17918472786415
18.960754
-34.64052
-12.523834
41.42851700802691
19.677933
-33.215515
-12.523834
40.587410494203745
18.960754
-33.215515
-11.126953
39.83201726763754
18.960754
-34.64052
-11.126953
41.02785234409364
19.677933
-31.790512
-11.825394
39.21348788154323
19.677933
-33.215515
-10.428528
39.99056895655212
19.677933
-32.50302
-12.523834
40.006423434438936
19.677933
-33.928024
-11.825394
40.965496152249884
18.24356
-33.215515
-9.730087
39.12508736012611
19.677933
-33.928024
-9.730087
40.41047475255101
18.24356
-31.790512
-11.126953
38.30500219761611
18.24356
-33.928024
-10.428528
39.908551776314965
18.24356
-35.353012
-10.428528
41.126841773442955
20.395126
-33.215515
-11.825394
40.7317018206105
18.24356
-33.215515
-12.523834
39.91170675300043
18.24356
-33.928024
-12.523834
40.506601808088796
19.677933
-33.215515
-12.523834
40.587410494203745
18.24356
-33.215515
-11.126953
39.495657766669424
17.526367
-31.790512
-11.825394
38.17918472786415
18.960754
-33.215515
-11.825394
40.032742641473334
18.24356
-32.50302
-10.428528
38.70436766273123
18.960754
-33.928024
-12.523834
40.834636392367635
17.526367
-33.928024
-10.428528
39.585838051236834
16.091995
-33.928024
-9.730087
38.79094831140942
17.526367
-34.64052
-9.031647
39.858621611852996
16.804794
-35.34813
-10.426086
40.50425415301691
17.521973
-34.635635
-10.426086
40.1914166904569
16.0876
-33.92314
-9.029205
38.614983404882814
18.239166
-33.92314
-11.124512
40.0899181601302
17.521973
-35.34813
-9.727646
40.63418315679931
16.0876
-33.92314
-11.124512
39.1579521278086
16.0876
-36.06064
-10.426086
40.839732970019526
15.370422
-33.92314
-9.029205
38.32174197767013
16.0876
-36.773132
-8.330765
40.993607185488386
15.370422
-33.92314
-10.426086
38.674703179412056
17.521973
-33.92314
-9.727646
39.40083942584139
14.653229
-33.92314
-11.124512
38.590820992092794
15.370422
-33.92314
-10.426086
38.674703179412056
16.804794
-33.92314
-11.124512
39.45802104521573
16.804794
-35.34813
-10.426086
40.50425415301691
16.804794
-33.210632
-9.727646
38.470433363351425
17.521973
-33.210632
-8.330765
38.462542655159965
17.521973
-34.635635
-8.330765
39.69947530942632
16.804794
-34.635635
-9.029205
39.54181244759305
16.0876
-36.06064
-9.029205
40.50564196812587
16.804794
-33.92314
-8.330765
38.763156158788526
16.804794
-33.210632
-9.029205
38.29978824088816
17.521973
-34.635635
-9.029205
39.85189255033881
18.239166
-34.635635
-8.330765
40.02119494620163
16.804794
-33.92314
-10.426086
39.26682965472018
16.804794
-33.92314
-10.426086
39.26682965472018
16.804794
-33.210632
-13.219833
39.49824307554309
15.3723755
-33.213562
-13.221298
38.91340923086475
16.806747
-32.50107
-13.221298
38.90487102224878
16.089554
-32.50107
-13.221298
38.60046595158778
15.3723755
-34.638565
-11.125977
39.495917386919565
16.089554
-33.92607
-11.125977
39.16170839349166
15.3723755
-33.92607
-11.125977
38.872555376813565
16.089554
-34.638565
-11.125977
39.78053962690567
15.3723755
-33.213562
-10.427551
38.0550203036669
15.3723755
-33.92607
-9.729111
38.496023790207865
16.089554
-33.92607
-10.427551
38.96903819059434
16.089554
-34.638565
-8.33223
39.0913034431293
16.815048
-34.650284
-9.732529
39.725435548174765
17.532227
-34.650284
-9.034088
39.870239356293375
16.815048
-33.93779
-11.129395
39.47635763973166
15.380676
-33.93779
-10.430969
38.69294407121843
16.097855
-33.22528
-10.430969
38.36489904216646
17.532227
-33.22528
-9.034088
38.63823347330336
17.532227
-33.93779
-9.732529
39.419218103095034
17.532227
-33.93779
-9.732529
39.419218103095034
16.097855
-33.22528
-9.732529
38.1809176252107
15.380676
-33.93779
-10.430969
38.69294407121843
16.097855
-33.93779
-9.034088
38.63326671244615
16.097855
-34.650284
-8.335648
39.105833776452876
17.532227
-33.93779
-6.9387817
38.823952869411045
15.380676
-33.93779
-7.637207
38.0350581623594
16.815048
-34.650284
-9.732529
39.725435548174765
17.532227
-33.22528
-7.637207
38.33569151770482
16.097855
-34.650284
-9.034088
39.26064122271502
16.815048
-33.93779
-9.732529
39.105518499930895
15.380676
-32.512787
-7.637207
36.76919075356262
16.097855
-33.22528
-8.335648
37.84895421224921
18.24942
-33.22528
-9.732529
39.136720114594745
16.815048
-32.512787
-10.430969
38.06090282979044
19.683792
-33.22528
-9.732529
39.825784859164266
18.966614
-33.93779
-7.637207
39.62111666450338
15.380676
-33.93779
-10.430969
38.69294407121843
16.815048
-33.93779
-9.034088
38.93756740313187
15.380676
-32.512787
-9.732529
37.26081926560056
17.532227
-33.22528
-11.129395
39.18114014630078
17.532227
-33.93779
-10.430969
39.597446428676115
17.532227
-32.512787
-8.335648
37.86744297288487
17.532227
-33.22528
-10.430969
38.988504916513534
17.532227
-32.512787
-9.732529
38.19924571306186
15.380676
-34.650284
-9.732529
39.13987181161542
18.24942
-33.93779
-9.732529
39.743390763433865
16.097855
-33.22528
-11.827835
38.7680023706729
17.532227
-33.22528
-10.430969
38.988504916513534
17.532227
-34.650284
-11.827835
40.59456792863425
16.097855
-33.22528
-10.430969
38.36489904216646
16.097855
-31.087784
-10.430969
36.52939206139352
15.380676
-33.22528
-9.732529
37.88412154239639
17.532227
-32.512787
-11.827835
38.78605303657811
16.815048
-31.800278
-9.732529
37.26561025943105
16.815048
-33.22528
-10.430969
38.67131154892555
16.815048
-32.512787
-10.430969
38.06090282979044
18.24942
-33.22528
-9.732529
39.136720114594745
16.815048
-34.650284
-10.430969
39.90229614075721
16.097855
-32.512787
-9.732529
37.56253899748392
17.532227
-33.22528
-9.732529
38.80748004975974
18.24942
-32.512787
-9.034088
38.363230139781145
17.532227
-33.93779
-9.732529
39.419218103095034
16.097855
-33.22528
-10.430969
38.36489904216646
18.24942
-33.22528
-11.827835
39.70967638293594
18.966614
-30.37529
-11.129395
37.500055338500836
19.012512
-32.541107
-12.549225
39.72256693894228
19.012512
-31.828598
-10.453918
38.52038034792021
19.012512
-31.828598
-9.057037
38.16497328109735
19.012512
-32.541107
-8.358597
38.60395550794471
19.012512
-33.2536
-10.453918
39.70594428695469
17.578125
-33.2536
-8.358597
38.53126742446889
18.295319
-31.828598
-11.850784
38.57744626529292
20.446884
-31.116104
-10.453918
38.672618364067525
19.012512
-31.116104
-10.453918
37.93378341041301
19.72969
-32.541107
-12.549225
40.07077935851058
20.446884
-31.828598
-9.755478
39.06794180845002
19.72969
-31.828598
-10.453918
38.87936131584629
21.164063
-32.541107
-9.057037
39.86064745861904
21.881256
-30.40361
-10.453918
38.89027345160516
19.72969
-31.116104
-10.453918
38.29826471366719
21.881256
-31.116104
-10.453918
39.44978636863893
21.164063
-29.691101
-10.453918
37.93103515242334
23.315628
-30.40361
-11.850784
40.10534985402898
21.867096
-28.973724
-11.145996
37.972093474188384
21.149902
-29.686218
-9.74913
37.731092960270345
21.867096
-30.398727
-10.447571
38.87678352018078
21.149902
-28.973724
-11.145996
37.563656908140615
21.867096
-29.686218
-9.74913
38.13773640997277
21.149902
-30.398727
-11.145996
38.67343115555885
22.58429
-28.973724
-13.939758
39.291777129572544
21.149902
-29.686218
-12.542877
38.547549522878235
21.149902
-28.261215
-11.844437
37.23312097919757
22.58429
-28.261215
-12.542877
38.289296029434745
21.867096
-29.686218
-11.844437
38.72637416108126
20.432724
-28.973724
-13.939758
38.09579760185991
21.149902
-28.973724
-13.241318
38.237776654462564
21.867096
-28.973724
-13.241318
38.63908805829354
22.58429
-28.261215
-13.939758
38.769361027648976
22.58429
-29.686218
-11.844437
39.1358186919285
21.149902
-29.686218
-11.145996
38.115916886744145
20.432724
-30.398727
-12.542877
38.71566334044433
20.432724
-32.536224
-11.844437
40.20438657902036
20.432724
-29.686218
-12.542877
38.15876770460984
19.71553
-30.398727
-12.542877
38.341994216626404
21.149902
-31.111221
-14.638184
40.36710055995089
19.71553
-31.111221
-12.542877
38.90930428523411
20.432724
-31.111221
-12.542877
39.27757664805391
19.71553
-28.973724
-11.844437
36.99283014885283
20.432724
-28.973724
-11.844437
37.37998862766932
20.432724
-28.973724
-11.844437
37.37998862766932
20.432724
-31.111221
-12.542877
39.27757664805391
18.998352
-31.823715
-13.241318
39.35757612999211
18.998352
-30.398727
-13.241318
38.21455925511244
18.998352
-28.973724
-11.844437
36.61563480146237
18.998352
-30.398727
-13.939758
38.46214910873416
19.71553
-29.686218
-14.638184
38.52596527019148
19.71553
-32.536224
-13.241318
40.28201215095501
17.563965
-31.823715
-13.241318
38.68558153563159
18.281158
-32.536224
-13.241318
39.59973686978551
18.281158
-31.823715
-10.447571
38.15889566482991
16.846786
-33.24872
-11.145996
38.904045808545895
18.998352
-31.823715
-11.844437
38.90985644680455
16.846786
-32.536224
-13.241318
38.95834395192591
17.563965
-31.111221
-13.241318
38.101619367652866
17.563965
-29.686218
-13.939758
37.203243122450026
18.998352
-31.823715
-12.542877
39.12812300335431
17.563965
-31.111221
-14.638184
38.60928963466888
18.281158
-31.111221
-15.336624
39.208684278505984
17.563965
-31.111221
-14.638184
38.60928963466888
17.563965
-31.111221
-15.336624
38.87946649632763
18.281158
-32.536224
-13.939758
39.83871904512305
17.563965
-31.111221
-12.542877
37.86455610957297
17.563965
-33.24872
-11.844437
39.424115262841504
16.846786
-34.67372
-13.939758
40.992658748720636
19.71553
-32.536224
-11.145996
39.642669685146394
18.281158
-32.536224
-11.844437
39.15478629796187
17.563965
-33.24872
-13.241318
39.86605993040948
20.432724
-33.24872
-13.241318
41.2105087359212
20.432724
-31.823715
-13.939758
40.30585579935935
18.998352
-32.536224
-12.542877
39.709783975229264
19.71553
-31.823715
-13.241318
39.70873263232692
21.867096
-33.961227
-11.844437
42.09305835317075
21.149902
-31.823715
-12.542877
40.21679834522665
19.71553
-31.111221
-12.542877
38.90930428523411
20.432724
-32.536224
-12.542877
40.415662573438034
22.58429
-31.111221
-11.844437
40.22746451576569
21.867096
-31.111221
-13.939758
40.50178881803787
21.867096
-31.111221
-14.638184
40.74744617908204
21.867096
-31.111221
-13.939758
40.50178881803787
21.149902
-31.823715
-13.939758
40.6741199438061
21.867096
-31.823715
-13.939758
41.051621109319484
20.432724
-31.111221
-13.939758
39.74570657827396
19.71553
-31.111221
-13.241318
39.14004022766759
21.149902
-31.111221
-13.939758
40.119114334204056
21.867096
-29.686218
-14.638184
39.670111840496496
20.432724
-29.686218
-14.638184
38.897868700651514
21.867096
-30.398727
-16.035065
40.73543733031705
21.149902
-30.398727
-13.241318
39.3285331598804
21.149902
-30.398727
-13.939758
39.569153333219205
21.149902
-32.536224
-13.241318
41.0031305374015
21.149902
-31.823715
-13.939758
40.6741199438061
19.71553
-31.823715
-13.241318
39.70873263232692
21.867096
-31.111221
-13.241318
40.26674213865504
21.149902
-31.823715
-14.638184
40.91874272090205
17.563965
-31.823715
-12.542877
38.452118663182915
17.563965
-33.24872
-14.638184
40.35153754234465
19.71553
-31.111221
-11.844437
38.68980329371358
18.998352
-31.111221
-14.638184
39.28258935166921
21.149902
-31.823715
-14.638184
40.91874272090205
19.71553
-31.823715
-14.638184
40.19611044518953
19.71553
-31.823715
-15.336624
40.45569136558152
19.71553
-32.536224
-14.638184
40.762536115726874
18.281158
-33.24872
-14.638184
40.66883752583942
18.998352
-33.24872
-12.542877
40.29563752219727
17.563965
-32.536224
-14.638184
39.76650600694006
18.281158
-31.823715
-15.336624
39.7763952752603
18.281158
-32.536224
-13.939758
39.83871904512305
18.281158
-32.536224
-15.336624
40.34871344612877
17.563965
-32.536224
-13.241318
39.27379727431192
16.846786
-33.961227
-17.431946
41.72591523206082
18.281158
-35.386215
-14.638184
42.43420055748812
17.563965
-33.24872
-16.733505
41.15799398355075
18.281158
-33.961227
-13.939758
41.01076161642667
16.846786
-33.961227
-15.336624
40.894880307338745
18.998352
-31.823715
-14.638184
39.84924900778401
18.998352
-32.536224
-14.638184
40.42053413895127
17.563965
-31.823715
-15.336624
39.45191675130072
19.71553
-31.823715
-15.336624
40.45569136558152
18.281158
-31.111221
-14.638184
38.94079164457561
18.998352
-29.686218
-15.336624
38.437234818699075
19.71553
-32.536224
-18.130371
42.142832255875675
20.432724
-31.111221
-16.733505
40.80949093999152
19.71553
-32.536224
-15.336624
41.01853263503279
18.998352
-31.823715
-13.241318
39.35757612999211
18.998352
-30.398727
-14.638184
38.72074878819817
18.281158
-33.961227
-13.241318
40.77864874366701
18.281158
-32.536224
-13.939758
39.83871904512305
20.432724
-31.823715
-13.939758
40.30585579935935
18.281158
-32.536224
-13.939758
39.83871904512305
21.149902
-33.24872
-16.733505
42.811282487250075
21.867096
-31.823715
-13.241318
40.819740576136994
21.149902
-33.24872
-13.939758
41.7984754366487
19.71553
-32.536224
-12.542877
40.05785458392882
20.432724
-31.823715
-13.241318
40.069659802882654
21.149902
-33.24872
-14.638184
42.036555775709964
21.149902
-32.536224
-12.542877
40.78293668686314
21.867096
-33.961227
-13.939758
42.72998720618373
21.867096
-31.111221
-12.542877
40.04249909032199
21.149902
-31.823715
-12.542877
40.21679834522665
21.867096
-32.536224
-12.542877
41.15943983225097
21.867096
-31.823715
-13.241318
40.819740576136994
20.432724
-31.111221
-13.241318
39.50616175239313
19.71553
-31.823715
-13.939758
39.9470627489134
20.432724
-31.823715
-12.542877
39.84430759413758
18.998352
-33.24872
-13.939758
40.752074393616
18.998352
-31.823715
-13.939758
39.59801982205834
21.149902
-31.111221
-11.145996
39.23594929139443
21.149902
-31.823715
-13.241318
40.440074903530096
20.432724
-31.823715
-13.939758
40.30585579935935
20.432724
-32.536224
-14.638184
41.11421187337476
21.149902
-31.111221
-13.241318
39.88181239563891
21.149902
-31.823715
-11.844437
40.004472101078115
21.867096
-32.536224
-11.844437
40.952001248412756
20.432724
-30.398727
-13.241318
38.94754648181481
22.58429
-32.536224
-11.844437
41.339408017936556
21.822174
-32.5123
-13.918274
41.556891362643604
20.387802
-31.087296
-11.124512
38.805117680573076
19.670609
-33.224792
-9.029205
39.65282072446108
20.387802
-34.649796
-10.426086
41.53280629843639
19.670609
-34.649796
-10.426086
41.18548755041787
18.95343
-33.224792
-11.124512
39.83558893135399
18.95343
-31.79979
-11.124512
38.6550626333408
18.95343
-31.79979
-14.616699
39.80084239892496
18.95343
-31.79979
-11.822952
38.86182359344209
18.95343
-33.224792
-12.521393
40.248039245234516
19.670609
-33.9373
-11.822952
40.96895857117008
18.95343
-32.5123
-12.521393
39.66191350417299
17.519043
-33.224792
-12.521393
39.59278961197117
16.08516
-34.650772
-11.124512
39.78898350055971
18.236725
-34.650772
-13.219833
41.32817668947618
16.08516
-33.22577
-12.521393
38.98037147528949
16.08516
-31.800766
-14.616699
38.51842345310228
18.236725
-34.650772
-12.521393
41.110089135283296
16.08516
-32.513275
-13.918274
38.85310596044334
18.236725
-33.93828
-13.918274
40.96465881078927
18.953918
-33.93828
-14.616699
41.52957753874791
17.519531
-31.088272
-14.616699
38.56244935166852
18.236725
-34.650772
-12.521393
41.110089135283296
18.236725
-33.93828
-13.219833
40.73265183831332
18.953918
-31.800766
-12.521393
39.081006553595664
18.236725
-33.93828
-13.918274
40.96465881078927
18.236725
-32.513275
-14.616699
40.04171713760694
19.671097
-33.22577
-13.918274
41.04414930757869
20.38829
-32.513275
-15.31514
41.32007837544751
17.519531
-31.088272
-13.918274
38.30317133828885
19.671097
-32.513275
-13.219833
40.234675362956516
21.105469
-32.513275
-13.219833
40.955071372099326
19.671097
-32.513275
-13.918274
40.46953727516075
21.105469
-33.93828
-12.521393
41.88117520932361
19.671097
-33.22577
-11.124512
40.18281435310296
18.236725
-33.93828
-12.521393
40.51135848148794
18.953918
-33.22577
-11.124512
39.836636926346614
18.236725
-34.650772
-11.124512
40.70637433047572
20.38829
-33.22577
-11.124512
40.53873352752433
18.953918
-32.513275
-9.727646
38.871468828270274
20.38829
-32.513275
-11.124512
39.956853866369876
19.671097
-32.513275
-9.727646
39.22616650492213
20.38829
-33.22577
-10.426086
40.35266289036883
20.38829
-32.513275
-10.426086
39.76806076773876
21.105469
-32.513275
-9.727646
39.964745816821164
22.539856
-32.513275
-9.727646
40.740462421532634
21.077148
-33.21112
-11.114746
40.87495968317966
20.35997
-32.498627
-9.71788
39.56167924701567
20.35997
-31.786118
-11.813187
39.55296463880742
21.077148
-29.64862
-11.813187
38.247068604481804
21.077148
-32.498627
-11.114746
40.2981957422181
21.077148
-33.92363
-9.71788
41.10348031189086
21.077148
-30.36113
-10.416321
38.399794132952394
21.794342
-31.786118
-11.114746
40.11094842550784
19.642776
-33.21112
-10.416321
39.9664471091846
21.077148
-32.498627
-9.01944
39.77131282996263
19.642776
-33.21112
-9.01944
39.625338868819156
22.511536
-33.92363
-9.01944
41.70050513970124
21.794342
-31.073624
-9.71788
39.17908539542335
21.794342
-32.498627
-9.71788
40.31862235485917
23.228714
-31.786118
-9.71788
40.5508036391543
19.642776
-31.786118
-8.320999
38.280999680304035
22.511536
-33.21112
-10.416321
41.45174976516371
21.077148
-32.498627
-10.416321
40.11117971689751
21.077148
-31.073624
-9.71788
38.784705980176646
21.077148
-31.073624
-10.416321
38.96557506362587
19.642776
-31.786118
-7.6225586
38.13527653506986
18.925598
-33.92363
-9.01944
39.879082067212096
21.077148
-32.498627
-8.320999
39.618758134168594
21.077148
-31.786118
-9.71788
39.357852168833475
19.642776
-34.636124
-10.416321
41.15822383981648
20.35997
-33.21112
-9.71788
40.14902354724054
20.35997
-32.498627
-8.320999
39.24191920199941
20.35997
-33.21112
-9.01944
39.98571216990358
18.925598
-33.92363
-8.320999
39.7269412162381
18.925598
-33.21112
-9.01944
39.274763908623626
18.925598
-33.21112
-9.71788
39.44101918232622
19.642776
-33.21112
-8.320999
39.472220007794725
19.642776
-33.21112
-9.71788
39.79012936057446
18.925598
-33.92363
-10.416321
40.2180382488497
18.208405
-32.498627
-11.114746
38.8747268127459
17.504883
-33.935837
-9.725204
39.40357191286327
18.93927
-32.510834
-9.026764
38.69279894799144
19.656448
-32.510834
-10.423645
39.39521120663811
19.656448
-32.510834
-9.026764
39.04885074033069
20.373642
-33.935837
-9.725204
40.75912055237607
20.373642
-34.64833
-9.725204
41.35422291531649
20.373642
-31.798325
-10.423645
39.177430923300726
18.93927
-33.935837
-11.12207
40.42322789579804
20.373642
-33.223328
-11.820511
40.72590533351438
18.93927
-32.510834
-11.820511
39.43823976623925
19.656448
-35.360825
-11.820511
42.14840926203873
18.93927
-33.935837
-11.820511
40.620947814732084
18.93927
-33.223328
-10.423645
39.63758087198073
19.656448
-31.798325
-11.12207
39.00269014910622
20.373642
-32.510834
-11.12207
39.94671591388568
21.09082
-31.798325
-11.12207
39.744892679948514
18.93927
-33.223328
-10.423645
39.63758087198073
19.656448
-32.510834
-8.328323
38.89333213006681
18.93927
-32.510834
-9.725204
38.861675959722035
18.93927
-34.64833
-9.725204
40.66672286566515
19.656448
-33.223328
-8.328323
39.490840574211795
20.373642
-32.510834
-8.328323
39.26067542421583
21.808014
-31.08583
-10.423645
39.37728632995089
20.373642
-31.798325
-7.629883
38.5283510922882
21.808014
-31.08583
-8.328323
38.87517584365375
20.373642
-30.373337
-6.9314575
37.224587598454335
22.525208
-31.08583
-8.328323
39.28199115500082
21.09082
-32.510834
-7.629883
39.49673641581036
21.808014
-30.373337
-6.9314575
38.02859866477136
21.808014
-31.08583
-9.725204
39.19818777449651
21.09082
-30.373337
-7.629883
37.75681915334136
22.525208
-30.373337
-9.725204
39.04489915969338
22.525208
-31.08583
-8.328323
39.28199115500082
23.242386
-29.660828
-8.328323
38.59189171892604
23.242386
-31.08583
-9.026764
39.84996581417135
23.242386
-30.373337
-7.629883
38.99952736592618
18.93927
-32.510834
-6.9314575
38.25827116454689
21.808014
-31.798325
-7.629883
39.30569918321324
21.09082
-31.798325
-6.233017
38.66272776919248
23.242386
-29.660828
-7.629883
38.447213584626326
21.09082
-29.660828
-6.9314575
37.04905624114297
21.09082
-31.08583
-7.629883
38.33231925175869
21.808014
-28.948334
-7.629883
37.037960889808716
21.808014
-31.798325
-6.233017
39.05858886669886
22.525208
-29.660828
-9.725204
38.493236393513016
23.242386
-30.373337
-7.629883
38.99952736592618
21.808014
-31.08583
-6.9314575
38.60004376819086
23.95958
-28.235825
-4.836136
37.34583545432141
22.525208
-31.08583
-4.1376953
38.61132412370673
23.242386
-32.510834
-5.5345764
40.34593453613078
21.09082
-32.510834
-4.1376953
38.97303661517553
21.808014
-31.798325
-5.5345764
38.95323468195549
21.09082
-30.373337
-4.1376953
37.208638621776224
21.808014
-29.660828
-6.9314575
37.461972906702336
21.808014
-31.08583
-6.233017
38.480758813049995
22.525208
-29.660828
-6.233017
37.76241679329215
21.09082
-29.660828
-7.629883
37.18605236152898
21.09082
-28.948334
-5.5345764
36.24169321580378
22.525208
-30.373337
-4.836136
38.12233917456568
21.09082
-31.08583
-6.9314575
38.19943425423667
20.373642
-31.08583
-6.9314575
37.80818996613862
20.373642
-30.373337
-4.1376953
36.806865681936635
20.373642
-31.08583
-6.9314575
37.80818996613862
20.373642
-31.798325
-5.5345764
38.168708935420845
19.656448
-31.798325
-5.5345764
37.790752720883155
18.222076
-29.660828
-6.233017
35.36466176507012
20.373642
-31.08583
-6.233017
37.68639871939875
20.373642
-30.373337
-6.233017
37.10088060675751
19.656448
-31.08583
-6.9314575
37.426594822398684
18.93927
-31.08583
-6.9314575
37.05495681037491
21.09082
-30.373337
-6.233017
37.49950357744336
19.656448
-30.373337
-7.629883
36.97472941394399
20.373642
-31.08583
-6.233017
37.68639871939875
20.373642
-30.373337
-6.9314575
37.224587598454335
20.373642
-31.08583
-7.629883
37.94244684335655
19.656448
-30.373337
-8.328323
37.125146319682194
18.93927
-29.660828
-8.328323
36.163816934519474
20.373642
-30.373337
-9.026764
37.67104059890949
19.656448
-30.373337
-9.026764
37.288040297376185
20.373642
-30.373337
-7.629883
37.36094171484858
19.656448
-29.660828
-8.328323
36.54451514131858
18.93927
-30.373337
-5.5345764
36.21970717026851
20.373642
-29.660828
-3.43927
36.148009473098064
19.656448
-30.373337
-5.5345764
36.599824031552735
19.656448
-30.373337
-4.836136
36.50073575885149
20.373642
-29.660828
-6.9314575
36.64553205414338
22.525208
-28.948334
-5.5345764
37.094778379278836
20.373642
-28.235825
-4.836136
35.15302589382865
21.808014
-28.948334
-4.1376953
36.478979459173644
22.525208
-28.235825
-4.1376953
36.35611656811083
22.525208
-28.948334
-2.7408295
36.781830788745076
23.242386
-28.235825
-3.43927
36.73280316181982
23.242386
-27.52333
-4.836136
36.34735714042701
24.676758
-27.52333
-4.1376953
37.196727781045304
22.525208
-28.235825
-2.7408295
36.22373442298399
22.525208
-27.52333
-2.042389
35.6242907001757
21.808014
-26.098328
-3.43927
34.18392563010245
21.808014
-28.235825
-4.1376953
35.916177437998776
22.525208
-28.235825
-2.7408295
36.22373442298399
23.242386
-28.948334
-2.042389
37.18045166923238
22.525208
-28.235825
-3.43927
36.283265313321444
22.525208
-25.385834
-2.7408295
34.049047658992976
21.808014
-27.52333
-1.3439484
35.141562904335586
24.676758
-28.948334
-2.7408295
38.137392325110206
21.808014
-28.235825
-1.3439484
35.702345451008185
23.242386
-26.098328
-2.7408295
35.05486074310879
23.95958
-27.52333
-2.042389
36.54814087696528
21.09082
-26.810837
-2.042389
34.17330922630354
22.525208
-26.810837
-1.3439484
35.0430033667341
20.373642
-28.235825
-1.3439484
34.84470115013454
23.242386
-27.52333
-0.6455078
36.02997104462565
23.95958
-26.810837
-0.6455078
35.96246754973336
23.242386
-27.52333
-3.43927
36.1879924944898
23.242386
-27.52333
-0.6455078
36.02997104462565
23.242386
-27.52333
0.05291748
36.02422789064587
22.525208
-27.52333
0.75135803
35.573631756782824
21.09082
-26.810837
0.05291748
34.11226296180011
22.525208
-28.235825
0.05291748
36.11993267065724
21.808014
-27.52333
0.75135803
35.12389309588186
20.373642
-26.098328
1.4497986
33.14075944397529
22.525208
-28.235825
-0.6455078
36.12566060976861
21.09082
-27.52333
1.4497986
34.70530757713347
21.09082
-28.235825
0.75135803
35.251227607724
19.656448
-28.235825
0.75135803
34.4122401262663
20.373642
-28.948334
2.1482391
35.46415512638254
19.656448
-28.948334
0.75135803
34.99923792418112
20.373642
-28.948334
0.75135803
35.40700331557392
21.09082
-28.235825
-0.6455078
35.24912904786177
21.09082
-28.235825
0.05291748
35.24325865003742
21.09082
-26.810837
0.05291748
34.11226296180011
21.09082
-28.948334
0.75135803
35.82447920831334
21.09082
-28.948334
1.4497986
35.84592953268893
22.525208
-27.52333
2.1482391
35.63051629441047
21.808014
-26.098328
0.75135803
34.018770309910344
22.525208
-26.098328
2.8466797
34.59207030700822
21.09082
-27.52333
3.545105
34.85576271344435
22.525208
-25.385834
3.545105
34.123207799778655
23.242386
-26.810837
2.1482391
35.54777814786741
22.525208
-26.810837
2.8466797
35.13274214052328
22.525208
-26.098328
2.1482391
34.54160796292006
21.808014
-23.96083
1.4497986
32.431664561211434
23.242386
-24.673325
2.8466797
34.0159533602663
22.525208
-28.235825
2.1482391
36.183721737129254
22.525208
-26.098328
2.8466797
34.59207030700822
24.676758
-24.673325
2.8466797
35.01169761274883
23.95958
-25.385834
0.75135803
34.915133227875735
24.676758
-26.810837
1.4497986
36.4673190191617
23.95958
-24.673325
0.75135803
34.400567551300114
23.95958
-25.385834
0.05291748
34.90708754310774
24.676758
-23.248337
0.75135803
33.91153292656773
23.242386
-26.098328
3.545105
35.12689746876672
23.242386
-24.673325
0.75135803
33.90495569246202
26.828323
-24.673325
0.75135803
36.45677489228682
24.676758
-25.385834
2.1482391
35.46826644769501
23.95958
-23.248337
1.4497986
33.41629182854244
24.676758
-23.248337
0.75135803
33.91153292656773
25.393951
-23.248337
1.4497986
34.45924867631239
23.95958
-23.248337
1.4497986
33.41629182854244
23.95958
-23.96083
1.4497986
33.91584865574003
23.95958
-21.823334
1.4497986
32.441042903218104
26.828323
-22.535828
2.1482391
35.103239547908004
25.393951
-22.535828
2.8466797
34.07080783147154
23.95958
-23.96083
1.4497986
33.91584865574003
24.676758
-22.535828
2.1482391
33.487623063417026
23.95958
-24.673325
3.545105
34.57458924817021
24.676758
-25.385834
2.8466797
35.51741224055639
24.676758
-23.248337
2.8466797
34.02250913630104
24.676758
-23.248337
2.8466797
34.02250913630104
25.393951
-23.248337
1.4497986
34.45924867631239
25.393951
-23.96083
1.4497986
34.94389860626154
24.676758
-23.96083
2.8466797
34.51329248852444
23.95958
-22.535828
2.8466797
33.01558248045061
25.393951
-23.248337
2.8466797
34.54622306881481
