16.322662
-33.11699
-12.126572
38.86152361369952
15.605469
-33.11699
-12.825012
38.79106317222112
14.171097
-33.11699
-14.221878
38.72746793247575
15.605469
-32.40448
-14.221878
38.67612666022155
16.322662
-33.11699
-15.618759
40.088776301498186
15.605469
-32.40448
-14.920319
38.93837152917094
13.453918
-32.40448
-15.618759
38.40577959435272
14.88829
-34.541977
-13.5234375
39.97114743102986
14.88829
-34.541977
-15.618759
40.72781610745674
12.736725
-33.11699
-14.920319
38.49123213371943
13.453918
-33.11699
-14.920319
38.734466392590846
13.453918
-33.11699
-15.618759
39.0088271886353
13.453918
-31.691986
-14.920319
37.52340415494042
14.171097
-30.979477
-17.015625
38.07990897800883
12.736725
-33.11699
-14.920319
38.49123213371943
13.453918
-32.40448
-15.618759
38.40577959435272
14.171097
-33.11699
-16.3172
39.54498587941492
13.453918
-33.11699
-15.618759
39.0088271886353
13.453918
-31.691986
-15.618759
37.8065546074892
12.736725
-32.40448
-12.825012
37.104654305002626
14.88829
-33.11699
-14.920319
39.25572833398012
14.88829
-32.40448
-14.920319
38.65653104687648
14.88829
-33.829483
-12.825012
39.122578798885435
12.736725
-33.11699
-14.221878
38.22591983544183
13.453918
-33.11699
-12.825012
37.9766227691869
15.605469
-32.40448
-13.5234375
38.42478829439077
14.88829
-32.40448
-13.5234375
38.13914952594643
14.171097
-33.11699
-14.221878
38.72746793247575
14.88829
-32.40448
-14.221878
38.39235948208396
17.039856
-30.979477
-14.920319
38.37578251441591
16.322662
-31.691986
-14.221878
38.38063470185436
14.88829
-32.40448
-12.825012
37.89712895210533
15.605469
-31.691986
-12.825012
37.58182479187912
14.88829
-29.55449
-17.015625
37.21102689339462
17.039856
-31.691986
-15.618759
39.22606692203381
17.039856
-30.979477
-15.618759
38.652689369664984
14.88829
-31.691986
-13.5234375
37.53566988441628
14.88829
-32.40448
-12.825012
37.89712895210533
17.757034
-30.266983
-15.618759
38.41026251669679
15.605469
-30.979477
-14.221878
37.49027217575914
19.191406
-30.979477
-12.825012
38.63313400397061
17.757034
-29.55449
-14.221878
37.29667371384729
17.039856
-30.979477
-13.5234375
37.85456402573044
14.88829
-30.266983
-13.5234375
36.34053887361881
17.757034
-30.979477
-14.920319
38.6995639510318
16.322662
-30.266983
-14.920319
37.48513702851938
18.474228
-29.55449
-16.3172
38.48396898892609
19.191406
-30.266983
-15.618759
39.094066932668156
17.757034
-29.55449
-14.920319
37.56855062540675
15.605469
-30.266983
-14.920319
37.17844558889263
17.757034
-30.979477
-14.920319
38.6995639510318
16.322662
-30.266983
-14.920319
37.48513702851938
17.039856
-30.266983
-13.5234375
37.273721604712684
17.757034
-28.84198
-13.5234375
36.46992486860749
17.039856
-30.979477
-13.5234375
37.85456402573044
17.039856
-30.979477
-13.5234375
37.85456402573044
16.322662
-30.979477
-13.5234375
37.53718859136563
17.039856
-30.979477
-12.126572
37.378314939739795
17.039856
-29.55449
-14.221878
36.96060475304669
17.039856
-30.266983
-13.5234375
37.273721604712684
16.322662
-30.979477
-14.221878
37.79443169810617
16.322662
-30.266983
-14.920319
37.48513702851938
14.88829
-30.979477
-12.825012
36.686102507455054
17.757034
-32.40448
-10.729691
38.47712007844727
15.605469
-30.979477
-13.5234375
37.23092921004994
16.322662
-30.266983
-14.221878
37.21265069932956
15.605469
-31.691986
-15.618759
38.62458124520171
14.88829
-30.266983
-15.618759
37.17118700760964
15.605469
-31.691986
-14.920319
38.34747142189593
15.605469
-28.84198
-12.126572
34.96346970578274
15.605469
-30.266983
-14.221878
36.90369646119478
14.88829
-30.979477
-13.5234375
36.936059087800636
15.605469
-29.55449
-13.5234375
36.053874076685574
14.88829
-30.266983
-14.221878
36.606192176516565
15.605469
-31.691986
-12.825012
37.58182479187912
14.88829
-31.691986
-14.221878
37.79292332846108
16.322662
-28.84198
-14.221878
36.063151599940795
14.88829
-30.266983
-14.221878
36.606192176516565
14.171097
-29.55449
-15.618759
36.307485736522885
14.171097
-29.55449
-16.3172
36.61336939369791
16.322662
-33.11699
-14.920319
39.82185673016139
16.322662
-30.266983
-18.412506
39.00692139854397
15.605469
-29.55449
-16.3172
37.192062482722704
14.88829
-31.691986
-13.5234375
37.53566988441628
15.605469
-30.266983
-14.221878
36.90369646119478
15.605469
-31.691986
-14.221878
38.08115594984693
14.171097
-29.55449
-14.221878
35.72883545005613
15.605469
-29.55449
-12.825012
35.79775820058429
16.322662
-30.266983
-14.920319
37.48513702851938
16.322662
-29.55449
-14.221878
36.63548904569431
17.039856
-31.691986
-14.920319
38.95323468195549
16.322662
-32.40448
-16.3172
39.78354673505509
17.757034
-30.979477
-15.618759
38.97417044548944
14.88829
-31.691986
-14.920319
38.061255624158015
16.322662
-31.691986
-14.920319
38.64488641584744
15.605469
-30.979477
-14.920319
37.760753590450896
17.039856
-30.979477
-14.221878
38.10966488460883
16.322662
-30.266983
-15.618759
37.768574370247784
17.039856
-30.979477
-14.221878
38.10966488460883
17.757034
-29.55449
-15.618759
37.85136335731928
15.605469
-30.266983
-14.920319
37.17844558889263
17.039856
-30.266983
-14.920319
37.8029494653691
16.322662
-30.266983
-16.3172
38.06271808229806
15.605469
-31.691986
-14.221878
38.08115594984693
16.322662
-31.691986
-14.221878
38.38063470185436
14.88829
-30.266983
-14.920319
36.883159187366594
16.322662
-30.266983
-17.015625
38.367317151328486
17.039856
-30.979477
-12.825012
37.610712221761034
17.757034
-30.266983
-16.3172
38.699529253637245
17.039856
-28.84198
-17.714066
37.89465184787789
15.605469
-30.266983
-15.618759
37.464204921372946
17.039856
-30.979477
-16.3172
38.94015528165463
17.757034
-30.266983
-15.618759
38.41026251669679
17.039856
-31.691986
-17.015625
39.80289112114298
17.039856
-32.40448
-15.618759
39.803927709873214
17.757034
-31.691986
-14.920319
39.272255583219945
17.757034
-33.11699
-14.920319
40.43096691816188
16.322662
-33.11699
-14.221878
39.5654666023407
17.039856
-32.40448
-14.920319
39.535085041248486
17.039856
-33.11699
-14.221878
39.86669682360203
17.757034
-32.40448
-15.618759
40.116184109895876
15.605469
-32.40448
-15.618759
39.21130718718932
14.88829
-30.979477
-17.714066
38.6675218509507
15.605469
-31.691986
-17.714066
39.51835881705805
16.322662
-32.40448
-17.015625
40.07506841414544
15.605469
-33.11699
-15.618759
39.80215199849045
15.605469
-33.11699
-16.3172
40.081374746414326
15.605469
-32.40448
-17.015625
39.78834536340777
14.88829
-32.40448
-17.015625
39.51256660762339
14.171097
-33.11699
-16.3172
39.54498587941492
14.88829
-32.40448
-18.412506
40.13392345041085
17.039856
-33.829483
-17.714066
41.81601051453334
14.88829
-33.829483
-17.714066
40.98637945441449
15.605469
-33.829483
-17.015625
40.95724714565177
14.88829
-33.11699
-16.3172
39.80762762080749
15.605469
-32.40448
-17.714066
40.092006916026136
16.322662
-33.11699
-18.412506
41.25754103655249
14.88829
-33.829483
-17.714066
40.98637945441449
15.605469
-31.691986
-19.110947
40.163924971803056
12.736725
-33.11699
-18.412506
39.9747356737665
14.171097
-30.979477
-19.110947
39.06118591539673
17.039856
-32.40448
-17.714066
40.67179696496548
14.171097
-32.40448
-19.809387
40.53741610527474
15.605469
-31.691986
-19.110947
40.163924971803056
15.605469
-31.691986
-19.110947
40.163924971803056
16.322662
-31.691986
-20.507813
41.126409906492874
14.171097
-33.829483
-17.015625
40.43247952315842
15.605469
-33.11699
-16.3172
40.081374746414326
17.039856
-33.11699
-19.110947
41.86072080470023
17.757034
-33.829483
-17.714066
42.113350635609756
16.322662
-31.691986
-17.015625
39.50117432985379
17.757034
-33.11699
-17.714066
41.54317425460454
17.757034
-31.691986
-15.618759
39.54288675069291
17.757034
-32.40448
-17.015625
40.680388923518784
17.757034
-34.541977
-16.3172
42.12732398077583
15.605469
-34.541977
-17.015625
41.54768738628466
15.605469
-33.829483
-16.3172
40.67204907761441
16.322662
-33.11699
-16.3172
40.366016439613226
17.039856
-32.40448
-16.3172
40.083138088033664
16.322662
-33.829483
-17.015625
41.23584333308372
17.757034
-34.541977
-16.3172
42.12732398077583
17.039856
-33.829483
-15.618759
40.97238494553374
17.757034
-33.11699
-15.618759
40.69389290694459
16.322662
-33.829483
-16.3172
40.95258548385559
17.757034
-33.829483
-17.714066
42.113350635609756
15.605469
-34.541977
-15.618759
40.99542061887828
15.605469
-33.11699
-16.3172
40.081374746414326
19.191406
-33.829483
-16.3172
42.17813408766665
15.605469
-33.829483
-15.618759
40.396909266926755
17.757034
-33.829483
-17.015625
41.82436741853889
16.322662
-34.541977
-19.110947
42.71774556472769
17.039856
-33.829483
-17.714066
41.81601051453334
17.757034
-33.829483
-17.714066
42.113350635609756
15.605469
-33.829483
-16.3172
40.67204907761441
17.039856
-34.541977
-18.412506
42.69104436008433
15.605469
-33.829483
-17.015625
40.95724714565177
17.757034
-33.829483
-16.3172
41.54512236572198
15.605469
-32.40448
-15.618759
39.21130718718932
16.322662
-35.254486
-14.221878
41.371124547068604
17.039856
-35.96698
-14.221878
42.263958493023345
16.322662
-33.829483
-14.221878
40.16372893632155
16.322662
-33.829483
-14.920319
40.41632402936807
16.322662
-34.541977
-14.221878
40.76566392773151
15.605469
-35.254486
-15.618759
41.597537217232734
14.88829
-35.96698
-14.221878
41.44329563306576
14.88829
-38.104477
-13.5234375
43.08707004971155
13.453918
-34.541977
-13.5234375
39.45934047575111
15.605469
-35.96698
-14.221878
41.70630812833129
15.605469
-36.67949
-14.221878
42.322303436415915
15.605469
-37.391983
-12.825012
42.49908230856653
14.88829
-35.96698
-14.221878
41.44329563306576
14.88829
-35.254486
-13.5234375
40.58846313724813
13.453918
-37.391983
-13.5234375
41.97680023313473
13.453918
-35.96698
-14.221878
40.949889286995486
14.88829
-35.96698
-13.5234375
41.208836587443535
14.171097
-35.254486
-13.5234375
40.33090665048332
14.171097
-35.96698
-13.5234375
40.95518165381366
15.605469
-35.96698
-15.618759
42.203080167043936
14.171097
-35.254486
-14.221878
40.570439624054636
17.039856
-36.67949
-13.5234375
42.64533972194383
12.736725
-37.391983
-14.920319
42.225590443251946
17.039856
-35.254486
-14.920319
41.90287959507526
16.322662
-36.67949
-14.221878
42.59197165904259
15.605469
-36.67949
-14.920319
42.56208987045426
14.88829
-35.254486
-14.221878
40.82648502973055
16.322662
-36.67949
-14.221878
42.59197165904259
16.322662
-36.67949
-14.920319
42.830248374031754
14.88829
-35.254486
-13.5234375
40.58846313724813
15.605469
-35.96698
-13.5234375
41.47333598417482
15.605469
-35.96698
-12.126572
41.03910339922767
17.039856
-37.391983
-12.825012
43.04646381382564
17.039856
-36.67949
-13.5234375
42.64533972194383
16.322662
-37.391983
-14.920319
43.44197931041184
17.757034
-35.96698
-12.126572
41.90452987474549
17.757034
-35.254486
-14.920319
42.199607637579106
16.322662
-35.254486
-14.920319
41.616391869858504
16.322662
-35.254486
-14.221878
41.371124547068604
15.605469
-37.391983
-14.221878
42.94127246437132
17.039856
-35.96698
-14.221878
42.263958493023345
17.757034
-35.254486
-13.5234375
41.726184379722824
15.605469
-35.96698
-14.920319
41.94961577502081
17.039856
-35.254486
-12.825012
41.20335460449868
17.039856
-35.254486
-14.221878
41.65930045563805
17.039856
-35.96698
-13.5234375
42.034078668756976
16.322662
-35.96698
-14.221878
41.97993353181896
17.757034
-34.541977
-13.5234375
41.12594983705544
15.605469
-34.541977
-13.5234375
40.243785307291546
15.605469
-35.254486
-12.825012
40.63115037578157
14.88829
-35.254486
-12.126572
40.144660292497186
15.605469
-35.96698
-13.5234375
41.47333598417482
17.757034
-34.541977
-14.221878
41.36087873871954
15.605469
-34.541977
-12.126572
39.79613729930723
16.322662
-35.96698
-14.221878
41.97993353181896
16.322662
-35.254486
-13.5234375
41.13625415919636
16.322662
-35.96698
-13.5234375
41.74848834744648
18.474228
-34.541977
-12.126572
41.006085200095605
17.757034
-35.96698
-13.5234375
42.32988702958585
17.039856
-34.541977
-12.825012
40.595391854787536
17.757034
-34.541977
-12.126572
40.68801002944541
17.757034
-35.254486
-11.428131
41.09492928440959
18.474228
-35.96698
-12.126572
42.213439652611676
18.474228
-35.96698
-10.729691
41.833563045362425
17.039856
-36.67949
-10.03125
41.669743864234846
17.757034
-33.829483
-11.428131
39.87917236693704
18.474228
-35.254486
-11.428131
41.40987896833164
18.474228
-35.254486
-12.126572
41.608047469904335
17.039856
-35.254486
-11.428131
40.790166051198845
18.474228
-35.254486
-12.825012
41.81694465586364
18.474228
-35.254486
-13.5234375
42.036404772195674
17.039856
-34.541977
-12.126572
40.38017575184635
16.322662
-34.541977
-12.126572
40.08280461227654
15.605469
-35.254486
-12.825012
40.63115037578157
17.757034
-35.96698
-12.126572
41.90452987474549
17.757034
-35.254486
-14.920319
42.199607637579106
17.039856
-33.829483
-12.126572
39.77240702235109
17.039856
-35.96698
-14.221878
42.263958493023345
19.191406
-35.254486
-13.5234375
42.35649024205146
17.039856
-35.254486
-12.126572
40.99133060258367
17.757034
-35.96698
-12.825012
42.11195637959827
17.039856
-35.254486
-12.825012
41.20335460449868
17.039856
-34.541977
-11.428131
40.17595121044507
18.474228
-35.254486
-12.825012
41.81694465586364
18.474228
-33.829483
-12.126572
40.407731810125924
16.322662
-32.40448
-14.221878
38.97103353874676
17.757034
-34.541977
-13.5234375
41.12594983705544
17.039856
-35.254486
-13.5234375
41.426065423648126
18.474228
-35.96698
-13.5234375
42.63571506634725
17.757034
-34.541977
-14.221878
41.36087873871954
18.474228
-36.67949
-12.126572
42.822140509010495
17.757034
-33.829483
-13.5234375
40.52936760759875
16.322662
-34.541977
-13.5234375
40.52728633279065
17.757034
-34.541977
-14.221878
41.36087873871954
14.88829
-32.40448
-11.428131
37.44747786744539
16.322662
-35.254486
-12.825012
40.91196722842841
16.322662
-35.96698
-12.825012
41.52750817887915
14.88829
-35.254486
-11.428131
39.93923148877633
17.039856
-35.96698
-12.126572
41.60569741774782
17.757034
-34.541977
-13.5234375
41.12594983705544
17.757034
-33.11699
-14.221878
40.178465401645816
16.322662
-34.541977
-12.825012
40.299608827874344
17.757034
-33.829483
-14.920319
41.01660713109843
19.9086
-32.40448
-14.221878
40.60374894896945
17.039856
-34.541977
-13.5234375
40.82141819674752
19.9086
-33.829483
-14.920319
41.992884441890865
20.625793
-34.541977
-12.825012
42.226206202243354
17.757034
-31.691986
-12.126572
38.298145187524256
18.474228
-33.829483
-12.825012
40.622801923707975
19.191406
-33.11699
-13.5234375
40.59468520381547
18.474228
-34.541977
-12.126572
41.006085200095605
19.191406
-33.829483
-12.126572
40.74061523212662
19.9086
-33.829483
-12.825012
41.29488266098325
19.191406
-31.691986
-13.5234375
39.440783960934716
18.474228
-31.691986
-14.221878
39.34388031153956
19.191406
-33.11699
-12.825012
40.367387839400294
19.191406
-33.11699
-12.126572
40.15094961371166
20.625793
-33.829483
-10.729691
41.04855077232097
19.191406
-32.40448
-10.729691
39.15975705064608
19.191406
-31.691986
-13.5234375
39.440783960934716
20.625793
-33.829483
-13.5234375
41.865746412267036
19.9086
-33.11699
-14.221878
41.1746189194759
17.757034
-31.691986
-12.825012
38.52499410640367
17.757034
-33.11699
-11.428131
39.27657589534123
19.191406
-31.691986
-12.126572
38.98391626734111
21.342972
-32.40448
-12.825012
40.86629064323675
19.191406
-34.541977
-10.729691
40.9461166981223
19.191406
-30.979477
-10.729691
37.98900244334701
17.039856
-33.829483
-10.729691
39.36898360533566
17.757034
-33.829483
-10.03125
39.50154670874056
19.191406
-32.40448
-11.428131
39.35686121140839
18.474228
-33.829483
-12.126572
40.407731810125924
17.039856
-33.11699
-13.5234375
39.62291127184182
18.474228
-33.829483
-12.126572
40.407731810125924
17.757034
-33.11699
-13.5234375
39.936583029379214
18.474228
-32.40448
-10.729691
38.81331772488021
17.039856
-31.691986
-12.825012
38.199733042158655
17.039856
-33.829483
-11.428131
39.56504546017387
17.039856
-33.829483
-13.5234375
40.22031914674006
19.191406
-33.829483
-12.825012
40.95393724156369
17.757034
-33.11699
-12.126572
39.48545241159632
18.474228
-33.829483
-13.5234375
40.848678093092865
17.039856
-33.829483
-12.825012
39.99089404408599
17.039856
-33.11699
-12.126572
39.168168016160614
18.474228
-33.11699
-14.221878
40.50054253108839
17.039856
-33.11699
-13.5234375
39.62291127184182
17.757034
-33.829483
-12.825012
40.301701860486766
18.474228
-33.11699
-12.825012
40.031400943802076
17.757034
-32.40448
-12.825012
39.113213954613535
18.474228
-32.40448
-12.825012
39.44399027913663
18.474228
-33.829483
-14.920319
41.33215363162347
17.757034
-33.829483
-14.920319
41.01660713109843
18.474228
-33.829483
-13.5234375
40.848678093092865
16.322662
-32.40448
-14.221878
38.97103353874676
18.474228
-32.40448
-12.825012
39.44399027913663
18.474228
-33.829483
-13.5234375
40.848678093092865
18.474228
-31.691986
-14.221878
39.34388031153956
18.474228
-33.829483
-13.5234375
40.848678093092865
18.474228
-33.11699
-13.5234375
40.2605952184484
19.191406
-33.11699
-14.920319
41.08115004076535
17.757034
-33.11699
-14.920319
40.43096691816188
19.9086
-32.40448
-14.920319
40.85362351967693
19.191406
-31.691986
-14.920319
39.94130520311179
19.191406
-29.55449
-15.618759
38.54508413199
19.191406
-31.691986
-14.920319
39.94130520311179
18.474228
-32.40448
-14.920319
40.17416307661244
20.625793
-30.979477
-15.618759
40.36207435078675
19.191406
-31.691986
-15.618759
40.20743333405528
17.757034
-30.979477
-14.920319
38.6995639510318
18.474228
-31.691986
-13.5234375
39.0968349102584
20.625793
-30.979477
-15.618759
40.36207435078675
17.757034
-30.979477
-15.618759
38.97417044548944
17.757034
-31.691986
-14.920319
39.272255583219945
18.474228
-30.979477
-14.221878
38.77224348982626
17.039856
-31.691986
-14.920319
38.95323468195549
21.342972
-30.979477
-16.3172
41.0061134804731
18.474228
-31.691986
-16.3172
40.14884872211079
18.474228
-32.40448
-15.618759
40.43875728580581
18.474228
-32.40448
-15.618759
40.43875728580581
19.191406
-32.40448
-14.920319
40.508965900888846
19.191406
-30.979477
-13.5234375
38.87057224583592
19.191406
-32.40448
-15.618759
40.7713873969655
17.757034
-30.979477
-14.920319
38.6995639510318
17.757034
-32.40448
-15.618759
40.116184109895876
19.9086
-31.691986
-15.618759
40.55465514230071
19.191406
-31.691986
-15.618759
40.20743333405528
17.757034
-32.40448
-16.3172
40.39323613416762
17.757034
-33.11699
-17.015625
41.25019679167073
18.474228
-32.40448
-16.3172
40.713614291436656
18.474228
-30.266983
-16.3172
39.03380977644973
18.474228
-33.829483
-17.015625
42.13386492172523
17.757034
-31.691986
-14.920319
39.272255583219945
16.322662
-33.11699
-13.5234375
39.31981189453829
19.191406
-33.11699
-13.5234375
40.59468520381547
17.039856
-33.11699
-16.3172
40.66131639983127
17.039856
-33.11699
-16.3172
40.66131639983127
17.757034
-31.691986
-16.3172
39.82392736069218
17.757034
-33.11699
-15.618759
40.69389290694459
17.039856
-33.11699
-14.221878
39.86669682360203
17.039856
-33.11699
-15.618759
40.38610347032287
18.474228
-33.11699
-13.5234375
40.2605952184484
17.757034
-34.541977
-16.3172
42.12732398077583
19.9086
-33.11699
-15.618759
41.67772883753009
17.757034
-33.829483
-13.5234375
40.52936760759875
18.474228
-32.40448
-14.920319
40.17416307661244
16.322662
-34.541977
-14.221878
40.76566392773151
18.474228
-33.829483
-15.618759
41.58938275344442
14.88829
-32.40448
-15.618759
38.931441079058295
17.039856
-33.11699
-14.221878
39.86669682360203
18.474228
-34.541977
-14.920319
41.9173147911084
17.039856
-33.829483
-15.618759
40.97238494553374
17.039856
-32.40448
-17.015625
40.372496536163084
20.625793
-32.40448
-17.015625
42.01196409301909
19.9086
-33.829483
-17.015625
42.78221442484891
18.474228
-33.829483
-14.920319
41.33215363162347
17.757034
-33.829483
-17.015625
41.82436741853889
17.757034
-33.11699
-15.618759
40.69389290694459
18.474228
-33.829483
-14.920319
41.33215363162347
17.039856
-33.11699
-16.3172
40.66131639983127
19.9086
-33.11699
-17.714066
42.50735804871022
18.474228
-32.40448
-19.110947
41.911522086339815
19.191406
-33.11699
-16.3172
41.60884545992369
19.191406
-32.40448
-17.015625
41.326648130511686
19.191406
-34.541977
-16.3172
42.75171608854579
19.9086
-32.40448
-18.412506
42.2542657448075
17.039856
-33.11699
-15.618759
40.38610347032287
19.191406
-34.541977
-14.221878
41.99666763891437
19.191406
-31.691986
-17.015625
40.770375405951164
19.9086
-33.11699
-17.015625
42.22107171169836
19.9086
-32.40448
-15.618759
41.1138451935788
18.474228
-33.11699
-16.3172
41.282963569185384
19.191406
-33.829483
-14.920319
41.65765071726021
17.757034
-32.40448
-15.618759
40.116184109895876
18.474228
-33.829483
-17.714066
42.420739798347014
17.757034
-32.40448
-16.3172
40.39323613416762
17.757034
-33.829483
-19.110947
42.71972012203132
18.474228
-33.829483
-17.714066
42.420739798347014
17.039856
-34.541977
-15.618759
41.56261013848189
17.757034
-32.40448
-14.920319
39.849448121962745
18.474228
-33.11699
-17.015625
41.56396995755834
17.039856
-33.829483
-17.015625
41.52495808010753
19.191406
-34.541977
-14.920319
42.2383027446653
18.474228
-33.11699
-16.3172
41.282963569185384
17.757034
-33.829483
-17.015625
41.82436741853889
18.474228
-35.254486
-16.3172
43.01658842682451
19.191406
-32.40448
-17.015625
41.326648130511686
17.757034
-34.541977
-16.3172
42.12732398077583
17.039856
-32.40448
-16.3172
40.083138088033664
19.191406
-33.829483
-17.714066
42.73794689140071
18.474228
-33.829483
-16.3172
41.85668471897962
17.757034
-34.541977
-16.3172
42.12732398077583
19.191406
-33.829483
-14.920319
41.65765071726021
17.757034
-35.254486
-14.221878
41.95775114158735
18.474228
-34.541977
-14.221878
41.67381855938225
19.191406
-32.40448
-13.5234375
40.01554263462823
18.474228
-35.96698
-14.221878
42.86236831052969
17.039856
-35.254486
-15.618759
42.15662643456839
18.474228
-34.541977
-15.618759
42.17097332539217
17.757034
-33.829483
-15.618759
41.2758027727051
17.757034
-33.829483
-15.618759
41.2758027727051
15.605469
-35.254486
-14.920319
41.34036031077862
17.039856
-34.541977
-17.015625
42.10743849907193
18.474228
-33.829483
-15.618759
41.58938275344442
17.757034
-34.541977
-14.221878
41.36087873871954
19.191406
-35.254486
-14.221878
42.58462966369145
17.757034
-35.96698
-14.920319
42.796632552252284
18.474228
-35.254486
-16.3172
43.01658842682451
17.039856
-34.541977
-15.618759
41.56261013848189
20.625793
-33.829483
-16.3172
42.84983402963409
17.757034
-34.541977
-15.618759
41.86175017757484
17.757034
-33.829483
-15.618759
41.2758027727051
17.757034
-33.829483
-16.3172
41.54512236572198
17.039856
-35.254486
-17.015625
42.693875061575724
18.474228
-35.254486
-17.015625
43.28634192745949
18.474228
-33.829483
-17.015625
42.13386492172523
17.757034
-35.96698
-14.221878
42.5581690619586
18.474228
-35.254486
-14.920319
42.506373028604486
19.191406
-32.40448
-14.920319
40.508965900888846
17.039856
-34.541977
-14.920319
41.305215767616744
18.474228
-33.11699
-15.618759
41.01192245193006
17.039856
-34.541977
-14.920319
41.305215767616744
18.474228
-35.96698
-16.3172
43.60242829166384
17.039856
-33.829483
-16.3172
41.24368589222552
16.322662
-33.829483
-17.015625
41.23584333308372
15.605469
-35.254486
-16.3172
41.864787117464545
16.322662
-34.541977
-15.618759
41.273759137730295
17.039856
-35.96698
-14.221878
42.263958493023345
17.757034
-36.67949
-12.825012
42.72210318542309
17.039856
-35.96698
-14.920319
42.50407264493898
15.605469
-35.96698
-14.920319
41.94961577502081
17.757034
-33.829483
-14.221878
40.767733032885516
15.605469
-35.254486
-15.618759
41.597537217232734
17.039856
-33.829483
-16.3172
41.24368589222552
17.757034
-34.541977
-15.618759
41.86175017757484
17.757034
-34.541977
-17.015625
42.402735092908515
17.757034
-34.541977
-15.618759
41.86175017757484
17.039856
-33.829483
-15.618759
40.97238494553374
15.605469
-36.67949
-15.618759
42.81192831506994
17.757034
-34.541977
-14.920319
41.60620646028216
16.322662
-35.96698
-16.3172
42.73527764128981
17.757034
-35.254486
-14.221878
41.95775114158735
16.322662
-36.67949
-15.618759
43.07853163346346
17.757034
-34.541977
-14.920319
41.60620646028216
17.757034
-34.541977
-16.3172
42.12732398077583
17.757034
-33.829483
-15.618759
41.2758027727051
17.039856
-35.254486
-14.920319
41.90287959507526
16.322662
-34.541977
-17.015625
41.82235058899801
17.757034
-35.96698
-14.920319
42.796632552252284
17.757034
-34.541977
-14.221878
41.36087873871954
18.474228
-34.541977
-13.5234375
41.44066376496943
17.757034
-34.541977
-15.618759
41.86175017757484
17.757034
-34.541977
-14.920319
41.60620646028216
17.757034
-36.67949
-14.221878
43.16200857669856
18.474228
-35.96698
-14.221878
42.86236831052969
19.191406
-35.254486
-13.5234375
42.35649024205146
17.757034
-35.96698
-12.126572
41.90452987474549
17.039856
-35.96698
-12.825012
41.81460634408672
17.039856
-35.254486
-13.5234375
41.426065423648126
17.757034
-35.96698
-12.126572
41.90452987474549
17.757034
-37.391983
-12.126572
43.13381929747817
17.039856
-35.254486
-10.729691
40.600020866200765
17.039856
-35.96698
-10.729691
41.22022037038148
18.474228
-36.67949
-11.428131
42.62961622730728
19.9086
-35.254486
-12.126572
42.26446393969022
17.757034
-35.96698
-11.428131
41.70777009068574
18.474228
-35.96698
-12.126572
42.213439652611676
16.322662
-36.67949
-14.221878
42.59197165904259
17.039856
-35.96698
-12.126572
41.60569741774782
17.039856
-35.96698
-14.221878
42.263958493023345
17.039856
-35.254486
-14.920319
41.90287959507526
16.322662
-35.254486
-14.221878
41.371124547068604
17.039856
-35.254486
-13.5234375
41.426065423648126
17.757034
-35.96698
-12.825012
42.11195637959827
17.039856
-35.254486
-14.920319
41.90287959507526
18.474228
-37.391983
-12.126572
43.43398704319867
17.039856
-35.254486
-14.221878
41.65930045563805
17.757034
-35.96698
-14.920319
42.796632552252284
17.757034
-35.254486
-12.126572
41.29460922416584
17.757034
-35.254486
-12.126572
41.29460922416584
18.474228
-35.96698
-12.825012
42.419355645724245
17.757034
-33.11699
-11.428131
39.27657589534123
17.757034
-35.254486
-13.5234375
41.726184379722824
17.757034
-35.96698
-13.5234375
42.32988702958585
17.757034
-36.67949
-13.5234375
42.93693708692144
18.474228
-35.254486
-12.825012
41.81694465586364
18.474228
-35.254486
-12.126572
41.608047469904335
18.474228
-35.254486
-12.126572
41.608047469904335
18.474228
-34.541977
-15.618759
42.17097332539217
17.039856
-35.254486
-12.825012
41.20335460449868
18.474228
-33.829483
-14.221878
41.08519100505528
18.474228
-33.829483
-12.126572
40.407731810125924
19.9086
-35.96698
-11.428131
42.66823463737764
19.191406
-35.254486
-10.03125
41.37408390932587
18.474228
-36.67949
-10.729691
42.44771168789977
19.9086
-35.254486
-12.825012
42.47013254280148
19.9086
-33.829483
-12.126572
41.08333102233344
19.9086
-35.254486
-11.428131
42.06938761169976
18.474228
-33.829483
-12.825012
40.622801923707975
19.191406
-34.541977
-11.428131
41.13466208448402
20.625793
-34.541977
-14.221878
42.671224191759926
19.9086
-34.541977
-12.126572
41.67198338474844
19.9086
-35.254486
-11.428131
42.06938761169976
19.191406
-35.96698
-14.221878
43.17633097705993
19.191406
-33.829483
-12.825012
40.95393724156369
19.9086
-32.40448
-12.825012
40.13581374435898
19.191406
-34.541977
-12.825012
41.544424523446885
19.9086
-33.829483
-12.126572
41.08333102233344
19.9086
-34.541977
-12.126572
41.67198338474844
18.474228
-33.11699
-13.5234375
40.2605952184484
19.191406
-33.829483
-12.126572
40.74061523212662
21.342972
-33.829483
-12.825012
42.00520655739818
19.9086
-35.254486
-12.126572
42.26446393969022
19.191406
-33.829483
-12.126572
40.74061523212662
21.342972
-34.541977
-10.03125
41.824593612602804
19.9086
-34.541977
-11.428131
41.47412037804796
20.625793
-34.541977
-11.428131
41.82312405900218
19.9086
-33.11699
-11.428131
40.29503164405399
22.060165
-33.829483
-10.03125
41.61382961744434
20.625793
-33.11699
-10.03125
40.28379701266767
20.625793
-33.829483
-10.729691
41.04855077232097
20.625793
-33.829483
-10.03125
40.871546048163964
19.191406
-33.829483
-10.729691
40.34687397132289
18.474228
-35.254486
-8.634384
40.72749090755531
18.474228
-34.541977
-8.634384
40.11231637296315
19.9086
-36.67949
-7.237503
42.35703925458037
19.9086
-35.96698
-7.237503
41.74155655872589
19.9086
-35.96698
-8.634384
42.00629341567091
20.625793
-34.541977
-8.634384
41.14758978977763
19.191406
-34.541977
-9.332825
40.60246069455797
19.9086
-33.829483
-7.9359436
40.04704264986367
18.474228
-33.11699
-10.03125
39.22573238391716
20.625793
-34.541977
-9.332825
41.299795346988404
19.9086
-33.829483
-9.332825
40.34709332099557
20.625793
-34.541977
-7.9359436
41.00671629440719
19.9086
-34.541977
-9.332825
40.946331347035844
19.9086
-33.829483
-10.729691
40.692905986870116
19.191406
-33.11699
-10.03125
39.568561011335916
19.191406
-33.829483
-10.729691
40.34687397132289
20.625793
-34.541977
-10.03125
41.463206699019615
19.9086
-33.829483
-10.03125
40.514347502034695
18.474228
-33.829483
-10.729691
40.010714812468514
17.757034
-34.541977
-9.332825
39.94448662479905
19.9086
-34.541977
-10.729691
41.28712522063476
18.474228
-34.541977
-9.332825
40.268435219163905
18.474228
-33.11699
-10.03125
39.22573238391716
19.9086
-33.829483
-9.332825
40.34709332099557
19.191406
-35.254486
-9.332825
41.210319160053075
19.9086
-33.11699
-10.03125
39.92133989367404
18.474228
-33.11699
-8.634384
38.8919621104011
20.625793
-33.829483
-8.634384
40.55132441868422
19.191406
-34.541977
-10.03125
40.76866723987461
19.191406
-33.829483
-10.729691
40.34687397132289
20.625793
-33.11699
-10.729691
40.46337289325295
21.342972
-31.691986
-10.03125
39.50354915077647
20.625793
-32.40448
-12.126572
40.280607539484805
19.191406
-33.11699
-8.634384
39.23770707176963
19.191406
-33.829483
-9.332825
39.99806971660867
17.039856
-32.40448
-7.237503
37.3200810844301
19.191406
-33.11699
-6.5390625
38.8304576764088
21.342972
-32.40448
-7.9359436
39.604949210333864
19.191406
-33.11699
-7.9359436
39.08995129176023
21.342972
-31.691986
-7.9359436
39.02414210449972
19.191406
-32.40448
-10.03125
38.974175143612726
19.191406
-31.691986
-8.634384
38.04266853029963
19.9086
-30.979477
-7.9359436
37.670407089816536
21.342972
-31.691986
-7.9359436
39.02414210449972
22.060165
-30.979477
-8.634384
38.99912202286979
21.342972
-32.40448
-7.9359436
39.604949210333864
20.625793
-30.266983
-9.332825
37.79702679279152
22.060165
-30.979477
-9.332825
39.15967911959954
19.9086
-32.40448
-9.332825
39.1599814911936
20.625793
-32.40448
-8.634384
39.37037268196972
20.625793
-30.266983
-10.729691
38.165952006705204
20.625793
-30.266983
-9.332825
37.79702679279152
22.060165
-31.691986
-7.237503
39.286311950100696
21.342972
-30.979477
-10.03125
38.9342566742122
19.9086
-31.691986
-9.332825
38.57247642425879
22.060165
-31.691986
-8.634384
39.567479692529695
19.9086
-30.979477
-8.634384
37.823708630570756
22.060165
-33.11699
-7.237503
40.444620581535624
20.625793
-33.11699
-8.634384
39.95886556823154
20.625793
-31.691986
-7.9359436
38.636570058668994
21.342972
-29.55449
-7.9359436
37.309107231638166
21.342972
-30.979477
-8.634384
38.597965989357846
22.060165
-30.979477
-7.237503
38.71382667699697
19.9086
-31.691986
-7.9359436
38.25851046560589
20.625793
-31.691986
-6.5390625
38.37401070080667
21.342972
-30.979477
-8.634384
38.597965989357846
21.342972
-31.691986
-5.840637
38.65252198828283
19.191406
-31.691986
-6.5390625
37.62248551087003
21.342972
-32.40448
-5.840637
39.23883014331117
19.191406
-31.691986
-5.840637
37.50739998601526
18.474228
-30.979477
-6.5390625
36.657665280649354
19.191406
-31.691986
-5.840637
37.50739998601526
19.191406
-31.691986
-7.237503
37.75014551399935
17.757034
-31.691986
-5.1421967
36.689730886708105
19.191406
-30.979477
-7.9359436
37.29634478047916
17.757034
-33.11699
-7.237503
38.26785479926331
18.474228
-33.11699
-7.9359436
38.74288776716396
18.474228
-32.40448
-6.5390625
37.86960112614239
19.9086
-32.40448
-5.1421967
38.37765921161034
18.474228
-31.691986
-6.5390625
37.26175621951413
19.9086
-33.11699
-5.840637
39.07941196401406
19.9086
-31.691986
-7.9359436
38.25851046560589
19.191406
-33.11699
-7.9359436
39.08995129176023
19.191406
-31.691986
-5.1421967
37.40500174139065
18.474228
-31.691986
-8.634384
37.68596143729287
18.474228
-32.40448
-6.5390625
37.86960112614239
19.9086
-30.266983
-6.5390625
36.813067031923254
19.191406
-33.11699
-5.840637
38.71896280964519
19.9086
-28.84198
-7.237503
35.78538288085915
19.191406
-31.691986
-5.1421967
37.40500174139065
20.625793
-31.691986
-6.5390625
38.37401070080667
19.191406
-30.979477
-5.840637
36.90733156226382
18.474228
-31.691986
-6.5390625
37.26175621951413
19.191406
-30.979477
-6.5390625
37.024280726048545
19.191406
-30.979477
-7.9359436
37.29634478047916
19.9086
-30.979477
-7.237503
37.52947897309777
19.9086
-30.979477
-6.5390625
37.40106415076147
20.625793
-32.40448
-7.237503
39.08778712768302
17.757034
-30.979477
-6.5390625
36.301509067074264
19.191406
-31.691986
-3.7453156
37.23868096954513
20.625793
-30.979477
-4.443756
37.4819732061919
21.342972
-31.691986
-5.1421967
38.55316533849312
20.625793
-30.266983
-6.5390625
37.20581875485003
21.342972
-29.55449
-5.840637
36.92022848635115
21.342972
-28.84198
-5.1421967
36.246714896943594
21.342972
-29.55449
-5.1421967
36.81619715623648
21.342972
-29.55449
-4.443756
36.72515735319847
21.342972
-29.55449
-4.443756
36.72515735319847
22.060165
-28.129486
-4.443756
36.02312997998213
21.443558
-29.548141
-4.390045
36.772153651638185
22.160751
-28.835632
-6.4853516
36.94120282043226
22.160751
-28.123138
-5.7869263
36.26979860732101
22.160751
-28.123138
-4.390045
36.073289655401545
20.009186
-28.123138
-4.390045
34.79297203919654
22.160751
-28.835632
-3.6916046
36.5543510550343
21.443558
-28.123138
-3.6916046
35.55791037496966
22.87793
-28.835632
-2.993164
36.93037090149346
20.72638
-28.835632
-4.390045
35.781964717206876
21.443558
-28.123138
-4.390045
35.637192951807734
22.160751
-30.97313
-2.2947388
38.153629747255046
22.160751
-30.260635
-3.6916046
37.688630398677596
22.160751
-28.835632
-1.5962982
36.40248438143508
20.72638
-30.260635
-2.993164
36.80010601526
20.009186
-28.835632
-1.5962982
35.13416320090924
21.443558
-28.835632
-1.5962982
35.970377284540504
20.72638
-28.835632
-1.5962982
35.54749999450559
20.72638
-30.97313
-0.89785767
37.278997207710674
20.009186
-30.260635
-0.89785767
36.288837963514176
21.443558
-30.260635
1.8958893
37.13659363638597
20.778137
-29.54277
-0.121780396
36.118153276347755
20.778137
-29.54277
-1.5186615
36.149861687148956
18.626572
-30.255264
-0.121780396
35.529494377251204
20.060944
-30.255264
2.6719666
36.40002629205781
19.34375
-30.255264
2.6719666
36.0097371814208
19.34375
-29.54277
1.973526
35.36736784110195
18.626572
-31.680267
0.57666016
36.75487750636387
18.626572
-30.967758
1.973526
36.19179392162849
18.626572
-31.680267
1.2750854
36.77246735628098
18.626572
-29.54277
0.57666016
34.9293126867052
17.1922
-30.255264
1.973526
34.854663019167
17.975296
-30.972153
1.4337769
35.83910102261739
17.975296
-30.259659
0.73535156
35.20367981142916
18.69249
-30.972153
1.4337769
36.2041297875239
20.126862
-31.684662
2.830658
37.64333771098728
18.69249
-32.397156
1.4337769
37.43047591660771
18.69249
-30.972153
1.4337769
36.2041297875239
18.69249
-30.259659
1.4337769
35.596514104702024
19.409668
-29.547165
1.4337769
35.38115042878146
18.69249
-28.834656
0.03691101
34.36346752571144
17.975296
-30.259659
1.4337769
35.225189351425065
17.975296
-30.972153
1.4337769
35.83910102261739
17.258118
-28.834656
2.830658
33.72376910339445
18.69249
-30.259659
1.4337769
35.596514104702024
17.975296
-28.834656
0.03691101
33.97866870196378
17.975296
-30.259659
2.1322174
35.26052591071211
17.975296
-31.684662
2.830658
36.53822143970013
18.69249
-30.972153
1.4337769
36.2041297875239
19.409668
-30.259659
1.4337769
35.97829715552054
