17.899414
-32.15361
-16.212112
40.212885644715925
17.899414
-33.578598
-16.212112
41.361139932119556
18.616608
-31.441101
-16.910553
40.262734240916714
17.899414
-32.15361
-16.910553
40.49951171580653
17.182236
-31.441101
-18.307434
40.235981460647416
18.616608
-32.15361
-16.212112
40.53720983071448
17.182236
-32.15361
-17.608994
40.4865474257924
18.616608
-32.15361
-16.910553
40.821557247768155
17.182236
-32.15361
-18.307434
40.79517093578219
17.182236
-30.016098
-17.608994
38.810719816260175
17.182236
-30.728607
-17.608994
39.364364883181466
17.899414
-30.016098
-18.307434
39.452722770226835
17.899414
-31.441101
-19.00586
40.867524282926965
19.333801
-29.303604
-19.7043
40.25861981894762
18.616608
-30.016098
-19.00586
40.109435868672165
17.182236
-28.59111
-19.00586
38.39145012086431
17.899414
-32.866104
-20.40274
42.62442580029305
19.333801
-30.016098
-19.00586
40.447306698229305
17.182236
-31.441101
-19.7043
40.89048170590101
18.616608
-30.728607
-18.307434
40.32353591673385
16.465042
-31.441101
-19.7043
40.594333377255374
17.899414
-30.728607
-19.00586
40.321942026507884
17.182236
-29.303604
-20.40274
39.62577785366254
17.899414
-28.59111
-19.7043
39.065329585016144
16.465042
-30.728607
-19.7043
40.04502928101299
17.182236
-30.728607
-18.307434
39.68171709836912
16.465042
-30.016098
-18.307434
38.82300645336635
17.182236
-30.016098
-19.7043
39.8052096077142
17.182236
-30.728607
-21.101181
41.045539686121806
17.899414
-29.303604
-20.40274
39.94198521126845
17.899414
-29.303604
-21.101181
40.3032268888764
18.616608
-27.166107
-19.00586
38.02365179336573
17.899414
-27.878601
-18.307434
37.85191643926368
18.616608
-29.303604
-18.307434
39.24845737414402
17.899414
-27.878601
-19.7043
38.54691775180037
19.333801
-30.016098
-19.00586
40.447306698229305
19.333801
-30.016098
-17.608994
39.81003168859421
18.616608
-30.016098
-17.608994
39.46670558343292
18.616608
-30.016098
-16.910553
39.160068773281345
20.768173
-29.303604
-18.307434
40.31352651309328
20.05098
-29.303604
-17.608994
39.63356787053668
18.616608
-30.728607
-17.608994
40.0112746561438
19.333801
-29.303604
-17.608994
39.275612413668995
19.333801
-29.303604
-17.608994
39.275612413668995
21.485352
-30.016098
-17.608994
40.898203945130646
20.05098
-28.59111
-16.910553
38.800260373844466
18.616608
-29.303604
-16.910553
38.61665565206288
20.05098
-29.303604
-17.608994
39.63356787053668
19.333801
-29.303604
-19.00586
39.92141939563898
18.616608
-30.016098
-19.00586
40.109435868672165
18.616608
-29.303604
-18.307434
39.24845737414402
18.616608
-27.878601
-18.307434
38.19628964924146
19.333801
-27.166107
-19.00586
38.37988886305724
20.05098
-29.303604
-19.00586
40.27363527473262
19.333801
-30.016098
-16.910553
39.506059785375015
17.899414
-28.59111
-16.910553
37.73337213988269
19.333801
-27.878601
-18.307434
38.55093145964504
20.05098
-27.166107
-17.608994
38.08038661472021
20.05098
-27.166107
-16.910553
37.762494375309906
20.05098
-28.59111
-16.910553
38.800260373844466
20.05098
-30.016098
-17.608994
40.163224406496084
20.05098
-27.878601
-18.307434
38.91555329281517
19.333801
-27.878601
-19.00586
38.88746408910267
20.768173
-27.878601
-19.00586
39.62014769679216
19.333801
-27.166107
-19.00586
38.37988886305724
19.333801
-27.166107
-19.00586
38.37988886305724
19.333801
-27.878601
-16.910553
37.907505904586365
19.333801
-27.878601
-17.608994
38.224192171810515
18.616608
-28.59111
-17.608994
38.39409229610966
20.768173
-28.59111
-18.307434
39.79862640924307
19.333801
-28.59111
-16.910553
38.43454479239266
20.05098
-28.59111
-16.212112
38.5009860618449
20.768173
-30.016098
-16.212112
39.93889986787631
18.616608
-29.303604
-17.608994
38.92757322299003
18.616608
-27.878601
-17.608994
37.86649038067827
19.333801
-27.878601
-17.608994
38.224192171810515
17.182236
-29.303604
-18.307434
38.58876169685774
17.899414
-29.303604
-16.910553
38.276064699838855
18.616608
-30.016098
-18.307434
39.78324143189096
18.616608
-28.59111
-19.00586
39.05447886396562
19.333801
-27.166107
-19.00586
38.37988886305724
19.333801
-29.303604
-18.307434
39.59367600624499
18.616608
-26.453598
-18.307434
37.16898009166632
17.899414
-28.59111
-18.307434
38.37971711134509
15.747864
-28.59111
-19.7043
38.12749895754785
19.333801
-28.59111
-17.608994
38.74692370601423
20.768173
-27.878601
-18.307434
39.28989127804536
17.899414
-30.016098
-18.307434
39.452722770226835
18.616608
-28.59111
-16.910553
38.07881904630102
18.616608
-29.303604
-16.910553
38.61665565206288
17.899414
-28.59111
-17.608994
38.05150767483629
17.899414
-27.878601
-16.212112
36.88411566353801
20.05098
-28.59111
-16.910553
38.800260373844466
20.05098
-27.878601
-19.7043
39.591887781779235
20.768173
-28.59111
-19.00586
40.1246957737688
17.899414
-25.741104
-20.40274
37.40675418676502
18.616608
-28.59111
-21.799622
40.487691633731416
20.05098
-29.303604
-19.00586
40.27363527473262
19.333801
-28.59111
-18.307434
39.06929159708987
18.616608
-30.016098
-19.00586
40.109435868672165
19.333801
-29.303604
-19.00586
39.92141939563898
18.616608
-29.303604
-18.307434
39.24845737414402
20.05098
-29.303604
-18.307434
39.948781600534296
20.768173
-27.878601
-19.7043
39.95989047381996
18.616608
-29.303604
-18.307434
39.24845737414402
19.333801
-27.878601
-19.00586
38.88746408910267
20.768173
-29.303604
-20.40274
41.30726523425162
19.333801
-27.878601
-19.00586
38.88746408910267
20.768173
-28.59111
-19.7043
40.460202101590674
20.05098
-30.016098
-20.40274
41.464198836541506
20.05098
-26.453598
-20.40274
38.962885484939385
20.05098
-30.016098
-19.00586
40.79498242211059
20.05098
-28.59111
-19.7043
40.09679298419248
20.05098
-28.59111
-19.00586
39.75822008658241
20.768173
-28.59111
-19.7043
40.460202101590674
22.202545
-27.878601
-19.7043
40.723811621799506
20.751083
-28.581345
-19.694046
40.43953759839342
20.03389
-30.006332
-21.090927
41.79191267271396
20.03389
-29.293839
-21.090927
41.28332578997542
19.316711
-28.581345
-18.995605
39.3809798286638
21.468262
-27.868835
-19.694046
40.316419685893024
21.468262
-28.581345
-20.392487
41.15377329772599
20.751083
-28.581345
-21.090927
41.137912937573475
20.751083
-28.581345
-21.090927
41.137912937573475
21.468262
-30.006332
-19.694046
41.82250236537219
18.599518
-28.581345
-21.090927
40.09566806596755
19.316711
-30.718842
-20.392487
41.62494574649242
19.316711
-30.718842
-20.392487
41.62494574649242
20.03389
-30.718842
-20.392487
41.962571678520845
20.03389
-30.006332
-19.694046
41.10465040790701
19.316711
-31.431335
-18.995605
41.4957493822786
20.03389
-29.293839
-18.995605
40.25318280069214
19.316711
-31.431335
-18.995605
41.4957493822786
19.316711
-30.006332
-19.694046
40.75991719335768
19.316711
-30.006332
-18.995605
40.427074945782
20.751083
-32.143845
-20.392487
43.35536580563731
18.499908
-31.349792
-20.327057
41.692269803023734
18.499908
-32.0623
-20.327057
42.2306405581673
19.217102
-30.637299
-18.930176
40.82024745808215
19.217102
-30.637299
-19.628616
41.148798680064765
19.217102
-31.349792
-19.628616
41.68199896941049
19.217102
-32.774796
-21.025497
43.42298684029937
18.499908
-30.637299
-21.723938
41.86669402232967
17.782715
-30.637299
-21.025497
41.19393828899845
18.499908
-32.0623
-21.025497
42.5712265053742
17.782715
-32.774796
-20.327057
42.46882904472041
18.499908
-30.637299
-21.723938
41.86669402232967
17.065536
-29.92479
-19.628616
39.6485583434119
17.782715
-30.637299
-18.930176
40.164917291769534
17.065536
-32.0623
-21.025497
41.96778869664135
17.782715
-31.349792
-18.930176
40.71100571501673
19.217102
-32.0623
-19.628616
42.22050213795722
19.93428
-30.637299
-21.025497
42.16741709487463
17.782715
-31.349792
-19.628616
41.040431486542175
18.499908
-32.774796
-20.327057
42.77409317419833
15.631165
-33.48729
-19.628616
41.84512402056989
17.782715
-31.349792
-21.025497
41.726561768629466
18.499908
-33.48729
-19.628616
42.999159693824254
17.065536
-33.48729
-19.628616
42.40181241750242
15.631165
-33.48729
-19.628616
41.84512402056989
16.348343
-33.48729
-20.327057
42.44827533718611
19.217102
-32.0623
-18.930176
41.90035525515043
19.217102
-32.774796
-19.628616
42.764083594800965
17.065536
-32.0623
-20.327057
41.62226524190133
19.217102
-33.48729
-19.628616
43.31256341310293
17.782715
-32.0623
-20.327057
41.92141929262191
18.499908
-32.774796
-20.327057
42.77409317419833
17.782715
-32.774796
-20.327057
42.46882904472041
18.499908
-32.0623
-19.628616
41.89893060380166
19.217102
-31.349792
-20.327057
42.01542162464724
19.217102
-32.774796
-19.628616
42.764083594800965
18.499908
-33.48729
-18.930176
42.68485333349012
19.217102
-34.1998
-16.83487
42.6888282759121
18.499908
-32.0623
-18.23175
41.262992153797754
19.217102
-32.774796
-20.327057
43.08913391928483
19.93428
-32.774796
-19.628616
43.09112828546106
21.368652
-32.0623
-19.628616
43.242260190769976
19.93428
-33.48729
-18.930176
43.325809079829945
18.499908
-34.912292
-18.23175
43.51449729238952
20.651474
-32.774796
-18.23175
42.81433618325175
19.217102
-33.48729
-18.23175
42.697684775128614
19.217102
-34.1998
-18.23175
43.25875571822498
19.217102
-32.774796
-18.23175
42.14120289509203
18.499908
-32.774796
-19.628616
42.44663038056216
19.217102
-33.48729
-18.930176
43.00054789349346
19.93428
-32.774796
-19.628616
43.09112828546106
19.93428
-32.0623
-18.930176
42.234088858631125
18.499908
-34.1998
-18.23175
42.94495932295198
19.93428
-32.774796
-17.53331
42.17795320221365
19.93428
-34.1998
-17.53331
43.29455740819942
19.217102
-32.0623
-16.83487
40.996354103806446
20.651474
-30.637299
-19.628616
41.83790188548761
19.217102
-34.912292
-18.930176
44.11934636452372
17.782715
-33.48729
-17.53331
41.773682233479846
18.499908
-32.774796
-18.23175
41.81902158595117
17.782715
-33.48729
-18.930176
42.37894639625023
18.499908
-34.1998
-18.23175
42.94495932295198
17.782715
-32.774796
-18.930176
41.818223227981754
17.065536
-32.774796
-19.628616
41.841395681527224
17.782715
-33.48729
-18.23175
42.07160876020639
18.499908
-34.1998
-18.930176
43.24609075089187
17.065536
-34.1998
-18.930176
42.652201902697094
16.348343
-34.1998
-19.628616
42.686966676298724
18.499908
-34.912292
-18.930176
43.8117142850374
18.499908
-34.1998
-19.628616
43.55634736186923
17.065536
-34.912292
-20.327057
43.85532940239062
19.217102
-34.912292
-18.930176
44.11934636452372
16.348343
-32.774796
-20.327057
41.88848022297569
18.460846
-33.442856
-18.200989
42.31434057112021
17.743652
-34.155365
-20.296295
43.5128225085003
18.460846
-33.442856
-18.200989
42.31434057112021
18.460846
-35.580368
-17.502548
43.73905275984066
19.17804
-34.155365
-16.804108
42.62351794756696
19.17804
-34.155365
-17.502548
42.90367657750542
18.460846
-33.442856
-18.200989
42.31434057112021
17.743652
-34.86786
-17.502548
42.85958433917159
18.460846
-35.580368
-20.296295
44.930001982250126
19.17804
-34.155365
-17.502548
42.90367657750542
18.460846
-34.155365
-17.502548
42.587921751378786
19.17804
-34.86786
-16.105667
42.92967825864323
18.460846
-34.86786
-16.804108
42.88296265800819
19.17804
-33.442856
-18.200989
42.63212172452099
19.895218
-33.442856
-18.200989
42.959518894790655
19.17804
-33.442856
-16.804108
42.054724508854235
20.612411
-33.442856
-16.804108
42.727908845811044
19.895218
-34.155365
-16.105667
42.68256399902951
20.612411
-34.86786
-16.804108
43.85222014806163
19.895218
-34.155365
-16.804108
42.95098070084154
20.612411
-32.730362
-16.804108
42.17257693237618
21.32959
-33.442856
-15.407227
42.553008647120066
20.612411
-32.730362
-15.407227
41.635690960025514
21.32959
-33.442856
-16.105667
42.81084622718289
20.612411
-33.442856
-16.105667
42.458081924447846
21.32959
-33.442856
-15.407227
42.553008647120066
20.612411
-34.86786
-15.407227
43.336148058123776
21.32959
-33.442856
-16.105667
42.81084622718289
22.046783
-32.017868
-16.804108
42.35071004837537
22.046783
-32.730362
-15.407227
42.364135429666504
22.046783
-32.017868
-16.105667
42.078464420279765
20.612411
-34.155365
-14.010361
42.281799989493855
20.612411
-33.442856
-15.407227
42.198088948878954
21.32959
-33.442856
-14.708801
42.305139800213695
21.32959
-32.017868
-15.407227
41.44246647273482
22.763977
-32.730362
-16.105667
42.99846415771004
21.32959
-32.017868
-15.407227
41.44246647273482
19.895218
-32.730362
-15.407227
41.28533642718986
19.895218
-32.017868
-16.804108
41.271560120798526
20.612411
-32.730362
-16.804108
42.17257693237618
19.895218
-32.730362
-14.708801
41.0298085595057
19.17804
-33.442856
-15.407227
41.516315975619754
19.17804
-34.155365
-14.708801
41.841786618425786
19.895218
-36.292862
-12.61348
43.26767188865218
18.460846
-34.155365
-14.010361
41.27568299660149
19.895218
-34.155365
-16.105667
42.68256399902951
19.17804
-34.155365
-15.407227
42.0923840953221
18.460846
-35.580368
-14.708801
42.69794350882502
19.17804
-35.580368
-15.407227
43.25670558566614
19.895218
-34.86786
-16.105667
43.25482327241813
18.460846
-32.730362
-15.407227
40.61357110872085
19.17804
-33.442856
-15.407227
41.516315975619754
18.460846
-34.86786
-16.105667
42.6141160957845
19.17804
-32.730362
-15.407227
40.94455449713368
20.612411
-34.155365
-16.804108
43.28785627605694
19.17804
-34.155365
-16.804108
42.62351794756696
18.460846
-33.442856
-15.407227
41.189927256816986
18.460846
-34.155365
-14.708801
41.51795662910507
19.895218
-33.442856
-16.105667
42.11456658627748
17.026474
-34.155365
-14.708801
40.90034991350166
19.17804
-32.730362
-14.708801
40.686886456107544
19.895218
-34.86786
-15.407227
42.999650820711615
18.460846
-34.86786
-13.31192
41.63865497216048
19.17804
-34.155365
-14.010361
41.60139891399762
19.895218
-34.155365
-16.105667
42.68256399902951
19.17804
-32.730362
-16.105667
41.21245331927899
19.17804
-34.86786
-15.407227
42.67256155617594
18.460846
-32.730362
-14.010361
40.104483900260455
19.895218
-34.155365
-16.105667
42.68256399902951
19.17804
-32.017868
-16.804108
40.93066349165608
19.17804
-33.442856
-18.200989
42.63212172452099
19.17804
-32.730362
-18.200989
42.075525588109116
19.17804
-33.442856
-18.200989
42.63212172452099
19.17804
-32.730362
-18.899414
42.382327906215814
18.460846
-34.155365
-16.804108
42.30567216651849
18.460846
-32.017868
-17.502548
40.89359376164178
19.17804
-32.730362
-16.804108
41.49038327488522
19.895218
-31.305359
-16.105667
40.438073556597004
19.17804
-31.305359
-17.502548
40.67139027995831
19.17804
-31.305359
-19.597855
41.616086813161864
19.17804
-30.592865
-18.200989
40.4350909734509
20.612411
-31.305359
-17.502548
41.367090858007984
20.612411
-32.017868
-17.502548
41.90888466969519
20.612411
-32.017868
-16.804108
41.62203061621558
21.32959
-32.017868
-16.804108
41.98182212186454
21.32959
-32.017868
-16.105667
41.70716716547349
20.612411
-29.880356
-15.407227
39.43462747066339
19.895218
-30.592865
-15.407227
39.612191714444116
21.32959
-30.592865
-16.105667
40.62348254377479
20.612411
-31.305359
-16.804108
41.07645340598507
20.612411
-30.592865
-16.804108
40.536070031921106
22.763977
-30.592865
-18.899414
42.55948703313325
20.612411
-30.592865
-17.502548
40.83055418768446
22.763977
-29.880356
-17.502548
41.441207236596796
22.046783
-30.592865
-17.502548
41.57310866723599
22.046783
-30.592865
-17.502548
41.57310866723599
21.32959
-30.592865
-16.105667
40.62348254377479
22.763977
-29.167862
-17.502548
40.93045472534403
21.32959
-29.167862
-17.502548
40.1504023587599
22.046783
-29.880356
-16.804108
40.75873420584231
21.32959
-30.592865
-16.105667
40.62348254377479
19.17804
-30.592865
-16.804108
39.82585382402366
21.32959
-31.305359
-16.105667
41.16271838406236
19.895218
-30.592865
-18.200989
40.7801319889853
18.460846
-30.592865
-16.804108
39.48549414717859
19.895218
-32.017868
-16.804108
41.271560120798526
19.895218
-30.592865
-16.804108
40.17612743682886
20.612411
-30.592865
-14.708801
39.713269807812665
20.612411
-30.592865
-16.105667
40.25155276507976
20.612411
-29.880356
-16.105667
39.71271652148245
19.895218
-32.017868
-17.502548
41.56083320201019
19.895218
-29.880356
-17.502548
39.937383851552546
19.17804
-32.017868
-18.200989
41.523693996150406
19.895218
-29.880356
-17.502548
39.937383851552546
19.895218
-29.167862
-17.502548
39.407145236658856
19.895218
-32.017868
-17.502548
41.56083320201019
19.895218
-31.305359
-19.597855
41.95141407125778
20.612411
-32.017868
-18.200989
42.20534778716955
17.743652
-31.305359
-20.296295
41.313463254655254
19.17804
-29.880356
-16.804108
39.281178525193525
17.026474
-32.017868
-18.899414
40.89294002569774
18.460846
-31.305359
-19.597855
41.290486759966875
20.612411
-32.017868
-18.200989
42.20534778716955
19.895218
-30.592865
-19.597855
41.42244671427407
19.17804
-29.880356
-18.899414
40.22214316494399
17.743652
-31.305359
-19.597855
40.97485324723949
19.895218
-29.880356
-19.597855
40.89903817013534
18.460846
-29.167862
-19.597855
39.69436917669731
18.460846
-29.880356
-18.200989
39.55900088198955
20.612411
-30.592865
-18.899414
41.44855592280553
20.612411
-31.305359
-18.899414
41.977194271022775
18.460846
-29.167862
-19.597855
39.69436917669731
19.895218
-32.017868
-19.597855
42.48575703434329
19.895218
-29.167862
-18.899414
40.04711885411515
19.895218
-29.880356
-20.296295
41.23827070456671
19.17804
-29.880356
-16.804108
39.281178525193525
20.612411
-32.017868
-17.502548
41.90888466969519
18.460846
-29.880356
-16.804108
38.936057858526205
19.895218
-30.592865
-18.200989
40.7801319889853
21.32959
-31.305359
-19.597855
42.65035587712384
19.895218
-30.592865
-17.502548
40.47323062792168
20.612411
-29.880356
-18.899414
40.92548279008523
22.046783
-28.455368
-18.200989
40.336640361637244
20.612411
-29.167862
-18.899414
40.40821214058397
20.612411
-30.592865
-18.899414
41.44855592280553
21.32959
-31.305359
-18.899414
42.333967389342035
21.32959
-28.455368
-18.899414
40.27216520177507
22.046783
-30.592865
-17.502548
41.57310866723599
21.32959
-31.305359
-18.200989
42.02681203336151
20.612411
-29.167862
-18.200989
40.0863036854742
21.32959
-29.880356
-19.597855
41.615658556718465
20.612411
-29.880356
-18.200989
40.607675091873794
21.32959
-28.455368
-18.899414
40.27216520177507
19.895218
-29.880356
-19.597855
40.89903817013534
20.612411
-29.880356
-19.597855
41.25267510265243
22.046783
-28.455368
-20.994736
41.67190282854339
22.000885
-29.854477
-18.871094
41.61065848330284
21.283691
-30.566986
-18.172668
41.44372125244064
22.000885
-30.566986
-20.267975
42.768801832132844
22.000885
-28.42949
-20.267975
41.268214787628175
19.84932
-31.99199
-17.474228
41.50700595042661
20.566513
-29.854477
-18.172668
40.55264590435191
22.000885
-30.566986
-20.267975
42.768801832132844
20.566513
-28.42949
-21.664856
41.238128618465765
22.000885
-30.566986
-20.267975
42.768801832132844
21.283691
-30.566986
-18.172668
41.44372125244064
21.283691
-29.854477
-19.569534
41.56022080216851
19.84932
-30.566986
-18.871094
41.042104547685234
21.283691
-31.27948
-18.172668
41.971981330369374
20.566513
-31.27948
-17.474228
41.31266103646753
21.283691
-30.566986
-17.474228
41.14225096483085
22.000885
-30.566986
-18.172668
41.81656954224306
22.000885
-30.566986
-18.871094
42.12478845922404
21.283691
-30.566986
-16.775787
40.85049796016874
22.701965
-31.267761
-19.561722
43.309503977367655
21.267578
-30.555267
-18.863281
41.73437061259805
21.267578
-31.267761
-20.260162
42.90054814626498
20.5504
-32.692764
-18.164856
42.6743236664698
19.833206
-33.40526
-18.164856
42.8862375374337
19.833206
-31.98027
-20.260162
42.73836533015447
22.701965
-31.267761
-19.561722
43.309503977367655
20.5504
-33.40526
-19.561722
43.827971813457786
19.116028
-32.692764
-19.561722
42.625114552632
18.398834
-33.40526
-18.863281
42.54705288247795
19.833206
-31.98027
-18.863281
42.09414584307196
17.68164
-31.267761
-17.466415
39.94232139079973
19.833206
-31.98027
-19.561722
42.41172760772514
19.833206
-31.267761
-18.863281
41.55541381086449
20.5504
-32.692764
-20.260162
43.60745472303876
19.833206
-31.267761
-19.561722
41.87708133820038
19.833206
-31.267761
-20.958603
42.547527710289025
21.267578
-31.267761
-20.260162
42.90054814626498
19.116028
-31.98027
-19.561722
42.08112456817041
21.267578
-31.267761
-19.561722
42.575154712908855
21.267578
-30.555267
-21.657043
43.0692687895035
21.267578
-31.98027
-20.260162
43.422594677375336
20.5504
-31.267761
-19.561722
42.221473589054774
19.116028
-31.267761
-18.863281
41.21794297684186
20.5504
-32.692764
-19.561722
43.28737546906719
21.267578
-31.98027
-17.466415
42.191507332822624
21.267578
-30.555267
-16.767975
40.830128155987644
21.267578
-32.692764
-20.260162
43.94998100202235
21.267578
-31.267761
-18.164856
41.95169632111138
21.984772
-30.555267
-18.863281
42.10436977442558
20.5504
-31.267761
-18.164856
41.59271399442305
21.984772
-32.692764
-18.863281
43.680321186827086
23.419144
-31.267761
-19.561722
43.68970175067003
21.267578
-30.555267
-17.466415
41.12189209856017
21.984772
-32.692764
-16.767975
42.81719294534323
22.701965
-31.267761
-18.164856
42.696769903076394
21.984772
-32.692764
-19.561722
43.986453658697585
23.419144
-30.555267
-18.863281
42.870783206449296
22.701965
-31.267761
-18.164856
42.696769903076394
22.701965
-31.267761
-18.863281
42.99855216494213
21.267578
-29.842758
-16.767975
40.29969212719714
21.984772
-31.98027
-17.466415
42.55753229085892
25.57071
-30.555267
-17.466415
43.50357777582063
24.136337
-31.98027
-16.767975
43.4334614804286
24.136337
-31.267761
-16.767975
42.91154430646402
24.853516
-30.555267
-17.466415
43.08592970874816
26.287903
-31.98027
-17.466415
44.93180596748811
24.853516
-31.267761
-16.069534
43.053456280027625
24.136337
-31.267761
-19.561722
44.078302241756376
21.984772
-29.842758
-18.863281
41.5901884392709
22.701965
-30.555267
-16.767975
41.59529662319858
21.984772
-31.267761
-18.164856
42.31979690358801
22.701965
-31.98027
-17.466415
42.932419300024605
24.136337
-30.555267
-16.767975
42.39519188447996
22.701965
-31.98027
-16.767975
42.653041889434746
23.419144
-31.267761
-17.466415
42.7925791929439
21.984772
-33.40526
-17.466415
43.63848231402961
22.701965
-33.40526
-15.371094
43.215287053961006
22.701965
-34.117767
-14.672668
43.52802084442632
21.984772
-34.117767
-16.069534
43.65297556170284
21.984772
-34.117767
-15.371094
43.40072352777514
22.701965
-32.692764
-16.767975
43.18982616293304
23.419144
-33.40526
-17.466415
44.37840958512019
21.984772
-31.98027
-17.466415
42.55753229085892
21.984772
-31.98027
-16.767975
42.2756775245087
20.5504
-31.267761
-16.767975
41.001911397900095
20.5504
-32.692764
-16.767975
42.098702845218405
19.833206
-33.40526
-16.767975
42.31350107290668
21.267578
-35.54277
-18.164856
45.22787221177542
21.267578
-32.692764
-17.466415
42.734089350050795
21.267578
-32.692764
-16.069534
42.18242156933531
21.267578
-33.40526
-16.069534
42.73700003363596
20.5504
-31.267761
-17.466415
41.29246305178238
20.5504
-34.117767
-16.069534
42.94846964586602
21.267578
-32.692764
-16.069534
42.18242156933531
21.984772
-31.267761
-18.164856
42.31979690358801
21.267578
-33.40526
-16.767975
43.004490817457075
19.833206
-32.692764
-18.164856
42.33361559996529
20.5504
-31.98027
-16.069534
41.270893146305305
19.833206
-32.692764
-16.767975
41.75329796105932
19.833206
-34.117767
-16.767975
42.87823705436856
21.267578
-33.40526
-16.767975
43.004490817457075
20.5504
-33.40526
-16.767975
42.65436980746375
20.5504
-33.40526
-15.371094
42.12482323312319
21.267578
-34.117767
-16.069534
43.29621244079844
20.5504
-34.83026
-16.767975
43.77934562685497
21.267578
-33.40526
-16.069534
42.73700003363596
21.267578
-36.96776
-15.371094
45.33426470828247
19.116028
-33.40526
-14.672668
41.190059136637416
19.833206
-35.54277
-15.371094
43.50764485849369
19.833206
-32.692764
-16.069534
41.477738993721076
21.267578
-34.117767
-16.069534
43.29621244079844
21.267578
-33.40526
-16.767975
43.004490817457075
20.5504
-34.117767
-16.767975
43.214651491312814
21.984772
-32.692764
-16.069534
42.54852468799594
21.267578
-32.692764
-15.371094
41.92132174439249
21.984772
-32.692764
-15.371094
42.28968671601934
21.267578
-32.692764
-16.767975
42.45340678964263
22.701965
-33.40526
-16.069534
43.46861520467957
21.984772
-33.40526
-17.466415
43.63848231402961
20.5504
-31.98027
-18.164856
42.1309705176348
20.5504
-32.692764
-16.767975
42.098702845218405
19.116028
-31.267761
-15.371094
39.74123761028178
22.701965
-33.40526
-16.767975
43.73163118849158
21.984772
-32.692764
-15.371094
42.28968671601934
21.984772
-33.40526
-16.069534
43.09839249376797
21.984772
-33.40526
-16.767975
43.36365406813205
21.984772
-32.692764
-16.069534
42.54852468799594
23.419144
-32.692764
-17.466415
43.84459917655908
23.419144
-32.692764
-16.767975
43.571071049744404
21.984772
-33.40526
-16.069534
43.09839249376797
24.136337
-32.692764
-15.371094
43.447095949952455
21.984772
-33.40526
-16.069534
43.09839249376797
22.701965
-32.692764
-16.767975
43.18982616293304
22.701965
-32.692764
-16.767975
43.18982616293304
23.419144
-33.40526
-14.672668
43.35498570125759
21.984772
-31.98027
-15.371094
41.74132699024134
23.419144
-32.692764
-16.069534
43.30707995037445
23.419144
-33.40526
-14.672668
43.35498570125759
21.984772
-34.117767
-14.672668
43.15830773289411
21.984772
-34.117767
-13.974228
42.925882025373106
21.267578
-34.117767
-12.577347
42.125072445227026
21.984772
-34.117767
-13.974228
42.925882025373106
19.833206
-34.83026
-13.275787
42.22262137598014
21.222168
-34.777527
-13.959091
43.06637772816516
20.50499
-33.352524
-14.657532
41.80536712795529
19.787796
-35.490036
-15.355957
43.43851870433156
19.070618
-34.065033
-16.054398
42.21206749945002
21.222168
-34.065033
-14.657532
42.72762743804499
18.353424
-33.352524
-15.355957
41.0492927295191
20.50499
-34.777527
-14.657532
42.950834333245204
19.070618
-32.64003
-16.054398
41.07071597790207
19.070618
-32.64003
-16.752838
41.34873216154502
19.787796
-35.490036
-15.355957
43.43851870433156
20.50499
-34.065033
-15.355957
42.62260577953324
19.070618
-34.065033
-16.054398
42.21206749945002
19.787796
-34.777527
-16.752838
43.37846004526253
19.070618
-34.777527
-15.355957
42.53199048767586
19.787796
-34.065033
-16.054398
42.54088681235089
18.353424
-34.777527
-14.657532
41.96626889073384
19.070618
-34.777527
-13.260651
41.821162627964895
20.50499
-34.065033
-14.657532
42.37598807384171
19.787796
-33.352524
-15.355957
41.71034852201699
21.939362
-33.352524
-14.657532
42.52728185704369
20.50499
-34.777527
-13.959091
42.7175269576201
20.50499
-33.352524
-13.959091
41.56563075614576
19.070618
-35.490036
-15.355957
43.11654553675929
19.787796
-35.490036
-13.959091
42.964586446008795
21.222168
-34.065033
-16.752838
43.49097006895871
19.787796
-32.64003
-13.959091
40.642153830336675
19.070618
-34.777527
-14.657532
42.28484429013101
21.222168
-32.64003
-13.959091
41.35949896090226
19.787796
-34.065033
-12.56221
41.349637005283974
21.222168
-33.352524
-15.355957
42.409629332926855
20.50499
-33.352524
-14.657532
41.80536712795529
20.50499
-34.065033
-13.260651
41.91331473587406
21.222168
-34.065033
-14.657532
42.72762743804499
21.939362
-32.64003
-14.657532
41.97082814335527
22.656555
-33.352524
-13.260651
42.4447322744715
19.787796
-32.64003
-12.56221
40.18379709320816
22.656555
-30.502533
-13.959091
40.4793814461835
22.651672
-33.349594
-13.259186
42.43936535158499
22.651672
-32.6371
-13.957626
42.108121212781654
22.651672
-33.349594
-13.259186
42.43936535158499
21.934479
-32.6371
-14.656067
41.965484969328514
23.36885
-31.212097
-13.259186
41.18378622767551
24.086044
-31.212097
-14.656067
42.06106052514606
24.086044
-33.349594
-12.560745
43.01285094805606
23.36885
-30.499603
-13.957626
40.87963318303734
24.803223
-31.924606
-13.259186
42.54628540034003
23.36885
-31.212097
-13.259186
41.18378622767551
22.651672
-30.499603
-11.862305
39.799979021076446
24.086044
-32.6371
-12.560745
42.462809727583235
24.086044
-30.499603
-11.862305
40.63345314698761
24.086044
-30.499603
-11.862305
40.63345314698761
24.803223
-31.924606
-11.862305
42.13187159968315
24.803223
-29.0746
-12.560745
40.228156376220966
23.36885
-31.212097
-12.560745
40.964259503140354
23.36885
-32.6371
-13.259186
42.273981094037765
24.086044
-30.499603
-12.560745
40.84281601600443
22.651672
-30.499603
-11.862305
39.799979021076446
21.934479
-31.924606
-10.465439
40.122652834873875
24.803223
-32.6371
-10.465439
42.30727499589314
23.36885
-31.924606
-11.163879
41.10858661587245
23.36885
-32.6371
-11.163879
41.664321060279654
21.217285
-32.6371
-9.068558
39.969892233483066
21.94278
-31.932907
-10.465439
40.13379570408445
23.377151
-34.070404
-11.163879
42.80088659776439
22.659973
-31.932907
-11.862305
40.913312869063475
21.225586
-32.6454
-10.465439
40.320876370548575
21.225586
-33.357895
-10.465439
40.89987834735117
20.508408
-32.6454
-11.862305
40.33647391542409
21.94278
-34.070404
-12.560745
42.427001013965885
21.94278
-32.6454
-10.465439
40.70298704391208
20.508408
-31.220398
-13.957626
39.87635155184007
21.953522
-31.942184
-11.167297
40.33570068810011
23.387894
-31.229675
-11.865723
40.780896789658144
21.236328
-30.517181
-12.564163
39.244594323215395
21.236328
-32.65468
-11.865723
40.71983522153239
20.51915
-33.367172
-11.865723
40.92919614015999
19.801956
-32.65468
-13.262604
40.42699643821719
21.236328
-34.07968
-12.564163
42.07451014922069
19.801956
-32.65468
-10.468857
39.598514598384085
21.236328
-32.65468
-12.564163
40.92881289030229
21.236328
-32.65468
-11.167297
40.521822101261066
20.51915
-31.942184
-13.262604
40.214863290731046
21.953522
-31.229675
-13.262604
40.41220561049208
19.801956
-31.229675
-11.167297
38.62795011741417
20.51915
-31.942184
-13.961044
40.450579595951865
21.236328
-31.229675
-11.865723
39.586229677479075
21.953522
-32.65468
-11.865723
41.098425351906734
19.801956
-32.65468
-11.167297
39.78886691857488
19.084778
-31.229675
-13.262604
38.92836971605669
21.236328
-31.942184
-12.564163
40.3626429305111
22.670715
-31.229675
-13.262604
40.80625580343426
20.51915
-31.942184
-11.865723
39.776048486534265
21.236328
-31.942184
-11.167297
39.94988468234686
21.236328
-31.942184
-10.468857
39.760303241640244
19.084778
-31.229675
-11.167297
38.26525654426529
21.236328
-29.804672
-11.865723
38.47200877240978
21.953522
-30.517181
-11.865723
39.42145232383394
21.236328
-30.517181
-10.468857
38.62482301739388
21.953522
-30.517181
-9.770416
38.84220066801539
21.273438
-30.545013
-10.4717865
38.668014327493594
23.425003
-31.257507
-11.868652
40.824347139126886
20.55626
-30.545013
-11.170227
38.47507690659955
21.273438
-30.545013
-11.170227
38.86297637362825
21.273438
-31.257507
-9.773346
39.052645632010325
20.55626
-31.970016
-9.773346
39.24487271198223
21.990631
-32.68251
-9.773346
40.586360831526584
21.990631
-31.257507
-10.4717865
39.62673282143713
21.273438
-30.545013
-12.567093
39.287259633769956
20.55626
-30.545013
-11.868652
38.683620375445244
21.990631
-29.832504
-11.170227
38.70839815712638
21.273438
-29.832504
-10.4717865
38.107686898856116
22.707825
-29.832504
-10.4717865
38.92662305443249
22.707825
-29.832504
-10.4717865
38.92662305443249
21.990631
-29.12001
-10.4717865
37.96341912165249
21.990631
-30.545013
-10.4717865
39.06717315796841
22.707825
-29.832504
-9.773346
38.74457339774742
19.839066
-29.832504
-11.868652
37.74164493891744
22.707825
-31.257507
-8.376465
39.53279857391755
21.990631
-29.832504
-9.074905
38.15652033329707
21.990631
-30.545013
-9.773346
38.88578151337902
19.839066
-29.832504
-9.773346
37.13603647507532
20.55626
-31.257507
-8.376465
38.337406196392415
21.273438
-31.257507
-7.6780396
38.581641888601794
20.55626
-33.395004
-7.6780396
39.959209242930626
20.55626
-31.970016
-6.2811584
38.52395003841766
20.55626
-31.970016
-6.2811584
38.52395003841766
19.839066
-33.395004
-6.979599
39.46555033299216
20.55626
-31.970016
-4.185852
38.23824114597192
18.447174
-31.301453
-6.2669983
36.869423240907736
19.881546
-32.01396
-5.5685577
38.09433641365702
21.315918
-30.588959
-6.965439
37.92848623870158
19.164368
-31.301453
-6.965439
37.357345851418565
19.881546
-32.726456
-7.6638794
39.05165474446954
19.164368
-32.01396
-6.2669983
37.83440255378116
21.315918
-32.01396
-6.965439
39.0868205539364
19.881546
-32.726456
-7.6638794
39.05165474446954
19.881546
-30.588959
-7.6638794
37.27861736304071
21.315918
-32.726456
-6.965439
39.672490394990646
20.59874
-29.163956
-8.362305
36.67113934605114
19.9626
-32.07402
-6.965439
38.41569503471205
21.396973
-29.936508
-8.362305
37.7353018131522
20.679794
-30.649017
-6.965439
37.62357568421196
20.679794
-29.936508
-7.6638794
37.183107671276616
20.679794
-31.361511
-8.362305
38.4854042823177
20.679794
-29.224014
-7.6638794
36.61190905655734
21.396973
-28.51152
-8.362305
36.61509805085107
22.114166
-29.936508
-6.965439
37.864867211510365
21.396973
-29.224014
-8.362305
37.17259253458369
22.114166
-29.936508
-6.965439
37.864867211510365
22.114166
-28.51152
-6.965439
36.748611527767274
24.265732
-29.224014
-6.2669983
38.49862391006658
22.83136
-29.936508
-6.965439
38.2881562647805
22.114166
-27.799011
-8.362305
36.49314335212507
24.265732
-27.799011
-5.5685577
37.31781918743712
24.265732
-28.51152
-6.2669983
37.96060869506705
24.265732
-27.086517
-5.5685577
36.79013340578728
24.265732
-27.086517
-6.965439
37.02732046661627
24.265732
-26.374008
-7.6638794
36.64899957600309
26.417297
-26.374008
-6.2669983
37.851514931600654
24.342392
-27.820984
-8.357422
37.8999440859581
25.776764
-27.820984
-5.563675
38.33279533561553
22.90802
-27.10849
-4.8652344
35.823431400477084
25.05957
-26.39598
-3.4683685
36.56172041102637
23.625198
-27.10849
-4.8652344
36.28623424796844
23.625198
-28.533493
-5.563675
37.46017579387225
25.05957
-27.820984
-4.8652344
37.75791029756629
25.05957
-25.683487
-4.8652344
36.21179458937119
24.342392
-26.39598
-6.960556
36.575253184466305
25.776764
-27.10849
-6.960556
38.04945608544802
25.05957
-24.970993
-5.563675
35.81182679613765
25.05957
-25.683487
-4.166809
36.12458774635013
26.493958
-24.970993
-4.8652344
36.73078758801583
24.342392
-24.258484
-5.563675
34.813511612882614
26.493958
-24.970993
-5.563675
36.82980711845791
25.776764
-26.39598
-4.8652344
37.21370531512886
24.342392
-26.39598
-6.2621155
36.44878483592594
26.493958
-26.39598
-4.8652344
37.71403113605399
25.776764
-24.970993
-6.2621155
36.43083933547922
25.776764
-25.683487
-5.563675
36.810833671433436
25.05957
-25.683487
-6.2621155
36.42578271615279
22.90802
-25.683487
-5.563675
34.86220608461171
27.211136
-26.39598
-5.563675
38.31642198012981
25.05957
-24.970993
-6.2621155
35.92696177011424
25.05957
-26.39598
-4.166809
36.63457605986368
23.625198
-27.10849
-3.4683685
36.125473072161974
25.776764
-24.970993
-4.166809
36.129686520185516
24.342392
-27.10849
-3.4683685
36.59852325295209
22.90802
-26.39598
-3.4683685
35.12199720260794
23.625198
-27.10849
-4.8652344
36.28623424796844
22.90802
-25.683487
-4.166809
34.666716746758695
22.90802
-29.245987
-2.769928
37.2528886123068
22.90802
-28.533493
-3.4683685
36.75550520787243
21.473633
-27.10849
-2.0714874
34.64503136442782
22.90802
-28.533493
-3.4683685
36.75550520787243
22.190826
-26.39598
-4.166809
34.73532563082844
23.625198
-27.10849
-3.4683685
36.125473072161974
23.625198
-27.10849
-3.4683685
36.125473072161974
22.190826
-24.970993
-2.0714874
33.47049883094346
22.90802
-27.10849
-3.4683685
35.66058392810962
24.342392
-27.10849
-3.4683685
36.59852325295209
22.190826
-27.820984
-0.6746216
35.59346877632538
22.90802
-27.820984
-2.0714874
36.098137923214786
24.342392
-27.820984
-3.4683685
37.129351531062156
24.342392
-27.820984
-2.0714874
37.02499452702948
23.625198
-26.39598
-2.769928
35.532665429151244
