15.768372
-33.172348
-14.74913
39.58008347404664
18.637115
-32.459854
-15.447571
40.49211740901709
18.637115
-31.034851
-16.145996
39.63833076234417
17.919922
-32.459854
-14.74913
39.90366512282268
18.637115
-31.034851
-15.447571
39.359007478931204
17.202744
-33.172348
-16.145996
40.70666071495548
17.919922
-33.172348
-14.74913
40.4853700186484
17.202744
-31.034851
-14.74913
38.426986621139704
18.637115
-31.74736
-16.844437
40.484218206952264
17.919922
-30.322357
-14.74913
38.18515202223159
17.919922
-31.74736
-15.447571
39.593509519790615
17.202744
-32.459854
-15.447571
39.8522754359381
16.48555
-31.74736
-14.05069
38.432929733376106
16.48555
-30.322357
-16.844437
38.405128009445235
18.637115
-31.74736
-18.241318
41.08506621651747
16.48555
-29.609848
-16.145996
37.539442148184285
17.202744
-31.74736
-16.145996
39.55404481134009
17.202744
-30.322357
-16.844437
38.71840319659051
19.35431
-31.74736
-15.447571
40.263029844581055
17.919922
-32.459854
-16.844437
40.72469438095116
15.768372
-31.034851
-16.145996
38.3731231727527
17.919922
-30.322357
-16.145996
38.74612505827196
18.637115
-30.322357
-16.145996
39.08299774698232
17.919922
-31.74736
-16.844437
40.15910434894403
16.48555
-30.322357
-16.844437
38.405128009445235
17.202744
-33.172348
-15.447571
40.43471964456258
17.919922
-33.172348
-16.844437
41.29483536393353
17.202744
-33.172348
-16.145996
40.70666071495548
17.919922
-31.034851
-16.145996
39.30621782575405
18.637115
-31.034851
-16.145996
39.63833076234417
17.202744
-30.322357
-18.241318
39.34622584545117
17.202744
-31.034851
-16.844437
39.278894370498136
20.071487
-30.322357
-16.145996
39.786972413443635
16.48555
-31.74736
-16.844437
39.53989529971596
17.919922
-31.034851
-14.74913
38.75335481949434
17.202744
-30.322357
-17.542877
39.02732791543318
17.202744
-30.322357
-16.145996
38.419695444483615
17.919922
-31.034851
-16.145996
39.30621782575405
16.48555
-31.034851
-14.74913
38.11131286073402
18.637115
-31.034851
-14.05069
38.832021622886344
18.637115
-31.034851
-16.145996
39.63833076234417
15.768372
-31.034851
-17.542877
38.98148317180142
17.202744
-32.459854
-14.74913
39.5867816480451
17.919922
-31.034851
-17.542877
39.900353482241385
18.637115
-30.322357
-16.145996
39.08299774698232
18.637115
-28.897354
-16.145996
37.98805450607138
20.071487
-28.897354
-15.447571
38.425890650258516
17.919922
-30.322357
-16.844437
39.04233542038853
20.071487
-30.322357
-16.844437
40.07549028864151
20.071487
-30.322357
-17.542877
40.37403249614782
20.071487
-29.609848
-16.844437
39.53912964946876
19.35431
-28.897354
-15.447571
38.05619271171168
20.071487
-29.609848
-16.844437
39.53912964946876
18.637115
-27.472351
-16.844437
37.226430515243464
19.35431
-29.609848
-16.844437
39.17993597254212
19.35431
-28.897354
-17.542877
38.953805023145684
20.071487
-28.18486
-16.844437
38.48358200563423
20.071487
-28.897354
-16.145996
38.711945780259484
19.35431
-27.472351
-16.145996
37.28287074746089
20.788681
-28.897354
-16.145996
39.0886100238132
19.35431
-28.897354
-15.447571
38.05619271171168
21.50586
-29.609848
-15.447571
39.72244401586778
18.637115
-29.609848
-15.447571
38.24542647800355
20.788681
-29.609848
-16.145996
39.61824666425812
21.50586
-28.897354
-15.447571
39.194215433371035
20.788681
-26.047348
-17.542877
37.66146715674308
20.866806
-27.513855
-17.578033
38.74820119312798
18.71524
-28.226364
-18.974915
38.820552267069985
20.149612
-28.226364
-16.879593
38.57013289278619
20.149612
-27.513855
-16.879593
38.05180281229294
17.280869
-31.076355
-15.482727
38.782510618612775
19.463684
-28.257126
-16.194336
37.94148969960194
20.180862
-27.544617
-16.194336
37.791926867098546
20.180862
-28.96962
-15.495911
38.55683330528131
18.029297
-31.819626
-16.194336
39.99750968810433
20.180862
-28.96962
-14.79747
38.281473213634946
18.74649
-28.96962
-15.495911
37.82582571233988
18.029297
-28.96962
-14.79747
37.19219705105326
20.898056
-28.96962
-15.495911
38.93701249945625
20.180862
-28.96962
-15.495911
38.55683330528131
20.898056
-27.544617
-14.79747
37.60850675410335
20.180862
-28.257126
-17.591217
38.92535612694346
18.74649
-28.96962
-16.892776
38.4192093168411
20.180862
-29.682114
-15.495911
39.09499273604294
18.74649
-29.682114
-15.495911
38.37423655592382
20.180862
-28.96962
-17.591217
39.44562119234529
19.463684
-28.96962
-17.591217
39.08356150958402
19.463684
-28.257126
-15.495911
37.6486847302009
18.029297
-29.682114
-15.495911
38.02902558716664
19.463684
-29.682114
-17.591217
39.61456604297764
19.463684
-30.394623
-15.495911
39.278383136732316
19.463684
-28.96962
-16.892776
38.77421433460161
18.74649
-29.682114
-17.591217
39.267157625282096
20.180862
-28.96962
-15.495911
38.55683330528131
18.74649
-28.96962
-18.289658
39.05357085446061
18.74649
-28.96962
-16.892776
38.4192093168411
20.180862
-29.682114
-16.892776
39.66939793861888
17.312119
-28.257126
-17.591217
37.518335361277025
18.029297
-30.394623
-15.495911
38.58771777250664
18.74649
-28.257126
-17.591217
38.20139950090998
18.74649
-30.394623
-16.892776
39.504808350535
18.74649
-28.257126
-18.289658
38.52801049591631
18.029297
-29.682114
-16.892776
38.61928874138705
18.74649
-28.96962
-16.892776
38.4192093168411
18.74649
-30.394623
-15.495911
38.92797460735981
18.74649
-29.682114
-16.194336
38.66154849500017
20.180862
-30.394623
-15.495911
39.63866335804602
19.463684
-29.682114
-16.194336
39.014348447278024
18.74649
-29.682114
-17.591217
39.267157625282096
20.180862
-29.682114
-17.591217
39.97181624282289
20.180862
-29.682114
-18.289658
40.28407579547174
19.463684
-28.257126
-18.289658
38.882023707339684
20.180862
-28.257126
-18.988098
39.57625896212905
18.74649
-28.257126
-18.289658
38.52801049591631
19.463684
-29.682114
-20.384964
40.93176844418953
20.154495
-28.238083
-18.97052
39.54078442333308
19.437317
-28.950577
-19.668945
40.0351423385794
18.720123
-28.238083
-18.97052
38.82928035252923
18.720123
-28.950577
-18.97052
39.350471340589586
18.720123
-28.950577
-19.668945
39.69189351911562
18.720123
-28.238083
-18.97052
38.82928035252923
19.437317
-26.81308
-18.97052
38.16583686381873
20.154495
-28.238083
-21.065826
40.587708244576646
20.871689
-28.950577
-20.367386
41.09250235748609
20.154495
-28.238083
-19.668945
39.8805773430971
21.588867
-28.238083
-20.367386
40.967047125651035
20.871689
-28.238083
-19.668945
40.24778447658253
20.871689
-28.238083
-19.668945
40.24778447658253
20.871689
-28.238083
-18.97052
39.91111798568398
20.154495
-28.238083
-18.97052
39.54078442333308
20.871689
-28.950577
-20.367386
41.09250235748609
20.871689
-28.950577
-20.367386
41.09250235748609
20.154495
-27.525574
-18.97052
39.03513103703028
20.154495
-29.66307
-19.668945
40.9019421552365
20.154495
-28.238083
-21.764267
40.95456466851406
20.871689
-28.950577
-20.367386
41.09250235748609
20.871689
-28.950577
-21.065826
41.44312184950372
20.154495
-31.088074
-18.97052
41.62394277702062
19.437317
-31.088074
-17.573639
40.65845977853195
18.720123
-30.37558
-17.573639
39.773755922168704
19.437317
-30.37558
-18.97052
40.74758548253197
19.437317
-29.66307
-20.367386
40.896668269994045
20.154495
-29.66307
-17.573639
39.93662735011011
18.00293
-32.513077
-17.573639
41.110077257874835
19.437317
-31.088074
-18.27208
40.96518624850862
19.437317
-31.800583
-18.97052
41.82065328298477
20.154495
-31.800583
-18.97052
42.15876336095498
18.720123
-31.800583
-18.97052
41.4921764674717
18.00293
-31.800583
-21.065826
42.17999065111472
18.720123
-30.37558
-18.97052
40.410388660822726
18.720123
-31.800583
-20.367386
42.14914633903485
18.00293
-31.800583
-18.97052
41.17357385014993
18.00293
-31.088074
-18.97052
40.625784247237924
18.720123
-32.513077
-19.668945
42.36048446997803
18.00293
-33.22557
-18.97052
42.283858416861484
16.568558
-33.93808
-18.97052
42.263351949043866
16.517776
-33.165024
-18.236435
41.29555959407137
16.517776
-31.027527
-20.331741
40.606946108586214
18.669342
-31.027527
-20.331741
41.52868102475986
17.23497
-32.45253
-18.236435
41.021684076267825
17.952148
-32.45253
-20.331741
42.29451704269715
16.517776
-33.165024
-19.6333
41.931159869108676
16.517776
-33.877533
-21.030182
43.16008253710105
17.23497
-33.877533
-21.030182
43.439613257946945
17.952148
-33.165024
-21.728622
43.52391920506183
15.083405
-31.740036
-20.331741
40.59949018787828
15.800598
-33.165024
-20.331741
41.98758768411505
16.517776
-33.165024
-18.934875
41.60871637434052
16.517776
-33.877533
-18.236435
41.8699390598434
16.517776
-32.45253
-18.236435
40.72556063533687
18.669342
-33.877533
-18.934875
43.0669375321538
16.517776
-33.877533
-18.236435
41.8699390598434
17.952148
-32.45253
-18.934875
41.64103687648085
17.952148
-33.165024
-16.839554
41.30095692558164
17.952148
-32.45253
-18.934875
41.64103687648085
16.517776
-34.590027
-17.537994
42.15315152623526
16.517776
-32.45253
-19.6333
41.36991920277039
16.517776
-32.45253
-20.331741
41.705914458038805
17.952148
-33.877533
-20.331741
43.397542323125855
17.952148
-32.45253
-19.6333
41.96323202277054
17.952148
-33.165024
-19.6333
42.51664425918984
18.669342
-33.877533
-18.236435
42.76446038786909
17.952148
-33.165024
-18.934875
42.19867328890507
16.517776
-33.877533
-18.934875
42.17883012765409
19.386536
-32.45253
-18.934875
42.279239085125305
17.952148
-33.877533
-18.934875
42.760922113080504
17.23497
-32.45253
-18.236435
41.021684076267825
17.952148
-34.590027
-18.934875
43.32757984015132
18.669342
-32.45253
-18.934875
41.95522137453141
17.952148
-33.165024
-18.236435
41.88992854232686
17.952148
-33.877533
-18.236435
42.45626483604187
19.386536
-33.165024
-21.030182
43.79526397322403
18.669342
-31.740036
-18.934875
41.40656692095696
18.669342
-32.45253
-18.236435
41.64467030068944
17.952148
-33.877533
-18.236435
42.45626483604187
18.669342
-32.45253
-18.934875
41.95522137453141
17.952148
-33.165024
-18.934875
42.19867328890507
20.820908
-35.302536
-16.839554
44.30970383015018
17.83252
-34.47528
-15.388489
41.753435370450354
19.266907
-34.47528
-16.086914
42.64443231445197
16.398148
-33.762787
-15.388489
40.56637145671353
18.549713
-34.47528
-15.388489
42.064741825937936
17.83252
-33.762787
-16.086914
41.433240024239595
17.115341
-34.47528
-15.388489
41.45220769103785
17.83252
-35.18779
-16.086914
42.60244288357696
16.398148
-35.18779
-14.690048
41.50755737616871
16.398148
-34.47528
-15.388489
41.16126671920688
17.115341
-35.18779
-16.785355
42.577736523457155
19.984085
-36.612778
-17.483795
45.22767113535833
17.83252
-34.47528
-17.483795
42.57025873436685
17.115341
-36.612778
-16.785355
43.76275344247877
17.83252
-35.18779
-17.483795
43.14930389656144
17.83252
-33.762787
-17.483795
41.995329097598756
14.246582
-34.47528
-17.483795
41.19700519825061
17.83252
-34.47528
-16.785355
42.288201571921924
18.549713
-34.47528
-18.182236
43.165156236142884
17.83252
-34.47528
-16.785355
42.288201571921924
16.398148
-35.18779
-16.785355
42.294538689169876
17.83252
-35.18779
-16.086914
42.60244288357696
17.83252
-35.900284
-16.086914
43.192799398995604
16.398148
-34.47528
-17.483795
41.98961111282468
16.398148
-35.18779
-17.483795
42.576553870095275
17.115341
-35.18779
-16.785355
42.577736523457155
16.398148
-34.47528
-17.483795
41.98961111282468
17.115341
-35.18779
-17.483795
42.8578882352406
17.115341
-35.18779
-17.483795
42.8578882352406
16.398148
-34.47528
-16.785355
41.70362699913297
17.83252
-33.762787
-16.785355
41.70938418979819
17.115341
-35.900284
-18.182236
43.73052579970597
18.549713
-34.47528
-16.785355
42.59559991168028
18.549713
-37.325287
-14.690048
44.193509525491265
17.115341
-36.612778
-14.690048
43.00264997966332
17.115341
-35.18779
-13.293167
41.325824014395046
17.115341
-37.325287
-12.594727
42.95042506974611
17.83252
-34.47528
-15.388489
41.753435370450354
18.549713
-34.47528
-16.086914
42.325238112147694
16.398148
-34.47528
-18.182236
42.28519937209118
18.549713
-33.762787
-15.388489
41.48280511389252
18.549713
-34.47528
-17.483795
42.87563490328015
18.549713
-34.47528
-16.785355
42.59559991168028
19.266907
-35.18779
-16.086914
43.222483795690756
19.266907
-35.18779
-15.388489
42.967427536467234
18.549713
-34.47528
-15.388489
42.064741825937936
19.266907
-35.900284
-16.086914
43.80448337410082
19.266907
-36.612778
-16.086914
44.39029225940059
18.549713
-34.47528
-18.182236
43.165156236142884
19.984085
-33.762787
-16.086914
42.40375274749055
19.984085
-34.47528
-16.086914
42.973218517649165
18.549713
-34.47528
-16.785355
42.59559991168028
21.418457
-34.47528
-15.388489
43.40623172020853
19.984085
-33.050278
-16.785355
42.112143345922206
19.266907
-33.762787
-14.690048
41.556430184129596
19.266907
-35.900284
-13.991608
43.079102614043045
19.266907
-33.762787
-16.785355
42.34250315276823
18.549713
-33.762787
-16.086914
41.746932779359675
17.83252
-33.762787
-14.690048
40.91114818601939
19.266907
-34.47528
-16.086914
42.64443231445197
19.266907
-33.050278
-16.086914
41.50088242661233
19.266907
-33.762787
-15.388489
41.80843152151325
19.266907
-34.47528
-13.991608
41.89897284876146
18.549713
-33.050278
-14.690048
40.647387160896486
20.701279
-37.325287
-12.594727
44.501091761537154
19.984085
-34.47528
-11.896301
41.586424035525106
19.984085
-35.900284
-11.896301
42.775179045596204
19.266907
-35.18779
-11.197861
41.65076682311053
19.984085
-34.47528
-11.197861
41.3920376552061
19.266907
-35.18779
-11.197861
41.65076682311053
19.984085
-35.900284
-11.896301
42.775179045596204
18.549713
-34.47528
-9.80098
40.35710801076048
19.984085
-35.900284
-11.896301
42.775179045596204
19.984085
-36.612778
-12.594727
43.57162296868226
19.984085
-34.47528
-13.293167
42.007343921740336
19.984085
-35.18779
-13.293167
42.59404232291472
17.83252
-35.18779
-13.293167
41.62796623956289
19.984085
-36.612778
-12.594727
43.57162296868226
19.266907
-34.47528
-11.896301
41.246584849157514
19.266907
-33.762787
-13.293167
41.08342313208577
19.266907
-34.47528
-13.991608
41.89897284876146
19.984085
-35.18779
-13.293167
42.59404232291472
19.984085
-34.47528
-13.293167
42.007343921740336
19.984085
-34.47528
-12.594727
41.791576766997856
19.266907
-33.050278
-11.896301
40.063155098973105
19.266907
-33.762787
-12.594727
40.86277770248249
18.549713
-34.47528
-13.293167
41.34422831355968
19.266907
-35.18779
-11.197861
41.65076682311053
19.266907
-34.47528
-14.690048
42.13735011143988
19.266907
-36.612778
-13.293167
43.455925723297504
20.701279
-34.47528
-13.293167
42.353232044891655
19.266907
-34.47528
-13.293167
41.67093760662969
19.984085
-34.47528
-13.991608
42.233562815905074
18.549713
-34.47528
-15.388489
42.064741825937936
17.83252
-33.762787
-13.991608
40.665583695130024
18.549713
-33.762787
-13.293167
40.752004000762035
17.115341
-35.18779
-14.690048
41.796087901467374
20.701279
-33.762787
-11.896301
41.35203408124261
16.398148
-35.900284
-11.197861
41.02586479321612
18.549713
-34.47528
-11.197861
40.718902892076734
17.83252
-33.050278
-11.896301
39.393420170561164
16.398148
-35.18779
-13.991608
41.26554217144281
19.984085
-34.47528
-13.293167
42.007343921740336
17.83252
-33.762787
-14.690048
40.91114818601939
17.83252
-34.47528
-13.293167
41.02745513915423
20.701279
-33.762787
-13.293167
41.7753157014178
19.266907
-33.762787
-13.293167
41.08342313208577
19.984085
-35.18779
-13.293167
42.59404232291472
19.984085
-33.050278
-13.293167
40.845963083214386
19.266907
-31.62529
-12.594727
39.11521131042724
20.701279
-33.050278
-14.690048
41.67326786901661
19.984085
-34.47528
-13.293167
42.007343921740336
19.984085
-35.900284
-13.293167
43.184513678860476
19.984085
-35.18779
-14.690048
43.05045498952
19.984085
-33.050278
-13.293167
40.845963083214386
20.701279
-33.050278
-11.197861
40.574078663291914
20.701279
-33.050278
-13.293167
41.201602171327934
19.984085
-33.050278
-13.293167
40.845963083214386
22.13565
-33.050278
-13.293167
41.94062604779821
19.266907
-33.762787
-11.896301
40.65293810972492
20.701279
-32.337784
-13.293167
40.632296520228984
20.701279
-32.337784
-13.991608
40.8661278478086
21.418457
-33.762787
-12.594727
41.920200651431166
21.418457
-32.337784
-11.896301
40.57098271760095
20.701279
-32.337784
-12.594727
40.40918637822345
19.266907
-32.337784
-13.293167
39.92059990625141
22.852844
-33.050278
-11.197861
41.712891676689715
22.13565
-33.762787
-11.896301
42.088416630388046
19.984085
-33.762787
-11.197861
40.8005088026447
19.266907
-33.050278
-9.80098
39.49169061878318
22.13565
-33.762787
-9.80098
41.54481972398529
19.984085
-33.762787
-9.102539
40.27586907669172
21.418457
-33.050278
-7.705673
40.13039354813412
22.13565
-31.62529
-9.80098
39.82719171866518
21.418457
-33.762787
-11.197861
41.521899224799135
18.549713
-34.47528
-11.896301
40.916487331476475
22.852844
-32.337784
-11.197861
41.150661636539944
20.701279
-33.762787
-13.293167
41.7753157014178
20.701279
-32.337784
-11.896301
40.196980498675984
20.701279
-32.337784
-11.896301
40.196980498675984
21.418457
-31.62529
-12.594727
40.21860734726061
19.984085
-32.337784
-12.594727
40.04651226425655
22.13565
-31.62529
-12.594727
40.60508826932131
21.418457
-33.762787
-12.594727
41.920200651431166
19.266907
-32.337784
-13.991608
40.158575443367326
21.418457
-33.050278
-11.896301
41.14113534624592
22.13565
-30.91278
-13.293167
40.27772694785466
20.701279
-33.050278
-12.594727
40.98159302414774
22.852844
-32.337784
-13.293167
41.76952376116317
21.418457
-32.337784
-11.896301
40.57098271760095
21.418457
-32.337784
-12.594727
40.78124401340952
19.984085
-30.91278
-13.293167
39.13657975602876
22.13565
-31.62529
-14.690048
41.30306866862694
22.852844
-30.200287
-12.594727
39.911614997626316
20.701279
-32.337784
-13.293167
40.632296520228984
22.852844
-31.62529
-13.293167
41.22037880595289
21.418457
-31.62529
-14.690048
40.92318004553242
20.701279
-30.91278
-16.086914
40.53309465973839
20.701279
-32.337784
-15.388489
41.36521256499083
19.984085
-32.337784
-16.785355
41.55531393469357
19.984085
-32.337784
-15.388489
41.01099229789268
19.266907
-31.62529
-14.690048
39.839302754256536
17.83252
-30.91278
-12.594727
37.844759611842235
17.83252
-33.762787
-14.690048
40.91114818601939
19.984085
-33.050278
-15.388489
41.57511263044726
19.266907
-28.775284
-15.388489
37.89506900485619
19.984085
-31.62529
-14.690048
40.19104462886446
21.418457
-30.91278
-16.086914
40.90402376486023
21.418457
-30.200287
-16.086914
40.36826024919671
20.701279
-30.200287
-16.086914
39.99236224688331
21.418457
-30.91278
-16.785355
41.18371657272068
20.701279
-30.91278
-16.785355
40.81532939082141
21.418457
-31.62529
-16.086914
41.44512031647242
21.418457
-29.487778
-17.483795
40.422300804676496
22.852844
-29.487778
-16.086914
40.627211478269096
21.418457
-30.91278
-14.690048
40.37508919059421
20.701279
-31.62529
-17.483795
41.645948299511986
20.701279
-30.200287
-17.483795
40.574417126994106
21.418457
-30.200287
-16.086914
40.36826024919671
21.418457
-30.200287
-17.483795
40.94497188491219
18.549713
-30.200287
-14.690048
38.36595698367809
22.13565
-30.200287
-16.086914
40.75332047677603
21.418457
-30.91278
-16.785355
41.18371657272068
20.701279
-30.91278
-15.388489
40.2610045369974
22.852844
-28.775284
-16.785355
40.398238825415554
19.984085
-30.200287
-16.785355
39.91452201120305
20.701279
-30.200287
-17.483795
40.574417126994106
22.852844
-31.62529
-16.086914
42.20426750119589
21.418457
-30.200287
-16.785355
40.65163940276963
19.266907
-30.91278
-16.785355
40.10688082671648
20.701279
-32.337784
-16.086914
41.630086318839915
22.852844
-30.91278
-15.388489
41.4084300723257
19.266907
-31.62529
-16.086914
40.375256989313705
20.701279
-32.337784
-13.991608
40.8661278478086
21.418457
-31.62529
-14.690048
40.92318004553242
21.418457
-31.62529
-13.293167
40.44276735883222
20.701279
-31.62529
-14.690048
40.55242766652124
21.418457
-33.050278
-13.991608
41.795169357721534
21.418457
-32.337784
-13.293167
41.002328201807636
21.418457
-33.050278
-14.690048
42.03413529827202
20.701279
-31.62529
-14.690048
40.55242766652124
20.701279
-33.050278
-15.388489
41.92456692111962
19.984085
-33.050278
-15.388489
41.57511263044726
19.984085
-32.337784
-14.690048
40.75406032062557
18.549713
-33.050278
-16.086914
41.172823755671956
20.701279
-32.337784
-16.785355
41.90493333129167
19.984085
-32.337784
-17.483795
41.842311751794675
21.418457
-30.200287
-18.182236
41.24804682875906
19.266907
-32.337784
-16.785355
41.215218231463815
20.701279
-33.050278
-16.785355
42.457177702675466
19.266907
-32.337784
-16.785355
41.215218231463815
19.984085
-32.337784
-17.483795
41.842311751794675
20.701279
-31.62529
-18.182236
41.94395849579382
19.984085
-33.050278
-16.785355
42.112143345922206
19.266907
-33.050278
-18.880676
42.66162683603234
18.549713
-33.050278
-18.182236
42.035774617059815
19.266907
-32.337784
-17.483795
41.50456782560957
19.984085
-31.62529
-18.182236
41.59466565483488
19.266907
-31.62529
-18.880676
41.567445664395834
19.984085
-33.050278
-18.182236
42.68814913031338
19.266907
-32.337784
-19.579102
42.4297917912086
18.549713
-33.762787
-18.182236
42.598254989201145
19.266907
-33.050278
-18.182236
42.35715020900397
19.266907
-32.337784
-19.579102
42.4297917912086
18.549713
-31.62529
-18.182236
40.92486386564865
16.398148
-33.762787
-17.483795
41.40661851251107
17.83252
-33.050278
-16.785355
41.134751111723496
19.266907
-35.18779
-17.483795
43.76159723522583
19.984085
-33.050278
-16.086914
41.8386575621346
19.266907
-33.050278
-16.785355
41.77657947670486
20.701279
-35.18779
-18.880676
44.98003436204709
19.984085
-33.762787
-18.880676
43.54043418685311
19.266907
-35.18779
-18.182236
44.04529528916085
20.701279
-33.762787
-17.483795
43.291475551992335
19.984085
-33.050278
-18.182236
42.68814913031338
21.418457
-33.050278
-17.483795
43.09007020637846
20.701279
-31.62529
-18.182236
41.94395849579382
19.984085
-33.762787
-18.182236
43.242144450068906
20.701279
-33.050278
-18.182236
43.02856631972822
20.701279
-30.91278
-16.785355
40.81532939082141
20.701279
-32.337784
-18.182236
42.48374861619882
22.13565
-33.050278
-17.483795
43.45101801795759
21.418457
-33.050278
-17.483795
43.09007020637846
21.418457
-31.62529
-17.483795
42.00705042199761
19.984085
-31.62529
-18.182236
41.59466565483488
20.701279
-32.337784
-19.579102
43.10007488483199
19.266907
-32.337784
-20.277542
42.75657558621101
20.701279
-32.337784
-18.880676
42.78732579892599
20.701279
-32.337784
-17.483795
42.18955290144039
21.418457
-31.62529
-18.182236
42.302516824504664
20.701279
-31.62529
-18.880676
42.251412813841206
21.418457
-31.62529
-20.975983
43.57638122855732
19.984085
-31.62529
-20.277542
42.552335939937684
19.984085
-31.62529
-18.880676
41.90468426651802
21.418457
-33.762787
-20.277542
44.83140346150369
19.984085
-32.337784
-18.880676
42.44497529430751
20.701279
-32.337784
-18.182236
42.48374861619882
20.701279
-33.050278
-18.182236
43.02856631972822
19.984085
-33.050278
-16.086914
41.8386575621346
21.37207
-33.72226
-15.369934
42.780732112004145
21.37207
-33.00975
-16.7668
42.749674477927314
19.937698
-33.00975
-16.7668
42.050934923372246
20.654892
-34.434753
-16.06836
43.25007338324699
19.937698
-35.859756
-16.7668
44.32335242637339
19.937698
-34.434753
-16.7668
43.17857858287486
19.937698
-33.72226
-16.7668
42.612536266576676
18.503326
-32.297256
-19.560547
42.04879106559575
19.22052
-32.297256
-17.46524
41.44364614345681
19.22052
-33.00975
-18.862122
42.60107609638884
19.22052
-34.434753
-14.671494
42.07651634271856
19.22052
-33.72226
-16.06836
42.00965697666282
19.22052
-32.297256
-20.258987
42.69622668852015
19.870804
-33.664154
-18.116806
43.08529648775206
18.436432
-32.951645
-19.513672
42.50289799402654
18.436432
-32.23915
-18.815247
41.632659299070724
19.870804
-31.526657
-17.418365
41.13609539961909
17.719238
-32.23915
-18.116806
41.006743085931916
19.153625
-34.376648
-18.815247
43.61913183580543
18.436432
-32.951645
-18.116806
41.879965598776316
20.587997
-33.664154
-17.418365
43.13398060929602
20.587997
-33.664154
-17.418365
43.13398060929602
18.436432
-33.664154
-16.719925
41.865656023725165
21.305176
-33.664154
-17.418365
43.480860215480156
18.436432
-32.951645
-16.719925
41.29490039736293
19.153625
-32.23915
-17.418365
41.3475955434722
19.870804
-34.376648
-17.418365
43.35899211542659
18.436432
-35.089157
-16.719925
43.019841783871954
21.305176
-32.951645
-19.513672
43.82356538225182
19.870804
-32.23915
-19.513672
42.602759502026395
19.870804
-33.664154
-18.116806
43.08529648775206
21.305176
-33.664154
-15.323059
42.684680315000016
19.08429
-35.74501
-15.999512
43.564897205831755
18.367096
-34.320007
-15.999512
42.08559741485946
17.649902
-32.895004
-17.396393
41.18537195754398
20.518661
-32.18251
-16.697952
41.659946560946736
19.08429
-32.895004
-18.793274
42.42026067370402
21.23584
-32.18251
-18.793274
42.893613283878
20.518661
-32.18251
-17.396393
41.944773377285934
21.23584
-33.607513
-17.396393
43.394244143718964
21.23584
-32.18251
-16.697952
42.01781267547432
21.23584
-31.470016
-16.697952
41.47462514899924
22.670227
-33.607513
-16.697952
43.84319593823111
22.670227
-31.470016
-15.999512
41.95575672611492
21.23584
-32.895004
-15.301086
42.03766795796063
21.953033
-34.320007
-16.697952
44.02976537818266
22.670227
-32.895004
-16.697952
43.29944760716859
22.670227
-32.18251
-15.301086
42.234778195911154
21.953033
-32.895004
-15.999512
42.66147375294761
23.387405
-32.18251
-16.697952
43.14517757126803
21.23584
-33.607513
-15.999512
42.85335784183443
22.670227
-33.607513
-17.396393
44.11392859731564
22.670227
-31.470016
-16.697952
42.22703876350288
23.387405
-33.607513
-17.396393
44.486741737619845
21.953033
-32.18251
-18.094833
42.95430865275261
24.104599
-32.895004
-18.793274
44.903231185499756
22.670227
-30.757507
-20.88858
43.5464825511559
21.13086
-31.409958
-18.03038
41.93081488958553
21.13086
-31.409958
-18.03038
41.93081488958553
21.848053
-31.409958
-17.33194
42.003797087008245
21.13086
-31.409958
-18.72882
42.23585481129304
22.565247
-32.834946
-18.03038
43.73120829683948
19.696487
-32.834946
-16.6335
41.74635966071622
21.093262
-34.226257
-17.315826
43.774423986073195
19.65889
-32.08876
-14.522079
40.33672358448626
20.376083
-33.513763
-14.522079
41.8240113428242
18.941711
-34.226257
-14.522079
41.72668025048917
19.65889
-34.226257
-14.522079
42.05709591027714
21.093262
-33.513763
-15.918945
42.679161944183164
20.376083
-34.226257
-14.522079
42.39707781240648
20.376083
-32.801254
-16.617386
42.03860878890083
20.376083
-34.226257
-14.522079
42.39707781240648
19.65889
-34.226257
-15.22052
42.30334211272497
19.65889
-33.513763
-17.315826
42.538008624456964
19.65889
-33.513763
-15.22052
41.72898838552988
19.65889
-34.226257
-16.617386
42.82576493862223
18.941711
-34.226257
-17.315826
42.77923548032678
18.224518
-34.226257
-15.918945
41.91637560602434
20.376083
-34.938766
-15.22052
43.215349197362734
18.941711
-33.513763
-15.918945
41.65781628009997
18.224518
-33.513763
-15.918945
41.33664550636336
18.941711
-34.226257
-16.617386
42.50132408323445
21.810455
-34.226257
-16.617386
43.8551025484065
18.941711
-35.65126
-15.918945
43.39600929863108
19.65889
-34.226257
-15.22052
42.30334211272497
18.224518
-34.226257
-15.918945
41.91637560602434
18.941711
-33.513763
-15.918945
41.65781628009997
18.941711
-33.513763
-15.918945
41.65781628009997
18.941711
-34.938766
-17.315826
43.351398478019135
20.376083
-33.513763
-15.22052
42.07162181690513
19.65889
-32.801254
-15.918945
41.422300839474595
20.376083
-33.513763
-17.315826
42.87417717413799
19.65889
-32.801254
-15.918945
41.422300839474595
19.65889
-33.513763
-16.617386
42.258510838424606
18.941711
-34.938766
-15.22052
42.5578435067534
18.224518
-34.226257
-13.823639
41.166281344403245
17.507324
-34.938766
-13.125198
41.224928756476494
17.507324
-34.938766
-12.426758
41.00790403519028
18.208893
-33.493256
-15.219055
41.04852846879076
19.643265
-33.493256
-13.822174
41.21539149509258
19.643265
-35.630753
-15.219055
43.43993641997966
18.208893
-34.91826
-15.91748
42.47605023716306
18.208893
-33.493256
-13.822174
40.55138161371632
18.208893
-34.91826
-14.520615
41.97257318075772
19.643265
-32.780746
-15.219055
41.134595313927974
18.208893
-33.493256
-14.520615
40.794734061499135
21.79483
-34.20575
-13.822174
42.849742868157186
19.574905
-34.150574
-14.507431
41.951211839524824
19.574905
-34.863083
-14.507431
42.53324613014139
20.292099
-34.150574
-15.904297
42.789924761943816
18.857727
-33.43808
-13.8089905
40.79714878067844
20.292099
-35.575577
-14.507431
43.449471428117654
20.292099
-33.43808
-13.8089905
41.479666634878164
19.574905
-33.43808
-14.507431
41.3732725399389
18.857727
-32.013077
-15.205872
40.14560291730279
21.009277
-33.43808
-11.713684
41.19108304312506
19.574905
-34.150574
-13.8089905
41.71482747243104
21.009277
-32.013077
-13.8089905
40.70522127519392
19.574905
-33.43808
-14.507431
41.3732725399389
19.574905
-33.43808
-13.8089905
41.13356703367777
18.857727
-34.863083
-15.205872
42.4531149360496
18.857727
-34.150574
-13.11055
41.15534090444322
21.009277
-33.43808
-14.507431
42.07089934015034
19.574905
-33.43808
-15.904297
41.88351417641105
19.574905
-32.72557
-15.205872
41.05311679321681
19.574905
-33.43808
-14.507431
41.3732725399389
18.857727
-33.43808
-11.713684
40.13638552933454
19.574905
-33.43808
-11.713684
40.47829580949061
18.857727
-34.150574
-11.015244
40.53654131324755
18.140533
-33.43808
-10.316803
39.41599428491878
18.857727
-34.150574
-9.618362
40.17945432437688
18.140533
-35.575577
-9.618362
41.075705995720575
19.574905
-35.575577
-11.713684
42.26120009184695
18.857727
-35.575577
-11.015244
41.74411535764278
18.857727
-36.28807
-11.015244
42.35296399982311
17.42334
-33.43808
-11.713684
39.48276114628225
18.140533
-34.150574
-11.015244
40.207913021335116
17.42334
-34.863083
-13.11055
41.120479068562965
16.706161
-34.863083
-13.11055
40.821769561316025
18.857727
-35.575577
-12.412109
42.13426183651272
17.42334
-34.150574
-13.8089905
40.74951171582458
18.857727
-32.013077
-13.11055
39.39971322666892
16.706161
-35.575577
-13.8089905
41.65820161407295
19.574905
-34.863083
-13.11055
42.07728514061581
17.42334
-34.150574
-11.713684
40.08796480086012
17.42334
-34.150574
-12.412109
40.29757930026241
18.857727
-35.575577
-12.412109
42.13426183651272
16.706161
-34.150574
-11.713684
39.78150161939278
16.706161
-35.575577
-11.713684
41.01131524976522
17.42334
-34.150574
-13.11055
40.51815577325336
17.42334
-33.43808
-13.8089905
40.1542801073248
18.857727
-34.863083
-12.412109
41.534430135957685
19.574905
-34.150574
-12.412109
41.27346633658845
18.857727
-34.150574
-13.8089905
41.3831347625266
18.857727
-32.72557
-12.412109
39.75722989723457
18.140533
-34.150574
-11.713684
40.40483913333433
19.574905
-32.72557
-12.412109
40.10237296448693
18.140533
-33.43808
-13.8089905
40.470636720015136
20.292099
-33.43808
-11.015244
40.63508438539057
18.140533
-34.150574
-11.015244
40.207913021335116
19.574905
-34.150574
-9.618362
40.521001197970634
18.857727
-34.150574
-8.919922
40.01800437088443
18.857727
-33.43808
-9.618362
39.57564978195636
20.292099
-32.72557
-9.618362
39.68935926993295
20.292099
-33.43808
-10.316803
40.45134006539138
19.574905
-32.013077
-8.919922
38.56914385129485
20.292099
-34.150574
-9.618362
40.872288231912094
21.009277
-34.150574
-10.316803
41.40154454395391
20.292099
-32.013077
-11.713684
39.67135806083055
21.72647
-32.72557
-11.713684
40.990399981276106
19.574905
-32.013077
-9.618362
38.73663453978352
18.857727
-32.72557
-10.316803
39.15371381700671
21.009277
-31.300583
-10.316803
39.0839175659847
20.292099
-31.300583
-10.316803
38.70312973102514
21.009277
-32.72557
-8.919922
39.89884365002794
20.292099
-31.300583
-8.221497
38.19802177060351
19.574905
-32.013077
-9.618362
38.73663453978352
20.292099
-32.72557
-9.618362
39.68935926993295
20.292099
-32.013077
-9.618362
39.10395456594272
19.574905
-32.013077
-11.015244
39.10689820613094
20.292099
-31.300583
-8.919922
38.354410320269885
21.72647
-32.013077
-8.919922
39.70442859922083
19.574905
-32.013077
-9.618362
38.73663453978352
21.72647
-32.013077
-10.316803
40.04139093839336
21.009277
-29.87558
-12.412109
38.57460937302217
19.574905
-32.013077
-9.618362
38.73663453978352
19.574905
-30.588074
-8.221497
37.234394670578105
20.292099
-31.300583
-8.221497
38.19802177060351
21.72647
-31.300583
-8.919922
39.13222527134766
20.292099
-32.013077
-7.523056
38.641980238061684
20.292099
-32.013077
-6.126175
38.394483360752005
19.574905
-32.013077
-6.8246155
38.13907751110975
20.292099
-33.43808
-5.4277344
39.48841398267582
20.292099
-32.013077
-6.126175
38.394483360752005
19.574905
-31.300583
-4.0308685
37.13692727175338
20.292099
-33.43808
-7.523056
39.83052629824658
18.857727
-32.013077
-6.8246155
37.776000914829346
21.72647
-32.72557
-6.126175
39.75591267690175
19.574905
-32.013077
-7.523056
38.270226410255106
19.574905
-33.43808
-7.523056
39.46996855799039
18.857727
-32.72557
-6.8246155
38.38166517596243
21.009277
-32.013077
-8.919922
39.31655819177049
20.292099
-32.72557
-7.523056
39.23427854926416
18.857727
-32.72557
-8.221497
38.65449420022205
18.857727
-30.588074
-8.221497
36.86240846991858
20.292099
-32.72557
-8.919922
39.5259074947211
19.574905
-32.013077
-8.919922
38.56914385129485
20.292099
-31.300583
-8.221497
38.19802177060351
19.574905
-31.300583
-6.8246155
37.543025447686354
19.574905
-30.588074
-7.523056
37.086432052474564
18.857727
-32.72557
-9.618362
38.97550312375711
20.292099
-30.588074
-8.919922
37.77518497121324
21.72647
-30.588074
-7.523056
38.265730272415425
19.574905
-32.013077
-8.221497
38.4136295290324
18.857727
-32.013077
-7.523056
37.90840594394517
18.857727
-30.588074
-8.221497
36.86240846991858
21.009277
-32.013077
-7.523056
39.02336633502019
18.857727
-32.013077
-8.221497
38.053172605086424
18.857727
-31.300583
-7.523056
37.30866716337924
19.574905
-33.43808
-8.919922
39.759868812267854
21.009277
-30.588074
-8.221497
38.00806542182034
19.574905
-31.300583
-10.316803
38.331968952168374
21.009277
-30.588074
-9.618362
38.33448785342482
18.140533
-31.300583
-10.316803
37.61969990960936
19.574905
-31.300583
-7.523056
37.676249227588656
19.574905
-32.013077
-7.523056
38.270226410255106
20.292099
-30.588074
-6.8246155
37.3359726472423
18.857727
-31.300583
-6.8246155
37.174126074651205
18.857727
-31.300583
-7.523056
37.30866716337924
21.009277
-29.16307
-8.919922
37.032950910304194
21.009277
-31.300583
-7.523056
38.441026578566586
21.009277
-29.87558
-6.8246155
37.15528738765689
20.292099
-30.588074
-6.126175
37.214641815147
21.72647
-30.588074
-7.523056
38.265730272415425
21.009277
-29.87558
-6.8246155
37.15528738765689
21.72647
-29.87558
-6.8246155
37.565478316305416
21.009277
-29.87558
-7.523056
37.28989644599627
22.443665
-29.87558
-7.523056
38.11646132609161
21.009277
-29.87558
-6.126175
37.0333645888871
19.574905
-28.450577
-6.8246155
35.202095108104004
21.009277
-28.450577
-6.8246155
36.01944461849738
23.160843
-30.588074
-7.523056
39.09796983370348
21.009277
-29.87558
-4.729309
36.828065337244844
21.72647
-29.87558
-6.8246155
37.565478316305416
22.443665
-29.87558
-6.126175
37.865529705046384
21.009277
-29.16307
-5.4277344
36.35016804358509
21.009277
-29.16307
-5.4277344
36.35016804358509
21.009277
-29.16307
-4.0308685
36.16797360169802
21.72647
-29.87558
-3.332428
37.09036190560915
21.72647
-29.87558
-4.729309
37.24186054371898
22.443665
-29.87558
-4.0308685
37.58345693721591
22.443665
-29.87558
-4.0308685
37.58345693721591
20.292099
-31.300583
-3.332428
37.451314424842785
19.574905
-30.588074
-2.6339874
36.41078130330613
22.443665
-32.013077
-4.0308685
39.30398326615176
19.574905
-30.588074
-1.9355469
36.36692820127753
19.574905
-28.450577
-2.6339874
34.6345210567163
20.292099
-30.588074
-4.0308685
36.92759755166182
19.574905
-30.588074
-0.53868103
36.31937898751936
18.857727
-29.16307
0.15975952
34.72929632799231
19.574905
-29.87558
-1.2371216
35.73874214951734
21.009277
-30.588074
0.8582001
37.11814205650065
20.292099
-29.87558
0.15975952
36.11571808469876
20.292099
-29.87558
-1.9355469
36.16719394656918
19.574905
-31.300583
-0.53868103
36.92145180671563
18.857727
-29.16307
-0.53868103
34.73310628024796
20.292099
-29.16307
-0.53868103
35.53229611751558
20.292099
-31.300583
2.255066
37.37085999489191
18.857727
-29.16307
-0.53868103
34.73310628024796
18.857727
-28.450577
-1.2371216
34.15522964223872
18.857727
-30.588074
0.15975952
35.93424068100386
21.009277
-29.16307
-1.2371216
35.96393898374541
18.857727
-30.588074
-0.53868103
35.93792289153357
20.292099
-30.588074
0.8582001
36.716971366496516
18.857727
-30.588074
-0.53868103
35.93792289153357
18.857727
-29.16307
0.15975952
34.72929632799231
18.857727
-29.16307
0.8582001
34.73953023484198
20.292099
-29.87558
-1.2371216
36.13654794880455
19.574905
-29.16307
0.15975952
35.123882669617586
18.140533
-29.87558
-1.2371216
34.97370140604312
20.292099
-29.16307
-0.53868103
35.53229611751558
21.009277
-29.87558
-1.9355469
36.574395434062716
21.009277
-29.16307
-1.2371216
35.96393898374541
21.009277
-29.16307
-1.2371216
35.96393898374541
22.443665
-27.738083
-1.2371216
35.70223945838342
20.292099
-26.31308
-0.53868103
33.23308023747291
21.009277
-29.87558
-0.53868103
36.52711629200114
