16.045609
-32.37587
-14.929016
39.09646960464429
15.32843
-33.088364
-14.230576
39.14473063546916
15.32843
-33.088364
-14.230576
39.14473063546916
15.32843
-33.800873
-14.230576
39.74882534378768
16.045609
-31.663376
-14.929016
38.50852495410107
16.045609
-33.088364
-15.627441
39.956455179944015
17.47998
-31.663376
-14.230576
38.86680354709852
16.045609
-33.088364
-14.929016
39.688498080461706
16.045609
-31.663376
-17.024323
39.36824253770814
15.32843
-30.950867
-14.929016
37.62701795875871
16.045609
-31.663376
-16.325882
39.07128651180429
16.045609
-31.663376
-17.024323
39.36824253770814
16.762802
-32.37587
-15.627441
39.666174450125794
16.045609
-33.088364
-18.421204
41.12957682548837
14.611237
-30.950867
-14.929016
37.34059381275374
16.762802
-32.37587
-14.929016
39.39624302955486
15.32843
-32.37587
-16.325882
39.36612933311929
14.611237
-33.088364
-17.024323
39.976938847896264
15.32843
-32.37587
-15.627441
39.08164062304783
15.32843
-30.238373
-16.325882
37.627840359462404
16.762802
-30.238373
-16.325882
38.23460646895607
15.32843
-30.238373
-17.722763
38.254624031162884
15.32843
-30.950867
-19.119629
39.477552771816576
14.611237
-31.663376
-18.421204
39.438538454533116
15.32843
-30.238373
-17.024323
37.93609707043544
16.762802
-31.663376
-14.929016
38.81283809987602
16.045609
-29.525864
-19.119629
38.662621999080066
16.045609
-31.663376
-17.722763
39.67527339963693
18.914368
-30.238373
-17.024323
39.5213874184164
16.762802
-31.663376
-17.024323
39.665960567398024
18.914368
-30.238373
-17.024323
39.5213874184164
16.762802
-28.81337
-19.119629
38.42866069603031
16.045609
-29.525864
-18.421204
38.32204140467826
17.47998
-28.81337
-19.81807
39.0962385548869
18.197174
-29.525864
-17.722763
38.948814254556424
17.47998
-29.525864
-18.421204
38.94440899779453
17.47998
-30.238373
-14.929016
37.98400220919493
16.762802
-30.238373
-14.929016
37.65934407672368
16.762802
-31.663376
-14.929016
38.81283809987602
17.47998
-30.238373
-16.325882
38.55442075009039
18.197174
-30.238373
-15.627441
38.59680371269022
18.197174
-29.525864
-16.325882
38.33338286908031
20.34874
-29.525864
-17.024323
39.694776645910856
19.631546
-29.525864
-14.929016
38.47141383699314
18.914368
-30.238373
-15.627441
38.940075343705196
19.631546
-30.950867
-15.627441
39.844330571750575
19.631546
-30.238373
-17.024323
39.86959180360313
18.197174
-30.238373
-16.325882
38.88483974145644
18.197174
-30.238373
-19.119629
40.13796854045665
18.197174
-29.525864
-16.325882
38.33338286908031
18.197174
-27.388367
-17.024323
37.02819574693638
19.631546
-27.388367
-17.024323
37.75377833171552
18.914368
-26.675873
-18.421204
37.532601388555356
18.914368
-28.81337
-17.722763
38.756418004292364
20.34874
-28.81337
-17.024323
39.16770364457256
19.631546
-28.100876
-17.722763
38.58954778488843
18.914368
-28.81337
-16.325882
38.1378820449563
20.34874
-28.81337
-16.325882
38.86921555638536
18.914368
-28.100876
-14.929016
37.01740247420799
20.34874
-30.238373
-17.722763
40.52809807279929
20.34874
-26.675873
-17.722763
37.944296716638625
18.914368
-27.388367
-17.024323
37.38587288282751
21.065918
-27.388367
-18.421204
39.156560191808055
19.631546
-27.388367
-19.119629
38.74377942761828
19.631546
-27.388367
-18.421204
38.4039185749848
19.631546
-28.100876
-19.119629
39.25069509486026
18.914368
-27.388367
-18.421204
38.04230112394212
18.197174
-26.675873
-18.421204
37.176335968660055
19.631546
-27.388367
-16.325882
37.44402071759922
17.47998
-28.100876
-14.929016
36.30543310106974
18.197174
-28.100876
-17.024323
37.55827340769524
18.197174
-28.81337
-14.929016
37.20514615467361
18.197174
-29.525864
-14.230576
37.48897298810845
18.197174
-30.238373
-15.627441
38.59680371269022
17.47998
-28.81337
-15.627441
37.148040711603315
16.762802
-29.525864
-15.627441
37.37626395751554
15.32843
-30.238373
-16.325882
37.627840359462404
18.197174
-29.525864
-14.929016
37.75962535090391
15.32843
-29.525864
-15.627441
36.75533084741756
17.47998
-30.238373
-17.024323
38.85532717910522
17.47998
-28.81337
-15.627441
37.148040711603315
16.045609
-31.663376
-16.325882
39.07128651180429
16.045609
-28.81337
-15.627441
36.4950516364248
16.762802
-30.238373
-15.627441
37.94163447919877
16.045609
-30.950867
-16.325882
38.49613160354557
16.762802
-28.100876
-17.722763
37.21218980807902
15.32843
-28.81337
-14.929016
35.88936484237444
17.47998
-30.950867
-17.024323
39.41235052649661
16.045609
-29.525864
-16.325882
37.3600399224601
16.045609
-28.81337
-16.325882
36.799542100794206
16.762802
-28.81337
-17.024323
37.430325898594575
17.47998
-28.81337
-18.421204
38.40703982355074
17.47998
-27.388367
-19.119629
37.69923797565824
16.762802
-29.525864
-19.119629
38.96573326835548
17.47998
-30.238373
-17.722763
39.166379064491494
16.762802
-28.81337
-18.421204
38.08598798073577
16.045609
-28.81337
-17.024323
37.114678897283184
17.47998
-28.81337
-17.722763
38.07697891432811
18.914368
-28.81337
-18.421204
39.08074105347879
16.762802
-29.525864
-18.421204
38.62782529108712
15.32843
-29.525864
-19.119629
38.37053045531004
16.762802
-28.81337
-17.722763
37.753120343928195
16.762802
-28.81337
-16.325882
37.11786909366818
16.762802
-29.525864
-16.325882
37.67363285249629
18.197174
-29.525864
-13.532135
37.22945702938904
17.47998
-31.663376
-14.929016
39.12792645804592
17.47998
-29.525864
-14.929016
37.4192701990106
16.762802
-30.238373
-16.325882
38.23460646895607
17.47998
-29.525864
-17.722763
38.61894104480177
18.914368
-29.525864
-17.722763
39.28900890456674
19.631546
-30.950867
-16.325882
40.12341191366644
21.065918
-29.525864
-15.627441
39.49387901298361
18.914368
-28.81337
-16.325882
38.1378820449563
18.914368
-30.238373
-17.722763
39.8272376936273
18.914368
-30.238373
-17.024323
39.5213874184164
18.914368
-29.525864
-18.421204
39.6089712750628
18.914368
-29.525864
-18.421204
39.6089712750628
18.197174
-28.81337
-17.024323
38.09428994951622
18.914368
-29.525864
-19.119629
39.93857894180294
18.197174
-29.525864
-17.722763
38.948814254556424
18.197174
-29.525864
-17.722763
38.948814254556424
18.914368
-29.525864
-17.722763
39.28900890456674
17.47998
-30.238373
-18.421204
39.48733510619655
18.914368
-28.81337
-17.722763
38.756418004292364
20.34874
-28.81337
-17.024323
39.16770364457256
18.914368
-31.663376
-17.722763
40.91966602237624
19.631546
-30.238373
-17.024323
39.86959180360313
19.631546
-29.525864
-18.421204
39.956412408750175
17.47998
-28.81337
-19.81807
39.0962385548869
17.47998
-28.81337
-17.722763
38.07697891432811
18.914368
-31.663376
-19.119629
41.543747237945595
17.47998
-30.238373
-18.421204
39.48733510619655
16.762802
-30.950867
-18.421204
39.7276786654901
18.197174
-30.950867
-18.421204
40.35385929450785
19.631546
-30.238373
-17.722763
40.172791157872794
18.197174
-31.663376
-17.024323
40.293101861450026
16.045609
-30.950867
-17.024323
38.79749011544191
15.32843
-32.37587
-17.722763
39.9656606140861
16.045609
-32.37587
-17.722763
40.24617697051718
16.045609
-30.950867
-19.119629
39.76151286449545
16.045609
-31.663376
-19.119629
40.318620841038666
16.762802
-30.950867
-19.119629
40.05630954756457
16.762802
-30.238373
-17.722763
38.85160256005375
15.32843
-33.088364
-18.421204
40.85512645215867
16.762802
-32.37587
-19.119629
41.16732511624434
16.045609
-32.37587
-18.421204
40.5585890473006
15.32843
-32.37587
-17.722763
39.9656606140861
16.045609
-33.088364
-19.119629
41.447093652819916
16.762802
-31.663376
-19.119629
40.60937199403606
17.47998
-30.238373
-21.21495
40.86542587844353
14.611237
-32.37587
-19.81807
40.674820713053705
15.32843
-30.238373
-19.81807
39.26927304730841
16.045609
-33.088364
-20.51651
42.109719966119464
14.611237
-33.088364
-19.81807
41.24419940276451
17.47998
-31.663376
-18.421204
40.58891275788485
16.762802
-31.663376
-17.722763
39.970704604278616
14.611237
-33.800873
-17.722763
40.86665655719908
16.034378
-34.49823
-18.411926
42.26379386051819
15.3172
-31.64824
-21.205673
41.05981250718274
15.3172
-32.360733
-19.808792
40.91725704184147
15.3172
-33.073227
-17.713486
40.52434495682426
15.3172
-33.785736
-19.110352
41.728864059582605
13.165634
-34.49823
-18.411926
41.26088871437454
15.3172
-33.785736
-18.411926
41.41366384098822
16.751572
-33.073227
-19.110352
41.709220295004165
15.3172
-34.49823
-18.411926
41.99694667798407
15.3172
-33.073227
-19.110352
41.15410699384616
15.3172
-34.49823
-17.015045
41.403577449127965
16.034378
-33.073227
-16.316605
40.21406799427829
14.600006
-34.49823
-17.015045
41.143648412452436
13.8828125
-34.49823
-17.713486
41.19014359877251
16.751572
-35.923233
-17.015045
43.134736219779995
16.751572
-33.785736
-18.411926
41.96534389100874
17.46875
-34.49823
-17.713486
42.5329605644258
15.3172
-35.21074
-17.015045
41.99910044842107
17.46875
-34.49823
-18.411926
42.82854398281011
18.185944
-33.073227
-16.316605
41.11931981336829
17.46875
-35.21074
-18.411926
43.40452041640508
17.46875
-34.49823
-17.713486
42.5329605644258
17.46875
-33.785736
-16.316605
41.38677018195247
16.751572
-34.49823
-19.110352
42.84797087842594
18.185944
-33.785736
-18.411926
42.55823646735068
18.185944
-33.073227
-18.411926
41.99483203882056
17.46875
-34.49823
-18.411926
42.82854398281011
16.751572
-32.360733
-17.713486
40.51665992459537
17.46875
-33.785736
-17.713486
41.95712998807161
17.46875
-32.360733
-17.713486
40.81840082246149
18.185944
-33.073227
-17.015045
41.401432502767946
17.46875
-34.49823
-18.411926
42.82854398281011
16.751572
-33.073227
-17.015045
40.79172967601322
18.185944
-33.073227
-18.411926
41.99483203882056
16.751572
-34.49823
-17.713486
42.243468372248834
17.46875
-33.785736
-19.110352
42.56569916161589
16.751572
-33.073227
-17.713486
41.0879674519918
16.034378
-32.360733
-17.015045
39.922801481421615
18.903137
-35.21074
-16.316605
43.166611208689844
15.252747
-35.860245
-15.583984
41.969798537255485
17.404297
-35.860245
-16.282425
43.057916006924614
15.252747
-35.14775
-16.980865
41.9089531193813
15.969925
-34.43524
-14.885559
40.77259097487781
15.969925
-37.99774
-14.885559
43.82290103671181
15.252747
-36.57274
-12.790237
41.638943739511305
13.818359
-35.14775
-12.790237
39.87357033585185
15.969925
-35.860245
-13.488678
41.50831318515078
15.969925
-35.860245
-12.790237
41.28662998392685
15.969925
-35.860245
-13.488678
41.50831318515078
15.969925
-35.860245
-13.488678
41.50831318515078
15.252747
-33.01024
-14.187119
39.03327344134585
15.252747
-35.14775
-14.885559
41.10462813481667
15.969925
-35.14775
-17.679306
42.46128464094527
16.687119
-35.860245
-14.885559
42.261057112218424
14.535553
-36.57274
-16.282425
42.590666157621904
16.687119
-34.43524
-15.583984
41.31714468973504
15.969925
-35.14775
-14.187119
41.13000272335801
15.969925
-35.14775
-14.885559
41.37611226318424
15.969925
-35.14775
-16.980865
42.17526153501451
16.687119
-36.57274
-15.583984
43.1147972532343
15.969925
-35.14775
-16.980865
42.17526153501451
17.404297
-35.860245
-14.885559
42.54934233572976
16.687119
-35.860245
-14.885559
42.261057112218424
19.555862
-34.43524
-16.282425
42.817460935201424
16.687119
-34.43524
-16.282425
41.585613873670304
15.969925
-33.722748
-16.282425
40.710927754988276
16.687119
-34.43524
-16.282425
41.585613873670304
18.12149
-34.43524
-16.282425
42.181651793722764
17.404297
-34.43524
-16.980865
42.15501353357184
18.838684
-34.43524
-16.980865
42.76718062114043
16.687119
-33.01024
-17.679306
40.99626477602487
17.404297
-33.722748
-16.980865
41.57503041847203
18.12149
-34.43524
-17.679306
42.74028752517202
18.12149
-33.722748
-17.679306
42.1683535835265
18.838684
-35.14775
-19.774612
44.51174737411322
19.555862
-34.43524
-14.885559
42.30599821953812
18.12149
-34.43524
-14.187119
41.41797446035281
17.404297
-35.14775
-14.187119
41.70789155271982
19.555862
-35.14775
-14.885559
42.88794675153498
18.838684
-34.43524
-14.885559
41.97930107505364
18.838684
-34.43524
-13.488678
41.50453400260552
18.838684
-33.01024
-15.583984
41.07837016140231
18.12149
-33.722748
-14.187119
40.827521044136084
18.838684
-33.722748
-14.885559
41.396854771358385
18.838684
-34.43524
-14.885559
41.97930107505364
18.838684
-33.722748
-16.282425
41.91941150048358
18.838684
-33.722748
-16.282425
41.91941150048358
20.273056
-33.01024
-16.282425
42.02130458544213
19.555862
-33.722748
-16.282425
42.24657322456758
19.555862
-31.58525
-15.583984
40.28548634627923
19.555862
-33.722748
-16.282425
42.24657322456758
20.273056
-35.14775
-16.282425
43.720458776469854
19.555862
-33.01024
-16.980865
41.95780641944059
18.838684
-32.297745
-14.885559
40.244504186130804
19.555862
-33.01024
-15.583984
41.412175283589605
19.555862
-35.14775
-15.583984
43.135330510861394
18.838684
-33.722748
-14.885559
41.396854771358385
18.12149
-33.722748
-15.583984
41.33367608041066
20.273056
-33.722748
-14.885559
42.06899588817235
20.273056
-34.43524
-15.583984
42.891063294664015
22.424622
-34.43524
-15.583984
43.948949155081486
19.555862
-33.01024
-16.282425
41.680032361506754
20.990234
-33.01024
-15.583984
42.10850822391777
21.707428
-33.01024
-14.187119
41.978120463596866
20.273056
-33.722748
-14.885559
42.06899588817235
20.273056
-33.722748
-13.488678
41.59525260246053
19.555862
-33.01024
-10.694931
39.830757685644144
19.555862
-35.860245
-10.694931
42.22286711975514
19.555862
-35.14775
-11.393372
41.80436702713082
20.990234
-35.14775
-10.694931
42.31236152119142
18.838684
-35.14775
-10.694931
41.287310008929346
18.12149
-35.14775
-10.694931
40.96503874542367
18.12149
-34.43524
-12.091797
40.7478326326421
19.555862
-35.860245
-11.393372
42.4051633174141
19.555862
-33.722748
-11.393372
40.6135996624168
20.273056
-33.01024
-13.488678
41.019717057776006
18.838684
-34.43524
-13.488678
41.50453400260552
19.555862
-34.43524
-13.488678
41.83493885946291
18.838684
-33.722748
-12.790237
40.690416082137816
18.12149
-33.01024
-12.790237
39.77002063132008
18.12149
-33.722748
-13.488678
40.59010520588731
19.555862
-31.58525
-14.885559
40.02049035728448
19.555862
-33.722748
-14.885559
41.72811224537362
20.273056
-33.722748
-16.282425
42.58330530413298
19.555862
-33.722748
-14.885559
41.72811224537362
20.273056
-33.01024
-13.488678
41.019717057776006
18.838684
-33.01024
-15.583984
41.07837016140231
19.555862
-32.297745
-12.091797
39.64577654247991
18.838684
-32.297745
-14.187119
39.991431272152695
21.707428
-32.297745
-13.488678
41.186176655049415
20.273056
-33.722748
-13.488678
41.59525260246053
19.555862
-34.43524
-12.790237
41.61499563051911
20.990234
-32.297745
-14.187119
41.048855586019386
20.990234
-32.297745
-14.187119
41.048855586019386
20.990234
-32.297745
-14.187119
41.048855586019386
19.555862
-32.297745
-13.488678
40.09389614158869
18.838684
-32.297745
-14.885559
40.244504186130804
19.555862
-32.297745
-15.583984
40.84650101915478
17.404297
-32.297745
-14.885559
39.59335382349148
20.273056
-30.872742
-14.187119
39.565100995661254
18.12149
-33.722748
-15.583984
41.33367608041066
20.273056
-33.01024
-13.488678
41.019717057776006
18.12149
-35.14775
-11.393372
41.15290715828136
20.273056
-33.722748
-12.790237
41.37403522761135
18.838684
-33.722748
-12.790237
40.690416082137816
19.555862
-33.722748
-14.187119
41.48409104187185
20.273056
-33.722748
-12.091797
41.16348052468656
21.707428
-32.297745
-12.091797
40.75007039631573
20.990234
-31.58525
-12.790237
40.022596461737244
20.273056
-34.43524
-12.790237
41.956798314512604
21.707428
-31.58525
-13.488678
40.62985247461988
20.990234
-31.58525
-13.488678
40.25124191358495
18.838684
-30.872742
-14.187119
38.84966549134062
20.273056
-30.872742
-16.282425
40.363848111583714
20.990234
-31.58525
-14.187119
40.490644716654145
21.707428
-28.735245
-14.885559
38.968020116460565
21.707428
-31.58525
-14.885559
41.11472106297132
22.424622
-31.58525
-14.187119
41.252466486392514
21.707428
-29.447739
-14.885559
39.49634853820746
21.707428
-29.447739
-15.583984
39.7648376027152
20.990234
-30.160248
-14.885559
39.646062890713054
22.424622
-31.58525
-14.885559
41.49784974192187
23.858994
-31.58525
-14.187119
42.049422477176336
20.213486
-31.56279
-14.871399
40.32310906911817
20.930664
-30.85028
-14.871399
40.13715195173762
21.647858
-29.425278
-16.268265
39.989161739659224
20.213486
-29.425278
-14.871399
38.672866148914736
21.647858
-30.137787
-15.569824
40.240965782998266
20.213486
-30.85028
-16.966705
40.59795373730368
21.647858
-30.85028
-15.569824
40.7773091366962
22.365051
-29.425278
-16.268265
40.38191395426144
20.213486
-30.137787
-14.871399
39.217722845114935
22.365051
-31.56279
-14.172958
41.19803485813219
21.647858
-32.275284
-13.474518
41.13254614704835
20.930664
-30.85028
-13.474518
39.64082670179272
23.08223
-32.987778
-11.379211
41.8386094209792
19.496292
-32.275284
-13.474518
40.04200217866937
20.930664
-30.85028
-12.077637
39.188031109339526
20.930664
-32.987778
-12.776077
41.10370156356435
20.930664
-32.987778
-13.474518
41.3261267829785
20.930664
-32.275284
-14.172958
40.99584642165746
21.647858
-32.275284
-12.077637
40.69635110380367
20.930664
-32.275284
-14.172958
40.99584642165746
20.213486
-31.56279
-14.172958
40.070780881694205
21.647858
-31.56279
-14.172958
40.81313707868001
19.496292
-31.56279
-15.569824
40.23350120410384
20.930664
-30.85028
-16.268265
40.67541043028177
20.213486
-28.712784
-16.268265
38.69968066022154
20.213486
-31.56279
-15.569824
40.58588561714682
20.213486
-30.137787
-14.871399
39.217722845114935
19.496292
-29.425278
-16.268265
38.86655228752288
19.496292
-30.85028
-16.268265
39.956247433716484
20.213486
-30.137787
-16.268265
39.76842450852969
20.213486
-31.56279
-15.569824
40.58588561714682
19.496292
-30.137787
-16.966705
39.702150347147445
20.213486
-29.425278
-15.569824
38.94677702236332
18.06192
-29.425278
-15.569824
37.87478567132014
20.213486
-29.425278
-16.268265
39.231216893008174
20.930664
-30.85028
-16.966705
40.959756592980995
20.213486
-29.425278
-17.665146
39.830759218006534
20.213486
-30.137787
-16.268265
39.76842450852969
20.213486
-29.425278
-15.569824
38.94677702236332
20.930664
-30.137787
-17.665146
40.723903045961535
20.213486
-29.425278
-18.363586
40.14540223129543
20.213486
-28.712784
-19.062012
39.954588480235905
19.496292
-30.137787
-17.665146
40.005611788965
18.779114
-29.425278
-16.268265
38.51179620928664
19.496292
-31.56279
-16.268265
40.50890864596947
18.779114
-30.85028
-17.665146
40.205127415639566
18.06192
-30.137787
-17.665146
39.32653732641532
18.06192
-30.85028
-16.268265
39.2763179332104
20.930664
-30.85028
-17.665146
41.253968204017966
20.930664
-30.85028
-15.569824
40.40113801769698
19.496292
-30.137787
-16.966705
39.702150347147445
19.496292
-30.85028
-17.665146
40.54506860138018
20.213486
-31.56279
-19.062012
42.0494355407641
20.213486
-31.56279
-17.665146
41.43491342794444
20.213486
-30.85028
-18.363586
41.20128811794754
18.779114
-30.137787
-16.268265
39.05889983409671
19.496292
-29.425278
-19.062012
40.11624040386418
19.496292
-30.85028
-17.665146
40.54506860138018
20.213486
-28.712784
-18.363586
39.62613057831126
20.213486
-27.28778
-16.966705
37.961521945747904
19.496292
-29.425278
-16.966705
39.16403366870074
19.496292
-30.85028
-16.966705
40.24567499084529
21.647858
-28.712784
-16.966705
39.760820559471604
19.496292
-31.56279
-18.363586
41.3948849379176
19.496292
-30.137787
-16.966705
39.702150347147445
21.647858
-30.85028
-17.665146
41.62243241189554
20.930664
-29.425278
-19.062012
40.83258562506329
20.930664
-29.425278
-19.062012
40.83258562506329
20.930664
-29.425278
-19.062012
40.83258562506329
21.647858
-28.712784
-18.363586
40.376664354724284
20.213486
-29.425278
-19.062012
40.46964586363618
20.930664
-30.137787
-20.458893
42.01125076012005
20.213486
-29.425278
-18.363586
40.14540223129543
20.213486
-29.425278
-17.665146
39.830759218006534
20.213486
-30.85028
-17.665146
40.89476986300861
20.930664
-30.137787
-18.363586
41.03169774365378
20.930664
-30.85028
-16.966705
40.959756592980995
20.213486
-32.275284
-16.268265
41.411777343340084
20.213486
-31.56279
-14.871399
40.32310906911817
20.930664
-29.425278
-16.966705
39.897479091925405
21.647858
-30.85028
-18.363586
41.92363081023041
19.496292
-30.85028
-19.062012
41.17287415770546
19.496292
-31.56279
-19.062012
41.70941784668512
20.213486
-32.275284
-17.665146
41.98018941966481
18.779114
-31.56279
-18.363586
41.061979757929656
20.930664
-31.56279
-16.966705
41.499055782744925
20.213486
-31.56279
-18.363586
41.737465078882515
18.06192
-29.425278
-17.665146
38.783209370829056
19.496292
-31.56279
-18.363586
41.3948849379176
20.930664
-30.137787
-19.760452
41.675584820338
20.930664
-32.275284
-20.458893
43.57009186670872
19.496292
-30.137787
-21.157333
41.66562628909471
20.930664
-30.85028
-19.760452
42.193696014907694
20.930664
-31.56279
-19.760452
42.71741979686463
21.647858
-31.56279
-19.062012
42.75745206430395
20.213486
-30.85028
-19.062012
41.517286262396176
19.496292
-30.137787
-19.760452
40.97398034643068
19.496292
-32.275284
-19.760452
42.57082076109688
20.213486
-30.137787
-18.363586
40.6705363782785
20.213486
-30.85028
-20.458893
42.17690260416535
20.930664
-30.85028
-22.5542
43.57206001628222
19.496292
-31.56279
-19.760452
42.0332088879027
19.496292
-30.137787
-21.855774
42.024592874292075
19.496292
-30.85028
-20.458893
41.837919391664755
18.779114
-30.137787
-22.5542
42.067008197766306
20.213486
-31.56279
-21.157333
43.039836085124385
19.496292
-30.137787
-21.157333
41.66562628909471
21.647858
-31.56279
-21.855774
44.0739651528754
20.213486
-31.56279
-20.458893
42.70083092767707
18.779114
-32.987778
-19.062012
42.47598126441578
18.779114
-32.275284
-18.363586
41.612142874049546
19.496292
-32.275284
-19.760452
42.57082076109688
17.344727
-30.85028
-18.363586
39.872304412708424
20.930664
-31.56279
-18.363586
42.089473787527176
19.496292
-32.987778
-19.062012
42.79788756104091
20.213486
-31.56279
-19.062012
42.0494355407641
20.930664
-31.56279
-19.760452
42.71741979686463
20.213486
-30.85028
-17.665146
40.89476986300861
20.930664
-30.85028
-18.363586
41.557837203201665
20.213486
-31.56279
-19.760452
42.37062828896407
20.213486
-31.56279
-19.062012
42.0494355407641
21.647858
-29.425278
-17.665146
40.57750679400088
22.365051
-31.56279
-18.363586
42.820866255997935
21.647858
-30.85028
-19.062012
42.23422470376513
21.647858
-29.425278
-19.760452
41.532543245477996
20.930664
-30.85028
-19.062012
41.87114604466601
20.930664
-28.712784
-20.458893
41.0010107892743
22.365051
-30.137787
-19.760452
42.41411502460369
20.213486
-30.85028
-18.363586
41.20128811794754
21.647858
-28.712784
-19.062012
40.69906709618785
22.365051
-30.85028
-19.062012
42.60628655840444
20.930664
-30.137787
-19.062012
41.348993431672554
20.213486
-31.56279
-19.062012
42.0494355407641
20.930664
-31.56279
-18.363586
42.089473787527176
20.930664
-30.85028
-16.966705
40.959756592980995
19.496292
-31.56279
-18.363586
41.3948849379176
21.647858
-32.275284
-18.363586
42.983078576869204
20.930664
-32.275284
-19.760452
43.24652685431441
20.213486
-30.137787
-19.062012
40.99062631032246
20.930664
-30.85028
-19.760452
42.193696014907694
18.779114
-32.275284
-18.363586
41.612142874049546
18.779114
-32.275284
-18.363586
41.612142874049546
18.779114
-32.987778
-15.569824
41.027650022957076
19.496292
-32.275284
-15.569824
40.79483729591283
20.213486
-32.987778
-15.569824
41.70369139508591
17.344727
-33.700287
-16.966705
41.526111890592404
19.496292
-32.987778
-18.363586
42.49141256302928
18.779114
-32.275284
-17.665146
41.30867335246467
18.06192
-34.41278
-17.665146
42.69109725875232
20.213486
-34.41278
-16.268265
43.09850295580173
18.06192
-32.987778
-18.363586
41.852691994045465
19.496292
-33.700287
-17.665146
42.753620552094766
18.06192
-32.275284
-17.665146
40.987612457912206
18.06192
-33.700287
-18.363586
42.41654979237541
17.344727
-33.700287
-17.665146
41.81633892597336
20.213486
-31.56279
-18.363586
41.737465078882515
18.779114
-32.987778
-17.665146
41.8677203327262
16.627548
-32.987778
-19.062012
41.56956883026783
19.496292
-32.275284
-18.363586
41.94067989294895
18.779114
-32.275284
-19.760452
42.24718434358599
18.779114
-32.987778
-17.665146
41.8677203327262
18.06192
-33.700287
-19.062012
42.7235618175147
18.06192
-33.700287
-19.062012
42.7235618175147
17.344727
-33.700287
-18.363586
42.11615060284549
16.627548
-32.275284
-17.665146
40.37606573912709
17.344727
-35.12529
-19.760452
43.87597237838083
18.779114
-34.41278
-21.157333
44.54803411768021
17.344727
-31.56279
-18.363586
40.42611321760741
18.06192
-32.275284
-20.458893
42.26692898866456
18.06192
-32.987778
-19.760452
42.4841379521706
17.344727
-32.275284
-21.157333
42.3103564126518
18.779114
-32.275284
-21.855774
43.2668917970918
18.06192
-31.56279
-21.157333
42.072264491623514
18.06192
-32.987778
-20.458893
42.81346514651159
19.496292
-33.700287
-16.966705
42.469799127034086
17.344727
-33.700287
-18.363586
42.11615060284549
18.779114
-33.700287
-15.569824
41.602691445949446
18.779114
-33.700287
-18.363586
42.726874627448325
18.779114
-30.85028
-19.760452
41.16880325353319
18.06192
-32.987778
-18.363586
41.852691994045465
19.496292
-32.275284
-19.062012
42.251149901141744
18.06192
-33.700287
-19.062012
42.7235618175147
20.213486
-32.987778
-18.363586
42.82522336029755
19.496292
-31.56279
-17.665146
41.08981088534906
19.496292
-31.56279
-18.363586
41.3948849379176
19.496292
-32.275284
-17.665146
41.63960481864741
20.930664
-32.275284
-17.665146
42.33017829091469
20.213486
-32.987778
-18.363586
42.82522336029755
18.779114
-33.700287
-16.966705
42.14538696676215
20.213486
-31.56279
-16.268265
40.8589178989728
19.496292
-32.275284
-18.363586
41.94067989294895
19.496292
-31.56279
-18.363586
41.3948849379176
19.496292
-34.41278
-17.665146
43.31746003345533
20.213486
-32.275284
-17.665146
41.98018941966481
20.213486
-31.56279
-18.363586
41.737465078882515
21.647858
-33.700287
-16.268265
43.231881817343435
19.496292
-30.137787
-18.363586
40.31889030019381
20.930664
-32.987778
-17.665146
42.875908221976765
22.365051
-32.275284
-18.363586
43.34871208979282
19.496292
-32.987778
-17.665146
42.1942673970277
19.496292
-33.700287
-16.966705
42.469799127034086
21.647858
-30.85028
-16.966705
41.330842301973775
20.930664
-32.275284
-16.966705
42.0434984476643
20.213486
-32.275284
-16.966705
41.69110155919066
21.647858
-31.56279
-16.966705
41.865361530670555
21.647858
-32.987778
-16.268265
42.67879726899675
21.647858
-31.56279
-17.665146
42.15325432971857
20.213486
-32.987778
-16.966705
42.24508800958402
20.930664
-32.987778
-16.268265
42.3195300889923
20.213486
-32.987778
-14.871399
41.448003712105965
20.213486
-33.700287
-14.172958
41.775195896458705
20.893555
-32.960922
-15.559082
42.01247547697142
20.893555
-33.67343
-16.257523
42.8339547632957
23.04512
-32.960922
-15.559082
43.122906708706594
21.610748
-35.81093
-14.860657
44.38790525371185
20.176376
-30.823425
-16.257523
40.26756367810589
20.176376
-32.24843
-14.860657
40.839765849100736
20.176376
-32.24843
-15.559082
41.09905651336856
20.176376
-31.535934
-16.257523
40.81554024137513
20.176376
-32.24843
-14.162216
40.59083298795739
22.327942
-32.960922
-16.257523
43.00309706779123
21.610748
-32.24843
-17.654404
42.645791987237736
18.742004
-30.823425
-16.257523
39.56833734581856
21.610748
-30.823425
-16.257523
41.00506113960202
23.04512
-32.960922
-16.955963
43.646358824899416
20.176376
-33.67343
-16.955963
42.76085788190965
18.742004
-31.535934
-14.860657
39.5805121664611
20.176376
-31.535934
-15.559082
40.54240251104006
20.176376
-32.24843
-16.257523
41.368519070873056
20.893555
-31.535934
-16.257523
41.174783459889014
20.893555
-31.535934
-16.955963
41.45552492581658
20.893555
-32.24843
-16.955963
42.00007847369901
20.176376
-32.24843
-19.05127
42.54407468750055
19.4001
-32.212784
-17.615341
41.52502422297608
20.834473
-32.212784
-16.21846
41.650656917744854
20.117294
-31.50029
-17.615341
41.31917140724448
20.834473
-31.50029
-17.615341
41.67305842901532
20.117294
-30.78778
-17.615341
40.77858887390385
21.551666
-32.212784
-17.615341
42.57273761788464
19.4001
-32.212784
-17.615341
41.52502422297608
19.4001
-31.50029
-17.615341
40.974777278795244
19.4001
-33.637787
-14.821594
41.56373793974066
20.087997
-34.32782
-15.509766
42.6905096509495
19.370804
-32.190323
-12.716019
39.66285529111274
20.805176
-32.190323
-14.81134
41.09073034295189
19.370804
-32.190323
-16.906647
41.19805411771213
20.087997
-32.190323
-16.208206
41.26076297796052
20.087997
-32.190323
-15.509766
40.99143185290754
21.52237
-32.902817
-14.81134
42.01408803901377
20.805176
-32.190323
-14.81134
41.09073034295189
21.52237
-31.477829
-16.208206
41.4339471044728
22.239563
-31.477829
-15.509766
41.5452134516383
22.239563
-31.477829
-14.1129
41.0441939193863
20.805176
-32.190323
-14.81134
41.09073034295189
19.370804
-32.902817
-14.1129
40.70623188718314
20.805176
-32.190323
-14.1129
40.844169912244666
20.805176
-32.902817
-16.208206
42.16819436744876
21.52237
-31.477829
-16.208206
41.4339471044728
20.805176
-30.76532
-15.509766
40.24814388189224
21.52237
-32.190323
-15.509766
41.71309360062347
21.52237
-32.902817
-14.1129
41.77297798162258
20.087997
-32.190323
-14.81134
40.73230270189052
21.52237
-31.477829
-14.1129
40.660053987106004
22.239563
-32.902817
-13.414459
41.91826851566704
22.239563
-31.477829
-15.509766
41.5452134516383
20.805176
-32.902817
-14.1129
41.408026200110804
21.52237
-31.477829
-14.1129
40.660053987106004
22.956741
-30.052826
-14.81134
40.614777860577576
22.239563
-32.190323
-15.509766
42.087621932367185
21.52237
-30.052826
-14.1129
39.56714187075322
22.239563
-32.190323
-12.716019
41.140153220804244
22.956741
-30.76532
-14.81134
41.14477731371641
20.805176
-32.190323
-13.414459
40.60812750584851
22.239563
-32.190323
-11.319153
40.73006546056457
20.805176
-32.190323
-9.922272
39.59196486208565
22.254211
-33.623627
-11.3172
41.87931560084659
21.537018
-34.33612
-10.618759
41.89952785617414
21.537018
-32.198624
-10.618759
40.166559960525625
21.537018
-31.48613
-12.714066
40.21028404972259
22.254211
-32.198624
-12.015625
40.94357660053345
20.819824
-31.48613
-11.3172
39.407111162279456
20.819824
-31.48613
-12.015625
39.61333960681285
20.102646
-33.623627
-12.714066
41.18630854687939
20.819824
-32.911118
-13.412506
41.1886143627702
21.537018
-32.911118
-12.714066
41.33560453348224
20.819824
-30.77362
-12.015625
39.04940561777558
20.102646
-32.198624
-12.714066
40.031426863387594
20.102646
-32.911118
-10.618759
40.00019988963727
20.102646
-31.48613
-12.714066
39.46061500684892
22.254211
-30.77362
-14.809387
40.7625271317182
21.521393
-32.905746
-12.709671
41.321837600659926
20.8042
-32.193253
-12.709671
40.382619794229704
20.8042
-31.480759
-11.312805
39.39330396731071
22.955765
-33.618256
-12.01123
42.44318496761656
20.8042
-31.480759
-12.01123
39.59952571083949
21.521393
-30.76825
-12.709671
39.64077743122053
21.521393
-32.193253
-12.709671
40.75673802374201
21.521393
-32.193253
-13.408112
40.97991451375524
20.8042
-30.76825
-13.408112
39.487685976136916
21.521393
-30.055756
-13.408112
39.32297375133825
21.521393
-30.76825
-12.01123
39.42239366236292
20.8042
-32.193253
-12.01123
40.1682694195812
20.8042
-31.480759
-13.408112
40.04535240228805
21.521393
-32.193253
-13.408112
40.97991451375524
21.521393
-30.055756
-14.804993
39.82093096562096
22.238586
-30.76825
-13.408112
40.261859544541345
20.08702
-32.193253
-12.01123
39.801552409657965
20.8042
-30.055756
-13.408112
38.9350812476077
20.8042
-32.193253
-11.312805
39.9649825359847
20.08702
-31.480759
-10.614365
38.822563107682626
20.83545
-30.784851
-12.008301
39.0643358943575
21.552643
-30.784851
-10.611435
39.04901954895123
23.704208
-30.784851
-13.405182
41.10103755485909
21.552643
-29.359848
-12.008301
38.34992086907172
20.83545
-32.209854
-12.008301
40.19689091288653
22.269836
-31.49736
-11.3098755
40.1987888742077
23.704208
-31.49736
-11.3098755
41.01080924109368
22.269836
-30.784851
-12.008301
39.84785977578893
22.987015
-30.784851
-10.611435
39.85865530024501
23.704208
-30.072357
-10.611435
39.734602339105834
21.552643
-30.784851
-10.611435
39.04901954895123
22.269836
-30.072357
-8.516113
38.37729024110483
23.704208
-28.647354
-11.3098755
38.86481227038798
22.987015
-29.359848
-12.008301
39.17400803177328
22.987015
-29.359848
-11.3098755
38.96558602833082
22.987015
-29.359848
-11.3098755
38.96558602833082
23.704208
-29.359848
-9.214554
38.843250323616395
22.987015
-28.647354
-10.611435
38.23187504597767
23.704208
-30.072357
-11.3098755
39.92680069906052
22.269836
-29.359848
-8.516113
37.82156076875167
22.269836
-29.359848
-11.3098755
38.546849665577405
22.987015
-29.359848
-11.3098755
38.96558602833082
23.704208
-29.359848
-10.611435
39.19812081951442
24.421387
-30.072357
-10.611435
40.16656907783356
23.705185
-29.360336
-9.912506
39.01567506003997
22.270813
-29.360336
-12.0078125
38.75830304189671
24.422363
-28.647842
-8.515625
38.596198049888926
23.705185
-29.360336
-7.8171997
38.536654375655786
22.987991
-30.072845
-7.118759
38.51623668378376
24.422363
-30.78534
-7.8171997
40.066165369571806
22.270813
-27.935349
-6.4203186
36.29866749233021
22.987991
-32.210342
-7.118759
40.20734528956587
21.55362
-29.360336
-5.0234375
36.76714231356919
22.270813
-30.072845
-5.721878
37.85637304957714
21.55362
-30.072845
-6.4203186
37.552030961012946
21.55362
-30.072845
-7.118759
37.67772986957946
22.270813
-30.78534
-6.4203186
38.53500558289096
21.55362
-30.072845
-7.118759
37.67772986957946
21.55362
-30.072845
-5.721878
37.438942806609305
19.402054
-29.360336
-9.214066
36.37812587245511
20.119247
-30.78534
-8.515625
37.74966369883313
20.119247
-30.072845
-7.8171997
37.017141959207564
20.836426
-31.497849
-9.912506
39.04521648888712
18.684875
-30.78534
-9.214066
37.17204248070719
20.119247
-30.78534
-8.515625
37.74966369883313
19.402054
-30.78534
-9.912506
37.71517692272568
20.836426
-30.78534
-11.309387
38.85609373711944
17.967682
-30.072845
-9.214066
36.22309582156718
22.270813
-30.072845
-8.515625
38.37813155229567
20.119247
-30.072845
-7.118759
36.87596661868675
19.402054
-30.072845
-8.515625
36.787654763096135
20.119247
-30.78534
-7.8171997
37.59826967843733
19.402054
-32.210342
-8.515625
38.554658213008125
20.119247
-31.497849
-8.515625
38.33294182176653
19.402054
-31.497849
-7.8171997
37.81088258420947
20.119247
-32.922836
-7.118759
39.23485725012262
19.402054
-30.072845
-8.515625
36.787654763096135
21.55362
-31.497849
-9.214066
39.26285804019334
20.119247
-29.360336
-9.214066
36.765643261257686
20.836426
-30.072845
-9.214066
37.728394647735975
20.119247
-31.497849
-9.912506
38.66725193326147
21.55362
-31.497849
-10.610947
39.61395128889253
19.402054
-31.497849
-8.515625
37.96142869228416
19.402054
-30.072845
-7.8171997
36.63228516495047
18.684875
-31.497849
-7.118759
37.308387414687
20.119247
-30.78534
-5.0234375
37.11813712345523
20.119247
-29.360336
-7.118759
36.297248303073886
20.836426
-29.360336
-7.8171997
36.84148039553209
21.55362
-30.072845
-7.8171997
37.81591216525955
21.55362
-27.935349
-8.515625
36.296804374662244
20.119247
-27.935349
-7.118759
35.154579821438276
22.270813
-29.360336
-7.118759
37.53258837902986
23.705185
-28.647842
-8.515625
38.1464351243378
20.836426
-27.935349
-7.8171997
35.71622776527849
23.705185
-27.935349
-7.8171997
37.46235577998182
21.55362
-28.647842
-7.118759
36.55043203617777
22.270813
-26.510345
-8.515625
35.65534104067107
22.270813
-28.647842
-6.4203186
36.84980932468478
21.55362
-27.935349
-7.8171997
36.13932458209478
21.55362
-29.360336
-9.214066
37.569760958469814
21.55362
-28.647842
-8.515625
36.847974074016264
23.705185
-28.647842
-8.515625
38.1464351243378
21.55362
-27.22284
-6.4203186
35.31093227991244
21.55362
-27.935349
-7.118759
35.99470650643473
22.270813
-27.935349
-7.8171997
36.571593420474585
22.987991
-26.510345
-7.8171997
35.94933568688196
22.270813
-29.360336
-6.4203186
37.40640174624609
21.55362
-27.935349
-6.4203186
35.86310914653455
22.270813
-28.647842
-6.4203186
36.84980932468478
22.987991
-28.647842
-6.4203186
37.28762617048299
22.270813
-29.360336
-5.0234375
37.192114997251096
22.270813
-27.22284
-4.325012
35.43695573876585
21.55362
-28.647842
-4.325012
36.11042803256855
21.55362
-27.22284
-4.325012
34.990672585258345
20.836426
-28.647842
-4.325012
35.6869886264807
21.55362
-28.647842
-5.0234375
36.20072081464677
22.270813
-28.647842
-4.325012
36.54303869080693
21.55362
-27.935349
-5.721878
35.74467802115355
21.55362
-28.647842
-1.53125
35.883172250809295
20.836426
-28.647842
-2.2296906
35.494042124942425
20.836426
-28.647842
-2.928131
35.544752683896604
20.119247
-28.647842
-2.928131
35.12914580182139
20.836426
-28.647842
-2.928131
35.544752683896604
20.836426
-30.072845
-3.6265717
36.76526475333494
20.836426
-27.935349
-2.928131
34.97305045048973
20.836426
-29.360336
-2.2296906
36.071562106089026
20.119247
-29.360336
-1.53125
35.62524670967206
20.836426
-28.647842
-2.928131
35.544752683896604
19.402054
-29.360336
-1.53125
35.22518588599817
19.402054
-29.360336
-3.6265717
35.378255633647164
19.402054
-28.647842
-1.53125
34.633557085104435
20.119247
-28.647842
-2.928131
35.12914580182139
20.836426
-28.647842
-2.2296906
35.494042124942425
20.836426
-27.22284
-3.6265717
34.47305616800605
22.270813
-27.22284
-2.2296906
35.24264038309098
22.987991
-27.22284
-1.53125
35.66336338991669
22.987991
-27.935349
-0.8328247
36.18736000890453
22.270813
-28.647842
-2.2296906
36.35463582403814
21.55362
-27.935349
-0.13438416
35.28399361010776
23.705185
-27.22284
-2.2296906
36.166149317356314
21.55362
-27.22284
-2.2296906
34.793864934918844
22.270813
-27.22284
-0.8328247
35.181895160299604
21.55362
-26.510345
-0.8328247
34.176754338429724
22.270813
-25.797836
-0.8328247
34.09121675109753
22.987991
-26.510345
-0.13438416
35.089373892337406
24.422363
-25.797836
-1.53125
35.5573473584838
25.139557
-26.510345
-1.53125
36.56693015361523
23.705185
-25.085342
-0.8328247
34.523959920521136
23.705185
-26.510345
-2.2296906
35.63292983290263
23.705185
-26.510345
-0.8328247
35.572851085835104
22.987991
-25.085342
-2.928131
34.15107820520642
22.987991
-25.797836
0.5640564
34.55856173878081
21.55362
-24.372849
-0.13438416
32.536322851353376
24.422363
-25.797836
-0.8328247
35.53412202552639
22.987991
-25.797836
-2.2296906
34.625823193621514
23.705185
-25.085342
-1.53125
34.54786435715853
