18.700104
-28.686615
-16.952255
38.20987606504698
17.98291
-27.974106
-16.253815
37.0151616555002
20.134476
-28.686615
-16.253815
38.63295863850014
19.417297
-29.399109
-15.555374
38.51374868654861
17.98291
-28.686615
-18.349121
38.50970098965325
16.548538
-29.399109
-16.253815
37.44794075248414
18.700104
-27.974106
-16.253815
37.368851069753774
17.98291
-27.261612
-16.952255
36.79618828977058
17.265732
-27.261612
-17.650696
36.7810840586741
18.700104
-27.261612
-19.047562
38.153623348371184
17.98291
-29.399109
-16.952255
38.406660011033566
20.134476
-27.974106
-16.952255
38.409981256910946
20.134476
-27.261612
-16.253815
37.586954848786135
18.700104
-27.261612
-16.253815
36.83851147555198
17.98291
-27.261612
-16.952255
36.79618828977058
18.700104
-27.974106
-16.253815
37.368851069753774
19.417297
-28.686615
-14.856934
37.691933948334686
18.700104
-27.974106
-14.856934
36.78278160309437
20.85167
-28.686615
-15.555374
38.7257484595198
21.568848
-28.686615
-14.158508
38.58238540924067
18.71817
-27.986801
-14.171692
36.53036782510546
19.435364
-27.986801
-14.171692
36.902998507277495
20.152542
-26.561813
-14.171692
36.22832730362734
18.71817
-27.274307
-14.171692
35.98742116937354
18.000977
-27.986801
-14.870117
36.44744852395363
19.435364
-27.986801
-14.171692
36.902998507277495
18.71817
-30.124313
-12.774811
37.696683103320744
18.000977
-30.124313
-14.171692
37.84634977651412
20.152542
-28.69931
-14.870117
38.0906255127574
18.000977
-29.411804
-14.171692
37.2817149489029
19.435364
-30.124313
-12.774811
38.0578959269008
16.566605
-30.124313
-11.37793
36.21303509970978
18.049805
-30.89589
-12.112015
37.77634667571842
17.332626
-28.758392
-13.508896
36.19330493704084
19.484192
-28.045883
-11.413574
36.00659627882005
18.766998
-29.470886
-12.112015
36.97883619277214
19.484192
-28.758392
-10.715149
36.35234911436691
19.484192
-29.470886
-12.810455
37.58024292368432
20.20137
-29.470886
-12.810455
37.95703265700574
18.049805
-29.470886
-14.207336
37.365451983792795
18.049805
-29.470886
-13.508896
37.10550966711345
18.766998
-30.89589
-12.112015
38.124233150586946
18.766998
-28.758392
-13.508896
36.90170179955289
18.049805
-28.045883
-12.810455
35.727786545563
17.332626
-28.045883
-14.905762
36.182498777356955
18.766998
-28.758392
-13.508896
36.90170179955289
18.766998
-28.758392
-14.207336
37.16306970636306
18.049805
-28.045883
-14.207336
36.25210796672726
18.049805
-28.758392
-13.508896
36.542178513970335
17.332626
-29.470886
-14.207336
37.024336775584175
18.049805
-30.89589
-13.508896
38.247113287210155
19.484192
-28.758392
-12.810455
37.02413565626819
17.332626
-28.045883
-14.207336
35.90041564870803
18.049805
-28.758392
-14.207336
36.806099560314046
18.766998
-28.758392
-13.508896
36.90170179955289
18.049805
-28.758392
-12.810455
36.289783193866185
17.332626
-27.33339
-14.207336
35.34660617880272
18.766998
-28.045883
-14.207336
36.61447961104322
18.766998
-28.045883
-14.905762
36.891103144402415
18.049805
-26.620895
-14.207336
35.16128436176287
20.20137
-28.045883
-15.604202
37.92305313373878
19.514465
-27.355362
-17.02745
37.67047027918138
19.514465
-26.642868
-15.630569
36.53726092014664
20.231644
-27.355362
-14.233704
36.88134380018999
20.948837
-25.930359
-14.233704
36.24686981366891
20.948837
-28.067856
-12.8368225
37.30204260911861
21.666016
-28.067856
-12.138382
37.477473702962556
21.666016
-27.355362
-10.741516
36.51180881053673
20.293655
-26.67949
-12.167191
35.66045727259572
20.293655
-25.96698
-13.564072
35.638468876583175
18.859283
-26.67949
-14.262512
35.649501579834535
20.293655
-25.96698
-14.9609375
36.19317677300343
20.359085
-24.579086
-14.31427
34.97888069573643
22.51065
-23.866592
-15.012695
36.07942085697884
21.076279
-25.291595
-15.012695
36.18363233595319
21.076279
-26.00409
-15.012695
36.68518911748906
20.359085
-26.00409
-15.012695
36.2778987470333
19.641907
-24.579086
-15.012695
34.86139722675445
19.641907
-26.716599
-15.012695
36.40002796884657
20.359085
-25.291595
-15.711136
36.06933359755729
21.076279
-24.579086
-15.711136
35.98862192698027
18.20752
-26.716599
-16.409576
36.25692451374375
21.076279
-26.716599
-15.012695
37.19364280935235
21.076279
-24.579086
-16.409576
36.29897015584602
20.359085
-26.00409
-14.31427
35.99448945997672
20.359085
-26.00409
-14.31427
35.99448945997672
21.076279
-27.429092
-14.31427
37.43611909233264
20.359085
-25.291595
-15.012695
35.770631612224854
20.359085
-25.291595
-15.012695
35.770631612224854
21.076279
-26.716599
-15.012695
37.19364280935235
19.641907
-25.291595
-15.012695
35.36736093811019
21.076279
-26.00409
-17.108017
37.59130648490669
19.641907
-26.00409
-16.409576
36.48686420844665
18.20752
-25.291595
-16.409576
35.22006187940422
21.076279
-25.291595
-17.108017
37.10200091207599
18.924713
-25.291595
-17.108017
35.92344324273583
19.641907
-26.00409
-15.012695
35.88032986594553
19.641907
-26.716599
-15.012695
36.40002796884657
20.359085
-26.716599
-15.711136
37.08245734276688
20.359085
-27.429092
-12.917389
36.519943850287135
18.924713
-27.429092
-15.012695
36.54970395741941
18.924713
-27.429092
-15.711136
36.8420900548459
20.359085
-28.854095
-15.012695
38.372283342358585
19.641907
-26.716599
-15.012695
36.40002796884657
19.641907
-28.141586
-15.012695
37.45843562422305
18.924713
-28.141586
-16.409576
37.67449797743246
17.490341
-28.141586
-16.409576
36.974788840041064
19.641907
-25.291595
-16.409576
35.98254310360963
18.20752
-28.854095
-16.409576
37.859566845882064
18.20752
-26.716599
-16.409576
36.25692451374375
17.490341
-28.854095
-15.711136
37.219763446529655
18.924713
-27.429092
-17.108017
37.45909878829508
16.773148
-26.716599
-17.108017
35.885920866075736
17.490341
-26.716599
-17.108017
36.226688018706426
16.05597
-28.141586
-17.806458
36.97043397474866
16.090637
-28.181137
-18.55371
37.380814830375385
14.65625
-28.181137
-15.759964
35.45925327158096
16.807816
-30.31865
-16.458405
38.37450058205155
17.52501
-31.031143
-16.458405
39.25476745031264
16.807816
-28.181137
-17.156845
37.02751003002278
16.807816
-27.468643
-17.855286
36.82173722179944
16.090637
-28.181137
-18.55371
37.380814830375385
16.807816
-28.893646
-16.458405
37.258886314206975
18.242188
-28.893646
-17.156845
38.23581327750448
18.242188
-27.468643
-19.950592
38.53997708852945
18.242188
-28.181137
-20.649033
39.41238924223258
16.807816
-30.31865
-18.55371
39.31874081028346
17.52501
-28.893646
-19.950592
39.24276841721128
16.807816
-30.31865
-19.950592
39.99686572193033
16.090637
-28.181137
-18.55371
37.380814830375385
16.807816
-30.31865
-17.156845
38.679199117044
17.52501
-30.31865
-15.061523
38.12080695435975
15.373444
-28.893646
-17.156845
36.953252180013706
16.807816
-31.743637
-16.458405
39.51000231843988
17.52501
-28.893646
-17.855286
38.22015213597239
18.242188
-28.893646
-17.855286
38.554265606860874
17.52501
-28.893646
-18.55371
38.55138109555869
18.242188
-28.893646
-18.55371
38.88264846383924
18.242188
-30.31865
-18.55371
39.95294931766224
18.242188
-28.893646
-18.55371
38.88264846383924
17.52501
-27.468643
-18.55371
37.495234072145756
18.242188
-28.893646
-18.55371
38.88264846383924
17.52501
-30.31865
-19.252151
39.9623785480638
18.959381
-28.893646
-19.252151
39.55940203115436
18.242188
-28.893646
-19.252151
39.22072641932292
18.242188
-28.181137
-19.252151
38.69882583611226
18.959381
-29.60614
-18.55371
39.75200528059088
18.959381
-30.31865
-17.855286
39.968612563289895
18.242188
-27.468643
-19.252151
38.18309802267719
18.242188
-29.60614
-17.855286
39.09107704691059
19.676575
-29.60614
-16.458405
39.173592029580334
18.959381
-30.31865
-17.156845
39.661518008545606
18.959381
-30.31865
-17.855286
39.968612563289895
20.393753
-29.60614
-17.156845
39.83448268450574
18.232422
-31.735825
-16.448639
40.12656824962966
17.515244
-29.598328
-17.84552
38.74670789947031
18.949615
-29.598328
-16.448639
38.80343625297974
18.232422
-31.02333
-15.750198
39.28023535632695
18.949615
-31.735825
-16.448639
40.45748666858907
17.515244
-30.310837
-15.051758
38.10624538707533
19.66681
-31.02333
-17.84552
40.83739848759192
18.232422
-30.310837
-16.448639
39.00930283929479
19.66681
-31.735825
-15.051758
40.25545109390078
18.232422
-31.735825
-15.051758
39.57447611979532
17.515244
-32.448334
-16.448639
40.37618062563698
18.949615
-32.448334
-15.051758
40.47885521758938
18.232422
-31.735825
-16.448639
40.12656824962966
19.66681
-31.735825
-15.051758
40.25545109390078
17.515244
-31.02333
-16.448639
39.24013827891586
16.79805
-33.160828
-15.750198
40.37181773207874
16.79805
-33.160828
-15.750198
40.37181773207874
18.232422
-33.160828
-15.750198
40.98939488653208
17.515244
-32.448334
-16.448639
40.37618062563698
17.515244
-33.160828
-14.3533325
40.155230106211725
16.79805
-33.160828
-15.750198
40.37181773207874
16.79805
-33.873337
-15.750198
40.95907858050597
15.34317
-31.69725
-15.0234375
38.28618909464123
16.777542
-33.122253
-16.420319
40.59798530879103
18.211914
-33.122253
-16.420319
41.211458083204846
16.777542
-32.40976
-15.721878
39.73733645078801
17.494736
-34.547256
-15.721878
41.79421282409728
18.211914
-33.122253
-16.420319
41.211458083204846
16.777542
-32.40976
-13.626572
38.9558967249945
15.34317
-32.40976
-17.11876
39.73483582115792
16.060364
-33.122253
-16.420319
40.30689459575279
18.211914
-33.122253
-15.0234375
40.67506830529759
16.777542
-32.40976
-17.11876
40.310424183473465
16.777542
-31.69725
-16.420319
39.443991826524574
16.777542
-33.834763
-15.0234375
40.64456560095857
16.777542
-33.122253
-15.721878
40.320553943522405
16.777542
-33.122253
-17.11876
40.88546758887487
16.060364
-32.40976
-15.0234375
39.1667141095679
16.060364
-33.834763
-13.626572
39.85486058323846
15.34317
-33.122253
-12.928131
38.725095953924054
16.777542
-35.97226
-11.53125
41.33351069586653
18.189453
-35.920013
-13.606064
42.49974724189545
16.037903
-35.207504
-12.209183
40.56903898083026
16.037903
-35.207504
-14.304504
41.24804978817938
17.472275
-33.070007
-13.606064
39.79988394102111
16.037903
-33.782516
-14.304504
40.03862728422001
15.320709
-30.93251
-15.00293
37.638174798313976
14.603516
-32.357513
-15.00293
38.54035875455349
17.472275
-33.782516
-14.304504
40.63444000898438
16.755081
-33.070007
-13.606064
39.490291899362745
16.755081
-33.070007
-14.304504
39.73634420503791
16.755081
-33.782516
-14.304504
40.33125472164082
18.906647
-32.357513
-15.00293
40.367782467310796
17.472275
-35.207504
-12.209183
41.15717242227502
18.189453
-32.357513
-14.304504
39.780444500387844
18.906647
-33.070007
-12.907623
40.22055891425429
18.906647
-33.782516
-14.304504
41.27152314910215
18.906647
-32.357513
-12.907623
39.63680940938927
16.755081
-34.49501
-13.606064
40.691074571761895
18.189453
-34.49501
-13.606064
41.302384469793324
18.189453
-33.782516
-10.812317
39.86252468200475
17.472275
-33.782516
-10.812317
39.54042321927492
16.755081
-34.49501
-13.606064
40.691074571761895
18.189453
-33.782516
-12.907623
40.48112292756418
17.472275
-33.070007
-12.907623
39.56655723173138
18.906647
-34.49501
-12.907623
41.40016612143981
18.906647
-34.49501
-12.907623
41.40016612143981
18.189453
-32.357513
-12.209183
39.07593831347016
17.472275
-33.782516
-12.907623
40.16398271850664
18.189453
-33.070007
-11.510742
39.45857016879381
18.189453
-33.782516
-10.812317
39.86252468200475
18.906647
-32.357513
-11.510742
39.204172776452474
17.472275
-34.49501
-9.415436
39.79744398641152
18.189453
-34.49501
-9.415436
40.11748189400258
18.189453
-36.632507
-11.510742
42.488750809037676
18.189453
-34.49501
-10.812317
40.468113532639805
19.62384
-33.070007
-12.209183
40.34581351229332
18.189453
-34.49501
-12.209183
40.86350660277456
19.62384
-33.070007
-14.304504
41.02851880666361
18.189453
-33.070007
-12.209183
39.6679424005944
19.62384
-34.49501
-12.209183
41.5218610060562
18.189453
-34.49501
-12.907623
41.077593069016956
16.755081
-35.207504
-13.606064
41.296805535790995
18.906647
-33.782516
-11.510742
40.38832651825664
18.189453
-33.070007
-12.907623
39.88844766139612
18.189453
-34.49501
-12.209183
40.86350660277456
17.472275
-33.070007
-12.907623
39.56655723173138
18.906647
-35.207504
-11.510742
41.58758054357995
19.62384
-33.070007
-12.209183
40.34581351229332
18.189453
-33.782516
-12.209183
40.26386358681317
19.62384
-34.49501
-11.510742
41.321883389736726
17.472275
-33.782516
-12.209183
39.945000029337216
18.189453
-35.207504
-11.510742
41.266472504076326
17.472275
-35.207504
-12.209183
41.15717242227502
19.62384
-34.49501
-12.209183
41.5218610060562
17.472275
-33.782516
-12.209183
39.945000029337216
19.62384
-34.49501
-12.209183
41.5218610060562
18.189453
-35.207504
-12.907623
41.67770687070007
20.341019
-34.49501
-12.907623
42.07457107624509
16.037903
-33.070007
-12.907623
38.95441452689043
17.472275
-34.49501
-13.606064
40.99159861760166
18.189453
-33.782516
-14.304504
40.94793670635692
17.472275
-33.782516
-12.907623
40.16398271850664
16.755081
-35.920013
-9.415436
40.73856272825616
17.472275
-35.207504
-10.812317
40.76462933577113
17.472275
-33.070007
-9.415436
38.56884950764995
16.037903
-34.49501
-10.812317
39.54777322666221
18.189453
-34.49501
-12.209183
40.86350660277456
17.472275
-34.49501
-10.113876
39.96844611153044
18.906647
-34.49501
-12.209183
41.187754883505725
20.341019
-33.782516
-12.209183
41.280498904976305
18.189453
-33.782516
-12.209183
40.26386358681317
21.058212
-31.645004
-12.209183
39.92391139620309
18.906647
-31.645004
-12.209183
38.83209863972877
18.906647
-33.070007
-12.209183
40.001885941868416
21.058212
-32.357513
-12.209183
40.49100196629339
21.058212
-31.645004
-12.907623
40.14301064582647
18.189453
-32.357513
-12.209183
39.07593831347016
21.058212
-30.93251
-11.510742
39.15055232139532
21.058212
-33.070007
-12.209183
41.062609993193625
21.058212
-33.070007
-12.209183
41.062609993193625
20.341019
-33.782516
-12.907623
41.49243536336247
19.62384
-32.357513
-12.209183
39.76390283598933
20.341019
-30.93251
-11.510742
38.76950428997803
20.341019
-33.782516
-9.415436
40.54214959217983
18.189453
-33.070007
-10.113876
39.073931139911714
18.189453
-34.49501
-10.812317
40.468113532639805
20.341019
-33.070007
-10.113876
40.1207299738279
20.341019
-31.645004
-13.606064
40.00360396361964
20.341019
-32.357513
-12.907623
40.34070446240915
19.62384
-31.645004
-11.510742
38.97433331343286
19.62384
-30.93251
-11.510742
38.39807906114494
21.058212
-31.645004
-10.113876
39.33376592193484
19.62384
-31.645004
-12.907623
39.409493200203364
21.058212
-32.357513
-12.907623
40.70704755571356
20.341019
-32.357513
-11.510742
39.91569790762934
21.77539
-31.645004
-10.113876
39.722342604044954
19.62384
-31.645004
-10.812317
38.77380191371166
20.341019
-32.357513
-11.510742
39.91569790762934
20.341019
-33.782516
-10.113876
40.710023707601025
21.058212
-32.357513
-12.209183
40.49100196629339
21.058212
-30.220016
-11.510742
38.59008870537955
20.341019
-30.220016
-13.606064
38.88613467196968
21.77539
-30.93251
-11.510742
39.54092797787582
21.77539
-30.93251
-12.209183
39.74986794887657
20.341019
-32.357513
-9.415436
39.3626236129569
19.62384
-30.93251
-10.812317
38.19452229316561
19.62384
-33.070007
-10.812317
39.945296456333566
20.341019
-30.93251
-12.907623
39.20693765089206
20.341019
-32.357513
-12.209183
40.12268478036303
21.058212
-32.357513
-12.209183
40.49100196629339
19.62384
-30.93251
-11.510742
38.39807906114494
20.341019
-33.782516
-12.209183
41.280498904976305
20.341019
-32.357513
-11.510742
39.91569790762934
20.341019
-33.070007
-12.907623
40.91441232307007
19.62384
-32.357513
-11.510742
39.555037000974195
19.62384
-32.357513
-10.113876
39.171345229764256
19.62384
-32.357513
-10.812317
39.357464473281624
19.62384
-31.645004
-10.812317
38.77380191371166
19.62384
-32.357513
-12.209183
39.76390283598933
20.341019
-33.070007
-10.812317
40.302465139108584
18.906647
-33.070007
-9.415436
39.23948343883843
20.341019
-31.645004
-12.907623
39.77147243353268
17.472275
-32.357513
-12.907623
38.9730131238672
21.058212
-30.93251
-14.304504
40.06104655612326
21.058212
-32.357513
-14.304504
41.171299806228795
21.77539
-30.93251
-14.304504
40.44263455133858
20.341019
-31.645004
-14.304504
40.246518191795175
18.906647
-31.645004
-13.606064
39.29367221043676
18.906647
-31.645004
-15.00293
39.7989392623252
19.62384
-33.070007
-13.606064
40.79026181558994
18.906647
-33.070007
-11.510742
39.794269214356575
21.058212
-29.507507
-12.907623
38.48048917146195
20.341019
-30.93251
-12.907623
39.20693765089206
21.77539
-30.220016
-12.209183
39.197974452411124
22.492584
-32.357513
-12.907623
41.46723692605103
22.492584
-31.645004
-12.907623
40.913681346085966
21.77539
-29.507507
-11.510742
38.436412268654024
19.62384
-29.507507
-10.812317
37.04988982355413
21.77539
-30.220016
-10.812317
38.785606121182376
23.209778
-30.93251
-11.510742
40.34861965914618
21.77539
-28.795013
-11.510742
37.89218424626806
23.209778
-30.93251
-10.812317
40.1549519488646
22.492584
-29.507507
-12.209183
39.059871786583926
23.209778
-30.220016
-12.907623
40.23120436536172
25.361328
-30.93251
-12.209183
41.82201930596041
23.209778
-27.37001
-10.812317
37.4795614875211
21.77539
-28.795013
-12.209183
38.11016296848355
22.492584
-28.795013
-12.907623
38.75146166598107
23.209778
-29.507507
-12.907623
39.698783459989365
21.77539
-29.507507
-12.209183
38.65132345324672
22.492584
-28.795013
-9.415436
37.732207494683834
24.64415
-29.507507
-11.510742
40.13133802892931
23.926956
-28.795013
-11.510742
39.16821632295598
26.078522
-28.795013
-12.907623
40.93713173737032
23.926956
-28.082504
-12.907623
39.08622404577155
23.926956
-27.37001
-12.209183
38.34945773023557
24.64415
-28.082504
-12.209183
39.306810995360586
23.926956
-28.082504
-12.209183
38.861168660856045
26.078522
-28.082504
-12.907623
40.43912706830941
23.209778
-28.082504
-12.907623
38.65135819391571
25.361328
-25.945007
-14.304504
38.9994772851589
24.64415
-28.795013
-12.209183
39.818978206260205
23.926956
-26.657516
-12.209183
37.84424029409892
22.492584
-27.37001
-12.209183
37.47129435168507
23.209778
-27.37001
-12.209183
37.9061405089103
23.209778
-28.082504
-13.606064
38.89017614747007
23.926956
-27.37001
-14.304504
39.067065358216055
23.209778
-27.37001
-15.00293
38.896004549591915
25.361328
-28.082504
-15.00293
40.70518228965908
22.492584
-28.795013
-13.606064
38.989666474552905
24.64415
-29.507507
-13.606064
40.78176185023613
21.77539
-30.220016
-15.00293
40.15600680860212
21.058212
-28.795013
-15.70137
38.97607000716113
23.209778
-29.507507
-17.098251
41.252114351588844
21.058212
-28.795013
-15.00293
38.699986625885934
21.058212
-30.220016
-15.70137
40.04036354593481
22.492584
-28.795013
-15.70137
39.76936070370317
21.77539
-28.795013
-13.606064
38.58037628860445
20.341019
-29.507507
-15.00293
38.852772923784826
20.341019
-28.795013
-15.00293
38.314457854236466
21.058212
-28.082504
-16.39981
38.74311934879534
21.77539
-28.795013
-15.00293
39.094863156114414
21.058212
-28.795013
-14.304504
38.43461942966425
21.058212
-28.795013
-15.00293
38.699986625885934
21.77539
-30.220016
-15.00293
40.15600680860212
23.209778
-29.507507
-14.304504
40.17468873848776
23.926956
-28.795013
-13.606064
39.83436930012903
21.77539
-29.507507
-14.304504
39.36342835916989
21.77539
-28.795013
-15.70137
39.36817897268046
21.058212
-30.220016
-15.70137
40.04036354593481
20.341019
-28.795013
-15.70137
38.593300857710396
22.492584
-27.37001
-15.70137
38.750056703587546
21.77539
-30.220016
-16.39981
40.69853620966453
23.209778
-28.082504
-15.00293
39.40061790640154
21.058212
-29.507507
-15.00293
39.23301222244954
22.492584
-29.507507
-14.304504
39.76466108851395
22.492584
-29.507507
-12.907623
39.283788825075476
20.341019
-28.082504
-14.304504
37.510039346257855
21.058212
-29.507507
-13.606064
38.720361018744065
22.492584
-28.795013
-15.70137
39.76936070370317
23.926956
-30.220016
-15.70137
41.62068589224143
23.926956
-26.657516
-15.70137
39.11080762957344
24.64415
-28.795013
-14.304504
40.51056297918637
23.209778
-27.37001
-15.00293
38.896004549591915
23.926956
-27.37001
-16.39981
39.8819577834467
21.058212
-28.082504
-15.70137
38.452677389715014
21.058212
-27.37001
-16.39981
38.22982515327529
23.926956
-28.795013
-15.70137
40.5978454920178
23.926956
-28.795013
-17.098251
41.15825794741105
25.361328
-28.082504
-15.70137
40.967754802939226
23.926956
-28.795013
-17.098251
41.15825794741105
24.64415
-29.507507
-14.304504
41.020068211714985
23.209778
-27.37001
-12.907623
38.13683218032143
23.926956
-30.220016
-15.00293
41.36225847050968
21.77539
-30.220016
-14.304504
39.90032441812817
22.492584
-28.795013
-13.606064
38.989666474552905
23.209778
-27.37001
-14.304504
38.63198384475291
24.64415
-28.795013
-14.304504
40.51056297918637
23.209778
-29.507507
-15.70137
40.69299298078694
22.492584
-29.507507
-15.70137
40.2882406414623
24.64415
-28.082504
-15.70137
40.52769596985498
23.209778
-30.220016
-14.304504
40.70088465523507
23.209778
-30.93251
-15.70137
41.73783505406096
22.492584
-30.220016
-13.606064
40.05359873325211
23.209778
-30.220016
-13.606064
40.46069840270154
23.926956
-30.220016
-13.606064
40.87631998059818
23.209778
-30.220016
-13.606064
40.46069840270154
24.64415
-31.645004
-12.209183
41.926181408518474
23.926956
-30.93251
-13.606064
41.40584905466255
21.77539
-30.93251
-13.606064
40.20090537498814
23.209778
-29.507507
-15.00293
40.428636006857815
21.77539
-28.082504
-15.70137
38.850066109580176
22.492584
-30.220016
-16.39981
41.08673300356515
22.492584
-29.507507
-15.70137
40.2882406414623
20.341019
-30.220016
-15.00293
39.39662879424536
21.77539
-31.645004
-15.00293
41.239081770019745
21.77539
-30.220016
-16.39981
40.69853620966453
21.058212
-30.220016
-15.70137
40.04036354593481
21.77539
-31.645004
-15.00293
41.239081770019745
21.77539
-32.357513
-16.39981
42.30992941323733
21.058212
-30.220016
-13.606064
39.26605090795674
20.341019
-30.93251
-15.70137
40.21331062673776
20.341019
-30.93251
-17.796692
41.07675206910687
21.058212
-30.93251
-17.098251
41.14144837525853
20.341019
-30.220016
-18.495117
40.85432419786261
21.058212
-30.93251
-17.098251
41.14144837525853
20.341019
-32.357513
-16.39981
41.589896398306585
20.341019
-32.357513
-16.39981
41.589896398306585
20.341019
-31.645004
-17.098251
41.32207097671519
19.62384
-30.220016
-15.00293
39.031171812371646
20.341019
-30.93251
-15.00293
39.94577776352355
21.058212
-31.645004
-16.39981
41.39816843302823
20.341019
-29.507507
-16.39981
39.4132440759924
20.341019
-30.220016
-18.495117
40.85432419786261
21.058212
-30.220016
-18.495117
41.216102312612605
22.492584
-29.507507
-19.193558
41.77322198724097
21.058212
-30.93251
-19.193558
42.055454519988395
21.77539
-29.507507
-19.891998
41.71992624746297
21.058212
-28.795013
-19.891998
40.844739252557055
21.058212
-30.220016
-17.796692
40.90745557810948
23.209778
-30.93251
-17.098251
42.2831424534907
21.058212
-31.645004
-17.098251
41.67978927471173
21.77539
-30.93251
-17.098251
41.51310651704245
21.77539
-28.795013
-16.39981
39.65191256322795
18.906647
-30.93251
-17.796692
40.38568635184222
22.492584
-30.93251
-17.098251
41.89375600244251
21.77539
-30.220016
-16.39981
40.69853620966453
21.058212
-31.645004
-17.796692
41.971143709659316
22.492584
-29.507507
-16.39981
40.56554242730984
21.77539
-29.507507
-17.098251
40.46246180634203
23.209778
-30.93251
-17.796692
42.57036626556524
22.492584
-30.220016
-17.098251
41.37047245573753
23.209778
-30.93251
-17.098251
42.2831424534907
23.926956
-29.507507
-16.39981
41.37808594043168
21.058212
-29.507507
-16.39981
39.788129069406494
23.209778
-29.507507
-16.39981
40.96755516468947
24.64415
-30.93251
-16.39981
42.81481232350406
23.926956
-30.220016
-16.39981
41.889167962351856
21.77539
-30.93251
-15.70137
40.95754816823298
21.77539
-28.082504
-17.098251
39.435325502155266
21.77539
-30.93251
-14.304504
40.44263455133858
21.058212
-30.93251
-15.00293
40.315709659046064
21.77539
-30.93251
-15.00293
40.69490979955294
21.77539
-32.357513
-14.304504
41.54269088558931
23.209778
-31.645004
-15.00293
42.01414033728704
21.77539
-30.220016
-15.00293
40.15600680860212
21.058212
-30.93251
-15.70137
40.58080227979574
21.058212
-29.507507
-15.70137
39.505370728626886
23.926956
-30.220016
-14.304504
41.11407826573065
21.058212
-30.93251
-14.304504
40.06104655612326
21.77539
-31.645004
-15.70137
41.4982762725604
21.77539
-30.220016
-15.00293
40.15600680860212
22.492584
-31.645004
-15.00293
41.62223591376294
22.492584
-32.357513
-14.304504
41.923071754256036
20.341019
-32.357513
-12.907623
40.34070446240915
21.058212
-31.645004
-13.606064
40.37300600968192
21.058212
-33.070007
-12.907623
41.275663773243856
19.62384
-33.782516
-14.304504
41.6049565810298
20.341019
-32.357513
-11.510742
39.91569790762934
21.047958
-33.772263
-12.901764
41.833453620241244
21.047958
-31.63475
-14.298645
40.59834011048435
20.330765
-31.63475
-12.203323
39.53502946359722
20.330765
-33.772263
-13.600204
41.69977476941947
21.765137
-33.059753
-12.901764
41.630806182891774
19.613586
-31.63475
-13.600204
39.628471727842026
18.896393
-32.34726
-14.99707
40.35258423803239
20.330765
-33.772263
-12.203323
41.26532178750776
19.613586
-31.63475
-14.298645
39.87356880513472
20.330765
-31.63475
-14.99707
40.48468255382985
20.330765
-31.63475
-13.600204
39.988285638187214
20.330765
-33.059753
-14.99707
41.607683675257775
20.330765
-33.059753
-13.600204
41.12484416526326
20.330765
-33.059753
-13.600204
41.12484416526326
18.1792
-33.772263
-14.298645
40.932874857999224
20.330765
-33.059753
-14.298645
41.361075002840835
19.613586
-32.34726
-14.99707
40.69336645255818
21.765137
-30.922256
-14.298645
40.427200255617656
21.047958
-31.63475
-13.600204
40.35764490097415
20.330765
-33.059753
-14.99707
41.607683675257775
21.765137
-33.059753
-12.203323
41.41967647881107
21.047958
-31.63475
-16.393951
41.38279406385279
19.574524
-31.599594
-12.863678
39.33408867924313
22.443268
-31.599594
-13.562119
41.0629474029089
18.85733
-30.174606
-13.562119
38.079349590485066
21.726074
-30.8871
-15.657425
40.88019307130135
20.291702
-31.599594
-13.562119
39.92766744914718
21.726074
-31.599594
-14.260559
40.91356946070124
21.726074
-32.312103
-12.165237
40.79322740779099
23.160461
-30.8871
-12.165237
40.477314187915034
21.008896
-32.312103
-10.768372
40.01754070970785
21.008896
-31.599594
-12.165237
39.848477048023746
22.443268
-32.312103
-12.165237
41.179670455080895
21.726074
-33.024597
-11.466797
41.15985652383278
21.008896
-30.8871
-12.863678
39.507732938173795
23.160461
-30.174606
-14.260559
40.62360574530528
22.443268
-33.024597
-12.863678
41.94995187022343
22.443268
-32.312103
-14.260559
41.84657384048902
23.87764
-31.599594
-12.165237
41.43270528679985
22.443268
-31.599594
-12.863678
40.83759128921155
22.443268
-33.024597
-12.165237
41.74107402478029
21.726074
-32.312103
-10.768372
40.39866639004003
23.160461
-30.8871
-12.863678
40.692679501835
23.160461
-30.174606
-14.260559
40.62360574530528
23.160461
-30.174606
-14.958984
40.87401446632995
23.87764
-30.8871
-11.466797
40.68958057996466
23.87764
-31.599594
-13.562119
41.86415000527376
22.443268
-33.024597
-13.562119
42.16936386790103
22.443268
-30.8871
-11.466797
39.86477845822597
23.160461
-32.312103
-12.165237
41.57489682366557
23.87764
-31.599594
-10.069931
40.866607271019575
23.160461
-31.599594
-10.768372
40.63125853234028
22.443268
-31.599594
-10.768372
40.226762022470815
23.160461
-30.174606
-11.466797
39.72909821676283
23.160461
-30.8871
-10.768372
40.07964178416363
23.87764
-31.599594
-9.3714905
40.700133347351425
22.443268
-30.8871
-10.069931
39.48565181453574
21.008896
-30.174606
-7.276184
37.48097499169579
21.726074
-32.312103
-10.069931
40.2181293051366
22.443268
-33.024597
-7.9746094
40.71754632958084
23.87764
-31.599594
-8.67305
40.54500989207473
22.443268
-32.312103
-7.276184
40.00893760012411
23.160461
-33.737106
-7.9746094
41.69165055003145
22.443268
-33.024597
-7.276184
40.5865382835707
21.008896
-33.024597
-7.276184
39.81131338989113
23.160461
-32.312103
-8.67305
40.69030358284468
21.726074
-32.312103
-9.3714905
40.048959904760636
21.726074
-33.737106
-7.276184
40.781829198473154
20.291702
-33.737106
-8.67305
40.31336451350144
23.160461
-33.737106
-7.276184
41.56371297572108
21.726074
-33.024597
-7.9746094
40.32667507564007
21.008896
-33.737106
-6.5777435
40.284400029567124
19.574524
-33.024597
-7.9746094
39.20944237162459
21.726074
-33.024597
-8.67305
40.470583935279464
20.291702
-33.024597
-7.9746094
39.57235850460758
23.160461
-34.4496
-9.3714905
42.555924544852594
20.291702
-31.599594
-7.9746094
38.39117031307866
21.726074
-33.024597
-8.67305
40.470583935279464
21.008896
-32.312103
-8.67305
39.50528575442864
20.291702
-33.024597
-10.069931
40.04723163614122
21.008896
-33.024597
-10.768372
40.595018985169226
20.291702
-32.312103
-7.276184
38.84286377709875
19.574524
-33.024597
-10.069931
39.68865801706216
21.008896
-33.024597
-7.276184
39.81131338989113
19.574524
-33.737106
-9.3714905
40.114575894788544
20.291702
-31.599594
-10.069931
38.880472760877986
20.291702
-34.4496
-9.3714905
41.065227446995074
19.574524
-33.024597
-8.67305
39.357436559054506
18.85733
-32.312103
-10.069931
38.74370223521011
19.574524
-33.024597
-10.069931
39.68865801706216
19.574524
-33.737106
-12.863678
41.07101914101049
18.85733
-33.024597
-12.165237
39.92763381898322
20.291702
-32.312103
-12.863678
40.26536276350385
17.422958
-33.737106
-10.069931
39.283016629426676
19.574524
-33.737106
-9.3714905
40.114575894788544
20.291702
-32.312103
-9.3714905
39.28931183431523
19.574524
-33.024597
-7.9746094
39.20944237162459
18.85733
-31.599594
-8.67305
37.80681291168382
19.574524
-34.4496
-10.069931
40.882030943943604
21.008896
-32.312103
-10.768372
40.01754070970785
21.726074
-33.737106
-9.3714905
41.20727545933181
19.574524
-33.737106
-10.069931
40.28346974343586
20.291702
-33.024597
-7.276184
39.43754642925159
21.008896
-32.312103
-10.069931
39.83527789829481
21.008896
-31.599594
-9.3714905
39.08622404577155
20.291702
-33.737106
-9.3714905
40.46937590008262
21.008896
-31.599594
-8.67305
38.924669334658454
21.008896
-33.024597
-9.3714905
40.24702016095027
20.291702
-31.599594
-7.9746094
38.39117031307866
21.726074
-33.024597
-8.67305
40.470583935279464
21.008896
-33.024597
-8.67305
40.09014348305812
21.726074
-28.749603
-8.67305
37.064589751898815
21.008896
-32.312103
-10.069931
39.83527789829481
21.008896
-31.599594
-8.67305
38.924669334658454
22.443268
-32.312103
-9.3714905
40.442515326058015
20.291702
-31.599594
-8.67305
38.54230661771636
21.008896
-32.312103
-6.5777435
39.09875348926181
21.726074
-30.8871
-7.276184
38.45748495955063
21.008896
-33.024597
-7.9746094
39.94486403889663
20.291702
-31.599594
-5.879303
38.01123202114903
23.160461
-33.737106
-7.9746094
41.69165055003145
22.443268
-31.599594
-5.1808624
39.10340046254769
21.008896
-32.312103
-7.9746094
39.357847516509494
21.008896
-32.312103
-6.5777435
39.09875348926181
19.574524
-31.599594
-5.879303
37.63326256348066
20.291702
-30.174606
-6.5777435
36.95303415686508
21.726074
-33.024597
-6.5777435
40.073845409911684
21.008896
-29.462097
-9.3714905
37.379322427208166
21.008896
-30.174606
-8.67305
37.777009105965334
21.008896
-30.8871
-5.1808624
37.712438628968954
21.008896
-32.312103
-7.276184
39.222298146271335
21.726074
-32.312103
-7.276184
39.611074606040575
21.008896
-30.8871
-7.276184
38.05692564887172
21.726074
-30.8871
-7.9746094
38.59572047095215
21.726074
-30.174606
-5.879303
37.64432675602079
21.726074
-30.174606
-6.5777435
37.75971263711497
21.726074
-30.8871
-5.879303
38.21781574645112
21.008896
-33.737106
-5.1808624
40.08001335707269
21.008896
-30.8871
-5.1808624
37.712438628968954
21.008896
-29.462097
-7.276184
36.909779017346814
21.008896
-32.312103
-6.5777435
39.09875348926181
21.726074
-31.599594
-5.1808624
38.69622655012695
20.291702
-32.312103
-5.879303
38.605587127019255
18.85733
-33.024597
-7.276184
38.719062120412666
18.85733
-31.599594
-7.276184
37.51101400755517
19.574524
-33.024597
-5.879303
38.837509869346185
19.574524
-30.8871
-5.879303
37.03702321822297
21.008896
-30.8871
-5.879303
37.81471778103567
20.291702
-32.312103
-5.879303
38.605587127019255
21.008896
-30.174606
-7.276184
37.48097499169579
19.574524
-30.174606
-6.5777435
36.56413090646778
21.008896
-32.312103
-6.5777435
39.09875348926181
22.443268
-30.8871
-7.9746094
39.003942045864896
21.008896
-30.8871
-7.276184
38.05692564887172
22.443268
-30.174606
-7.276184
38.30339442417685
21.008896
-31.599594
-7.276184
38.63742941952062
21.008896
-29.462097
-7.9746094
37.053788961011634
23.160461
-30.8871
-10.069931
39.89766266748122
22.443268
-30.8871
-8.67305
39.15271301613002
21.008896
-30.174606
-5.879303
37.23502084521707
20.291702
-29.462097
-6.5777435
36.37354855083138
23.87764
-28.749603
-5.879303
37.831832609506904
21.726074
-30.174606
-4.482422
37.45158658709435
22.443268
-30.8871
-5.1808624
38.529916212721965
21.008896
-28.749603
-2.3871155
35.68769668017169
22.443268
-28.749603
-4.482422
36.74686589792812
22.443268
-29.462097
-6.5777435
37.61624885251552
23.87764
-28.749603
-6.5777435
37.946648338386716
23.160461
-28.749603
-5.879303
37.383322717260064
24.594833
-28.037094
-5.879303
37.75646513088437
23.87764
-27.3246
-5.1808624
36.65537749387871
23.160461
-26.612106
-5.1808624
35.65743281068391
24.594833
-28.749603
-4.482422
38.099051428172885
25.312012
-25.899597
-7.276184
36.93819069256946
25.312012
-26.612106
-5.1808624
37.09101519509981
25.312012
-25.899597
-6.5777435
36.80698010132979
25.312012
-26.612106
-6.5777435
37.31177861268728
23.87764
-26.612106
-7.276184
36.486830752469785
25.312012
-27.3246
-6.5777435
37.8232535716084
24.594833
-27.3246
-5.879303
37.23044067548254
25.312012
-26.612106
-7.276184
37.441220208523184
26.029205
-25.899597
-5.1808624
37.08301366318209
25.312012
-28.037094
-3.7839966
37.96175990182423
23.87764
-28.749603
-3.7839966
37.5632799419859
24.594833
-26.612106
-2.3871155
36.31540267819823
25.312012
-25.899597
-3.085556
36.34566948660717
24.594833
-26.612106
-2.3871155
36.31540267819823
25.312012
-26.612106
-3.085556
36.856786749419534
25.312012
-28.037094
-3.7839966
37.96175990182423
24.594833
-26.612106
-3.7839966
36.43389508325318
23.87764
-26.612106
-3.085556
35.886858000505384
23.87764
-28.037094
-1.6886749
36.865592351324864
23.87764
-27.3246
-3.085556
36.41834730610125
23.87764
-26.612106
-2.3871155
35.83356403601849
24.594833
-29.462097
-2.3871155
38.452820244627375
21.726074
-28.037094
-0.9902344
35.483539042332715
23.87764
-27.3246
-2.3871155
36.36583224515579
23.160461
-30.174606
-0.29180908
38.039440367038786
21.008896
-30.8871
-0.9902344
37.36799846888126
18.85733
-29.462097
-1.6886749
35.02093228687934
20.291702
-28.749603
-1.6886749
35.22987949425441
23.87764
-29.462097
-1.6886749
37.96061673434143
22.443268
-28.749603
-0.9902344
36.485895645505096
21.726074
-30.174606
-1.6886749
37.22070307375571
22.443268
-28.749603
-0.9902344
36.485895645505096
21.726074
-29.462097
-1.6886749
36.645450441848
21.008896
-30.8871
-3.085556
37.48209370663294
19.574524
-29.462097
-0.9902344
35.385842323082585
22.443268
-28.037094
-0.29180908
35.91467855546235
21.008896
-30.174606
0.40663147
36.77017841278191
18.140137
-29.462097
0.40663147
34.60123175925696
20.291702
-29.462097
-0.29180908
35.77504040004707
21.008896
-30.8871
-0.29180908
37.35601589875618
21.726074
-28.749603
-0.9902344
36.049169235074785
21.726074
-29.462097
0.40663147
36.60878147192795
21.008896
-28.749603
0.40663147
35.61009316684755
21.008896
-28.037094
-0.29180908
35.03623264074278
20.291702
-26.612106
-1.6886749
33.50834164743068
21.726074
-28.037094
-0.29180908
35.47091988131351
21.726074
-26.612106
1.8035126
34.4017332128321
24.594833
-27.3246
0.40663147
36.76554033405041
21.726074
-28.037094
0.40663147
35.47205036957795
23.160461
-27.3246
0.40663147
35.82186729859029
23.160461
-28.037094
2.5019531
36.45195963632305
23.160461
-27.3246
2.5019531
35.906831343205084
24.594833
-26.612106
3.898819
36.44599996002219
21.726074
-26.612106
3.898819
34.57495290183434
25.312012
-28.037094
3.898819
37.97337774009823
22.443268
-26.612106
1.8035126
34.85910536090248
24.594833
-25.899597
2.5019531
35.80439514799912
23.87764
-24.474594
3.2003784
34.34224646959085
23.87764
-25.899597
3.898819
35.44194678339319
24.594833
-25.187103
3.2003784
35.34881118437277
23.87764
-25.187103
3.898819
34.92467130862687
25.312012
-25.187103
1.105072
35.725471671790075
25.312012
-24.474594
3.898819
35.42463011726887
24.594833
-25.187103
2.5019531
35.29243242017773
25.312012
-23.7621
2.5019531
34.80797455718211
25.312012
-23.7621
3.898819
34.936172269046594
25.312012
-24.474594
3.898819
35.42463011726887
24.594833
-23.7621
3.2003784
34.348007868452136
23.87764
-23.7621
4.5972595
33.99873259930986
26.029205
-23.049606
5.2957
35.16885537904063
25.312012
-25.187103
5.9941406
36.2079800909361
24.594833
-24.474594
3.898819
34.91579050741673
24.594833
-23.7621
1.8035126
34.24610778522867
23.87764
-25.187103
3.2003784
34.85361232343338
24.594833
-25.187103
3.898819
35.418876692688535
23.87764
-24.474594
3.898819
34.414361342346055
26.029205
-25.187103
4.5972595
36.510881030094986
