16.81807
-31.978699
-10.814941
37.715350082372794
18.252441
-30.553696
-10.814941
37.19735130806947
18.252441
-32.691208
-10.116516
38.784153610579956
18.252441
-31.978699
-12.910263
39.018761450322685
19.686829
-31.266205
-13.608704
39.374401657160135
18.252441
-31.266205
-12.2118225
38.20805981675774
18.252441
-32.691208
-13.608704
39.83796526634487
17.535263
-31.978699
-12.2118225
38.461035096615966
18.252441
-31.978699
-12.2118225
38.79326591650605
19.686829
-32.691208
-12.2118225
40.06763081419339
18.252441
-31.978699
-12.910263
39.018761450322685
16.81807
-31.266205
-13.608704
38.02130814486628
16.100891
-29.841202
-12.2118225
36.03976617701272
18.252441
-31.978699
-12.910263
39.018761450322685
17.535263
-31.266205
-12.910263
38.10165300763292
18.252441
-32.691208
-13.608704
39.83796526634487
16.81807
-31.978699
-12.910263
38.36873135638495
16.100891
-30.553696
-12.910263
36.87061182841373
15.3836975
-30.553696
-14.307129
37.079380970615766
17.535263
-32.691208
-13.608704
39.514520607837156
16.100891
-31.978699
-13.608704
38.3023841534171
16.81807
-31.266205
-12.2118225
37.54399762695097
17.535263
-32.691208
-13.608704
39.514520607837156
17.535263
-32.691208
-12.910263
39.27945376760285
16.81807
-31.266205
-13.608704
38.02130814486628
16.81807
-29.128708
-13.608704
36.28396173113198
18.252441
-31.266205
-15.005569
39.19048720173526
17.535263
-29.841202
-15.005569
37.72465907524878
17.535263
-31.266205
-15.005569
38.861653971673185
16.100891
-31.266205
-12.2118225
37.22825366698994
18.252441
-29.841202
-13.608704
37.534593418938215
19.686829
-31.978699
-12.2118225
39.48844180431551
16.81807
-31.978699
-11.513382
37.921532175520845
18.969635
-31.266205
-10.814941
38.13640806522276
18.252441
-30.553696
-12.2118225
37.62723207664895
18.252441
-32.691208
-13.608704
39.83796526634487
16.81807
-29.128708
-12.2118225
35.78348450992266
18.969635
-30.553696
-12.910263
38.2106044569927
18.252441
-29.128708
-11.513382
36.25177628999285
17.535263
-29.841202
-12.910263
36.94127386601266
18.969635
-28.416199
-13.608704
36.77667970224984
18.969635
-26.991196
-12.2118225
35.178123403770954
18.969635
-29.841202
-13.608704
37.888535702707124
18.969635
-28.416199
-12.2118225
36.28299952715459
19.686829
-27.703705
-13.608704
36.60960507290061
18.969635
-29.128708
-12.2118225
36.843687049352496
18.252441
-28.416199
-11.513382
35.68178725072849
19.686829
-27.703705
-13.608704
36.60960507290061
19.686829
-26.991196
-10.814941
35.1149392703581
19.686829
-27.703705
-12.2118225
36.11364102883251
21.1212
-28.416199
-12.2118225
37.45282514481551
21.1212
-28.416199
-12.2118225
37.45282514481551
20.404007
-29.128708
-12.2118225
37.60231160302017
20.404007
-27.703705
-12.910263
36.74906328525599
18.969635
-29.841202
-13.608704
37.888535702707124
19.686829
-29.128708
-12.910263
37.4530076656485
19.686829
-29.128708
-12.910263
37.4530076656485
19.686829
-29.128708
-12.910263
37.4530076656485
20.404007
-29.128708
-12.910263
37.8349058745897
19.686829
-29.128708
-10.814941
36.78336402697047
18.252441
-28.416199
-12.910263
36.15669903027135
18.969635
-30.553696
-10.814941
37.55447215587313
18.969635
-29.128708
-11.513382
36.61811842079939
20.404007
-29.128708
-10.814941
37.17214264037738
18.969635
-29.128708
-10.814941
36.4045550168734
18.969635
-30.553696
-11.513382
37.761532670289945
18.252441
-29.841202
-11.513382
36.826714612896
19.686829
-30.553696
-10.814941
37.921796134549226
17.535263
-31.266205
-11.513382
37.65128176509649
18.252441
-29.128708
-14.307129
37.23341604671552
19.686829
-30.553696
-12.2118225
38.343555801260464
18.252441
-30.553696
-12.910263
37.85967324738075
17.535263
-29.128708
-13.608704
36.62190353271352
17.535263
-31.978699
-12.910263
38.688467084540356
20.404007
-30.553696
-12.2118225
38.716669132945825
16.100891
-32.691208
-12.910263
38.66042917738611
19.686829
-31.978699
-12.2118225
39.48844180431551
17.535263
-31.266205
-9.418076
37.06428510667311
16.100891
-31.266205
-10.814941
36.793711713819896
18.252441
-33.4037
-12.2118225
39.97608690722571
17.535263
-30.553696
-12.910263
37.51917803874606
18.969635
-31.978699
-12.910263
39.35935794213604
16.81807
-32.691208
-13.608704
39.20152136516834
17.535263
-31.266205
-11.513382
37.65128176509649
18.969635
-32.691208
-12.910263
39.9404188829671
18.969635
-31.978699
-12.910263
39.35935794213604
18.252441
-31.266205
-10.116516
37.59083724688604
16.81807
-33.4037
-12.2118225
39.341879051026844
18.969635
-33.4037
-11.513382
40.10252211860792
17.535263
-33.4037
-12.2118225
39.65376888416472
19.686829
-32.691208
-12.2118225
40.06763081419339
18.969635
-31.978699
-12.2118225
39.13582493021899
20.404007
-32.691208
-12.2118225
40.4248344007508
20.404007
-31.978699
-13.608704
40.300837096803896
18.969635
-31.266205
-12.910263
38.782696324258936
20.404007
-31.266205
-12.910263
39.50410073156172
20.404007
-31.266205
-12.910263
39.50410073156172
20.404007
-31.978699
-12.910263
40.07038332880268
18.969635
-31.978699
-11.513382
38.92354190278439
22.555573
-31.266205
-12.2118225
40.4407963300984
21.838379
-32.691208
-12.910263
41.38000494889183
20.404007
-29.841202
-12.2118225
38.1569058348633
23.272766
-31.978699
-13.608704
41.82649359444621
20.404007
-31.978699
-12.910263
40.07038332880268
20.404007
-31.266205
-11.513382
39.06989929920475
20.404007
-31.978699
-14.307129
40.542011088325864
20.404007
-29.841202
-12.2118225
38.1569058348633
23.272766
-31.978699
-12.910263
41.60449153421193
21.838379
-30.553696
-15.70401
40.70699057939864
20.404007
-30.553696
-13.608704
39.179696068044926
19.686829
-31.978699
-15.70401
40.70410717385056
21.1212
-32.691208
-15.005569
41.71315505553973
21.1212
-31.266205
-12.910263
39.87926266645752
18.969635
-31.978699
-15.005569
40.09552649756812
20.404007
-31.978699
-13.608704
40.300837096803896
21.1212
-31.978699
-14.307129
40.90765401763541
18.252441
-33.4037
-12.2118225
39.97608690722571
18.252441
-32.691208
-14.307129
40.08192446658858
18.252441
-34.116196
-12.910263
40.788985437343406
19.686829
-33.4037
-13.608704
41.09227658955512
18.252441
-31.978699
-15.70401
40.03004852802767
18.969635
-34.116196
-13.608704
41.339552708804945
18.252441
-34.116196
-12.910263
40.788985437343406
18.969635
-33.4037
-12.910263
40.52566129790867
18.252441
-33.4037
-13.608704
40.42469096540427
18.252441
-34.116196
-15.005569
41.4998014514264
15.3836975
-34.828705
-12.910263
40.20412546122055
15.3836975
-35.5412
-15.70401
41.790560270644555
16.81807
-34.828705
-13.608704
41.00101227789992
17.535263
-35.5412
-13.608704
41.90297135990552
18.252441
-34.828705
-14.307129
41.84356912768974
16.81807
-35.5412
-12.910263
41.384768897260834
17.535263
-34.116196
-14.307129
40.94012992506558
18.252441
-35.5412
-13.608704
42.2081170686916
17.535263
-34.828705
-14.307129
41.53574532434006
17.535263
-36.253708
-14.307129
42.73769696868913
18.276855
-34.74179
-13.545227
41.52720393901072
17.559677
-34.02928
-14.243652
40.85603924002928
17.559677
-36.166794
-14.243652
42.6527943311785
18.276855
-34.74179
-14.942093
42.00359074819899
19.711243
-34.02928
-13.545227
41.59324814216395
16.842484
-35.454285
-13.545227
41.522869381108826
18.276855
-34.74179
-11.449905
40.891757901291214
18.99405
-35.454285
-12.148346
42.01621768827038
19.711243
-34.74179
-12.148346
41.75053798306077
18.276855
-35.454285
-12.148346
41.69690732030524
18.99405
-32.604294
-12.8467865
39.86042849450599
18.99405
-34.74179
-13.545227
41.84780921078411
17.559677
-33.316788
-12.8467865
39.79183965249266
20.428421
-34.74179
-14.243652
42.7456909149551
17.559677
-33.316788
-13.545227
40.02279013847922
18.99405
-35.454285
-13.545227
42.4411759729717
19.711243
-33.316788
-14.243652
41.24830873663564
18.276855
-33.316788
-13.545227
40.34259414494499
18.276855
-34.74179
-14.942093
42.00359074819899
18.99405
-34.74179
-11.449905
41.21730623182224
18.276855
-35.454285
-12.8467865
41.90572421137341
18.99405
-34.02928
-11.449905
40.61854666292004
20.428421
-34.02928
-12.148346
41.50776765125565
18.276855
-34.74179
-12.8467865
41.30466607361843
19.711243
-36.879288
-13.545227
43.95552450791169
18.99405
-34.74179
-14.243652
42.07906347588801
18.276855
-34.74179
-12.8467865
41.30466607361843
19.711243
-34.74179
-12.8467865
41.95908797241144
19.711243
-35.454285
-12.148346
42.345267788757255
18.99405
-34.74179
-12.148346
41.41676311110711
20.428421
-34.74179
-12.148346
42.09388049812734
18.99405
-34.74179
-11.449905
41.21730623182224
19.711243
-36.166794
-11.449905
42.751262088460614
18.99405
-36.166794
-12.148346
42.61916456802693
19.711243
-35.454285
-10.05304
41.79238001530602
18.996979
-34.705658
-10.042297
40.81930546006617
16.845413
-35.41815
-9.343857
40.3177503848336
16.845413
-36.13066
-11.439163
41.473450774448764
18.996979
-35.41815
-10.740723
41.601607247628515
19.714172
-36.843155
-11.439163
43.323447953482706
16.845413
-36.13066
-12.137604
41.67150150985608
16.128235
-34.705658
-10.042297
39.56577358593062
18.279785
-34.705658
-10.042297
40.49050452922574
17.562607
-35.41815
-10.740723
40.96649587381971
16.845413
-36.13066
-9.343857
40.9450881564642
16.845413
-35.41815
-10.042297
40.48532026829679
18.279785
-35.41815
-9.343857
40.93780116778532
16.128235
-36.13066
-10.042297
40.82147052783238
16.128235
-36.843155
-9.343857
41.28977722300037
17.562607
-36.13066
-11.439163
41.769897836053836
16.128235
-36.13066
-11.439163
41.18736663009514
15.411041
-36.13066
-10.740723
40.72208351665592
17.565048
-36.123825
-10.737305
41.57825564851702
17.565048
-35.411316
-10.737305
40.960735593389465
18.282227
-36.83632
-10.038879
42.33123373597059
17.565048
-36.123825
-11.435745
41.76407445447657
18.99942
-35.411316
-10.737305
41.59602002398712
18.282227
-33.986313
-7.9435577
39.40062720094853
17.565048
-36.123825
-10.038879
41.403390231432134
17.565048
-36.83632
-10.038879
42.02647219591926
18.282227
-34.698822
-10.038879
40.48489964924422
18.99942
-34.698822
-10.038879
40.8137891019613
18.99942
-35.411316
-8.641998
41.105027563737565
18.282227
-33.986313
-9.340439
39.705832072706116
19.716614
-36.123825
-7.9435577
41.91390887087409
20.435745
-34.663177
-8.64151
41.156180298441356
18.28418
-36.08818
-9.339951
41.51990592343177
20.435745
-33.95067
-10.038391
40.87831778870524
19.718567
-33.95067
-10.038391
40.524548284612315
19.718567
-34.663177
-8.64151
40.80482137279399
20.435745
-33.238174
-10.736816
40.468199501564655
19.718567
-33.95067
-10.038391
40.524548284612315
19.718567
-32.52568
-9.339951
39.16601284915277
21.152939
-33.238174
-10.038391
40.65700812369637
20.435745
-32.52568
-10.038391
39.70275604905313
19.718567
-33.238174
-10.736816
40.11081299769349
21.152939
-31.813171
-10.038391
39.500556265861626
21.157822
-32.544724
-10.737305
40.275329580917926
22.592194
-31.832214
-11.435745
40.67521685992052
23.309387
-32.544724
-10.038879
41.27063877625351
22.592194
-33.257217
-8.641998
41.123397100221425
21.875
-33.96971
-10.038879
41.6321505799792
19.72345
-32.544724
-11.435745
39.73600167482333
23.309387
-31.11972
-12.134186
40.730859672826696
21.875
-31.832214
-10.737305
40.08859055608512
21.157822
-32.544724
-10.737305
40.275329580917926
21.157822
-33.257217
-10.038879
40.67523786760118
22.592194
-33.257217
-11.435745
41.7998319631603
21.875
-31.832214
-9.340439
39.73725197262561
21.157822
-32.544724
-10.038879
40.09478211356654
21.157822
-32.544724
-9.340439
39.925634301962724
20.440628
-32.544724
-10.038879
39.7209934948605
20.440628
-33.257217
-10.038879
40.306834025269524
20.440628
-33.257217
-10.737305
40.486435867557084
21.157822
-31.11972
-9.340439
38.77285427352009
20.440628
-31.11972
-9.340439
38.38619702536724
19.72345
-33.96971
-12.134186
41.11197314575767
19.72345
-33.257217
-10.038879
39.94791530856147
20.440628
-33.257217
-10.038879
40.306834025269524
20.440628
-33.96971
-10.038879
40.89669364118877
20.440628
-32.544724
-10.038879
39.7209934948605
19.72345
-33.257217
-9.340439
39.77814298304645
19.72345
-31.11972
-10.737305
38.37630895314435
20.440628
-32.544724
-11.435745
40.09681429492326
19.72345
-32.544724
-12.134186
39.942610197319354
21.157822
-33.257217
-12.134186
41.24238506890545
21.157822
-31.11972
-12.134186
39.53895367130844
21.157822
-31.832214
-11.435745
39.896359262743196
20.440628
-31.832214
-13.531067
40.17709362981676
20.440628
-28.982224
-13.531067
37.95890272252924
19.72345
-31.11972
-10.737305
38.37630895314435
20.440628
-30.407211
-11.435745
38.38220902614338
21.157822
-30.407211
-12.832626
39.203676137018704
19.72345
-31.832214
-12.134186
39.36423153840774
20.440628
-31.832214
-12.134186
39.728423782601794
20.440628
-33.257217
-11.435745
40.677242550638034
21.157822
-32.544724
-11.435745
40.46713166407013
19.72345
-33.257217
-10.737305
40.129123559046086
21.157822
-31.11972
-11.435745
39.33022627978067
19.72345
-31.832214
-11.435745
39.1545727394164
21.875
-31.832214
-12.134186
40.48510769792394
21.875
-29.694717
-12.832626
39.05084044740187
19.72345
-31.11972
-14.229492
39.49594829397852
20.439651
-31.1456
-12.850204
39.407555675732254
21.156845
-30.43309
-14.24707
39.70848823722628
21.874023
-31.1456
-14.945511
40.888745717705596
20.439651
-30.43309
-13.548645
39.083477179961385
21.874023
-28.295593
-13.548645
38.24499079996049
21.156845
-30.43309
-15.643951
40.230812949117436
20.439651
-29.008102
-14.24707
38.239095093303234
21.156845
-30.43309
-14.945511
39.96440066249587
21.874023
-29.720596
-15.643951
40.08141738425988
21.156845
-29.008102
-14.945511
38.890235785517234
22.591217
-29.720596
-12.850204
39.48170221216801
23.30841
-29.720596
-14.24707
40.367992631558515
24.742783
-29.008102
-12.151764
40.016755218810374
23.315735
-29.01445
-14.248047
39.855597197002176
22.598541
-29.726944
-14.248047
39.967387828625355
21.881348
-29.726944
-14.248047
39.56629190457611
22.598541
-30.439438
-15.644928
41.012403147268294
21.881348
-29.01445
-14.248047
39.03381290374651
21.881348
-29.01445
-14.946487
39.29413664663836
23.315735
-29.726944
-14.946487
40.628957139005244
22.598541
-30.439438
-14.946487
40.75108438932944
22.598541
-29.726944
-14.946487
40.22166971725254
24.032913
-29.01445
-14.248047
40.27934986305793
22.598541
-30.439438
-15.644928
41.012403147268294
24.032913
-31.151947
-13.549622
41.61270170704343
23.315735
-31.86444
-14.248047
41.97586092494858
21.881348
-31.86444
-13.549622
40.96008143893729
21.16417
-31.151947
-14.248047
40.2662722469322
21.881348
-31.151947
-14.248047
40.647804596985154
21.881348
-30.439438
-15.644928
40.62162696333614
21.16417
-30.439438
-16.343369
40.51650476291267
20.446976
-31.86493
-14.248047
40.45317478994618
19.012604
-31.86493
-13.549622
39.50246914256595
19.729797
-31.86493
-15.644928
40.61283621984941
20.446976
-32.57744
-15.644928
41.522669471965855
19.729797
-32.57744
-14.248047
40.664003212012496
19.012604
-32.57744
-14.946487
40.572971491191026
19.729797
-33.289932
-14.248047
41.237014113631126
20.446976
-33.289932
-13.549622
41.35082522840762
21.16417
-32.57744
-12.1527405
40.705042841094176
20.446487
-33.99852
-13.547668
41.92251851444221
18.294922
-33.286026
-12.849228
40.0969604253435
19.72931
-34.71103
-14.246094
42.39165446363308
20.446487
-33.286026
-14.944534
41.8253203439615
20.446487
-33.286026
-15.642975
42.079935209855364
21.163681
-32.573532
-15.642975
41.8764735631588
20.446487
-33.286026
-15.642975
42.079935209855364
20.446487
-31.861023
-14.246094
40.44916273082794
19.72931
-31.861023
-14.246094
40.09141470693102
21.88086
-35.423523
-14.246094
44.00623901523084
21.163681
-33.286026
-12.849228
41.48449711611028
21.88086
-33.286026
-12.849228
41.854917350836004
21.163681
-32.573532
-12.150787
40.701081102713815
22.598053
-33.99852
-14.246094
43.2379761668815
21.88086
-33.99852
-12.849228
42.423743916014324
21.163681
-33.99852
-14.944534
42.74505693735973
23.315247
-31.14853
-13.547668
41.199160787683226
21.163681
-32.573532
-14.246094
41.374963120735075
19.72931
-33.286026
-14.246094
41.23295102221038
23.315247
-30.43602
-14.944534
41.14961892527454
21.88086
-31.14853
-14.944534
40.894277337364855
21.88086
-33.286026
-14.944534
42.54492398207599
22.598053
-33.99852
-14.246094
43.2379761668815
22.598053
-31.861023
-13.547668
41.34411759332048
21.88086
-32.573532
-14.246094
41.74635527457382
23.315247
-33.286026
-13.547668
42.83806119917996
23.315247
-32.573532
-12.849228
42.068258857722086
24.032425
-31.861023
-13.547668
42.14524214602255
22.598053
-33.286026
-12.849228
42.23427672944542
22.598053
-33.99852
-13.547668
43.012913383929686
20.446487
-34.71103
-12.849228
42.28495110371715
21.88086
-31.14853
-12.849228
40.17593146088837
21.88086
-33.286026
-13.547668
42.074585582666465
21.88086
-34.71103
-14.246094
43.434764133716236
21.163681
-32.573532
-13.547668
41.139709624738636
21.163681
-33.286026
-13.547668
41.7061164157534
21.88086
-33.99852
-12.849228
42.423743916014324
21.88086
-33.286026
-12.150787
41.64580467316006
21.88086
-34.71103
-12.849228
42.99686296242291
21.163681
-33.286026
-12.849228
41.48449711611028
21.163681
-33.286026
-14.246094
41.9381927569459
22.598053
-35.423523
-11.452347
43.55059327729862
22.598053
-35.423523
-12.150787
43.73945045799258
20.446487
-33.99852
-11.452347
41.293032123508745
18.294922
-33.286026
-12.849228
40.0969604253435
21.163681
-32.573532
-13.547668
41.139709624738636
17.577744
-35.423523
-12.849228
41.580111106735124
19.72931
-35.423523
-12.849228
42.53438837383156
19.72931
-33.286026
-14.246094
41.23295102221038
19.012115
-34.71103
-13.547668
41.83127381218507
19.72931
-35.423523
-10.055481
41.77540190233437
19.72931
-35.423523
-12.150787
42.328632564324884
19.72931
-35.423523
-12.150787
42.328632564324884
20.446487
-36.136032
-11.452347
43.070035455076685
20.446487
-34.71103
-11.452347
41.88162698261539
19.72931
-33.99852
-12.150787
41.14348819793662
21.163681
-35.423523
-12.849228
43.21839835133513
19.72931
-34.71103
-11.452347
41.53621848807451
19.72931
-34.71103
-12.849228
41.94286420145714
21.163681
-35.423523
-13.547668
43.43117085184902
19.72931
-33.99852
-13.547668
41.5774497314575
21.163681
-33.286026
-10.055481
40.705939502020925
19.72931
-35.423523
-12.849228
42.53438837383156
21.163681
-33.286026
-12.849228
41.48449711611028
19.72931
-36.136032
-11.452347
42.73423360351379
21.163681
-36.136032
-11.452347
43.415095109862854
21.163681
-33.99852
-10.753906
41.466218366581245
19.012115
-34.71103
-10.055481
40.83416257262799
20.446487
-33.99852
-11.452347
41.293032123508745
19.72931
-35.423523
-12.150787
42.328632564324884
19.72931
-33.286026
-13.547668
40.996882622531494
19.72931
-33.286026
-12.849228
40.7714083550938
19.72931
-33.99852
-13.547668
41.5774497314575
20.446487
-33.99852
-12.849228
41.702049267223515
19.72931
-33.286026
-12.150787
40.556709428743105
21.163681
-34.71103
-12.150787
42.431103680794266
20.446487
-33.286026
-13.547668
41.34679693987794
22.598053
-32.573532
-12.849228
41.67504879880541
20.446487
-33.286026
-11.452347
40.70840896604626
21.163681
-33.99852
-11.452347
41.65281540604428
21.88086
-34.71103
-12.150787
42.79333084768072
21.88086
-33.286026
-10.753906
41.25988281233358
21.88086
-34.71103
-11.452347
42.60027949998172
19.72931
-33.286026
-11.452347
40.35295934779753
24.749619
-33.99852
-10.055481
43.23836012307604
21.88086
-34.71103
-10.753906
42.4178505802871
21.163681
-33.286026
-12.150787
41.27350774293663
22.598053
-33.286026
-11.452347
41.83046401519546
20.446487
-33.99852
-13.547668
41.92251851444221
21.163681
-33.286026
-12.150787
41.27350774293663
21.88086
-34.71103
-12.150787
42.79333084768072
20.446487
-34.71103
-12.849228
42.28495110371715
21.163681
-33.286026
-10.753906
40.88407176662753
21.88086
-33.99852
-10.055481
41.6627418398884
21.88086
-33.99852
-10.055481
41.6627418398884
21.163681
-35.423523
-8.6586
42.16276329177723
21.163681
-33.99852
-10.055481
41.290597624016506
21.88086
-34.71103
-10.055481
42.24618603347526
21.163681
-33.286026
-9.35704
40.53905572485008
20.446487
-34.71103
-11.452347
41.88162698261539
20.446487
-35.423523
-10.055481
42.11884894585128
21.163681
-34.71103
-9.35704
41.717036774279194
21.163681
-34.71103
-9.35704
41.717036774279194
19.72931
-35.423523
-10.055481
41.77540190233437
20.446487
-34.71103
-8.6586
41.20540913748461
18.294922
-36.136032
-10.055481
41.732837918624554
20.446487
-34.71103
-9.35704
41.35781217532774
21.163681
-36.136032
-9.35704
42.91000387575358
19.012115
-33.99852
-10.753906
40.41047475255101
19.72931
-34.71103
-7.9601593
40.71198020277631
19.72931
-35.423523
-7.2617188
41.192281766714956
20.446487
-34.71103
-9.35704
41.35781217532774
20.446487
-36.136032
-8.6586
42.41276951082215
21.163681
-35.423523
-7.9601593
42.02489060859127
19.72931
-33.99852
-10.055481
40.574101227626564
19.72931
-35.423523
-8.6586
41.46134159285837
21.163681
-34.71103
-8.6586
41.56595086707839
21.163681
-36.848526
-11.452347
44.00990183993754
21.163681
-33.286026
-8.6586
40.3835629101781
21.163681
-35.423523
-8.6586
42.16276329177723
19.72931
-34.71103
-8.6586
40.85428386063847
20.446487
-34.71103
-6.5632935
40.81655559864771
21.163681
-33.99852
-5.864853
40.47464966648877
21.163681
-34.71103
-6.5632935
41.18050194247728
21.163681
-36.136032
-6.5632935
42.388571757314494
22.598053
-34.71103
-7.9601593
42.176909839778595
23.315247
-33.286026
-7.2617188
41.283080367256694
23.315247
-33.99852
-5.864853
41.64008413110272
22.598053
-33.286026
-7.9601593
41.01213973287361
22.598053
-33.286026
-9.35704
41.306000398795724
21.88086
-33.99852
-7.9601593
41.20722658055183
21.88086
-32.573532
-10.055481
40.50826678265037
21.88086
-31.861023
-9.35704
39.76746066490008
23.315247
-33.286026
-9.35704
41.70269031948433
22.598053
-30.43602
-7.9601593
38.73483511223296
22.617096
-31.877625
-8.636627
40.02883024741745
25.48584
-32.590134
-7.239746
42.00069899204432
24.768661
-30.452621
-9.335068
40.34838519073595
24.768661
-34.01512
-7.9381866
42.81973593048245
24.768661
-32.590134
-8.636627
41.83532839776016
24.051468
-30.452621
-7.239746
39.47466460285398
24.768661
-32.590134
-7.239746
41.569427876558215
24.051468
-32.590134
-6.541321
41.02899781994894
24.051468
-31.877625
-7.9381866
40.71450326808848
23.33429
-31.877625
-7.9381866
40.29499680578378
24.768661
-31.877625
-7.9381866
41.14224354725399
25.48584
-30.452621
-5.1444397
40.041919867554896
24.051468
-31.16513
-6.541321
39.90648247778799
23.33429
-30.452621
-8.636627
39.32483473522966
23.33429
-30.452621
-5.8428802
38.80709471972796
23.33429
-31.877625
-3.7475586
39.68269379116591
23.33429
-32.590134
-5.8428802
40.506113603477345
24.051468
-32.590134
-5.1444397
40.82958551970541
23.33429
-33.302628
-5.8428802
41.08154672654515
24.051468
-31.877625
-5.8428802
40.358336042085995
21.899902
-34.01512
-7.239746
41.098030314154045
21.182724
-31.16513
-6.541321
38.246071208565006
23.33429
-31.877625
-7.239746
40.163241122947234
23.33429
-32.590134
-8.636627
41.002405607781114
21.899902
-31.16513
-7.9381866
38.90868623145496
21.182724
-33.302628
-8.636627
40.40252635346195
21.899902
-32.590134
-6.541321
39.80592260718718
23.33429
-32.590134
-6.541321
40.61274153994809
21.899902
-30.452621
-5.1444397
37.86070661607823
22.617096
-32.590134
-6.541321
40.204958906870246
21.899902
-34.01512
-6.541321
40.98076494775476
21.182724
-31.877625
-7.239746
38.95259538849754
23.33429
-32.590134
-5.8428802
40.506113603477345
21.182724
-32.590134
-6.541321
39.41590447256824
21.899902
-33.302628
-5.8428802
40.28411670365567
21.182724
-31.877625
-5.1444397
38.61807811156907
22.617096
-31.877625
-5.1444397
39.423104296132614
21.899902
-32.590134
-4.445999
39.51568678326527
21.182724
-30.452621
-4.445999
37.360900873272584
19.031158
-31.877625
-4.445999
37.39164194971
20.46553
-34.01512
-5.1444397
40.02913367746984
19.748352
-31.877625
-6.541321
38.06532855869301
21.182724
-30.452621
-4.445999
37.360900873272584
21.182724
-33.302628
-4.445999
39.71825518476202
21.182724
-30.452621
-5.1444397
37.45043599545939
20.46553
-31.16513
-4.445999
37.548238830307504
21.899902
-31.877625
-4.445999
38.93013668088243
22.617096
-31.16513
-3.0491333
38.62765306169516
23.33429
-30.452621
-5.8428802
38.80709471972796
21.182724
-32.590134
-3.7475586
39.04956817192813
21.899902
-31.877625
-7.239746
39.34720466117558
22.617096
-31.16513
-5.1444397
38.84924130281939
21.182724
-32.590134
-5.1444397
39.20828732451693
21.899902
-32.590134
-3.0491333
39.382988400966035
21.899902
-31.877625
-5.1444397
39.01607084496961
20.46553
-32.590134
-5.1444397
38.82550607364958
21.899902
-31.877625
-3.7475586
38.85656654507543
23.33429
-31.877625
-5.1444397
39.83889063504718
21.182724
-29.740128
-4.445999
36.78246798641813
22.617096
-31.16513
-3.7475586
38.68904921675997
22.617096
-29.027634
-5.1444397
37.15644876155837
22.617096
-30.452621
-3.0491333
38.05512455481932
22.617096
-31.877625
-1.6522522
39.12091413619527
24.051468
-29.740128
-4.445999
38.50604121382692
21.182724
-30.452621
-3.7475586
37.284234412713744
21.899902
-31.16513
-3.0491333
38.21214904923482
22.617096
-30.452621
-3.0491333
38.05512455481932
22.617096
-30.452621
-4.445999
38.192436835652586
23.33429
-29.740128
-2.3506927
37.874661585740604
21.182724
-28.315125
-3.0491333
35.49297596389231
21.899902
-31.16513
-3.0491333
38.21214904923482
22.617096
-31.16513
-1.6522522
38.54255207316324
22.617096
-31.16513
-0.95381165
38.51893209686391
22.617096
-31.877625
-0.95381165
39.09764356610095
21.899902
-30.452621
-0.95381165
37.52169619762511
21.899902
-30.452621
0.4430542
37.51218714725006
20.46553
-30.452621
-2.3506927
36.76582421322994
20.46553
-31.877625
-1.6522522
37.91768524702144
20.46553
-29.740128
-1.6522522
36.13921818219526
21.899902
-31.16513
-0.2553711
38.09115749484222
20.46553
-31.877625
-3.7475586
38.06658723180425
18.313965
-31.16513
-2.3506927
36.22419778108016
21.182724
-31.877625
-0.95381165
38.285774605058926
19.031158
-31.16513
-1.6522522
36.553801716399825
19.748352
-31.877625
-0.2553711
37.49993977859748
20.46553
-31.16513
-1.6522522
37.32068129004514
19.748352
-31.877625
-2.3506927
37.57267696994054
18.313965
-29.740128
-1.6522522
34.96578964234184
19.748352
-30.452621
0.4430542
36.298152958561474
19.748352
-29.740128
-0.2553711
35.70066833725333
19.748352
-31.16513
-1.6522522
36.93227312055897
17.596786
-30.452621
-0.95381165
35.184070589432764
18.313965
-32.590134
0.4430542
37.38601818151741
19.748352
-32.590134
-0.2553711
38.10747227722373
18.313965
-30.452621
-0.95381165
35.5481816380731
19.748352
-30.452621
-0.95381165
36.307979965562495
20.46553
-30.452621
1.1414948
36.70835125360185
20.46553
-31.877625
0.4430542
37.88426009685206
20.46553
-29.740128
1.8399353
36.14828469413348
19.031158
-29.740128
1.8399353
35.35598297638693
21.182724
-29.740128
1.1414948
36.530616774345084
20.46553
-30.452621
2.5383759
36.7783011110789
20.46553
-31.16513
1.1414948
37.30155827844193
21.899902
-30.452621
0.4430542
37.51218714725006
21.182724
-29.027634
2.5383759
36.02436173857734
20.46553
-31.877625
1.1414948
37.89886347292043
21.899902
-27.60263
3.2368164
35.383441254901456
20.46553
-29.027634
2.5383759
35.60736954093913
21.182724
-27.60263
1.1414948
34.81258415609218
21.182724
-30.452621
1.1414948
37.11297515431345
22.617096
-27.60263
1.1414948
35.70351818711288
20.46553
-28.315125
1.1414948
34.95550324385633
21.899902
-29.027634
1.1414948
36.38010729823718
19.748352
-27.60263
0.4430542
33.94258206078502
20.46553
-28.315125
2.5383759
35.02895356545247
21.899902
-29.740128
1.8399353
36.97926698196488
21.899902
-26.890121
0.4430542
34.682569328617724
21.899902
-28.315125
1.1414948
35.81417358109601
21.899902
-26.890121
1.1414948
34.69852020890084
23.33429
-28.315125
1.1414948
36.70883177217882
21.182724
-28.315125
1.8399353
35.40959583981527
21.182724
-27.60263
0.4430542
34.796685563022734
23.33429
-29.027634
3.9352417
37.45101618489477
21.182724
-27.60263
1.8399353
34.842480007685126
21.899902
-29.740128
4.6336823
37.223002026741646
21.182724
-29.027634
1.1414948
35.952945050614424
21.899902
-26.890121
2.5383759
34.7725133625235
21.899902
-27.60263
1.1414948
35.253566696771976
21.182724
-27.60263
1.1414948
34.81258415609218
20.46553
-28.315125
2.5383759
35.02895356545247
21.182724
-29.027634
2.5383759
36.02436173857734
21.899902
-27.60263
3.2368164
35.383441254901456
21.182724
-29.027634
4.6336823
36.23233843726916
21.182724
-27.60263
2.5383759
34.886335383418746
21.899902
-26.177628
3.2368164
34.28339000271305
21.182724
-29.740128
2.5383759
36.60090631082019
20.46553
-28.315125
1.8399353
34.98527696749287
