-19.230164
21.071487
-26.227356
38.7515278176632
-17.795792
20.358994
-27.624222
38.655872636092596
-19.230164
20.358994
-27.624222
39.3368211482178
-17.795792
20.358994
-27.624222
38.655872636092596
-16.36142
20.358994
-28.322662
38.52736573081853
-17.795792
21.783997
-28.322662
39.91748844540526
-14.927048
20.358994
-27.624222
37.42195981201245
-16.36142
21.071487
-28.322662
38.90857014919319
-17.078613
20.358994
-28.322662
38.83736371475927
-16.36142
21.783997
-26.925781
38.30451939464438
-17.795792
23.209
-28.322662
40.71266382949843
-15.644226
22.49649
-26.925781
38.41655298134842
-17.078613
23.921494
-26.925781
39.86119103565836
-16.36142
22.49649
-26.925781
38.714154602697484
-16.36142
23.921494
-28.322662
40.522921633741745
-14.927048
22.49649
-26.925781
38.13012580808808
-16.36142
21.783997
-25.528915
37.33582878855276
-14.209854
22.49649
-26.227356
37.36156086767187
-16.36142
23.921494
-26.925781
39.55921688589146
-15.644226
21.783997
-26.925781
38.00371011390697
-15.644226
21.783997
-26.227356
37.512110674629135
-16.36142
23.209
-25.528915
38.18480356938886
-15.644226
21.071487
-26.925781
37.599828062273104
-14.209854
22.49649
-28.322662
38.86110269581108
-15.644226
23.209
-28.322662
39.81925104652585
-13.492676
23.209
-26.925781
38.02246232954361
-13.492676
23.921494
-27.624222
38.953662438631014
-14.209854
21.783997
-29.021103
38.97033345569983
-14.927048
19.6465
-29.021103
38.09233680212957
-16.36142
23.209
-27.624222
39.6163024021125
-15.644226
21.783997
-29.719543
40.0316830089774
-14.927048
21.071487
-28.322662
38.327503944214136
-16.36142
23.921494
-28.322662
40.522921633741745
-15.644226
23.209
-27.624222
39.32552695530602
-14.927048
22.49649
-29.021103
39.63752389821102
-16.36142
23.921494
-27.624222
40.03787574460744
-15.644226
22.49649
-29.021103
39.9131350511254
-14.927048
22.49649
-26.227356
37.640177456866155
-14.927048
22.49649
-28.322662
39.129043321425584
-15.644226
23.209
-29.021103
40.3190265429014
-15.644226
21.071487
-27.624222
38.103110711573635
-16.36142
21.783997
-29.021103
39.805312341759105
-16.36142
21.783997
-27.624222
38.798662111477825
-17.795792
19.6465
-29.021103
39.30521159087081
-19.230164
21.071487
-29.021103
40.694363860367694
-14.209854
20.358994
-29.021103
38.19205488895073
-17.078613
20.358994
-29.719543
39.86751742098447
-17.795792
18.93399
-29.021103
38.953955441408645
-17.795792
20.358994
-31.11641
41.2238982877537
-16.36142
21.071487
-29.021103
39.419893182448185
-18.512985
18.93399
-27.624222
38.26648950125946
-18.512985
20.358994
-29.021103
39.99304443919748
-17.078613
21.783997
-28.322662
39.60296422479794
-17.078613
21.783997
-29.021103
40.105436600564204
-17.795792
19.6465
-28.322662
38.792375393521276
-17.078613
18.221497
-28.322662
37.76076328863898
-17.078613
19.6465
-27.624222
37.95736712088972
-16.36142
21.071487
-28.322662
38.90857014919319
-17.078613
18.93399
-28.322662
38.1096873065309
-17.078613
18.93399
-28.322662
38.1096873065309
-17.795792
20.358994
-28.322662
39.15803941441974
-15.644226
20.358994
-29.021103
38.74861073618479
-18.512985
17.508987
-29.021103
38.62019905943812
-16.36142
19.6465
-28.322662
38.15565813934907
-17.078613
18.93399
-28.322662
38.1096873065309
-14.927048
20.358994
-30.417969
39.52920572777487
-16.36142
19.6465
-29.021103
38.676937799910235
-16.36142
20.358994
-30.417969
40.09286096052513
-14.927048
18.93399
-29.719543
38.269621958464
-15.644226
18.93399
-30.417969
39.095915395165484
-17.078613
19.6465
-29.021103
38.98574646886186
-14.927048
18.93399
-31.11641
39.3642439425918
-15.644226
18.93399
-29.719543
38.55501282157581
-13.492676
18.93399
-29.719543
37.73326861732065
-13.492676
18.221497
-31.81485
39.06737782044791
-14.927048
18.221497
-31.11641
39.02653813382552
-15.644226
17.508987
-31.81485
39.54100670111347
-15.644226
17.508987
-29.719543
37.875555959719094
-14.927048
16.796494
-29.719543
37.25842435673945
-14.927048
18.93399
-31.11641
39.3642439425918
-15.644226
18.221497
-31.81485
39.86162895430422
-16.36142
18.221497
-29.719543
38.50935230361256
-15.644226
17.508987
-29.021103
37.33002657096647
-15.644226
17.508987
-29.719543
37.875555959719094
-15.644226
19.6465
-29.719543
38.909870564469244
-16.36142
18.93399
-29.719543
38.851555430574464
-16.36142
18.221497
-28.322662
37.44185107488761
-15.644226
19.6465
-29.719543
38.909870564469244
-15.644226
18.93399
-29.021103
38.019234055976526
-14.927048
18.93399
-28.322662
37.19524111918167
-14.209854
18.93399
-29.719543
37.995621278354236
-16.36142
20.358994
-30.417969
40.09286096052513
-16.36142
18.221497
-29.021103
37.97292929673717
-15.644226
20.358994
-29.021103
38.74861073618479
-14.927048
19.6465
-29.021103
38.09233680212957
-14.927048
21.783997
-28.322662
38.72379721441487
-15.644226
18.93399
-29.021103
38.019234055976526
-16.36142
19.6465
-29.021103
38.676937799910235
-14.927048
18.93399
-29.021103
37.72979074120343
-16.36142
19.6465
-27.624222
37.64012070282769
-15.644226
19.6465
-29.021103
38.37904600006363
-14.927048
20.358994
-28.322662
37.94046013986915
-15.644226
20.358994
-29.021103
38.74861073618479
-14.209854
19.6465
-28.322662
37.283751487745974
-14.209854
19.6465
-28.322662
37.283751487745974
-14.927048
18.93399
-29.021103
37.72979074120343
-12.058289
20.358994
-29.719543
37.98871163798613
-14.927048
18.221497
-29.021103
37.377322121633796
-14.209854
20.358994
-28.322662
37.664064930771545
-17.078613
18.221497
-28.322662
37.76076328863898
-15.644226
18.93399
-28.322662
37.48881180755383
-14.927048
18.93399
-27.624222
36.666202426630235
-14.209854
18.93399
-29.021103
37.45184082070433
-16.36142
18.221497
-28.322662
37.44185107488761
-15.644226
17.508987
-28.322662
36.78966888038169
-14.209854
18.93399
-28.322662
36.91326470698745
-16.36142
18.221497
-29.021103
37.97292929673717
-16.36142
18.93399
-27.624222
37.273176318252816
-14.927048
19.6465
-28.322662
37.56294521886729
-15.644226
18.93399
-28.322662
37.48881180755383
-15.644226
20.358994
-27.624222
37.71376572287631
-15.644226
18.93399
-27.624222
36.96397501918253
-14.209854
19.6465
-29.021103
37.81705163720792
-16.36142
20.358994
-29.021103
39.04368296776701
-15.644226
19.6465
-28.322662
37.85366431858018
-17.078613
21.071487
-29.719543
40.23602848544138
-15.644226
19.6465
-26.227356
36.31254538239419
-16.36142
21.071487
-29.021103
39.419893182448185
-15.644226
19.6465
-27.624222
37.33395857514476
-17.078613
19.6465
-28.322662
38.46865162964677
-16.36142
19.6465
-26.925781
37.13056303017098
-14.927048
18.93399
-28.322662
37.19524111918167
-16.36142
18.93399
-29.719543
38.851555430574464
-16.36142
18.93399
-27.624222
37.273176318252816
-14.209854
18.221497
-29.021103
37.096728108124644
-15.644226
20.358994
-29.021103
38.74861073618479
-14.209854
18.93399
-29.719543
37.995621278354236
-15.644226
18.221497
-27.624222
36.60413127992266
-15.644226
19.6465
-28.322662
37.85366431858018
-15.644226
18.221497
-27.624222
36.60413127992266
-14.209854
18.221497
-29.021103
37.096728108124644
-14.927048
21.071487
-28.322662
38.327503944214136
-14.209854
19.6465
-29.021103
37.81705163720792
-15.644226
19.6465
-29.021103
38.37904600006363
-16.36142
21.071487
-29.021103
39.419893182448185
-14.927048
18.221497
-27.624222
36.30340724959143
-15.644226
19.6465
-28.322662
37.85366431858018
-16.36142
18.221497
-29.719543
38.50935230361256
-16.36142
18.221497
-29.021103
37.97292929673717
-16.36142
18.221497
-29.719543
38.50935230361256
-17.078613
17.508987
-29.719543
38.49019190711934
-15.644226
18.221497
-31.81485
39.86162895430422
-14.927048
18.93399
-30.417969
38.81450182287301
-16.36142
18.221497
-30.417969
39.05088733636936
-14.209854
17.508987
-31.11641
38.428057148025
-14.209854
17.508987
-29.719543
37.305975926703084
-14.209854
16.796494
-30.417969
37.54057700508877
-14.927048
17.508987
-30.417969
38.13966802875649
-14.927048
18.221497
-28.322662
36.837656541277504
-12.775482
18.221497
-29.021103
36.571304695737034
-14.209854
17.508987
-28.322662
36.203008672126444
-15.644226
18.93399
-29.021103
38.019234055976526
-13.492676
16.796494
-30.417969
37.27502174504731
-14.209854
17.508987
-30.417969
37.864725362239355
-14.209854
18.93399
-30.417969
38.54437314540055
-15.644226
18.221497
-29.021103
37.66947381916158
-15.644226
18.221497
-28.322662
37.134054293616394
-14.209854
20.358994
-31.11641
39.807531025764305
-14.209854
19.6465
-29.719543
38.35565473303774
-13.492676
18.93399
-30.417969
38.28578257605475
-14.927048
19.6465
-30.417969
39.16700707686732
-14.209854
17.508987
-29.021103
36.75199293065616
-14.209854
18.221497
-29.719543
37.64563841664629
-13.492676
18.93399
-29.719543
37.73326861732065
-14.927048
18.221497
-29.021103
37.377322121633796
-14.927048
17.508987
-27.624222
35.951064016329894
-14.209854
17.508987
-29.719543
37.305975926703084
-14.209854
18.93399
-30.417969
38.54437314540055
-14.927048
18.93399
-29.719543
38.269621958464
-15.644226
18.221497
-29.021103
37.66947381916158
-15.644226
16.796494
-31.11641
38.66645795393114
-14.927048
17.508987
-29.021103
37.035197244795896
-14.209854
16.796494
-29.719543
36.97693141718563
-15.644226
16.796494
-31.81485
39.230711261136825
-14.927048
16.084
-28.322662
35.828550886042684
-14.209854
17.508987
-29.719543
37.305975926703084
-15.644226
17.508987
-29.719543
37.875555959719094
-15.644226
16.084
-29.719543
37.2382613765944
-14.927048
16.796494
-28.322662
36.15400645318839
-13.492676
17.508987
-31.11641
38.16867695363077
-14.927048
17.508987
-29.719543
37.58500619169415
-15.644226
19.6465
-29.021103
38.37904600006363
-16.36142
18.221497
-29.021103
37.97292929673717
-15.644226
16.796494
-29.021103
37.0011942902692
-12.775482
19.6465
-28.322662
36.76099962936264
-15.644226
17.508987
-29.021103
37.33002657096647
-17.078613
18.221497
-29.021103
38.2874197834207
-13.492676
17.508987
-28.322662
35.9275682607773
-15.644226
18.221497
-28.322662
37.134054293616394
-14.209854
18.93399
-28.322662
36.91326470698745
-14.927048
18.221497
-30.417969
38.47197069681868
-15.644226
18.221497
-29.021103
37.66947381916158
-13.492676
17.508987
-30.417969
37.6014594261521
-16.36142
16.796494
-29.021103
37.31008877782757
-17.078613
18.221497
-29.719543
38.81949728088483
-14.209854
17.508987
-29.719543
37.305975926703084
-14.927048
17.508987
-29.719543
37.58500619169415
-12.775482
19.6465
-29.719543
37.84771087859872
-17.078613
18.93399
-28.322662
38.1096873065309
-14.927048
17.508987
-27.624222
35.951064016329894
-15.644226
17.508987
-31.11641
38.98124361171184
-14.209854
18.221497
-27.624222
36.01444886908239
-16.36142
18.221497
-28.322662
37.44185107488761
-14.927048
18.221497
-29.021103
37.377322121633796
-13.492676
17.508987
-29.719543
37.03873869427117
-14.209854
17.508987
-28.322662
36.203008672126444
-13.492676
16.796494
-30.417969
37.27502174504731
-15.644226
16.796494
-27.624222
35.916036389360606
-17.078613
17.508987
-28.322662
37.42214411437682
-14.927048
16.796494
-29.719543
37.25842435673945
-13.492676
16.796494
-30.417969
37.27502174504731
-14.927048
17.508987
-29.021103
37.035197244795896
-13.492676
16.796494
-29.719543
36.7072987462984
-12.775482
18.221497
-30.417969
37.68937210317054
-13.492676
16.796494
-29.021103
36.14414096062113
-13.492676
18.221497
-27.624222
35.73755519845335
-14.209854
17.508987
-28.322662
36.203008672126444
-12.775482
16.084
-29.719543
36.12698855091319
-12.775482
18.221497
-28.322662
36.01956662270522
-14.927048
16.796494
-26.925781
35.07045259912984
-14.927048
16.796494
-29.021103
36.703723654121596
-14.209854
17.508987
-27.624222
35.659252311155164
-14.209854
16.084
-28.322662
35.53573142638002
-14.209854
18.221497
-29.021103
37.096728108124644
-15.644226
18.221497
-27.624222
36.60413127992266
-14.209854
17.508987
-27.624222
35.659252311155164
-14.927048
16.084
-27.624222
35.279021740972354
-12.775482
18.93399
-27.624222
35.84419953946524
-13.492676
18.221497
-27.624222
35.73755519845335
-15.644226
16.796494
-26.227356
34.8530957197492
-15.644226
17.508987
-27.624222
36.25471076611114
-12.775482
16.796494
-28.322662
35.320083533044624
-13.492676
16.796494
-27.624222
35.03244520151105
-12.058289
16.796494
-26.227356
33.397584967189246
-13.492676
18.93399
-26.925781
35.57451363698192
-14.209854
17.508987
-27.624222
35.659252311155164
-14.209854
16.796494
-27.624222
35.31486614030715
-14.209854
18.221497
-26.227356
34.95450097872769
-14.927048
16.796494
-25.528915
34.00977140148475
-14.927048
18.93399
-26.925781
36.142916661562985
-14.927048
17.508987
-26.227356
34.889190521340204
-14.209854
16.796494
-26.925781
34.77124954501743
-16.36142
16.084
-26.925781
35.37497411935891
-14.209854
16.796494
-29.021103
36.41794340105575
-15.644226
14.658997
-28.322662
35.52184214720923
-15.644226
16.084
-29.021103
36.68325578356987
-14.927048
17.508987
-26.925781
35.41721545224335
-15.644226
17.508987
-26.925781
35.725399916848374
-14.927048
15.3714905
-26.925781
34.41071298256911
-13.492676
16.796494
-26.227356
33.94184299731951
-15.644226
16.084
-26.227356
34.51537389564613
-16.36142
19.6465
-26.925781
37.13056303017098
-17.795792
17.508987
-26.925781
36.71855718034479
-16.36142
16.796494
-25.528915
34.66329039736238
-16.36142
16.084
-26.925781
35.37497411935891
-16.36142
18.221497
-26.227356
35.883049782853604
-16.36142
17.508987
-27.624222
36.569911107869814
-14.927048
18.221497
-24.830475
34.22560754631044
-17.078613
18.93399
-25.528915
36.08186018992958
-15.644226
16.796494
-26.925781
35.38165759734749
-17.078613
16.796494
-26.227356
35.52007231283989
-15.644226
16.796494
-27.624222
35.916036389360606
-15.644226
18.221497
-29.021103
37.66947381916158
-16.36142
16.796494
-26.227356
35.180852502639844
-17.078613
16.084
-26.925781
35.71234837100292
-15.644226
16.084
-27.624222
35.58840294011695
-16.36142
17.508987
-28.322662
37.10032126398133
-15.644226
16.084
-26.227356
34.51537389564613
-14.209854
17.508987
-25.528915
34.06185671697614
-14.209854
18.221497
-28.322662
36.55292175554764
-16.36142
18.93399
-27.624222
37.273176318252816
-14.927048
16.796494
-26.925781
35.07045259912984
-17.795792
18.221497
-26.227356
36.55936818851975
-16.36142
16.796494
-26.227356
35.180852502639844
-14.927048
17.508987
-26.925781
35.41721545224335
-14.927048
17.508987
-26.227356
34.889190521340204
-14.209854
18.221497
-27.624222
36.01444886908239
-16.36142
18.93399
-30.417969
39.388384381931054
-15.644226
16.084
-29.021103
36.68325578356987
-14.209854
16.084
-27.624222
34.981604401233156
-16.36142
16.796494
-28.322662
36.769436425897595
-17.795792
16.796494
-28.322662
37.42974212712566
-15.644226
17.508987
-27.624222
36.25471076611114
-14.209854
18.221497
-29.021103
37.096728108124644
-15.644226
17.508987
-29.021103
37.33002657096647
-15.644226
17.508987
-28.322662
36.78966888038169
-13.492676
17.508987
-29.021103
36.48069775365803
-15.644226
18.221497
-27.624222
36.60413127992266
-15.644226
17.508987
-26.925781
35.725399916848374
-14.927048
18.93399
-28.322662
37.19524111918167
-14.209854
18.93399
-26.925781
35.85266481335453
-14.927048
16.796494
-27.624222
35.60950183720281
-14.927048
18.93399
-29.021103
37.72979074120343
-13.492676
16.796494
-27.624222
35.03244520151105
-13.492676
18.221497
-27.624222
35.73755519845335
-13.492676
18.221497
-29.021103
36.827974185626715
-14.927048
18.221497
-29.021103
37.377322121633796
-14.927048
18.221497
-29.719543
37.92217114635085
-14.927048
18.221497
-26.925781
35.77481519650032
-14.927048
18.221497
-26.925781
35.77481519650032
-14.927048
18.221497
-27.624222
36.30340724959143
-15.644226
18.93399
-27.624222
36.96397501918253
-13.492676
18.93399
-26.227356
35.048860287060336
-14.209854
19.6465
-28.322662
37.283751487745974
-16.36142
20.358994
-26.925781
37.51242958069865
-15.644226
18.221497
-27.624222
36.60413127992266
-15.644226
17.508987
-27.624222
36.25471076611114
-14.209854
18.93399
-27.624222
36.38012743071415
-15.644226
18.221497
-28.322662
37.134054293616394
-14.927048
19.6465
-26.227356
36.009386322461985
-14.927048
18.221497
-26.925781
35.77481519650032
-14.209854
17.508987
-28.322662
36.203008672126444
-13.492676
17.508987
-28.322662
35.9275682607773
-15.644226
17.508987
-28.322662
36.78966888038169
-14.927048
16.796494
-26.925781
35.07045259912984
-16.36142
16.796494
-28.322662
36.769436425897595
-15.644226
16.084
-26.925781
35.049030946839316
-15.644226
17.508987
-25.528915
34.68475143952851
-15.644226
18.221497
-25.528915
35.04982502631076
-18.512985
18.93399
-26.227356
37.270643005965496
-15.644226
16.796494
-26.925781
35.38165759734749
-14.927048
18.221497
-26.925781
35.77481519650032
-16.36142
18.221497
-27.624222
36.91634665552139
-15.644226
16.796494
-28.322662
36.455962906571436
-17.795792
18.221497
-28.322662
38.09050213030884
-16.36142
18.221497
-26.925781
36.396657467474775
-17.795792
18.93399
-27.624222
37.92471243762519
-14.209854
18.221497
-27.624222
36.01444886908239
-15.644226
16.796494
-26.925781
35.38165759734749
-17.078613
18.93399
-26.227356
36.57935642416703
-16.36142
17.508987
-26.925781
36.04522576959742
-15.644226
18.221497
-28.322662
37.134054293616394
-15.644226
18.221497
-26.925781
36.079945276730605
-16.36142
18.93399
-28.322662
37.79371950966192
-14.927048
18.93399
-28.322662
37.19524111918167
-15.644226
18.93399
-28.322662
37.48881180755383
-17.078613
18.93399
-26.925781
37.08332144633471
-14.927048
16.796494
-29.021103
36.703723654121596
-16.36142
17.508987
-28.322662
37.10032126398133
-16.36142
18.221497
-26.925781
36.396657467474775
-15.644226
18.221497
-27.624222
36.60413127992266
-16.36142
18.221497
-29.021103
37.97292929673717
-17.078613
18.93399
-28.322662
38.1096873065309
-15.644226
17.508987
-27.624222
36.25471076611114
-14.927048
18.93399
-28.322662
37.19524111918167
-14.209854
18.93399
-28.322662
36.91326470698745
-14.209854
20.358994
-27.624222
37.14170466720581
-15.644226
18.221497
-27.624222
36.60413127992266
-15.644226
18.221497
-26.925781
36.079945276730605
-17.795792
17.508987
-29.719543
38.81373601594705
-17.81874
18.242493
-28.363678
38.14176597279467
-17.101563
18.954987
-29.76056
39.21027672410958
-16.384369
17.529984
-28.363678
37.15166340488673
-16.384369
20.37999
-29.062119
39.0947335757564
-14.949997
19.667496
-27.665237
37.090136460469516
-15.667175
19.667496
-29.062119
38.43016317173595
-15.667175
18.954987
-27.665237
37.0150940495901
-17.81874
19.667496
-27.665237
38.336449361011184
-16.384369
21.092484
-28.363678
38.95944844382265
-14.949997
19.667496
-26.966797
36.572134147377156
-17.101563
18.242493
-29.062119
38.33873553702737
-17.101563
18.954987
-27.665237
37.644659134173665
-17.101563
21.804993
-26.966797
38.66690151099436
-15.685242
20.41417
-27.696487
37.81349753332962
-14.968063
21.839172
-28.394928
38.82350167394181
-15.685242
20.41417
-29.093369
38.848284505037995
-17.119629
23.264175
-28.394928
40.50401757175607
-17.119629
19.701675
-27.696487
38.05697055484711
-17.119629
21.126663
-27.696487
38.813824076649865
-17.119629
20.41417
-29.79181
39.96713432524122
-16.402435
20.41417
-27.696487
38.11657821940802
-14.968063
20.41417
-28.394928
38.040152768571396
-16.402435
21.839172
-27.696487
38.89838964272011
-16.402435
20.41417
-26.998047
37.612135401917655
-17.119629
21.126663
-28.394928
39.31525725624849
-15.685242
23.264175
-27.696487
39.42516955119692
-17.119629
20.41417
-29.093369
39.449260330518236
-15.685242
20.41417
-28.394928
38.32801989895904
-17.119629
18.989166
-28.394928
38.20918919150045
-18.554
19.701675
-28.394928
39.22599845865144
-15.685242
20.41417
-28.394928
38.32801989895904
-17.119629
20.41417
-27.696487
38.43065710176496
-19.27118
19.701675
-29.79181
40.58430954988177
-17.119629
21.126663
-29.093369
39.82262767328002
-18.554
19.701675
-31.188675
41.29334547913713
-18.540817
20.40001
-29.06749
40.06046912510433
-17.823624
18.262512
-30.464355
39.74012873697379
-19.257996
21.112503
-29.06749
40.76183385974403
-18.540817
20.40001
-29.06749
40.06046912510433
-17.823624
18.975006
-28.36905
38.503706320179425
-17.106445
20.40001
-29.06749
39.417124664248085
-19.97519
20.40001
-29.06749
40.74417166189617
-17.823624
20.40001
-28.36905
39.225562779782074
-19.97519
20.40001
-29.06749
40.74417166189617
-18.540817
21.112503
-28.36905
39.92871914179927
-18.540817
18.975006
-29.06749
39.35392851359474
-17.106445
21.825012
-29.06749
40.17313300247287
-19.257996
21.112503
-29.06749
40.76183385974403
-18.540817
20.40001
-28.36905
39.556606245433265
-19.97519
22.537506
-28.36905
41.37330351978949
-17.823624
20.40001
-29.06749
39.73362385005692
-17.823624
22.537506
-27.670609
39.89089276006884
-16.389252
21.825012
-29.76593
40.38501381478422
-19.257996
21.112503
-29.06749
40.76183385974403
-17.823624
23.250015
-29.76593
41.764283438049674
-18.540817
21.825012
-29.06749
40.80455811414486
-15.672058
22.537506
-29.06749
39.980889905268334
-19.257996
21.825012
-28.36905
40.644856925953746
-18.540817
22.537506
-29.76593
41.68586894766469
-16.389252
21.825012
-28.36905
39.36675881017829
-17.823624
21.825012
-28.36905
39.985193182328445
-17.823624
23.96251
-30.464355
42.66099447057874
-17.79921
20.35167
-30.410645
40.69164005434654
-15.647644
22.489166
-30.410645
40.931878788688344
-15.647644
22.489166
-28.315338
39.40012374316307
-17.082031
21.064163
-29.71222
40.22823375461101
-16.364838
21.776672
-30.410645
40.82693501901502
-14.213272
21.776672
-30.410645
40.01309600071581
-17.082031
23.91417
-29.71222
41.79113862504975
-16.364838
21.064163
-30.410645
40.45138080442218
-17.082031
21.064163
-31.109085
41.27069053772831
-16.364838
19.639175
-30.410645
39.72798132299199
-16.364838
22.489166
-32.505966
42.78093470254522
-14.930466
23.201675
-30.410645
41.06146545500416
-14.930466
23.91417
-29.71222
40.958788000295186
-16.364838
22.489166
-31.109085
41.72943449323271
-17.082031
20.35167
-30.410645
40.383083797937594
-15.647644
22.489166
-30.410645
40.931878788688344
-14.930466
23.201675
-30.410645
41.06146545500416
-17.082031
23.201675
-29.71222
41.38755179228865
-16.364838
23.201675
-30.410645
41.604482732013835
-13.496094
23.201675
-29.71222
40.040958034398976
-13.496094
21.776672
-29.013779
38.70616692981155
-14.930466
21.776672
-29.013779
39.229346800458266
-14.930466
22.489166
-29.013779
39.62929109750293
-16.364838
23.201675
-29.71222
41.09673527654751
-14.930466
22.489166
-29.71222
40.14345917398157
-12.061707
23.201675
-29.013779
39.05895296395725
-12.7789
23.201675
-29.013779
39.28635234364155
-15.647644
23.91417
-29.71222
41.22562608492138
-15.647644
23.201675
-29.71222
40.816447933094324
-14.213272
22.489166
-29.71222
39.88227304360924
-14.213272
22.489166
-30.410645
40.40528475500219
-14.213272
24.626663
-29.013779
40.623749980768636
-16.364838
21.776672
-30.410645
40.82693501901502
-14.930466
23.201675
-30.410645
41.06146545500416
-14.213272
23.201675
-29.71222
40.28834668866731
-14.213272
21.776672
-31.109085
40.54646254607176
-13.496094
23.91417
-31.109085
41.4946638606249
-14.213272
22.489166
-31.807526
41.46683509849694
-14.213272
21.776672
-29.71222
39.48488974981046
-15.647644
21.776672
-31.109085
41.0712479979532
-15.647644
20.35167
-29.013779
38.740658526241845
-16.364838
21.064163
-29.013779
39.41200672909288
-14.930466
20.35167
-30.410645
39.52108935626965
-14.930466
19.639175
-31.807526
40.253381433078076
-16.364838
23.201675
-30.410645
41.604482732013835
-15.647644
20.35167
-31.807526
40.87490443413905
-14.930466
21.776672
-31.109085
40.803400354244374
-16.364838
21.776672
-29.71222
40.309396077209776
-14.930466
21.064163
-29.013779
38.838347497391354
-15.647644
21.064163
-30.410645
40.16659035154403
-15.647644
21.776672
-29.013779
39.50786734349565
-15.647644
21.776672
-30.410645
40.54478408626149
-14.213272
21.776672
-31.109085
40.54646254607176
-14.930466
21.064163
-29.71222
39.36284844737008
-13.496094
21.064163
-29.71222
38.84146526366024
-13.496094
21.776672
-31.109085
40.30065838675902
-15.647644
22.489166
-30.410645
40.931878788688344
-16.364838
21.064163
-29.71222
39.92897288907595
-17.082031
22.489166
-29.013779
40.48898203234585
-15.647644
22.489166
-31.109085
41.45342536642026
-14.930466
21.776672
-30.410645
40.27343522672157
-14.930466
21.064163
-30.410645
39.89266911135585
-14.930466
21.064163
-31.109085
40.427626004205806
-14.213272
20.35167
-29.71222
38.71722404176209
-13.496094
21.776672
-31.109085
40.30065838675902
-14.930466
22.489166
-31.807526
41.71810334236655
-14.930466
19.639175
-29.71222
38.619062738962704
-12.7789
21.064163
-31.807526
40.233294888414555
-14.213272
20.35167
-29.71222
38.71722404176209
-14.213272
19.639175
-29.71222
38.34749370477163
-15.647644
18.214172
-29.71222
38.202367707218094
-13.496094
20.35167
-30.410645
39.00182475198276
-17.082031
19.639175
-31.807526
41.100020315346256
-14.930466
20.35167
-30.410645
39.52108935626965
-13.496094
19.639175
-30.410645
38.634816524108956
-12.7789
18.926666
-31.807526
39.15657889676315
-14.930466
17.501663
-31.109085
38.69111263928223
-14.930466
18.926666
-31.109085
39.356226923528254
-15.647644
17.501663
-31.807526
39.53322314739686
-14.213272
18.214172
-32.505966
39.8799575067751
-17.082031
18.214172
-32.505966
40.990117068210786
-14.930466
17.501663
-32.505966
39.822918880514806
-13.496094
17.501663
-31.807526
38.7320459919012
-15.647644
20.35167
-32.505966
41.4207315477784
-14.213272
18.214172
-31.807526
39.312745304282366
-13.496094
19.639175
-31.109085
39.18694863547524
-15.647644
20.35167
-32.505966
41.4207315477784
-13.496094
20.35167
-32.505966
40.65676792761953
-14.213272
19.639175
-32.505966
40.55061097913631
-14.213272
19.639175
-31.109085
39.43969449619412
-16.364838
19.639175
-31.807526
40.80715472748774
-15.647644
20.35167
-31.109085
40.33378647058428
-14.213272
19.639175
-32.505966
40.55061097913631
-14.930466
18.214172
-31.109085
39.01858468950245
-13.496094
20.35167
-31.109085
39.54883193498735
-14.213272
18.926666
-33.204407
40.777056178038094
-13.496094
20.35167
-30.410645
39.00182475198276
-14.213272
18.926666
-30.410645
38.53625683457479
-14.213272
20.35167
-31.109085
39.799279717296706
-12.7789
18.926666
-31.109085
38.591374547340564
-13.496094
19.639175
-31.109085
39.18694863547524
-14.213272
20.35167
-31.109085
39.799279717296706
-14.213272
21.064163
-31.109085
40.168286133932824
-14.213272
18.926666
-28.315338
36.905204790449275
-12.7789
20.35167
-31.109085
39.30986986929141
-14.213272
20.35167
-29.71222
38.71722404176209
-15.647644
20.35167
-31.109085
40.33378647058428
-14.213272
19.639175
-30.410645
38.891150747249846
-16.364838
18.214172
-28.315338
37.434239215255865
-14.930466
20.35167
-31.109085
40.06100846726231
-17.082031
20.35167
-30.410645
40.383083797937594
-16.364838
19.639175
-30.410645
39.72798132299199
-16.364838
20.35167
-31.109085
40.617403135848065
-17.082031
18.214172
-31.109085
39.891440515067735
-17.082031
17.501663
-31.109085
39.57119091448506
-18.516403
18.214172
-29.013779
38.94114273690809
-17.79921
17.501663
-31.807526
40.433140703975745
-18.516403
18.926666
-31.109085
40.851573705534896
-17.79921
18.926666
-30.410645
39.99797358148285
-17.79921
18.214172
-29.71222
39.132900622530045
-17.082031
17.501663
-29.71222
38.482722381284304
-18.516403
18.926666
-29.71222
39.79813872159256
-18.516403
19.639175
-30.410645
40.66155056482644
-17.082031
18.214172
-30.410645
39.34919479302435
-17.79921
18.214172
-29.71222
39.132900622530045
-18.516403
18.926666
-29.013779
39.279450659863166
-19.233582
19.639175
-29.71222
40.47769568115569
-17.082031
20.35167
-29.71222
39.85978231367741
-18.516403
20.35167
-29.71222
40.49522842744099
-18.516403
18.926666
-29.71222
39.79813872159256
-17.79921
18.214172
-29.71222
39.132900622530045
-17.79921
19.639175
-31.109085
40.86911033638364
-17.082031
20.35167
-29.71222
39.85978231367741
-17.79921
18.214172
-28.315338
38.083149737716184
-18.516403
20.35167
-29.71222
40.49522842744099
-18.516403
18.926666
-30.410645
40.32224173717202
-16.364838
21.064163
-29.013779
39.41200672909288
-17.79921
19.639175
-31.807526
41.403233970344935
-17.082031
18.926666
-30.410645
39.68402420803301
-19.233582
18.926666
-30.410645
40.65656976478786
-19.233582
18.926666
-30.410645
40.65656976478786
-17.79921
18.926666
-29.013779
38.9464996371224
-19.233582
20.35167
-30.410645
41.33918802778878
-18.516403
17.501663
-31.807526
40.753945001718854
-18.516403
19.639175
-31.109085
41.186521944001896
-15.647644
18.214172
-29.71222
38.202367707218094
-17.082031
19.639175
-31.109085
40.56190412697917
-16.364838
18.214172
-29.71222
38.50168675282292
-17.79921
18.926666
-31.807526
41.070053172331356
-17.082031
18.926666
-29.71222
39.15137857516562
-17.79921
18.926666
-30.410645
39.99797358148285
-17.082031
18.926666
-30.410645
39.68402420803301
-18.516403
17.501663
-31.807526
40.753945001718854
-17.79921
17.501663
-30.410645
39.34370966538838
-17.082031
18.214172
-30.410645
39.34919479302435
-15.647644
18.926666
-29.71222
38.54715842771763
-16.364838
18.214172
-30.410645
39.043198356315855
-16.364838
17.501663
-31.109085
39.26692447113569
-17.082031
20.35167
-31.109085
40.911628573537165
-17.082031
19.639175
-29.71222
39.50074632156888
-14.930466
20.35167
-30.410645
39.52108935626965
-17.79921
18.214172
-31.109085
40.20376869869447
-17.79921
21.064163
-30.410645
41.052626167327894
-15.647644
20.35167
-31.109085
40.33378647058428
-16.364838
19.639175
-31.109085
40.2651247786158
-14.930466
21.064163
-29.71222
39.36284844737008
-16.364838
20.35167
-31.109085
40.617403135848065
-17.79921
19.639175
-28.315338
38.784885380575446
-17.082031
20.35167
-30.410645
40.383083797937594
-15.647644
18.926666
-31.109085
39.63385584695079
-14.930466
21.064163
-30.410645
39.89266911135585
-17.082031
20.35167
-29.71222
39.85978231367741
-17.082031
20.35167
-32.505966
41.98361613102783
-16.364838
19.639175
-30.410645
39.72798132299199
-17.79921
18.926666
-29.71222
39.46956340709731
-17.79921
18.926666
-31.807526
41.070053172331356
-17.79921
19.639175
-31.109085
40.86911033638364
-17.79921
18.926666
-32.505966
41.61331920144003
-17.79921
20.35167
-31.807526
41.74590934769088
-17.79921
18.214172
-30.410645
39.66579438433857
-17.082031
20.35167
-30.410645
40.383083797937594
-17.082031
20.35167
-31.109085
40.911628573537165
-15.647644
17.501663
-30.410645
38.418281526751684
-16.364838
18.214172
-31.109085
39.5896338872706
-18.516403
19.639175
-31.807526
41.716580292361726
-17.082031
17.501663
-31.807526
40.122596549902525
-17.082031
18.926666
-31.109085
40.221754695453676
-17.79921
18.214172
-31.807526
40.746614842140566
-19.233582
16.78917
-30.410645
39.70660219425102
-19.233582
19.639175
-29.013779
39.967827637910844
-17.79921
18.214172
-30.410645
39.66579438433857
-19.950775
18.926666
-31.109085
41.521406788302436
-17.79921
17.501663
-29.71222
38.806391679158345
-17.082031
17.501663
-29.71222
38.482722381284304
-17.79921
18.214172
-32.505966
41.29413772615763
-17.082031
18.926666
-30.410645
39.68402420803301
-17.79921
19.639175
-31.109085
40.86911033638364
-17.082031
18.214172
-29.71222
38.811955888899426
-18.516403
18.214172
-31.807526
41.064973289288766
-17.082031
18.214172
-31.807526
40.43847806004202
-16.364838
21.064163
-31.109085
40.97904321018092
-18.516403
18.926666
-30.410645
40.32224173717202
-19.233582
18.214172
-30.410645
40.329817017003684
-16.364838
19.639175
-31.109085
40.2651247786158
-17.79921
18.926666
-29.71222
39.46956340709731
-17.79921
19.639175
-31.109085
40.86911033638364
-18.516403
19.639175
-29.71222
40.141877899870664
-16.364838
18.214172
-31.109085
39.5896338872706
-17.082031
18.926666
-31.109085
40.221754695453676
-17.082031
19.639175
-31.109085
40.56190412697917
-15.647644
18.926666
-30.410645
39.08803852663082
-17.79921
18.926666
-31.109085
40.531539127727434
-17.79921
18.926666
-29.71222
39.46956340709731
-19.233582
18.214172
-30.410645
40.329817017003684
-17.79921
18.926666
-30.410645
39.99797358148285
-17.082031
18.214172
-29.71222
38.811955888899426
-16.364838
18.926666
-31.109085
39.922446791404205
-17.082031
18.214172
-31.807526
40.43847806004202
-14.930466
17.501663
-30.410645
38.13180331204027
-17.082031
16.78917
-29.71222
38.163962544649046
-19.233582
17.501663
-31.807526
41.08476018587975
-18.516403
16.78917
-31.109085
39.90624694107271
-16.364838
15.364166
-31.807526
38.93050511508456
-17.79921
16.78917
-31.807526
40.129873389798405
-16.364838
17.501663
-31.109085
39.26692447113569
-16.364838
17.501663
-31.109085
39.26692447113569
-17.082031
18.214172
-32.505966
40.990117068210786
-14.930466
16.78917
-31.109085
38.37408227475528
-18.516403
16.78917
-31.807526
40.45308577151439
-17.082031
18.926666
-32.505966
41.3116490078767
-17.79921
18.926666
-33.204407
42.16115641620332
-17.082031
18.214172
-32.505966
40.990117068210786
-17.082031
18.214172
-31.807526
40.43847806004202
-17.79921
18.926666
-32.505966
41.61331920144003
-14.930466
17.501663
-33.204407
40.395044789611106
-16.364838
16.78917
-29.71222
37.848383348173705
-16.364838
18.214172
-31.807526
40.140786176204244
-17.082031
18.214172
-31.807526
40.43847806004202
-16.364838
17.501663
-29.013779
37.628653009957056
-17.082031
17.501663
-31.109085
39.57119091448506
-17.082031
18.214172
-32.505966
40.990117068210786
-19.233582
17.501663
-30.410645
40.01307464539716
-17.082031
18.214172
-30.410645
39.34919479302435
-18.516403
18.214172
-30.410645
39.992757523042535
-19.233582
18.926666
-31.109085
41.18160463783405
-17.082031
18.926666
-31.807526
40.76436132575702
-17.082031
18.926666
-32.505966
41.3116490078767
-17.79921
18.214172
-31.807526
40.746614842140566
-17.082031
19.639175
-31.109085
40.56190412697917
-17.082031
17.501663
-32.505966
40.67851793378247
-17.082031
18.214172
-31.807526
40.43847806004202
-19.233582
18.214172
-30.410645
40.329817017003684
-19.233582
18.926666
-31.109085
41.18160463783405
-17.79921
18.926666
-31.109085
40.531539127727434
-19.233582
16.78917
-31.109085
40.244031001503814
-18.516403
16.78917
-30.410645
39.36420673002792
-18.516403
16.78917
-31.109085
39.90624694107271
-18.516403
16.78917
-31.807526
40.45308577151439
-17.082031
16.076675
-31.807526
39.52181520316501
-17.082031
16.076675
-31.109085
38.96190954647645
-19.233582
16.78917
-31.109085
40.244031001503814
-19.950775
16.78917
-29.71222
39.53132411060247
-18.516403
16.78917
-30.410645
39.36420673002792
-19.950775
16.076675
-30.410645
39.765566674809875
-19.950775
17.501663
-31.807526
41.42535820888426
-20.667969
16.076675
-31.109085
40.66201588869903
-19.233582
18.214172
-31.807526
41.39330281069783
-19.950775
17.501663
-29.71222
39.83914801854766
-18.516403
17.501663
-31.109085
40.21119933249707
-20.667969
18.214172
-30.410645
41.03325811441708
-19.233582
16.78917
-29.71222
39.17426199348719
-18.516403
17.501663
-29.71222
39.140534555783724
-19.950775
18.214172
-31.109085
41.20151328853863
-19.950775
18.214172
-30.410645
40.676735387169565
-19.233582
18.926666
-29.013779
39.622578543915466
-18.516403
16.78917
-31.807526
40.45308577151439
-19.233582
18.926666
-29.013779
39.622578543915466
-19.950775
18.214172
-29.013779
39.64327013740794
-20.667969
18.214172
-30.410645
41.03325811441708
-19.233582
16.78917
-29.71222
39.17426199348719
-19.233582
16.78917
-32.505966
41.33333645072023
-18.516403
16.78917
-30.410645
39.36420673002792
-17.79921
17.501663
-29.71222
38.806391679158345
-18.516403
16.076675
-31.109085
39.61176336487685
-17.79921
16.78917
-29.71222
38.49031242261648
-19.233582
17.501663
-31.807526
41.08476018587975
-17.79921
17.501663
-31.109085
39.886028426905014
-16.364838
17.501663
-31.807526
39.822541843372925
-18.516403
16.78917
-32.505966
41.00452677230055
-17.79921
16.78917
-33.204407
41.245856799501695
-17.082031
18.214172
-33.204407
41.54617277988732
-17.79921
16.076675
-31.807526
39.83704294038872
-18.516403
16.076675
-32.505966
40.71798702997776
-17.79921
16.076675
-33.204407
40.96100529867553
-17.79921
16.076675
-33.204407
40.96100529867553
-17.79921
14.651672
-33.204407
40.422963661895665
-17.79921
16.076675
-32.505966
40.39689566894342
-19.233582
16.076675
-32.505966
41.049092000939105
-17.082031
15.364166
-32.505966
39.80566807550779
-17.79921
16.78917
-31.109085
39.578570677020885
-18.516403
16.076675
-33.204407
41.277708792568205
-17.79921
15.364166
-31.109085
38.99544244203417
-17.082031
16.78917
-32.505966
40.377095171063566
-17.79921
16.78917
-31.109085
39.578570677020885
-17.79921
15.364166
-31.807526
39.554874981039
-19.233582
16.78917
-32.505966
41.33333645072023
-19.233582
16.076675
-31.109085
39.9520372847634
-17.79921
16.78917
-31.807526
40.129873389798405
-18.516403
17.501663
-31.109085
40.21119933249707
-18.516403
16.78917
-31.109085
39.90624694107271
-17.79921
16.78917
-31.109085
39.578570677020885
-17.79921
18.214172
-33.204407
41.84615377710955
-18.516403
16.78917
-31.109085
39.90624694107271
-17.79921
16.78917
-33.204407
41.245856799501695
-19.233582
16.076675
-31.109085
39.9520372847634
-18.516403
15.364166
-32.505966
40.44196597971824
-18.516403
15.364166
-32.505966
40.44196597971824
-20.667969
18.214172
-30.410645
41.03325811441708
-17.79921
16.78917
-32.505966
40.685696844645236
-17.082031
17.501663
-31.109085
39.57119091448506
-17.082031
18.214172
-32.505966
40.990117068210786
-18.516403
15.364166
-31.807526
39.8827474595454
-17.79921
17.501663
-33.204407
41.54097627597283
-17.79921
15.364166
-31.807526
39.554874981039
-17.79921
16.076675
-33.204407
40.96100529867553
-17.79921
16.076675
-31.109085
39.28163067884355
-16.364838
17.501663
-32.505966
40.38259410005752
-18.516403
13.226669
-33.902832
40.831407732551604
-17.082031
16.076675
-32.505966
40.0860707279505
-18.516403
16.076675
-31.109085
39.61176336487685
-17.79921
16.78917
-33.902832
41.81016727891225
-17.79921
15.364166
-33.902832
41.25859285500415
-17.082031
15.364166
-33.204407
40.37803841605143
-17.79921
15.364166
-32.505966
40.11866553387276
-17.79921
17.501663
-31.109085
39.886028426905014
-18.516403
16.78917
-32.505966
41.00452677230055
-18.516403
15.364166
-31.109085
39.3279791167338
-18.516403
14.651672
-31.807526
39.6137263388983
-19.233582
15.364166
-32.505966
40.77531236707835
-17.79921
16.78917
-32.505966
40.685696844645236
-19.950775
17.501663
-32.505966
41.964026167510426
-19.233582
15.364166
-33.204407
41.33425787435209
-19.233582
16.076675
-33.204407
41.60435950104493
-19.233582
16.076675
-32.505966
41.049092000939105
-18.516403
16.78917
-31.807526
40.45308577151439
-19.950775
13.939163
-31.807526
40.05062256899463
-20.667969
16.78917
-31.807526
41.48204148333348
-19.233582
16.78917
-31.109085
40.244031001503814
-20.667969
15.364166
-31.807526
40.92604503380915
-17.082031
16.076675
-31.807526
39.52181520316501
-19.950775
15.364166
-33.204407
41.672815301539806
-18.516403
16.076675
-32.505966
40.71798702997776
-18.516403
16.076675
-32.505966
40.71798702997776
-19.950775
15.364166
-31.807526
40.56858011297428
-18.516403
15.364166
-33.204407
41.00545558453549
-19.233582
16.076675
-31.807526
40.49825782325395
-18.516403
14.651672
-30.410645
38.50111605525222
-19.233582
15.364166
-33.204407
41.33425787435209
-19.233582
16.076675
-29.013779
38.34304960648018
-19.233582
15.364166
-31.807526
40.22072887517082
-19.233582
16.076675
-31.807526
40.49825782325395
