-16.231735
20.02745
-24.959473
35.88235238791661
-16.231735
20.739944
-24.959473
36.28484316832581
-16.231735
22.164948
-25.657913
37.590991495324545
-16.231735
22.877457
-24.261047
37.08700147910232
-15.514542
22.164948
-24.959473
36.80979735940725
-16.948914
20.739944
-26.356354
37.57749804570549
-16.231735
22.164948
-25.657913
37.590991495324545
-15.514542
22.877457
-24.959473
37.24317818458922
-15.514542
22.877457
-26.356354
38.193408465274636
-16.231735
21.452454
-25.657913
37.175334472793416
-16.231735
20.02745
-22.864166
34.45777321252238
-15.514542
20.02745
-24.959473
35.5636773476025
-15.514542
22.164948
-24.261047
36.33984354005428
-15.514542
22.164948
-25.657913
37.28692067099401
-15.514542
21.452454
-24.261047
35.909707323760315
-14.797363
21.452454
-27.054794
37.5650315026738
-14.797363
22.877457
-25.657913
37.42550543454624
-16.231735
21.452454
-27.054794
38.152836277472545
-15.514542
22.877457
-24.959473
37.24317818458922
-15.514542
21.452454
-24.959473
36.38521723451881
-13.362976
21.452454
-24.959473
35.52115140681148
-14.797363
22.164948
-25.657913
36.994262250423716
-14.797363
22.164948
-26.356354
37.48205299706781
-14.797363
22.164948
-25.657913
36.994262250423716
-14.08017
22.164948
-27.753235
38.207042232707245
-12.645798
22.164948
-26.356354
36.68594445435217
-14.08017
21.452454
-26.356354
36.78472961716332
-14.08017
20.739944
-27.054794
36.883036730148724
-14.08017
19.314957
-26.356354
35.58055753102739
-14.08017
21.452454
-27.054794
37.28834802505335
-14.797363
21.452454
-26.356354
37.0651743343735
-14.08017
21.452454
-26.356354
36.78472961716332
-14.797363
21.452454
-27.054794
37.5650315026738
-14.797363
22.164948
-26.356354
37.48205299706781
-14.08017
21.452454
-27.753235
37.79816037500205
-14.797363
21.452454
-28.45166
38.58324439503338
-15.514542
19.314957
-29.1501
38.25567864046052
-15.514542
17.889954
-27.753235
36.482784025803696
-14.797363
20.02745
-27.753235
37.28676352775875
-16.231735
20.02745
-27.753235
37.8788867127025
-16.948914
20.02745
-27.054794
37.68721820479226
-17.666107
20.739944
-27.753235
38.89059988950576
-16.231735
20.739944
-27.753235
38.260378557756226
-15.514542
20.02745
-27.753235
37.577145582350816
-14.797363
20.02745
-28.45166
37.80949109929278
-16.948914
19.314957
-26.356354
36.810198622885075
-16.231735
19.314957
-27.054794
36.99322612718273
-16.948914
20.739944
-27.753235
38.57010599119317
-17.666107
17.889954
-25.657913
35.9231153276515
-16.948914
17.889954
-25.657913
35.5758998947365
-17.666107
18.602448
-26.356354
36.780426923670966
-17.666107
17.889954
-25.657913
35.9231153276515
-17.666107
19.314957
-27.054794
37.64466561957185
-16.948914
20.02745
-29.1501
39.21852745205781
-16.948914
18.602448
-27.753235
37.464100655035416
-16.948914
17.889954
-27.753235
37.1154715386867
-16.231735
20.02745
-28.45166
38.39355338342949
-16.948914
19.314957
-27.753235
37.822946968511225
-16.231735
19.314957
-27.054794
36.99322612718273
-16.948914
18.602448
-27.753235
37.464100655035416
-16.948914
20.02745
-29.1501
39.21852745205781
-16.231735
18.602448
-26.356354
36.11340103583433
-14.797363
18.602448
-26.356354
35.49183582397859
-15.514542
19.314957
-28.45166
37.72619120623877
-14.797363
19.314957
-26.356354
35.87041973156643
-16.231735
17.889954
-28.45166
37.32313761679878
-16.231735
17.889954
-27.753235
36.793501039585784
-16.231735
18.602448
-27.054794
36.626249845355105
-14.797363
19.314957
-26.356354
35.87041973156643
-15.514542
18.602448
-27.054794
36.31410179610412
-16.231735
20.02745
-29.1501
38.91396133418892
-15.514542
19.314957
-26.356354
36.1721719750228
-16.948914
19.314957
-27.753235
37.822946968511225
-16.231735
17.889954
-27.054794
36.26956806170722
-16.231735
17.889954
-27.054794
36.26956806170722
-16.231735
19.314957
-27.054794
36.99322612718273
-17.666107
16.46495
-27.753235
36.788965445030186
-16.948914
17.177444
-27.753235
36.77733524462196
-16.231735
19.314957
-26.356354
36.48553430973963
-16.231735
17.889954
-27.054794
36.26956806170722
-16.231735
19.314957
-27.054794
36.99322612718273
-16.948914
16.46495
-27.054794
35.921056020459645
-15.514542
17.889954
-27.054794
35.95432350783769
-17.666107
19.314957
-25.657913
36.65361410226572
-16.948914
17.177444
-25.657913
35.22298700389509
-15.514542
20.02745
-26.356354
36.55758847887296
-14.797363
20.739944
-27.054794
37.16273794806937
-16.948914
20.02745
-27.054794
37.68721820479226
-16.231735
18.602448
-25.657913
35.606863873174966
-15.514542
17.177444
-25.657913
34.55566691891415
-16.231735
20.02745
-27.753235
37.8788867127025
-14.797363
19.314957
-25.657913
35.360402037117204
-16.948914
17.889954
-25.657913
35.5758998947365
-16.231735
20.02745
-26.356354
36.8676733982072
-16.948914
17.177444
-26.356354
35.734965971282946
-15.514542
20.02745
-25.657913
36.05729185474746
-14.797363
18.602448
-26.356354
35.49183582397859
-15.514542
17.889954
-26.356354
35.431750387849526
-14.08017
19.314957
-27.753235
36.62732301186677
-15.514542
19.314957
-27.753235
37.20229321046201
-13.362976
17.177444
-26.356354
34.18027410210914
-14.08017
20.739944
-27.753235
37.39837629904121
-15.514542
18.602448
-26.356354
35.796779517550526
-15.514542
15.752457
-26.356354
34.40200998511025
-15.514542
19.314957
-27.054794
36.684199170078664
-14.797363
17.889954
-27.054794
35.650727415220786
-14.797363
17.889954
-27.054794
35.650727415220786
-15.514542
17.177444
-25.657913
34.55566691891415
-15.514542
18.602448
-26.356354
35.796779517550526
-15.514542
17.889954
-25.657913
34.915325518383575
-16.231735
18.602448
-24.959473
35.10691677531295
-15.514542
17.177444
-27.753235
36.13872840084011
-16.231735
19.314957
-27.054794
36.99322612718273
-14.797363
18.602448
-26.356354
35.49183582397859
-14.797363
17.889954
-27.753235
36.18362052823418
-16.948914
17.889954
-26.356354
36.0828717373285
-14.08017
17.177444
-27.753235
35.54655906453007
-15.514542
18.602448
-26.356354
35.796779517550526
-15.514542
17.889954
-25.657913
34.915325518383575
-14.08017
18.602448
-26.356354
35.198859595118634
-15.514542
19.314957
-26.356354
36.1721719750228
-14.797363
18.602448
-25.657913
34.97629987197581
-14.08017
17.177444
-26.356354
34.46698629893902
-14.797363
17.889954
-26.356354
35.123635913792974
-16.948914
17.177444
-25.657913
35.22298700389509
-15.514542
18.602448
-26.356354
35.796779517550526
-15.514542
17.177444
-25.657913
34.55566691891415
-14.797363
17.177444
-27.054794
35.29856265332379
-16.231735
16.46495
-27.054794
35.588281172823415
-15.514542
17.177444
-26.356354
35.07738724168499
-15.514542
17.177444
-28.45166
36.6778212717466
-16.231735
16.46495
-27.753235
36.12209722874802
-15.514542
15.752457
-25.657913
33.86988977829349
-14.797363
17.177444
-27.054794
35.29856265332379
-14.797363
17.889954
-28.45166
36.722054372594
-14.797363
15.752457
-27.753235
35.17590075805629
-13.362976
17.889954
-26.356354
34.543841383654225
-13.362976
17.177444
-27.054794
34.72168923202038
-16.231735
17.177444
-28.45166
36.98689986628712
-14.08017
17.177444
-28.45166
36.09449742191495
-14.797363
17.889954
-27.054794
35.650727415220786
-15.514542
17.889954
-27.753235
36.482784025803696
-14.08017
17.889954
-27.753235
35.89629091106594
-14.797363
18.602448
-25.657913
34.97629987197581
-14.08017
18.602448
-27.054794
35.724839539965046
-14.797363
17.177444
-27.054794
35.29856265332379
-14.797363
18.602448
-27.054794
36.01353708698473
-14.797363
17.177444
-28.45166
36.380261646942564
-14.08017
17.177444
-27.054794
35.003967060333856
-13.362976
19.314957
-27.753235
36.35765097169628
-16.231735
17.889954
-28.45166
37.32313761679878
-14.797363
17.177444
-27.054794
35.29856265332379
-14.797363
16.46495
-26.356354
34.4196744502009
-12.645798
17.177444
-27.753235
35.00318414645481
-15.514542
17.177444
-26.356354
35.07738724168499
-13.362976
17.177444
-27.753235
35.268622491130486
-14.08017
17.177444
-27.054794
35.003967060333856
-13.362976
17.889954
-29.1501
36.71985703118443
-13.362976
18.602448
-27.054794
35.448300823170634
-13.362976
17.177444
-27.753235
35.268622491130486
-11.928604
20.02745
-29.848541
37.87249405127767
-14.08017
17.889954
-27.753235
35.89629091106594
-12.645798
18.602448
-30.546982
37.93527813458651
-12.645798
17.177444
-29.1501
36.120758969263434
-13.362976
18.602448
-27.054794
35.448300823170634
-13.362976
17.889954
-29.848541
37.27673445516151
-11.928604
16.46495
-28.45166
34.9697466206282
-14.08017
17.177444
-27.753235
35.54655906453007
-13.362976
16.46495
-27.753235
34.92714935002211
-14.797363
17.177444
-27.054794
35.29856265332379
-14.08017
15.752457
-28.45166
35.438509272444364
-15.514542
15.0399475
-27.753235
35.17304459961136
-14.08017
15.752457
-28.45166
35.438509272444364
-15.514542
15.0399475
-28.45166
35.7267119844347
-17.666107
15.752457
-27.753235
36.475653066142115
-15.514542
15.752457
-27.054794
34.93998761269099
-15.514542
15.0399475
-29.848541
36.84883208164473
-14.797363
15.752457
-27.753235
35.17590075805629
-16.948914
15.0399475
-28.45166
36.372553477648154
-14.08017
17.177444
-27.753235
35.54655906453007
-15.514542
17.177444
-28.45166
36.6778212717466
-14.797363
17.177444
-29.848541
37.48282158619465
-16.231735
18.602448
-27.054794
36.626249845355105
-16.231735
17.177444
-27.753235
36.45237823388551
-14.797363
15.752457
-28.45166
35.72952388366132
-14.08017
15.752457
-28.45166
35.438509272444364
-14.797363
17.177444
-27.054794
35.29856265332379
-14.797363
17.889954
-27.753235
36.18362052823418
-14.08017
17.889954
-27.054794
35.35906601997128
-11.928604
19.314957
-27.753235
35.85528128866182
-15.514542
16.46495
-26.356354
34.73403234480108
-14.797363
16.46495
-26.356354
34.4196744502009
-14.08017
17.889954
-27.753235
35.89629091106594
-15.514542
15.752457
-27.753235
35.483559683499905
-14.797363
17.177444
-27.054794
35.29856265332379
-14.797363
16.46495
-29.1501
36.603072440839924
-14.08017
15.0399475
-26.356354
33.453081212021786
-16.231735
15.752457
-29.1501
36.89630773416308
-14.797363
15.752457
-27.753235
35.17590075805629
-15.514542
17.889954
-26.356354
35.431750387849526
-15.514542
17.177444
-28.45166
36.6778212717466
-14.08017
17.177444
-27.753235
35.54655906453007
-14.797363
17.889954
-27.753235
36.18362052823418
-15.514542
15.752457
-27.753235
35.483559683499905
-15.514542
16.46495
-27.753235
35.80555260928464
-16.948914
16.46495
-27.054794
35.921056020459645
-14.797363
16.46495
-27.753235
35.500684274875255
-16.231735
15.752457
-27.753235
35.80294954733566
-16.231735
15.0399475
-28.45166
36.04394900348219
-16.231735
13.614944
-28.45166
35.47298811408742
-15.514542
14.327454
-29.848541
36.56381207581651
-16.231735
15.0399475
-29.1501
36.59778278909974
-15.514542
15.752457
-27.753235
35.483559683499905
-14.797363
17.177444
-27.753235
35.83669285365908
-15.514542
17.177444
-27.753235
36.13872840084011
-16.231735
15.0399475
-27.054794
34.951839772973685
-15.514542
17.177444
-27.054794
35.605161691284316
-14.797363
15.0399475
-27.054794
34.30923930032824
-16.231735
15.0399475
-27.054794
34.951839772973685
-15.514542
17.889954
-27.054794
35.95432350783769
-14.08017
17.889954
-27.753235
35.89629091106594
-14.08017
17.889954
-26.356354
34.827560700901806
-15.514542
17.889954
-27.054794
35.95432350783769
-14.797363
17.177444
-27.753235
35.83669285365908
-15.514542
17.889954
-28.45166
37.01686660275202
-14.08017
17.177444
-27.054794
35.003967060333856
-14.08017
17.177444
-26.356354
34.46698629893902
-15.514542
16.46495
-27.054794
35.26694725035575
-15.514542
15.752457
-27.753235
35.483559683499905
-15.514542
17.177444
-26.356354
35.07738724168499
-15.514542
16.46495
-28.45166
36.34958707425368
-14.08017
17.889954
-26.356354
34.827560700901806
-15.514542
16.46495
-27.753235
35.80555260928464
-14.797363
17.889954
-27.753235
36.18362052823418
-14.797363
16.46495
-27.054794
34.95738197702311
-16.948914
15.752457
-26.356354
35.0722538238028
-14.797363
15.752457
-27.753235
35.17590075805629
-14.797363
15.0399475
-27.753235
34.86264552116455
-14.797363
15.0399475
-27.054794
34.30923930032824
-14.797363
17.889954
-27.054794
35.650727415220786
-17.666107
17.177444
-27.753235
37.11331229112743
-15.514542
16.46495
-27.054794
35.26694725035575
-14.797363
17.177444
-28.45166
36.380261646942564
-16.948914
15.0399475
-26.356354
34.75806448689282
-15.514542
15.752457
-27.054794
34.93998761269099
-14.797363
14.327454
-27.753235
34.561249694835254
-16.231735
16.46495
-27.753235
36.12209722874802
-16.231735
18.602448
-27.753235
37.14515216150773
-16.231735
16.46495
-24.959473
34.02262574376058
-15.514542
15.0399475
-27.753235
35.17304459961136
-16.948914
16.46495
-28.45166
36.98455323150971
-15.514542
15.752457
-26.356354
34.40200998511025
-18.3833
16.46495
-25.657913
35.600124950403966
-17.666107
15.752457
-27.753235
36.475653066142115
-16.948914
15.0399475
-26.356354
34.75806448689282
-17.666107
17.889954
-27.054794
36.933775325108925
-16.231735
16.46495
-27.054794
35.588281172823415
-16.948914
17.177444
-26.356354
35.734965971282946
-17.666107
15.752457
-24.959473
34.397769447578284
-17.666107
15.752457
-27.054794
35.947087715618565
-16.948914
16.46495
-25.657913
34.8810653607817
-16.948914
15.752457
-27.753235
36.13374745412002
-16.948914
17.177444
-25.657913
35.22298700389509
-16.948914
15.0399475
-26.356354
34.75806448689282
-17.666107
16.46495
-27.054794
36.26496693985033
-17.666107
16.46495
-27.054794
36.26496693985033
-16.948914
15.752457
-26.356354
35.0722538238028
-19.10048
17.177444
-27.054794
37.30757106001994
-18.3833
15.752457
-26.356354
35.7874704609335
-16.231735
15.0399475
-25.657913
33.88211626705709
-18.3833
15.752457
-26.356354
35.7874704609335
-16.231735
15.0399475
-27.753235
35.49523034089404
-16.231735
16.46495
-26.356354
35.060250874833315
-16.948914
15.0399475
-27.753235
35.828867741974136
-17.666107
15.752457
-26.356354
35.424407854966326
-16.948914
15.752457
-29.1501
37.2173888552532
-16.948914
15.0399475
-27.054794
35.290616490856145
-16.948914
15.0399475
-28.45166
36.372553477648154
-17.666107
14.327454
-27.753235
35.88327430711974
-16.231735
15.752457
-27.753235
35.80294954733566
-16.231735
15.0399475
-26.356354
34.41404742479806
-16.231735
15.0399475
-25.657913
33.88211626705709
-17.666107
15.752457
-26.356354
35.424407854966326
-16.948914
17.177444
-27.054794
36.253168638453175
-17.666107
17.177444
-27.753235
37.11331229112743
-16.231735
18.602448
-27.753235
37.14515216150773
-15.514542
15.752457
-27.054794
34.93998761269099
-17.666107
17.177444
-27.054794
36.593960156313706
-16.948914
15.752457
-25.657913
34.55045775180663
-17.666107
17.889954
-26.356354
36.42525489733651
-17.666107
16.46495
-25.657913
35.23513025798081
-18.3833
17.177444
-25.657913
35.935203730986416
-17.666107
15.752457
-27.054794
35.947087715618565
-16.231735
16.46495
-27.753235
36.12209722874802
-18.3833
17.177444
-27.753235
37.46001123072776
-18.3833
16.46495
-26.356354
36.10675496228164
-18.3833
16.46495
-29.1501
38.19383194742477
-16.231735
16.46495
-27.054794
35.588281172823415
-16.948914
15.752457
-27.753235
36.13374745412002
-19.10048
16.46495
-26.356354
36.477120531445806
-18.3833
17.177444
-25.657913
35.935203730986416
-18.3833
16.46495
-27.753235
37.13869236662924
-18.3833
15.0399475
-26.356354
35.479617002671404
-17.666107
17.177444
-26.356354
36.08065069385788
-17.666107
17.177444
-26.356354
36.08065069385788
-18.3833
17.177444
-25.657913
35.935203730986416
-16.948914
17.889954
-26.356354
36.0828717373285
-18.3833
15.0399475
-25.657913
34.96389914131521
-16.948914
17.177444
-25.657913
35.22298700389509
-19.10048
16.46495
-26.356354
36.477120531445806
-19.10048
18.602448
-27.054794
37.984751000812814
-20.534851
15.752457
-25.657913
36.443770901211636
-19.817673
17.889954
-26.356354
37.51596990678603
-18.3833
16.46495
-26.356354
36.10675496228164
-19.10048
17.177444
-25.657913
36.307319310944386
-18.3833
16.46495
-25.657913
35.600124950403966
-19.10048
15.752457
-25.657913
35.655246891016965
-18.3833
17.177444
-25.657913
35.935203730986416
-19.817673
16.46495
-26.356354
36.85772900627492
-21.252045
17.177444
-24.959473
37.00931246300551
-21.252045
17.177444
-25.657913
37.48389628185349
-19.817673
15.752457
-27.054794
37.0518814494664
-19.817673
17.177444
-25.657913
36.68968929796558
-20.534851
17.889954
-25.657913
37.41736337626223
-20.534851
17.177444
-26.356354
37.56863185703433
-18.3833
17.177444
-25.657913
35.935203730986416
-19.10048
18.602448
-28.45166
38.99200357475155
-21.252045
18.602448
-27.054794
39.11089814253343
-19.817673
17.177444
-27.753235
38.184379987109914
-20.534851
15.0399475
-25.657913
36.14150824417905
-20.534851
17.177444
-27.054794
38.06187942074146
-20.534851
17.889954
-25.657913
37.41736337626223
-19.10048
17.177444
-27.753235
37.81712587923129
-17.666107
17.889954
-24.959473
35.427631383281714
-21.252045
17.177444
-26.356354
37.965396585451664
-19.817673
16.46495
-26.356354
36.85772900627492
-21.252045
17.889954
-25.657913
37.81571525586287
-19.10048
16.46495
-26.356354
36.477120531445806
-20.534851
17.177444
-26.356354
37.56863185703433
-19.10048
16.46495
-26.356354
36.477120531445806
-22.686417
15.752457
-26.356354
38.17683623868422
-20.534851
14.327454
-26.356354
36.35400287988415
-19.817673
15.752457
-28.45166
38.08381484469485
-19.10048
15.752457
-27.054794
36.673289677655724
-19.817673
16.46495
-27.054794
37.36036176028512
-18.3833
15.752457
-27.054794
36.30492538791224
-17.666107
16.46495
-27.054794
36.26496693985033
-19.10048
17.177444
-28.45166
38.332621780646896
-19.10048
18.602448
-27.054794
37.984751000812814
-18.3833
17.889954
-26.356354
36.77843885285406
-18.3833
17.889954
-27.054794
37.282142238380196
-19.10048
15.752457
-27.054794
36.673289677655724
-19.10048
17.177444
-28.45166
38.332621780646896
-17.666107
19.314957
-26.356354
37.145880071011916
-18.3833
18.602448
-27.054794
37.62922720750952
-18.3833
18.602448
-27.054794
37.62922720750952
-16.948914
17.889954
-27.753235
37.1154715386867
-18.3833
20.02745
-25.657913
37.38145324723211
-17.666107
17.889954
-25.657913
35.9231153276515
-19.817673
19.314957
-26.356354
38.21603181768909
-19.10048
20.02745
-27.753235
39.1939943033767
-19.817673
17.889954
-26.356354
37.51596990678603
-19.10048
17.177444
-25.657913
36.307319310944386
-18.3833
18.602448
-26.356354
37.13023426905626
-19.10048
18.602448
-27.054794
37.984751000812814
-18.3833
17.177444
-27.054794
36.94553139473111
-16.948914
17.889954
-27.753235
37.1154715386867
-18.3833
18.602448
-27.054794
37.62922720750952
-19.817673
17.889954
-27.054794
38.009899255407795
-18.3833
18.602448
-28.45166
38.64574717111913
-18.3833
20.02745
-29.1501
39.85941481279862
-17.666107
19.314957
-27.753235
38.149718229320676
-18.3833
17.889954
-27.054794
37.282142238380196
-17.666107
17.889954
-28.45166
37.9689171807019
-17.666107
19.314957
-29.848541
39.700054916228545
-18.3833
18.602448
-28.45166
38.64574717111913
-17.666107
17.889954
-27.054794
36.933775325108925
-18.3833
18.602448
-27.054794
37.62922720750952
-18.3833
18.602448
-27.054794
37.62922720750952
-20.534851
19.314957
-27.054794
39.07313136576799
-19.10048
18.602448
-24.959473
36.521976073702874
-17.666107
19.314957
-26.356354
37.145880071011916
-18.3833
19.314957
-27.753235
38.4870805737945
-16.948914
17.889954
-25.657913
35.5758998947365
-20.534851
18.602448
-25.657913
37.76320553637909
-19.10048
17.889954
-25.657913
36.649792296691466
-17.666107
18.602448
-27.054794
37.28410181359979
-17.666107
20.02745
-27.054794
38.0151561828881
-18.3833
19.314957
-27.054794
37.98651365585637
-19.10048
17.889954
-26.356354
37.14210727479662
-18.3833
19.314957
-28.45166
38.99372069841823
-19.10048
18.602448
-27.054794
37.984751000812814
-18.3833
17.889954
-28.45166
38.30787339519775
-18.3833
19.314957
-27.753235
38.4870805737945
-19.10048
20.739944
-27.753235
39.56280700660896
-16.948914
17.889954
-27.753235
37.1154715386867
-18.3833
17.889954
-26.356354
36.77843885285406
-19.10048
18.602448
-28.45166
38.99200357475155
-17.666107
19.314957
-28.45166
38.66077965831862
-18.3833
19.314957
-27.753235
38.4870805737945
-18.3833
20.02745
-27.054794
38.3537021645442
-19.817673
20.02745
-27.753235
39.5484646312281
-17.666107
18.602448
-29.1501
38.831312746408344
-18.3833
20.739944
-28.45166
39.71886217775268
-18.3833
18.602448
-27.054794
37.62922720750952
-19.817673
19.314957
-29.1501
40.19373250660481
-16.948914
19.314957
-29.1501
38.859511647829706
-18.3833
20.02745
-27.054794
38.3537021645442
-17.666107
19.314957
-28.45166
38.66077965831862
-16.948914
20.739944
-29.848541
40.10419473754429
-18.3833
19.314957
-29.848541
40.024351718282084
-16.948914
17.889954
-28.45166
37.64057797579047
-18.3833
17.889954
-27.753235
37.7920399191417
-17.666107
19.314957
-28.45166
38.66077965831862
-17.666107
19.314957
-28.45166
38.66077965831862
-17.666107
20.739944
-27.753235
38.89059988950576
-17.666107
20.02745
-28.45166
39.02162236143892
-18.3833
20.739944
-27.753235
39.2215900988577
-17.666107
22.164948
-27.753235
39.66885788793033
-17.666107
18.602448
-29.1501
38.831312746408344
-16.948914
20.739944
-27.753235
38.57010599119317
-16.948914
20.02745
-28.45166
38.70221505541139
-16.231735
22.877457
-29.848541
40.96074602401365
-17.666107
20.02745
-27.054794
38.0151561828881
-17.666107
20.739944
-28.45166
39.392050499791516
-18.3833
20.02745
-27.753235
38.84953823527057
-16.948914
20.02745
-27.753235
38.191708097214146
-16.231735
20.739944
-27.753235
38.260378557756226
-17.666107
19.314957
-27.054794
37.64466561957185
-15.514542
20.02745
-28.45166
38.09588892426173
-19.10048
20.02745
-27.054794
38.70257146606589
-18.3833
20.02745
-27.753235
38.84953823527057
-17.666107
20.02745
-29.848541
40.05153540479129
-16.948914
20.739944
-27.753235
38.57010599119317
-16.231735
20.02745
-27.054794
37.37017403259667
-16.231735
19.314957
-27.054794
36.99322612718273
-16.231735
18.602448
-27.753235
37.14515216150773
-16.231735
19.314957
-27.054794
36.99322612718273
-16.948914
19.314957
-28.45166
38.33836459990583
-18.3833
19.314957
-29.1501
39.50622355045785
-17.666107
18.602448
-27.753235
37.79397467169039
-19.817673
18.602448
-29.848541
40.36987196536546
-16.948914
18.602448
-29.848541
39.041672572593825
-19.10048
17.177444
-31.245422
40.44959126609007
-18.3833
19.314957
-29.848541
40.024351718282084
-18.3833
19.314957
-28.45166
38.99372069841823
-17.666107
20.02745
-29.1501
39.53376350704863
-19.817673
20.02745
-28.45166
40.0416775060686
-18.3833
19.314957
-29.848541
40.024351718282084
-17.666107
19.314957
-29.848541
39.700054916228545
-19.10048
19.314957
-29.1501
39.84500304402203
-18.3833
20.02745
-27.054794
38.3537021645442
-18.3833
19.314957
-27.054794
37.98651365585637
-17.666107
20.02745
-29.1501
39.53376350704863
-18.3833
20.02745
-29.1501
39.85941481279862
-17.666107
21.452454
-27.753235
39.27519748766787
-18.3833
20.739944
-29.1501
40.22212647297272
-19.10048
20.02745
-28.45166
39.69161211472299
-19.10048
20.739944
-29.848541
41.05982291263794
-19.817673
17.889954
-28.45166
39.0165041701105
-18.3833
20.02745
-29.848541
40.37301054502562
-17.666107
20.02745
-27.753235
38.515349263718875
-18.3833
20.739944
-29.1501
40.22212647297272
-16.231735
18.602448
-28.45166
37.66984486182631
-16.948914
20.739944
-29.1501
39.58711159325564
-17.666107
19.314957
-28.45166
38.66077965831862
-18.3833
21.452454
-29.1501
40.59411085289959
-16.948914
20.02745
-29.1501
39.21852745205781
-16.231735
18.602448
-28.45166
37.66984486182631
-16.948914
20.02745
-28.45166
38.70221505541139
-15.514542
19.314957
-29.1501
38.25567864046052
-16.948914
21.452454
-29.1501
39.96500849864635
-16.948914
19.314957
-30.546982
39.91805877063193
-15.514542
20.02745
-29.848541
39.15016257299818
-17.666107
18.602448
-29.1501
38.831312746408344
-18.3833
19.314957
-29.1501
39.50622355045785
-16.948914
20.739944
-29.1501
39.58711159325564
-16.948914
20.02745
-28.45166
38.70221505541139
-18.3833
20.739944
-29.848541
40.73114888212475
-17.666107
20.739944
-28.45166
39.392050499791516
-17.666107
18.602448
-29.848541
39.35832670299101
-16.948914
19.314957
-27.054794
37.31347164249964
-17.666107
20.02745
-29.1501
39.53376350704863
-19.10048
17.177444
-28.45166
38.332621780646896
-17.666107
20.02745
-29.1501
39.53376350704863
-16.948914
19.314957
-27.753235
37.822946968511225
-16.948914
20.739944
-28.45166
39.075669654970405
-17.666107
20.739944
-29.1501
39.89943718764245
-17.666107
20.02745
-28.45166
39.02162236143892
-16.948914
21.452454
-28.45166
39.45846498515084
-16.948914
20.02745
-28.45166
38.70221505541139
-18.3833
19.314957
-29.1501
39.50622355045785
-16.948914
19.314957
-28.45166
38.33836459990583
-18.3833
19.314957
-28.45166
38.99372069841823
-18.3833
20.739944
-29.1501
40.22212647297272
-18.3833
21.452454
-29.848541
41.09852633839199
-18.3833
20.02745
-28.45166
39.35151209173861
-19.10048
20.739944
-27.753235
39.56280700660896
-17.666107
20.739944
-29.848541
40.412524285679375
-16.948914
20.02745
-27.753235
38.191708097214146
-16.231735
20.739944
-29.1501
39.28540308445126
-18.3833
18.602448
-28.45166
38.64574717111913
-20.534851
20.02745
-29.1501
40.89629963968317
-17.666107
20.02745
-29.848541
40.05153540479129
-17.666107
20.739944
-29.1501
39.89943718764245
-17.666107
19.314957
-29.1501
39.17763812561399
-18.3833
20.02745
-27.753235
38.84953823527057
-18.3833
17.177444
-30.546982
39.57434039840399
-18.3833
20.02745
-30.546982
40.892084780018855
-16.231735
18.602448
-29.848541
38.73571592828203
-19.817673
18.602448
-29.1501
39.85623578876962
-19.10048
18.602448
-29.848541
40.02267881259246
-17.666107
18.602448
-30.546982
39.89060663924372
-19.817673
18.602448
-29.848541
40.36987196536546
-18.3833
19.314957
-30.546982
40.547889558597866
-19.10048
18.602448
-29.1501
39.50452870350357
-18.3833
20.02745
-29.848541
40.37301054502562
-19.10048
20.739944
-29.848541
41.05982291263794
-18.3833
19.314957
-29.1501
39.50622355045785
-19.10048
19.314957
-27.753235
38.83475169810057
-19.10048
18.602448
-28.45166
38.99200357475155
-18.3833
18.602448
-29.1501
39.162804032992355
-18.3833
20.02745
-28.45166
39.35151209173861
-18.3833
21.452454
-29.1501
40.59411085289959
-19.817673
20.739944
-29.1501
40.8976010241585
-20.534851
18.602448
-27.753235
39.217002264344
-19.817673
19.314957
-28.45166
39.69010818201432
-20.534851
18.602448
-28.45166
39.71433178858814
-19.817673
20.02745
-27.753235
39.5484646312281
-19.817673
20.02745
-29.1501
40.5409346563754
-19.817673
17.889954
-29.1501
39.52871162798947
-19.10048
17.889954
-29.848541
39.69652640955346
-20.534851
20.739944
-28.45166
40.75932270898662
-19.10048
19.314957
-29.1501
39.84500304402203
-18.3833
18.602448
-28.45166
38.64574717111913
-18.3833
18.602448
-29.1501
39.162804032992355
-18.3833
18.602448
-28.45166
38.64574717111913
-18.3833
18.602448
-31.245422
40.74645007064266
-17.666107
18.602448
-30.546982
39.89060663924372
-18.3833
19.314957
-31.245422
41.07663319847276
-17.666107
19.314957
-28.45166
38.66077965831862
-16.948914
19.314957
-28.45166
38.33836459990583
-17.666107
18.602448
-29.848541
39.35832670299101
-17.666107
19.314957
-30.546982
40.22781499919397
-15.514542
18.602448
-28.45166
37.36641571568646
-17.666107
18.602448
-30.546982
39.89060663924372
-16.948914
20.02745
-29.1501
39.21852745205781
-17.666107
20.02745
-29.1501
39.53376350704863
-18.3833
19.314957
-28.45166
38.99372069841823
-19.10048
18.602448
-30.546982
40.54623975899307
-19.10048
19.314957
-28.45166
39.33691424432813
-18.3833
21.452454
-29.1501
40.59411085289959
-18.3833
20.739944
-29.848541
40.73114888212475
-17.666107
20.02745
-30.546982
40.57472399831036
-19.817673
19.314957
-29.1501
40.19373250660481
-18.3833
20.739944
-30.546982
41.245717699121506
-18.3833
20.739944
-29.1501
40.22212647297272
-17.666107
18.602448
-27.753235
37.79397467169039
-19.10048
20.02745
-29.848541
40.70457650962758
-17.666107
17.889954
-29.848541
39.026621022546905
-18.3833
19.314957
-30.546982
40.547889558597866
-19.10048
19.314957
-29.848541
40.35878217721795
-19.817673
21.452454
-29.1501
41.26349802829675
-19.817673
19.314957
-29.848541
40.703110004795704
-18.3833
20.739944
-29.848541
40.73114888212475
-18.3833
19.314957
-29.1501
39.50622355045785
-18.3833
19.314957
-27.753235
38.4870805737945
-18.3833
20.02745
-29.848541
40.37301054502562
-19.10048
17.889954
-28.45166
38.65715628990155
-19.10048
20.739944
-29.848541
41.05982291263794
-19.817673
20.739944
-30.546982
41.90469591870418
-21.252045
19.314957
-28.45166
40.425411156690785
-20.534851
18.602448
-29.1501
40.21765277495148
-20.534851
19.314957
-28.45166
40.05302271871937
-21.252045
19.314957
-28.45166
40.425411156690785
-20.534851
17.889954
-29.848541
40.40626208429827
-19.817673
20.02745
-29.848541
41.046003630834754
-21.969238
17.889954
-29.848541
41.15377626392565
-21.252045
17.889954
-29.848541
40.77542463183247
-21.252045
19.314957
-29.1501
40.91998671187468
-20.534851
18.602448
-28.45166
39.71433178858814
-21.969238
19.314957
-28.45166
40.80700814887683
-21.969238
18.602448
-28.45166
40.474627046710545
-21.969238
18.602448
-28.45166
40.474627046710545
-21.252045
19.314957
-29.1501
40.91998671187468
-22.686417
20.02745
-29.1501
42.01786206391128
-20.534851
19.314957
-28.45166
40.05302271871937
-21.969238
20.02745
-29.1501
41.63501662513178
-21.969238
18.602448
-29.1501
40.96860846895843
-21.252045
17.889954
-29.1501
40.26696192483672
-21.252045
20.02745
-28.45166
40.77064038235725
-21.969238
18.602448
-29.848541
41.4684688785686
-21.969238
19.314957
-28.45166
40.80700814887683
-21.969238
18.602448
-29.848541
41.4684688785686
-21.252045
18.602448
-28.45166
40.089866396575985
-21.969238
19.314957
-29.1501
41.297013928067486
-21.969238
19.314957
-29.848541
41.792946661189134
-21.969238
17.889954
-26.356354
38.69567449482403
-20.534851
17.177444
-30.546982
40.61850308626292
-21.252045
18.602448
-29.848541
41.093014786674054
-20.534851
18.602448
-29.848541
40.72673109858638
-20.534851
18.602448
-31.245422
41.76131665021321
-21.969238
17.889954
-30.546982
41.66312419836935
-21.969238
17.889954
-31.245422
42.17788953034961
-20.534851
15.752457
-30.546982
40.03670953452047
-21.969238
16.46495
-31.245422
41.59349173473537
-20.534851
17.177444
-30.546982
40.61850308626292
-19.817673
16.46495
-29.848541
39.430573691002294
-20.534851
17.177444
-31.245422
41.14633932969463
-19.817673
17.177444
-31.245422
40.7931511011078
-21.969238
16.46495
-32.64229
42.65279576215521
-21.252045
15.752457
-30.546982
40.40924981613894
-21.969238
15.0399475
-31.245422
41.05026067355952
-20.534851
15.752457
-31.245422
40.57211401377644
-20.534851
17.177444
-32.64229
42.216864780262874
-21.252045
18.602448
-31.245422
42.11860404430119
-21.969238
16.46495
-31.245422
41.59349173473537
-20.50409
17.886536
-29.817291
40.36603458412623
-19.786911
17.886536
-29.817291
40.006510395477356
-20.50409
16.461533
-31.214172
40.81328662622474
-19.786911
17.886536
-30.515732
40.529741081203255
-21.938477
18.59903
-31.214172
42.44461292102479
-21.938477
16.461533
-29.817291
40.51357314993334
-21.221283
17.886536
-29.817291
40.7350192939073
-21.221283
17.174026
-29.817291
40.42722894094709
-22.655655
17.174026
-31.214172
42.220260717326966
-21.938477
18.59903
-28.42041
40.43439661584552
-19.786911
17.886536
-29.11885
39.48869992637134
-22.655655
18.59903
-31.214172
42.81970457171996
-21.938477
18.59903
-29.817291
41.42814869030778
-21.938477
18.59903
-30.515732
41.933644511205884
-21.938477
17.886536
-29.11885
40.60951026814716
-21.938477
18.59903
-30.515732
41.933644511205884
-21.938477
17.886536
-29.817291
41.11320683633408
-21.221283
17.174026
-31.214172
41.46823632641539
-21.221283
17.174026
-30.515732
40.94508517514648
-20.50409
17.886536
-29.11885
39.85289570280229
-21.938477
17.174026
-27.023544
38.81386181688992
-22.708878
17.903625
-29.85196
41.561668812177466
-20.557312
17.191116
-29.85196
40.11579613580385
-22.708878
18.61612
-30.5504
42.37428413619146
-21.274506
18.61612
-27.756653
39.61812957985586
-23.426071
16.478622
-30.5504
41.876636803364924
-23.426071
17.903625
-29.85196
41.95783696769666
-21.274506
16.478622
-30.5504
40.71211662920128
-21.274506
15.053619
-29.85196
39.62771086941561
-22.708878
15.766129
-30.5504
41.20183030294285
-23.426071
17.191116
-28.455078
40.66948285800423
-24.14325
16.478622
-30.5504
42.28200930120132
-21.9917
17.191116
-29.85196
40.86941200813421
-21.274506
16.478622
-28.455078
39.16428301977613
-23.426071
15.053619
-29.153519
40.31525699147982
-23.426071
15.766129
-30.5504
41.60142385540277
-21.9917
15.766129
-29.153519
39.77603927971273
-21.9917
17.903625
-28.455078
40.17295220502456
-21.9917
15.766129
-30.5504
40.810935675418236
-21.9917
16.478622
-30.5504
41.09144331691438
-21.9917
17.903625
-27.756653
39.681311033186645
-23.426071
17.191116
-30.5504
42.16209449154611
-22.708878
15.766129
-29.85196
40.6866479365467
-23.426071
18.61612
-29.153519
41.776408540549234
-22.708878
17.903625
-29.85196
41.561668812177466
-21.9917
17.191116
-29.85196
40.86941200813421
-21.274506
17.903625
-29.85196
40.79563623167158
-21.274506
18.61612
-30.5504
41.62320813053849
-22.708878
18.61612
-29.153519
41.378504855329176
-20.557312
18.61612
-29.153519
40.23792460070319
-21.9917
16.478622
-27.756653
39.05907797510874
-20.557312
16.478622
-31.24884
40.873441053987
-23.426071
17.903625
-28.455078
40.975749962153685
-21.9917
17.191116
-30.5504
41.382317670960774
-22.708878
17.191116
-28.455078
40.26063918249203
-21.274506
17.191116
-27.756653
38.96884397542799
-21.274506
17.903625
-29.153519
40.2873680138623
-19.840134
16.478622
-31.947266
41.05854004878279
-17.688568
17.903625
-29.85196
39.04567450135322
-20.557312
16.478622
-31.24884
40.873441053987
-20.557312
17.191116
-31.24884
41.165855821868625
-20.557312
17.903625
-29.85196
40.42625815769761
-19.840134
15.766129
-30.5504
39.69292839352023
-19.840134
16.478622
-31.947266
41.05854004878279
-21.274506
17.191116
-29.85196
40.48800519231745
-19.840134
17.903625
-29.85196
40.066320751895226
-19.840134
16.478622
-31.947266
41.05854004878279
-20.557312
18.61612
-31.947266
42.305918870583284
-19.840134
16.478622
-31.24884
40.51747790306055
-19.840134
18.61612
-30.5504
40.90865067678611
-21.274506
16.478622
-29.85196
40.19065889606688
-19.840134
16.478622
-30.5504
39.98128071506949
-20.557312
15.766129
-30.5504
40.05621964716435
-19.840134
17.191116
-29.85196
39.75304933763729
-20.557312
17.903625
-30.5504
40.9447154900666
-18.405762
15.766129
-29.85196
38.45103928211824
-21.274506
18.61612
-30.5504
41.62320813053849
-21.9917
17.191116
-31.24884
41.900589779001024
-22.708878
17.903625
-29.85196
41.561668812177466
-20.557312
17.903625
-29.85196
40.42625815769761
-21.274506
16.478622
-31.24884
41.23881240333552
-21.9917
17.903625
-29.85196
41.17419200074317
-22.708878
18.61612
-29.85196
41.8735307578069
-20.557312
17.191116
-29.85196
40.11579613580385
-21.274506
17.903625
-30.5504
41.30945791797034
-23.426071
16.478622
-29.85196
41.369860188683866
-22.708878
16.478622
-30.5504
41.479693120926655
-21.9917
18.61612
-29.85196
41.48896514153643
-20.557312
15.766129
-30.5504
40.05621964716435
-21.9917
16.478622
-31.24884
41.613338268817124
-21.9917
16.478622
-30.5504
41.09144331691438
-22.708878
15.053619
-30.5504
40.93447776296361
-24.14325
15.053619
-29.85196
41.23890712588659
-24.14325
15.053619
-31.947266
42.78008581323207
-22.708878
15.053619
-29.153519
39.90278408500308
-21.274506
15.053619
-29.153519
39.10426829424283
-23.426071
14.3411255
-31.24884
41.60455168251576
-22.708878
16.478622
-29.85196
40.968006584120765
-21.9917
13.628616
-30.5504
40.03374736062532
-22.708878
13.628616
-29.85196
39.907039195406995
-24.14325
14.3411255
-30.5504
41.495677309227794
-24.14325
12.203629
-31.24884
41.33176821134758
-23.426071
12.203629
-31.24884
40.916982573139784
-24.860443
13.628616
-30.5504
41.678623609898935
-24.860443
12.916122
-30.5504
41.45111366680936
-24.860443
13.628616
-28.455078
40.168050612882155
-24.14325
13.628616
-32.645706
42.82963844918026
-24.860443
11.491119
-30.5504
41.02943219983217
-24.14325
13.628616
-30.5504
41.254849975298356
-24.14325
11.491119
-29.85196
40.07595023339278
-22.708878
12.916122
-31.24884
40.73093909320116
-25.577637
12.916122
-29.85196
41.37851075550871
-25.577637
12.916122
-30.5504
41.885184162705436
-24.860443
12.916122
-31.24884
41.968534763037056
-25.577637
13.628616
-29.153519
41.10817831306503
-23.426071
12.916122
-29.85196
40.08424356316644
-24.14325
12.916122
-31.24884
41.54771676704615
-23.426071
12.203629
-31.947266
41.452830521004536
-22.708878
12.203629
-30.5504
39.974347853693935
-23.426071
12.916122
-31.947266
41.66815166624565
-23.426071
11.491119
-29.85196
39.64802724541443
-23.426071
11.491119
-31.947266
41.2486904976805
-23.426071
12.203629
-31.947266
41.452830521004536
-22.708878
12.916122
-31.947266
41.269204218119775
-24.14325
11.491119
-30.5504
40.598882830804286
-21.9917
11.491119
-31.947266
40.45130988830507
-23.426071
11.491119
-32.645706
41.79197109082377
-21.9917
12.916122
-31.947266
40.878953841646926
-20.557312
12.916122
-32.645706
40.683799094837035
-20.557312
14.3411255
-32.645706
41.15839141163986
-19.840134
12.916122
-33.344147
40.89363406009088
-19.840134
12.916122
-34.042587
41.46510263255265
-18.405762
14.3411255
-34.042587
41.27151131815232
-19.840134
13.628616
-32.645706
40.5599840321406
-19.12294
12.203629
-32.645706
39.753711071361785
-18.405762
12.203629
-34.042587
40.57829947979431
-18.405762
13.628616
-34.042587
41.02936674562349
-16.971375
15.053619
-35.439453
42.07842525654106
-16.971375
14.3411255
-34.042587
40.65209883448132
-17.688568
15.053619
-33.344147
40.63654883922231
-18.405762
15.053619
-31.947266
39.82475803490917
-15.537003
13.628616
-35.439453
41.025510713419216
-16.962585
15.053619
-32.629593
39.73702311270152
-16.962585
14.3411255
-32.629593
39.47261740009221
-17.67978
15.766129
-34.026474
41.46017714702266
-19.114151
16.478622
-33.328033
41.80494665052361
-17.67978
15.766129
-34.026474
41.46017714702266
-17.67978
17.191116
-33.328033
41.45922024543364
