-15.385147
21.040237
-23.955383
35.401338403260795
-16.819519
21.752747
-24.653809
36.930860100116476
-16.10234
22.46524
-25.35225
37.50611929239014
-15.385147
23.890244
-22.558502
36.28129710375926
-14.667969
23.17775
-23.955383
36.41727300934956
-15.385147
24.602737
-22.558502
36.754366037949325
-16.10234
22.46524
-23.256943
36.12281533997506
-14.667969
23.890244
-23.256943
36.424968363919
-15.385147
23.890244
-24.653809
37.61989946740289
-13.950775
24.602737
-23.256943
36.6169933121051
-15.385147
24.602737
-24.653809
38.07634093840705
-15.385147
25.315247
-23.256943
37.662313114060886
-14.667969
23.17775
-23.256943
35.96168343920026
-13.233582
24.602737
-24.653809
37.25899443108503
-13.950775
25.315247
-23.955383
37.54125985374292
-13.950775
25.315247
-23.256943
37.09947729847838
-14.667969
25.315247
-23.256943
37.37507675316116
-15.385147
24.602737
-21.860062
36.329873949835516
-14.667969
24.602737
-25.35225
38.25154140582932
-15.385147
26.02774
-23.955383
38.57468690380471
-13.233582
26.02774
-22.558502
36.897927194491565
-13.233582
25.315247
-23.955383
37.28069008904777
-13.950775
26.02774
-23.955383
38.025358071230734
-13.950775
24.602737
-22.558502
36.17740744677972
-13.950775
24.602737
-24.653809
37.519716496484385
-15.385147
23.17775
-24.653809
37.171510480558226
-15.385147
22.46524
-25.35225
37.20384685355971
-15.385147
23.17775
-25.35225
37.63837587977446
-14.667969
25.315247
-26.05069
39.174601645230545
-15.385147
23.890244
-24.653809
37.61989946740289
-15.385147
25.315247
-25.35225
38.9910377572927
-14.667969
23.890244
-24.653809
37.332336775784945
-13.950775
23.17775
-25.35225
37.07517667639546
-16.10234
23.17775
-26.74913
38.88456505368245
-13.950775
21.752747
-25.35225
36.201417134403215
-16.10234
21.752747
-26.74913
38.052377040567386
-13.950775
23.17775
-26.74913
38.04402902600157
-14.667969
21.752747
-26.74913
37.46795017130057
-16.10234
21.752747
-26.74913
38.052377040567386
-14.667969
21.040237
-28.145996
38.07936401605451
-16.10234
21.040237
-27.44757
38.14899827434447
-16.10234
21.040237
-27.44757
38.14899827434447
-16.819519
20.327744
-28.145996
38.57862811032813
-16.10234
21.752747
-26.05069
37.56468704635545
-15.385147
21.040237
-27.44757
37.85186161517522
-18.971085
20.327744
-28.145996
39.56407820459978
-17.536713
19.61525
-28.145996
38.5290988095767
-17.536713
19.61525
-28.145996
38.5290988095767
-18.253906
20.327744
-25.35225
37.27141922983682
-16.819519
21.752747
-26.05069
37.877652418469324
-17.536713
20.327744
-26.74913
37.898145194450976
-18.253906
19.61525
-26.05069
37.371132743067875
-16.819519
21.040237
-26.05069
37.47300623500952
-18.971085
18.90274
-27.44757
38.34820356674971
-18.971085
18.90274
-26.05069
37.36112958552311
-18.253906
21.040237
-23.955383
36.73904027159835
-17.536713
20.327744
-26.74913
37.898145194450976
-18.971085
18.90274
-25.35225
36.877529044629604
-18.971085
21.040237
-26.05069
38.48677767317059
-18.971085
18.90274
-27.44757
38.34820356674971
-18.253906
20.327744
-26.74913
38.23530086741668
-18.253906
18.190247
-28.145996
38.161331625682465
-18.253906
19.61525
-26.05069
37.371132743067875
-18.253906
18.190247
-25.35225
36.1500575401513
-16.10234
18.190247
-26.74913
36.134282909270354
-16.10234
21.040237
-27.44757
38.14899827434447
-16.819519
19.61525
-27.44757
37.696464522551715
-16.10234
18.90274
-27.44757
37.01308065601184
-17.536713
19.61525
-26.74913
37.52079826888515
-18.971085
19.61525
-28.145996
39.20277002629246
-17.536713
18.90274
-26.05069
36.653625758579466
-18.253906
17.477737
-27.44757
37.31012640325093
-18.253906
16.765244
-28.145996
37.50300769188386
-18.253906
18.190247
-26.74913
37.143050509777396
-18.971085
18.90274
-26.74913
37.85144236952041
-18.253906
17.477737
-26.05069
36.294831854355486
-16.819519
18.90274
-27.44757
37.33067076134834
-17.536713
18.90274
-26.74913
37.15327502019926
-18.253906
18.190247
-26.74913
37.143050509777396
-18.971085
18.90274
-27.44757
38.34820356674971
-17.536713
18.90274
-26.74913
37.15327502019926
-16.819519
18.90274
-26.05069
36.315950580999015
-15.385147
18.90274
-26.05069
35.674287451275745
-16.819519
20.327744
-27.44757
38.072070392156405
-16.819519
18.90274
-24.653809
35.32732853757219
-16.10234
20.327744
-25.35225
36.26622414412445
-18.971085
20.327744
-23.955383
36.70122088238772
-18.971085
18.90274
-24.653809
36.40090491878258
-18.253906
19.61525
-26.05069
37.371132743067875
-16.10234
20.327744
-25.35225
36.26622414412445
-14.667969
17.477737
-23.955383
33.08294057412748
-16.819519
19.61525
-26.74913
37.190995765314284
-17.536713
19.61525
-23.955383
35.58306879902646
-16.10234
18.190247
-24.653809
34.61185798090916
-16.819519
16.765244
-26.05069
35.25064584126881
-16.10234
17.477737
-25.35225
34.74900234629046
-16.819519
19.61525
-25.35225
36.199319704523624
-13.950775
18.190247
-25.35225
34.1796098213403
-16.819519
19.61525
-23.955383
35.235133722429666
-13.950775
18.190247
-26.05069
34.70083147531374
-15.385147
18.190247
-26.74913
35.82043773833068
-16.10234
19.61525
-26.05069
36.368693745660224
-13.950775
18.90274
-23.955383
33.55291486150086
-16.10234
19.61525
-25.35225
35.87171458442658
-17.536713
16.765244
-25.35225
35.09054276306153
-16.819519
18.190247
-27.44757
36.97499683062867
-16.819519
16.765244
-27.44757
36.2951614560011
-16.819519
17.477737
-26.05069
35.59502748201373
-15.385147
17.477737
-24.653809
33.91141953678731
-16.819519
17.477737
-24.653809
34.585804261941234
-16.819519
17.477737
-26.05069
35.59502748201373
-16.819519
17.477737
-25.35225
35.087091699174074
-16.819519
17.477737
-24.653809
34.585804261941234
-15.385147
16.765244
-24.653809
33.549760442978574
-17.536713
16.765244
-26.05069
35.598427589923126
-16.10234
16.765244
-26.05069
34.91414029276408
-16.819519
18.190247
-26.05069
35.95023891067172
-18.253906
16.765244
-26.05069
35.95715325379899
-16.819519
18.190247
-24.653809
34.95127397870319
-17.536713
17.477737
-25.35225
35.43648036451984
-16.819519
19.61525
-25.35225
36.199319704523624
-18.253906
18.90274
-23.955383
35.55810948842226
-16.10234
18.90274
-22.558502
33.54824861824478
-16.819519
17.477737
-24.653809
34.585804261941234
-16.819519
17.477737
-26.05069
35.59502748201373
-18.253906
18.190247
-25.35225
36.1500575401513
-17.536713
18.190247
-26.05069
36.29131872022736
-18.971085
17.477737
-25.35225
36.16780147149188
-16.10234
18.190247
-25.35225
35.1127752025082
-16.10234
18.90274
-25.35225
35.48711666533011
-16.819519
16.765244
-26.05069
35.25064584126881
-18.253906
18.190247
-25.35225
36.1500575401513
-16.819519
16.765244
-24.653809
34.23127089704036
-18.971085
17.477737
-25.35225
36.16780147149188
-17.536713
17.477737
-25.35225
35.43648036451984
-16.10234
18.190247
-26.74913
36.134282909270354
-16.819519
17.477737
-25.35225
35.087091699174074
-16.819519
18.90274
-26.05069
36.315950580999015
-17.536713
17.477737
-26.05069
35.93947684780275
-17.536713
18.90274
-25.35225
36.160564511374126
-16.819519
15.3402405
-27.44757
35.65933789214615
-16.819519
16.765244
-26.05069
35.25064584126881
-16.10234
16.05275
-26.05069
34.57765900047493
-17.536713
16.765244
-26.74913
36.11268104727029
-16.819519
16.765244
-27.44757
36.2951614560011
-18.253906
18.90274
-27.44757
37.99852388426177
-16.10234
18.90274
-26.05069
35.98940714651761
-17.536713
16.05275
-27.44757
36.31247983002882
-16.10234
19.61525
-25.35225
35.87171458442658
-15.385147
18.90274
-26.05069
35.674287451275745
-16.819519
19.61525
-26.05069
36.691861830784426
-17.536713
20.327744
-24.653809
36.44946804417213
-16.819519
19.61525
-26.05069
36.691861830784426
-14.667969
19.61525
-23.955383
34.26029512811623
-18.253906
18.90274
-26.05069
37.002122972772625
-16.10234
18.190247
-25.35225
35.1127752025082
-16.10234
19.61525
-25.35225
35.87171458442658
-16.10234
21.040237
-26.05069
37.15663273825162
-14.667969
18.190247
-26.05069
34.99532613882174
-18.253906
19.61525
-26.74913
37.86131437201517
-16.10234
17.477737
-26.05069
35.2618085412754
-15.385147
18.190247
-26.05069
35.30193080214416
-16.819519
18.90274
-28.145996
37.847152897171476
-14.667969
20.327744
-24.653809
35.15930542278246
-16.10234
18.90274
-26.05069
35.98940714651761
-14.667969
19.61525
-25.35225
35.25115315600505
-15.385147
21.040237
-26.74913
37.34849930573684
-14.667969
19.61525
-26.05069
35.75675847119237
-13.950775
19.61525
-26.05069
35.4685848013774
-15.385147
18.190247
-27.44757
36.34497257187024
-16.10234
19.61525
-26.74913
36.87220262164813
-14.667969
18.90274
-26.74913
35.88842267132867
-16.10234
18.190247
-27.44757
36.65432513062067
-17.536713
17.477737
-25.35225
35.43648036451984
-17.536713
16.765244
-27.44757
36.63302826365335
-16.819519
18.190247
-28.844437
38.02344953898515
-15.385147
17.477737
-26.74913
35.46392622759869
-16.10234
18.190247
-26.74913
36.134282909270354
-16.10234
18.90274
-27.44757
37.01308065601184
-18.253906
16.05275
-27.44757
36.66421981507908
-15.385147
18.190247
-26.74913
35.82043773833068
-17.536713
16.05275
-26.74913
35.7874704609335
-16.819519
16.765244
-26.05069
35.25064584126881
-17.536713
17.477737
-27.44757
36.9645331227702
-17.536713
18.90274
-28.145996
38.171283381620796
-16.819519
16.765244
-24.653809
34.23127089704036
-16.819519
17.477737
-27.44757
36.62972419137138
-17.536713
17.477737
-27.44757
36.9645331227702
-16.10234
18.90274
-26.74913
36.49815050429782
-16.819519
18.190247
-26.74913
36.459528812245196
-16.819519
17.477737
-26.74913
36.109327671972444
-16.819519
18.190247
-27.44757
36.97499683062867
-18.253906
16.05275
-26.05069
35.63052485942092
-16.819519
15.3402405
-27.44757
35.65933789214615
-18.253906
16.765244
-27.44757
36.98171957883804
-15.385147
18.190247
-27.44757
36.34497257187024
-16.10234
17.477737
-27.44757
36.30600300903678
-16.10234
18.190247
-26.74913
36.134282909270354
-16.819519
17.477737
-26.74913
36.109327671972444
-17.536713
18.190247
-26.74913
36.7958880573589
-18.253906
18.190247
-28.145996
38.161331625682465
-16.10234
17.477737
-27.44757
36.30600300903678
-15.385147
16.765244
-26.74913
35.11825898671249
-16.10234
17.477737
-26.74913
35.780898606353155
-16.819519
17.477737
-26.74913
36.109327671972444
-17.536713
15.3402405
-28.844437
37.079115952834556
-18.253906
16.05275
-29.542877
38.258038243411995
-16.819519
16.765244
-26.74913
35.7698978989754
-17.536713
15.3402405
-26.74913
35.47358516051944
-17.536713
16.05275
-29.542877
37.92108472858058
-17.536713
16.765244
-28.145996
37.15920831631525
-17.536713
16.05275
-27.44757
36.31247983002882
-18.971085
16.05275
-27.44757
37.02650286028239
-16.819519
16.05275
-29.542877
37.594795548636114
-17.536713
17.477737
-27.44757
36.9645331227702
-18.253906
16.765244
-27.44757
36.98171957883804
-18.253906
18.190247
-27.44757
37.64915973186686
-18.253906
16.765244
-28.145996
37.50300769188386
-17.536713
18.190247
-27.44757
37.306708878481224
-17.536713
18.90274
-28.145996
38.171283381620796
-17.536713
16.765244
-26.74913
36.11268104727029
-18.253906
17.477737
-27.44757
37.31012640325093
-16.819519
17.477737
-28.145996
37.155951034331295
-17.536713
16.765244
-26.05069
35.598427589923126
-17.536713
18.190247
-28.145996
37.823516602811075
-17.536713
18.190247
-28.844437
38.34609304169722
-17.536713
17.477737
-28.145996
37.48605860641727
-16.10234
18.190247
-27.44757
36.65432513062067
-17.536713
18.90274
-27.44757
37.65924845427249
-18.971085
18.190247
-28.145996
38.50953298677322
-18.253906
17.477737
-26.05069
36.294831854355486
-17.536713
17.477737
-27.44757
36.9645331227702
-16.819519
17.477737
-28.145996
37.155951034331295
-17.536713
16.765244
-25.35225
35.09054276306153
-16.10234
17.477737
-26.74913
35.780898606353155
-16.819519
17.477737
-27.44757
36.62972419137138
-18.253906
18.190247
-26.74913
37.143050509777396
-16.819519
17.477737
-27.44757
36.62972419137138
-17.536713
15.3402405
-28.145996
36.53842356320774
-16.819519
16.765244
-27.44757
36.2951614560011
-19.688278
18.190247
-26.74913
37.86857928250016
-18.971085
16.765244
-29.542877
38.90703124215628
-20.405457
17.477737
-27.44757
38.40863372382894
-18.253906
16.05275
-28.145996
37.189958558435166
-18.971085
17.477737
-26.74913
37.16032029324929
-18.253906
15.3402405
-26.74913
35.833560629426884
-19.688278
17.477737
-28.145996
38.53954632399524
-18.253906
16.765244
-26.05069
35.95715325379899
-17.536713
16.05275
-28.145996
36.84323645210373
-19.688278
16.05275
-28.145996
37.91458971532265
-18.971085
16.765244
-26.74913
36.830577718495334
-19.688278
17.477737
-27.44757
38.0324696805243
-18.253906
18.90274
-27.44757
37.99852388426177
-19.688278
16.765244
-28.844437
38.73890970329444
-19.688278
18.190247
-28.145996
38.86785881957932
-18.971085
18.90274
-27.44757
38.34820356674971
-20.405457
17.477737
-27.44757
38.40863372382894
-19.688278
18.90274
-25.35225
37.2515565687781
-18.971085
19.61525
-26.74913
38.21224967717322
-21.12265
16.05275
-28.844437
39.19003243910529
-20.405457
17.477737
-27.44757
38.40863372382894
-18.253906
16.765244
-27.44757
36.98171957883804
-18.971085
17.477737
-28.145996
38.17814079509782
-17.536713
16.05275
-28.145996
36.84323645210373
-19.688278
16.765244
-28.145996
38.22170432673856
-18.253906
16.05275
-28.145996
37.189958558435166
-18.971085
18.190247
-26.74913
37.500708001128956
-20.405457
16.05275
-28.844437
38.80818149787329
-18.253906
18.190247
-28.145996
38.161331625682465
-18.253906
16.05275
-28.145996
37.189958558435166
-18.253906
15.3402405
-28.145996
36.88800750455695
-18.253906
16.05275
-28.844437
37.72131308607244
-17.536713
17.477737
-28.844437
38.013274434112155
-18.253906
17.477737
-30.241318
39.41083129098998
-17.536713
16.05275
-29.542877
37.92108472858058
-18.253906
18.190247
-28.844437
38.67934429129697
-18.971085
16.765244
-28.844437
38.37938314748232
-17.536713
17.477737
-29.542877
38.545936031834955
-18.971085
16.765244
-28.844437
38.37938314748232
-21.12265
16.05275
-28.844437
39.19003243910529
-18.971085
15.3402405
-28.145996
37.248115645501116
-20.405457
16.765244
-28.844437
39.108279424327144
-18.253906
17.477737
-28.145996
37.82688904940836
-19.688278
18.190247
-28.844437
39.37657796937318
-18.971085
17.477737
-28.844437
38.69592844124156
-19.688278
16.765244
-28.844437
38.73890970329444
-18.971085
19.61525
-28.145996
39.20277002629246
-18.971085
19.61525
-27.44757
38.70438185534924
-18.253906
18.190247
-28.145996
38.161331625682465
-21.12265
21.040237
-27.44757
40.52440068380099
-18.971085
18.90274
-26.05069
37.36112958552311
-20.405457
17.477737
-28.145996
38.91080859337961
-20.405457
18.190247
-28.145996
39.236014626233384
-18.971085
18.190247
-30.241318
40.06650050716465
-18.971085
17.477737
-28.145996
38.17814079509782
-18.971085
19.61525
-26.74913
38.21224967717322
-18.253906
20.327744
-28.844437
39.72938242818531
-18.253906
18.190247
-28.145996
38.161331625682465
-18.971085
18.90274
-28.145996
38.85116111169089
-19.688278
17.477737
-28.145996
38.53954632399524
-18.971085
19.61525
-28.145996
39.20277002629246
-21.12265
17.477737
-27.44757
38.79441758729598
-20.405457
18.90274
-29.542877
40.5768148734402
-20.405457
18.90274
-26.05069
38.10950953235786
-20.405457
18.190247
-27.44757
38.738054169257296
-20.405457
21.040237
-28.145996
40.63583689595152
-18.971085
20.327744
-29.542877
40.56970395388966
-19.688278
17.477737
-29.542877
39.57121713551325
-20.405457
18.90274
-28.145996
39.57136983409691
-21.12265
16.765244
-28.145996
38.97995340656688
-22.557022
20.327744
-29.542877
42.365292317698724
-21.12265
17.477737
-28.145996
39.29166217910455
-21.12265
17.477737
-28.844437
39.79496400496236
-21.839844
17.477737
-27.44757
39.18952939073379
-21.12265
18.190247
-29.542877
40.618136439434295
-21.12265
16.765244
-28.844437
39.487228453482274
-23.274216
18.190247
-26.05069
39.38543698480918
-22.557022
18.190247
-29.542877
41.38219377841226
-23.991394
17.477737
-28.145996
40.905444272049536
-23.274216
18.90274
-26.74913
40.18107361380246
-22.557022
18.190247
-28.145996
40.39679897204109
-21.839844
18.90274
-27.44757
39.84547024472716
-23.274216
18.90274
-27.44757
40.6493767009025
-23.991394
16.05275
-28.844437
40.80783376846902
-22.557022
17.477737
-26.74913
39.11274112811179
-21.839844
16.765244
-26.05069
37.90370102981782
-22.557022
18.90274
-29.542877
41.70029290917436
-23.991394
18.90274
-27.44757
41.06421526573502
-23.274216
17.477737
-24.653809
38.14407821831588
-24.708588
18.190247
-28.145996
41.63647962480588
-24.708588
16.765244
-27.44757
40.55806685616778
-22.557022
18.190247
-26.74913
39.43628198644064
-22.557022
17.477737
-28.145996
40.0810123228958
-23.274216
18.190247
-28.844437
41.28650728257054
-22.557022
18.190247
-27.44757
39.91332467144431
-22.557022
15.3402405
-28.145996
39.19616506073968
-24.708588
17.477737
-28.145996
41.330165946769434
-23.274216
16.765244
-26.74913
39.22089293199242
-24.708588
17.477737
-26.74913
40.39185050123431
-22.557022
17.477737
-27.44757
39.59368217239652
-22.557022
16.765244
-27.44757
39.28436990394526
-23.274216
16.05275
-28.145996
39.894572366386825
-23.274216
14.627747
-28.844437
39.84547177652374
-23.274216
16.05275
-28.145996
39.894572366386825
-23.991394
18.90274
-27.44757
41.06421526573502
-21.839844
17.477737
-25.35225
37.75164265879698
-23.274216
18.190247
-28.145996
40.801608304506516
-23.991394
16.05275
-28.145996
40.317178144255394
-21.839844
16.765244
-26.05069
37.90370102981782
-22.557022
17.477737
-27.44757
39.59368217239652
-20.405457
16.765244
-27.44757
38.08969933344841
-22.557022
16.05275
-27.44757
38.98562748489019
-22.557022
17.477737
-27.44757
39.59368217239652
-22.557022
17.477737
-28.145996
40.0810123228958
-21.839844
17.477737
-26.74913
38.703566559854984
-20.405457
16.765244
-27.44757
38.08969933344841
-20.405457
16.765244
-26.05069
37.09574749781806
-20.405457
17.477737
-28.844437
39.41897346139293
-21.839844
17.477737
-28.844437
40.1802396727079
-20.405457
16.05275
-27.44757
37.78151170815065
-21.12265
15.3402405
-27.44757
37.87952479160081
-21.12265
16.765244
-28.844437
39.487228453482274
-20.405457
16.765244
-26.74913
37.58952042655556
-20.405457
17.477737
-25.35225
36.940365133169365
-19.688278
16.765244
-28.844437
38.73890970329444
-21.12265
16.05275
-28.844437
39.19003243910529
-19.688278
16.765244
-27.44757
37.71035402619883
-21.12265
14.627747
-30.939758
40.216986533794085
-20.405457
16.765244
-26.74913
37.58952042655556
-20.405457
18.190247
-28.145996
39.236014626233384
-19.688278
17.477737
-26.05069
37.036982019454214
-19.688278
17.477737
-27.44757
38.0324696805243
-19.688278
17.477737
-28.145996
38.53954632399524
-20.405457
16.765244
-28.844437
39.108279424327144
-18.253906
16.765244
-28.145996
37.50300769188386
-18.971085
16.05275
-28.844437
38.07353724414439
-21.12265
13.915237
-26.05069
36.310309811853884
-18.971085
16.05275
-27.44757
37.02650286028239
-21.839844
16.765244
-27.44757
38.877001744584646
-20.405457
16.765244
-26.74913
37.58952042655556
-18.253906
16.765244
-27.44757
36.98171957883804
-21.839844
17.477737
-26.05069
38.22418738150704
-19.688278
16.765244
-27.44757
37.71035402619883
-19.688278
18.190247
-27.44757
38.365121769119604
-19.688278
18.90274
-28.844437
39.71074614477799
-21.839844
18.190247
-26.05069
38.55518379239846
-19.688278
17.477737
-26.05069
37.036982019454214
-21.12265
16.05275
-26.05069
37.1819257902109
-19.688278
17.477737
-26.05069
37.036982019454214
-19.688278
17.477737
-27.44757
38.0324696805243
-19.688278
18.190247
-25.35225
36.89511997445851
-20.405457
17.477737
-26.74913
37.91266272786953
-19.688278
18.190247
-24.653809
36.418727743686354
-20.405457
19.61525
-27.44757
39.427271851156526
-19.688278
18.190247
-25.35225
36.89511997445851
-21.12265
16.765244
-26.05069
37.49504198995015
-19.688278
17.477737
-26.74913
37.53152808754178
-19.688278
17.477737
-25.35225
36.54909276084189
-19.688278
19.61525
-26.74913
38.57333721302838
-19.688278
18.190247
-25.35225
36.89511997445851
-18.971085
18.190247
-26.74913
37.500708001128956
-19.688278
19.61525
-26.05069
38.09231917688181
-18.253906
17.477737
-26.74913
36.79935302165651
-18.971085
17.477737
-24.653809
35.68169830249115
-17.536713
18.190247
-28.145996
37.823516602811075
-18.971085
18.90274
-28.145996
38.85116111169089
-20.405457
18.190247
-26.74913
38.24635526957111
-18.971085
18.90274
-26.74913
37.85144236952041
-19.688278
20.327744
-27.44757
39.423528502778325
-19.688278
18.90274
-28.145996
39.20636320822967
-18.253906
18.90274
-28.145996
38.506049139226164
-18.253906
20.327744
-27.44757
38.72714011950711
-18.253906
18.90274
-24.653809
36.032332418151725
-18.971085
20.327744
-26.74913
38.58283626052199
-20.405457
21.040237
-26.05069
39.21367932857583
-19.688278
21.040237
-27.44757
39.79558976625111
-18.253906
19.61525
-27.44757
38.357949311591526
-18.971085
19.61525
-25.35225
37.24777153569056
-17.536713
20.327744
-27.44757
38.39430372586212
-17.536713
20.327744
-25.35225
36.92546533538034
-16.819519
21.040237
-28.145996
38.958759119219586
-18.971085
21.040237
-26.05069
38.48677767317059
-16.819519
22.46524
-26.05069
38.29127419775294
-16.819519
21.040237
-26.74913
37.96187244809751
-16.819519
21.040237
-25.35225
36.99086669368535
-16.819519
20.327744
-26.74913
37.5716567977944
-17.536713
22.46524
-25.35225
38.14393580724448
-16.819519
20.327744
-28.145996
38.57862811032813
-18.253906
21.040237
-24.653809
37.19821274268429
-18.253906
22.46524
-27.44757
39.890615819622916
-17.536713
21.752747
-27.44757
39.16742782394256
-18.253906
20.327744
-25.35225
37.27141922983682
-17.536713
21.040237
-26.74913
38.28503488942351
-17.536713
22.46524
-24.653809
37.68333439872658
-17.536713
23.17775
-26.05069
39.03053692302989
-16.819519
23.17775
-27.44757
39.66703150819173
-16.819519
20.327744
-26.05069
37.077645975097816
-18.253906
21.752747
-26.05069
38.536028761346344
-19.688278
22.46524
-26.05069
39.63525873955616
-16.819519
23.17775
-25.35225
38.24710211653296
-17.536713
21.040237
-27.44757
38.776243318537674
-17.536713
21.752747
-26.05069
38.20152731833015
-19.688278
21.752747
-26.05069
39.23580928780175
-19.688278
21.752747
-26.05069
39.23580928780175
-19.688278
21.752747
-26.05069
39.23580928780175
-19.688278
19.61525
-26.74913
38.57333721302838
-18.971085
21.040237
-25.35225
38.01749699973684
-18.971085
21.040237
-26.05069
38.48677767317059
-19.688278
22.46524
-28.145996
41.042812417911556
-19.688278
21.040237
-27.44757
39.79558976625111
-18.971085
20.327744
-26.74913
38.58283626052199
-18.971085
22.46524
-25.35225
38.82429244163698
-18.971085
23.17775
-26.74913
40.15751609142195
-17.536713
22.46524
-28.145996
40.05521701546816
-17.536713
23.17775
-28.145996
40.459132544457745
-18.253906
21.752747
-24.653809
37.60581587594281
-18.971085
23.17775
-24.653809
38.7933036767462
-18.971085
21.752747
-28.145996
40.31477403954256
-18.971085
22.46524
-26.74913
39.75053587738236
-18.971085
21.752747
-27.44757
39.830304103785096
-18.253906
21.040237
-28.145996
39.599163501266034
-20.405457
22.46524
-27.44757
40.91990765841777
-19.688278
23.17775
-26.05069
40.043412111302715
-17.536713
23.17775
-25.35225
38.56787467609863
-17.536713
21.752747
-27.44757
39.16742782394256
-18.971085
21.040237
-25.35225
38.01749699973684
-18.971085
23.890244
-27.44757
41.036750511926805
-19.688278
20.327744
-26.74913
38.940486003583885
-17.536713
21.752747
-26.05069
38.20152731833015
-19.688278
23.17775
-27.44757
40.96590736705645
-19.688278
21.752747
-26.05069
39.23580928780175
-18.253906
23.17775
-26.74913
39.82372658627957
-18.971085
21.040237
-26.74913
38.962926213782055
-16.10234
21.752747
-26.74913
38.052377040567386
-16.819519
20.327744
-28.844437
39.09111139676608
-18.253906
22.46524
-28.844437
40.86433108087663
-16.819519
21.040237
-28.844437
39.46630658509547
-18.971085
19.61525
-28.145996
39.20277002629246
-18.253906
21.040237
-28.844437
40.09860587800248
-18.253906
21.040237
-28.844437
40.09860587800248
-17.536713
21.040237
-28.844437
39.77724842403632
-17.536713
23.17775
-28.844437
40.94808725214616
-16.10234
22.46524
-28.844437
39.949641762513025
-16.819519
23.17775
-26.74913
39.18699068897499
-14.667969
23.17775
-27.44757
38.80369264000528
-17.536713
23.17775
-28.145996
40.459132544457745
-16.819519
23.17775
-27.44757
39.66703150819173
-16.819519
23.17775
-28.844437
40.64610329282039
-15.385147
23.890244
-27.44757
39.507159779312474
-16.10234
25.315247
-27.44757
40.663450853949456
-16.10234
22.46524
-26.74913
38.464118387405065
-15.385147
22.46524
-26.74913
38.169434914847116
-17.536713
20.327744
-28.844437
39.405010884562635
-15.385147
22.46524
-28.145996
39.161038214818824
-16.10234
24.602737
-27.44757
40.223739492369425
-16.10234
21.752747
-28.145996
39.04695159306213
-15.385147
21.752747
-28.145996
38.75669989962219
-16.10234
23.17775
-28.145996
39.85837966711015
-16.10234
23.890244
-28.145996
40.27686773097866
-16.10234
21.752747
-26.05069
37.56468704635545
-16.10234
23.17775
-27.44757
39.36829369972904
-15.385147
23.17775
-28.844437
40.073836271507936
-15.385147
21.752747
-27.44757
38.25250196065612
-16.819519
23.17775
-26.74913
39.18699068897499
-16.819519
23.17775
-27.44757
39.66703150819173
-16.819519
21.040237
-26.05069
37.47300623500952
-18.971085
23.890244
-26.05069
40.115884381221115
-18.253906
22.46524
-27.44757
39.890615819622916
-18.971085
22.46524
-28.145996
40.70363783266184
-18.971085
21.752747
-28.145996
40.31477403954256
-18.971085
21.752747
-27.44757
39.830304103785096
-18.253906
20.327744
-28.844437
39.72938242818531
-16.819519
21.752747
-28.844437
39.850717834363564
-18.971085
21.040237
-28.145996
39.934831556980114
-18.253906
21.040237
-28.145996
39.599163501266034
-18.253906
23.17775
-28.145996
40.77511777410566
-17.536713
21.040237
-28.844437
39.77724842403632
-17.536713
21.752747
-28.145996
39.65999600609064
-19.688278
21.040237
-28.145996
40.28047874310132
-19.688278
21.752747
-26.74913
39.70297588273847
-19.688278
21.752747
-27.44757
40.17685208374811
-16.819519
23.17775
-28.145996
40.1534714505639
-20.405457
21.752747
-26.05069
39.60054450383227
-18.971085
21.040237
-26.74913
38.962926213782055
-20.405457
21.040237
-26.74913
39.68110646089569
-18.253906
21.752747
-28.145996
39.982298939851184
-18.253906
22.46524
-28.844437
40.86433108087663
-20.405457
20.327744
-28.844437
40.762744244706774
-18.971085
21.040237
-27.44757
39.445693916506116
-19.688278
21.752747
-28.145996
40.65719277346568
-19.688278
21.752747
-27.44757
40.17685208374811
-18.971085
21.752747
-26.05069
38.880874631486556
-20.405457
21.040237
-26.74913
39.68110646089569
-18.971085
20.327744
-27.44757
39.07029922140346
-17.536713
23.17775
-26.74913
39.500131341257116
-20.405457
21.752747
-27.44757
40.533120258507424
-18.253906
23.890244
-27.44757
40.71016913614766
-17.536713
21.752747
-28.145996
39.65999600609064
-18.253906
21.752747
-28.145996
39.982298939851184
-20.405457
22.46524
-28.145996
41.39162772473589
-17.536713
22.46524
-28.844437
40.54904257212031
-18.253906
23.17775
-29.542877
41.75158469110784
-18.253906
22.46524
-27.44757
39.890615819622916
-17.536713
22.46524
-29.542877
41.04881097927807
-18.253906
23.17775
-29.542877
41.75158469110784
-19.688278
21.752747
-28.145996
40.65719277346568
-17.536713
21.752747
-29.542877
40.66324972170433
-19.688278
21.040237
-27.44757
39.79558976625111
-17.536713
23.890244
-28.145996
40.871469887701004
-18.253906
21.752747
-27.44757
39.49374919637204
-16.819519
23.17775
-28.844437
40.64610329282039
-18.253906
23.17775
-27.44757
40.296181290073875
-18.971085
21.752747
-28.145996
40.31477403954256
-18.971085
21.752747
-28.844437
40.805458571357214
-18.971085
22.46524
-29.542877
41.68177932309347
-18.253906
22.46524
-26.74913
39.41329827678327
-18.971085
21.752747
-27.44757
39.830304103785096
-18.253906
21.752747
-27.44757
39.49374919637204
-19.688278
22.46524
-29.542877
42.01305658754341
-18.971085
22.46524
-28.145996
40.70363783266184
-18.971085
22.46524
-28.145996
40.70363783266184
-20.405457
21.040237
-29.542877
41.61557202491559
-18.971085
21.752747
-29.542877
41.30212586037113
-19.688278
22.46524
-29.542877
42.01305658754341
-19.688278
23.17775
-28.844437
41.914650071603845
-19.688278
21.040237
-28.844437
40.77157601973233
-18.971085
21.752747
-29.542877
41.30212586037113
-21.12265
23.17775
-28.145996
42.13753117119138
-21.12265
23.17775
-28.145996
42.13753117119138
-21.12265
21.040237
-28.844437
41.483242098466704
-19.688278
22.46524
-28.844437
41.52489487682359
-20.405457
23.17775
-27.44757
41.3153704917091
-20.405457
24.602737
-27.44757
42.13130082004427
-20.405457
23.17775
-26.05069
40.400855510453766
-21.12265
22.46524
-27.44757
41.282230247161884
-22.557022
22.46524
-26.74913
41.58151292097096
-22.557022
23.890244
-27.44757
42.81275661419444
-19.688278
19.61525
-28.844437
40.054811689148224
-21.12265
21.040237
-29.542877
41.97188971641839
-21.12265
21.040237
-30.241318
42.46640158609951
-22.557022
20.327744
-28.844437
41.88123496026442
-22.557022
18.190247
-28.844437
40.88649912314424
-21.12265
21.752747
-28.145996
41.370828009072405
-22.557022
20.327744
-28.844437
41.88123496026442
-22.557022
21.752747
-28.844437
42.59111040518755
-21.12265
21.752747
-28.844437
41.84913205211818
-22.557022
21.040237
-27.44757
41.2901925992458
-23.274216
20.327744
-29.542877
42.75146624632818
-24.708588
20.327744
-27.44757
42.15567086333107
-22.557022
21.040237
-30.241318
43.19777882835094
-23.274216
20.327744
-28.145996
41.79836445944237
-21.839844
21.752747
-28.145996
41.74156094537254
-22.557022
21.040237
-29.542877
42.71173703408409
-22.557022
21.040237
-29.542877
42.71173703408409
-23.274216
20.327744
-27.44757
41.33128827686115
-23.274216
21.040237
-27.44757
41.68632576588365
-23.274216
21.040237
-29.542877
43.094806572435445
-22.557022
21.040237
-29.542877
42.71173703408409
-23.991394
18.90274
-29.542877
42.4933186384195
-23.274216
20.327744
-30.939758
43.72842101754304
-24.708588
19.61525
-30.939758
44.18756630122324
-21.839844
21.040237
-29.542877
42.33735825836179
-22.557022
19.61525
-28.844437
41.540087354528694
-23.991394
20.327744
-28.844437
42.67089949910243
-23.274216
20.327744
-28.844437
42.27183122179296
-21.12265
21.040237
-29.542877
41.97188971641839
-23.991394
19.61525
-30.241318
43.29991136502187
-21.12265
20.327744
-29.542877
41.61928833044617
-21.12265
21.040237
-32.336624
43.983123317003646
-21.12265
19.61525
-30.241318
41.778722693757345
-19.688278
19.61525
-29.542877
40.560670220670666
-22.557022
19.61525
-31.638184
43.526451750092434
-21.839844
18.190247
-30.939758
42.013479340433854
-22.557022
18.90274
-31.638184
43.21003843871237
-21.839844
18.190247
-32.336624
43.05253762664577
-19.688278
18.190247
-31.638184
41.4667099865588
-21.839844
20.327744
-33.733505
45.03493381444981
-21.12265
20.327744
-31.638184
43.131869357783174
-21.839844
19.61525
-31.638184
43.159140697901414
-20.405457
22.46524
-32.336624
44.34779508285544
-21.12265
19.61525
-32.336624
43.31952842505041
-21.12265
19.61525
-31.638184
42.800689805791244
-21.12265
19.61525
-33.035065
43.843357424293764
-21.12265
21.752747
-31.638184
43.82149013950661
-21.839844
20.327744
-33.035065
44.51417161544596
-20.405457
21.040237
-30.939758
42.61857310419367
-22.557022
21.040237
-30.939758
43.689581607239326
-21.839844
20.327744
-30.939758
42.98214279918319
-21.839844
19.61525
-30.939758
42.6497991917166
-23.274216
19.61525
-32.336624
44.408381755218095
-20.405457
21.040237
-31.638184
43.12828338949975
-21.839844
19.61525
-30.241318
42.145867768049044
-23.274216
20.327744
-31.638184
44.2253418231561
-23.991394
20.327744
-30.241318
43.62730143687623
-22.557022
18.90274
-31.638184
43.21003843871237
-21.839844
20.327744
-30.241318
42.48215100835732
-24.708588
19.61525
-31.638184
44.679380818365196
-23.274216
17.477737
-31.638184
42.9899407974194
-23.991394
19.61525
-31.638184
44.286787872661584
-23.274216
18.90274
-30.939758
43.08446634501088
-23.274216
18.90274
-30.241318
42.58567880241549
-26.14296
18.90274
-30.939758
44.69940291652395
-26.14296
17.477737
-30.939758
44.11569262674564
-23.991394
18.90274
-29.542877
42.4933186384195
-25.425781
18.190247
-31.638184
44.478422612824296
-25.425781
15.3402405
-28.844437
41.398006254830676
-26.14296
18.190247
-32.336624
45.387185218200635
-26.14296
16.05275
-29.542877
42.59021903926417
-25.425781
16.05275
-31.638184
43.647860682827286
-26.14296
15.3402405
-28.844437
41.84230883440528
-26.14296
14.627747
-29.542877
42.073826890118845
-26.860153
16.05275
-30.939758
44.00485480141651
-25.425781
16.05275
-29.542877
42.153798749619675
-24.708588
18.190247
-30.241318
43.080583161185416
-26.860153
16.05275
-29.542877
43.0341746237438
-25.425781
16.05275
-30.241318
42.64620131181821
-27.577332
14.627747
-28.844437
42.50272567086874
-25.425781
16.765244
-29.542877
42.430240600105165
-24.708588
16.765244
-30.241318
42.498529386321124
-26.14296
18.190247
-30.241318
43.91897891554829
-24.708588
16.05275
-30.241318
42.222534642541596
-23.991394
16.05275
-29.542877
41.30447101915088
-23.991394
18.190247
-29.542877
42.18120033983593
-26.14296
15.3402405
-30.939758
43.31334550040553
-26.14296
16.765244
-28.145996
41.91330162986
-24.708588
15.3402405
-30.241318
41.95681722579479
-24.708588
16.765244
-28.844437
41.51613073647549
-24.708588
15.3402405
-30.241318
41.95681722579479
-24.708588
16.05275
-28.844437
41.233560881504644
-22.557022
16.05275
-30.241318
41.00057759692234
-23.991394
15.3402405
-28.844437
40.53284469443808
-24.708588
16.765244
-28.844437
41.51613073647549
-24.708588
17.477737
-29.542877
42.29382002035359
-25.425781
17.477737
-28.844437
42.23675076558772
-23.274216
16.05275
-30.241318
41.39948352731136
-23.991394
14.627747
-30.241318
41.28068815855363
-21.839844
17.477737
-30.939758
41.709935866649325
-23.236618
16.763779
-30.208603
41.63561473141114
-23.236618
16.763779
-29.510162
41.131672141125016
-21.085052
16.763779
-30.907043
40.99815997204936
-22.519424
15.338776
-32.30391
42.26044330528698
-21.085052
15.338776
-29.510162
39.37901920211209
-21.802246
14.626282
-30.907043
40.55257667040869
-22.519424
13.913773
-31.605469
41.22648625514079
-21.085052
16.051285
-30.208603
40.18436060103561
-20.367859
17.476273
-31.605469
41.462940260418854
-20.367859
16.763779
-29.510162
39.58185989582223
-21.802246
15.338776
-29.510162
39.76764484064746
-23.236618
17.476273
-30.907043
42.43354754237795
-22.519424
16.051285
-30.208603
40.955193576143365
-21.085052
17.476273
-30.907043
41.29461070220756
-20.367859
16.051285
-28.811722
38.76349626359992
-21.085052
18.901276
-29.510162
40.89849943285664
-23.236618
16.763779
-30.208603
41.63561473141114
-21.085052
18.901276
-29.510162
40.89849943285664
-22.519424
18.188782
-29.510162
41.33770564754562
-21.802246
15.338776
-28.811722
39.25214900068371
-22.519424
17.476273
-27.414856
39.548943051418895
-21.085052
15.338776
-28.811722
38.85836818910841
-23.953796
16.763779
-29.510162
41.54104239333674
-23.953796
16.051285
-30.907043
42.269060338669256
-23.236618
18.188782
-30.208603
42.22951466900475
-21.085052
16.763779
-27.414856
38.4340731450054
-21.802246
16.051285
-30.907043
41.088040240211626
-21.802246
17.476273
-28.811722
40.13568600404913
-21.802246
17.476273
-31.605469
42.186060449976395
-21.085052
16.051285
-30.907043
40.71201918180152
-22.519424
15.338776
-28.811722
39.654984835019484
-22.519424
16.051285
-29.510162
40.44277339552612
-23.953796
15.338776
-30.208603
41.49243389236766
-22.519424
13.913773
-28.113281
38.614428607447856
-22.519424
16.763779
-28.811722
40.22765265443582
-22.519424
17.476273
-28.811722
40.529741081203255
-22.519424
17.476273
-28.811722
40.529741081203255
-22.519424
16.051285
-30.208603
40.955193576143365
-22.519424
15.338776
-29.510162
40.165310869774494
-23.953796
14.626282
-29.510162
40.72544823312645
-22.519424
13.201279
-28.811722
38.87818861270015
-23.953796
14.626282
-27.414856
39.233746510298694
-25.388184
13.913773
-29.510162
41.34008569834943
-24.67099
14.626282
-28.811722
40.653427553836096
-26.105362
14.626282
-28.113281
41.058186250772515
-25.388184
14.626282
-27.414856
40.125581065691435
-23.236618
15.338776
-28.113281
39.56734703226734
-23.953796
14.626282
-28.113281
39.72491776954202
-26.105362
15.338776
-28.811722
41.795733045147685
-25.388184
13.913773
-30.907043
42.3485338049582
-23.236618
16.051285
-28.811722
40.344757563909404
-23.953796
13.913773
-28.113281
39.468139160455266
-25.388184
13.913773
-28.113281
40.35479552028947
-23.953796
14.626282
-28.113281
39.72491776954202
-25.388184
14.626282
-28.113281
40.60596609393594
-24.67099
14.626282
-27.414856
39.675687218370896
-25.388184
14.626282
-28.811722
41.09261821160067
-24.67099
15.338776
-29.510162
41.40996740388267
-24.67099
13.913773
-28.113281
39.90748578744344
-23.953796
13.201279
-28.811722
39.726229872009625
-21.802246
14.626282
-28.113281
38.465862249451135
-22.519424
13.913773
-28.811722
39.125857992788795
-23.953796
13.913773
-29.510162
40.47501761310611
-23.953796
14.626282
-28.113281
39.72491776954202
-23.953796
13.913773
-28.811722
39.96864615897378
-23.236618
14.626282
-29.510162
40.30779405671749
-21.802246
13.913773
-29.510162
39.24003873148493
-22.519424
14.626282
-31.605469
41.47237938620263
-21.085052
14.626282
-30.907043
40.17154378023702
-21.085052
13.913773
-30.907043
39.9176382903559
-21.802246
14.626282
-30.208603
40.02281453863221
-21.085052
13.913773
-31.605469
40.46082209990301
-22.519424
15.338776
-32.30391
42.26044330528698
-21.802246
16.051285
-30.208603
40.56527310195184
-21.085052
16.051285
-31.605469
41.24474250349598
-21.085052
16.051285
-32.30391
41.78236167415998
-21.085052
16.051285
-30.208603
40.18436060103561
-21.802246
16.051285
-30.907043
41.088040240211626
-21.802246
14.626282
-30.208603
40.02281453863221
-20.367859
16.763779
-32.30391
41.706312518685344
-20.367859
15.338776
-28.811722
38.473925195148404
-18.933487
16.051285
-30.208603
39.09834293063933
-19.65068
14.626282
-30.907043
39.437580477334684
-21.085052
14.626282
-30.907043
40.17154378023702
-20.367859
15.338776
-30.907043
40.06710679441429
-19.65068
16.051285
-30.907043
39.98797731916588
-18.933487
14.626282
-30.907043
39.08516842262548
-20.367859
17.476273
-30.907043
40.93305677223178
