20.449219
16.605484
-30.271591
40.128317437335475
20.449219
14.467972
-28.87471
38.226191272722296
20.449219
14.467972
-28.87471
38.226191272722296
21.166412
17.317978
-28.87471
39.77031836252068
19.73204
15.892975
-28.87471
38.41469725045025
21.166412
16.605484
-27.477844
38.45505188691077
21.166412
15.892975
-28.87471
39.17081233600472
21.883606
15.180481
-28.17627
38.77165788405398
21.883606
15.892975
-27.477844
38.5552946064156
19.014847
15.180481
-28.17627
37.22786018855704
21.883606
16.605484
-29.57315
40.36341866599322
21.166412
18.030472
-29.57315
40.59169909176321
20.449219
15.180481
-27.477844
37.4653094750664
22.600784
16.605484
-26.779404
38.77723652177428
20.449219
15.180481
-26.779404
36.95610948571714
21.166412
15.892975
-28.17627
38.6588393433507
21.166412
15.180481
-28.17627
38.371424405897415
21.883606
15.892975
-28.17627
39.056127605225086
22.600784
16.605484
-30.271591
41.26629058058466
21.166412
15.180481
-28.17627
38.371424405897415
21.883606
15.180481
-30.271591
40.3200755963298
21.883606
15.892975
-29.57315
40.07555425478386
21.166412
15.180481
-28.17627
38.371424405897415
21.883606
13.755478
-27.477844
37.72449081208718
21.166412
14.467972
-28.87471
38.61461037956521
20.449219
15.180481
-29.57315
39.02805043431103
19.73204
15.892975
-28.87471
38.41469725045025
19.73204
14.467972
-29.57315
38.382897573943985
21.883606
16.605484
-29.57315
40.36341866599322
21.883606
15.892975
-29.57315
40.07555425478386
21.166412
15.892975
-27.477844
38.15279148433146
22.600784
15.180481
-28.87471
39.68616047198081
21.883606
17.317978
-29.57315
40.66172318559403
21.883606
17.317978
-28.17627
39.65736737492007
21.883606
16.605484
-28.17627
39.35144694865902
22.600784
15.892975
-27.477844
38.966832851798465
23.317978
15.180481
-28.17627
39.59895542192764
23.317978
15.180481
-28.87471
40.09892856755184
22.600784
15.180481
-28.87471
39.68616047198081
23.317978
15.180481
-28.17627
39.59895542192764
24.035156
15.180481
-27.477844
39.536915972409574
24.75235
13.755478
-26.080963
38.49816414555537
23.317978
13.755478
-28.17627
39.0748449243164
25.469543
14.467972
-26.779404
39.688238182111334
26.186722
12.330475
-27.477844
39.91011017939251
23.317978
13.042984
-26.779404
37.82834927391179
25.469543
9.480484
-28.17627
39.14689476979225
24.75235
11.617981
-30.970032
41.31342632045831
24.035156
9.480484
-27.477844
37.71737291655614
23.317978
10.905472
-27.477844
37.652215486670734
24.75235
11.617981
-28.87471
39.76688664501535
24.75235
8.767975
-29.57315
39.5490510809836
25.469543
11.617981
-28.17627
39.71872694973761
26.186722
11.617981
-28.17627
40.18238449168366
25.469543
11.617981
-27.477844
39.22635633410271
25.469543
10.192978
-28.17627
39.32552074710836
24.75235
8.055481
-27.477844
37.84972341378468
24.035156
10.192978
-29.57315
39.448152533182714
24.75235
9.480484
-28.17627
38.684112647042355
26.903915
8.767975
-27.477844
39.44274306471027
25.469543
8.767975
-26.779404
37.98304129188775
26.186722
10.192978
-28.87471
40.29131589708569
24.75235
10.192978
-26.779404
37.86439169197262
26.186722
9.480484
-27.477844
39.123597531273404
24.75235
10.905472
-29.57315
40.07716860457304
25.469543
8.055481
-26.779404
37.82492370799477
24.035156
8.767975
-29.57315
39.10418557010953
24.75235
8.055481
-28.17627
38.35976641857325
23.317978
9.480484
-28.87471
38.30609047374598
25.469543
8.055481
-27.477844
38.32258291566638
23.317978
9.480484
-28.87471
38.30609047374598
24.035156
8.767975
-28.17627
38.05874750591183
24.75235
10.192978
-30.271591
40.40971200366008
24.035156
10.192978
-28.87471
38.92729726883501
24.035156
10.905472
-29.57315
39.63822913532307
23.317978
12.330475
-27.477844
38.089375646095526
24.75235
10.905472
-26.779404
38.062378129936256
24.75235
10.905472
-28.17627
39.05778096495307
24.75235
8.767975
-29.57315
39.5490510809836
25.469543
10.905472
-29.57315
40.52404523474304
24.75235
7.342972
-28.17627
38.21649178222178
24.75235
9.480484
-29.57315
39.71309152750356
24.75235
8.055481
-28.17627
38.35976641857325
24.75235
10.192978
-29.57315
39.889182124805934
23.317978
10.192978
-26.080963
36.4395602708701
24.75235
8.767975
-28.17627
38.51568997205473
26.186722
10.905472
-28.87471
40.477433310696405
25.469543
10.192978
-27.477844
38.828164298269854
25.469543
10.905472
-28.17627
39.51618722415379
24.035156
8.767975
-27.477844
37.54461376097692
24.035156
10.192978
-26.779404
37.39949095680481
24.75235
10.905472
-27.477844
38.556972608320145
25.469543
12.330475
-27.477844
39.44325216816639
24.035156
11.617981
-28.17627
38.814537989972266
25.469543
13.042984
-25.382523
38.25035424161945
23.317978
10.192978
-28.17627
37.96744789433937
24.75235
11.617981
-28.17627
39.2626854873643
24.035156
13.042984
-27.477844
38.766481500010094
25.469543
10.905472
-26.779404
38.53262809275245
24.75235
9.480484
-29.57315
39.71309152750356
25.469543
8.767975
-28.87471
39.48827641983599
25.469543
9.480484
-27.477844
38.64723962793947
24.035156
10.192978
-28.87471
38.92729726883501
26.186722
8.767975
-26.779404
38.467626659065544
24.75235
9.480484
-27.477844
38.17840138129476
25.469543
9.480484
-28.87471
39.65256828851064
24.75235
11.617981
-28.87471
39.76688664501535
24.75235
8.767975
-28.17627
38.51568997205473
22.600784
9.480484
-26.080963
35.78954598150834
24.75235
8.767975
-27.477844
38.007737827521716
24.035156
8.055481
-26.779404
36.87432633124045
24.75235
10.905472
-26.779404
38.062378129936256
22.600784
9.480484
-26.080963
35.78954598150834
24.75235
8.767975
-27.477844
38.007737827521716
25.469543
8.767975
-26.080963
37.49388784824218
25.469543
9.480484
-27.477844
38.64723962793947
24.035156
6.630478
-24.684082
35.08497984247497
25.469543
7.342972
-27.477844
38.17916714270935
24.035156
8.055481
-26.779404
36.87432633124045
24.75235
7.342972
-27.477844
37.704509078925994
24.035156
8.055481
-26.779404
36.87432633124045
25.469543
8.767975
-27.477844
38.478655558552845
25.469543
8.767975
-27.477844
38.478655558552845
24.75235
7.342972
-28.17627
38.21649178222178
24.035156
7.342972
-28.87471
38.279980846308554
26.186722
7.342972
-25.382523
37.20129077271715
24.75235
8.055481
-28.17627
38.35976641857325
23.317978
8.055481
-26.080963
35.900354444193866
23.317978
8.767975
-26.080963
36.06691034014939
24.035156
7.342972
-26.779404
36.725255407765715
24.035156
8.767975
-27.477844
37.54461376097692
25.469543
8.767975
-27.477844
38.478655558552845
24.75235
8.055481
-26.779404
37.34576354404205
23.317978
6.630478
-27.477844
36.643188543050705
23.317978
8.767975
-27.477844
37.089586829349756
24.75235
8.055481
-28.17627
38.35976641857325
24.75235
8.767975
-28.87471
39.029542346551416
23.317978
7.342972
-26.779404
36.25994778645665
26.186722
5.917984
-27.477844
38.4161271880053
24.035156
5.917984
-27.477844
36.98301183060271
24.75235
7.342972
-29.57315
39.25772932205118
23.317978
7.342972
-28.87471
37.83379759202577
23.317978
8.055481
-27.477844
36.92764217812908
25.469543
10.905472
-27.477844
39.02126260831234
24.035156
8.767975
-28.87471
38.578685065800904
23.317978
8.767975
-26.779404
36.57515472775713
24.035156
8.055481
-28.17627
37.900945759349135
25.469543
8.055481
-27.477844
38.32258291566638
24.035156
7.342972
-27.477844
37.2376139485081
25.469543
9.480484
-26.779404
38.153815314420065
24.035156
6.630478
-28.17627
37.623851467104615
26.186722
8.055481
-28.17627
39.300602457413106
26.903915
8.767975
-28.17627
39.93244570179195
26.186722
8.055481
-26.779404
38.311507493771536
26.186722
8.767975
-27.477844
38.957074922579054
26.186722
7.342972
-28.17627
39.160768581559246
25.469543
5.917984
-27.477844
37.93088550502496
25.469543
8.055481
-27.477844
38.32258291566638
26.903915
6.630478
-26.080963
38.05260159675354
25.469543
10.192978
-26.779404
38.33707027188241
23.317978
8.055481
-26.779404
36.41092378797536
26.186722
8.767975
-26.779404
38.467626659065544
26.186722
6.630478
-26.779404
38.0374041728788
25.469543
8.767975
-27.477844
38.478655558552845
25.469543
8.055481
-26.779404
37.82492370799477
24.75235
8.767975
-27.477844
38.007737827521716
24.035156
8.055481
-26.080963
36.37026453819281
25.469543
7.342972
-26.080963
37.186469260925406
23.317978
7.342972
-26.779404
36.25994778645665
24.75235
7.342972
-27.477844
37.704509078925994
24.035156
8.767975
-27.477844
37.54461376097692
23.317978
10.905472
-26.080963
36.64524557753025
24.035156
8.767975
-28.17627
38.05874750591183
24.75235
8.767975
-26.779404
37.50590122838172
24.75235
8.767975
-27.477844
38.007737827521716
25.469543
9.480484
-27.477844
38.64723962793947
24.75235
7.342972
-27.477844
37.704509078925994
26.903915
8.767975
-27.477844
39.44274306471027
26.186722
8.767975
-26.080963
37.984712436798176
24.035156
8.767975
-26.779404
37.0365041103875
26.186722
8.055481
-27.477844
38.80292504679898
25.469543
10.192978
-28.17627
39.32552074710836
24.035156
8.767975
-28.87471
38.578685065800904
23.317978
10.192978
-27.477844
37.452059199478605
22.600784
8.055481
-27.477844
36.479009576034784
22.600784
8.767975
-26.779404
36.122144540044616
23.317978
7.342972
-28.17627
37.3034792016358
22.600784
8.767975
-27.477844
36.64293702726864
22.600784
8.767975
-26.779404
36.122144540044616
22.600784
8.055481
-27.477844
36.479009576034784
23.317978
6.630478
-27.477844
36.643188543050705
24.035156
8.055481
-26.080963
36.37026453819281
24.035156
9.480484
-27.477844
37.71737291655614
24.75235
9.480484
-27.477844
38.17840138129476
22.600784
9.480484
-28.87471
37.87378975221931
23.317978
8.767975
-27.477844
37.089586829349756
24.75235
10.192978
-26.779404
37.86439169197262
24.035156
9.480484
-27.477844
37.71737291655614
23.317978
10.905472
-25.382523
36.15148588427072
23.317978
8.767975
-26.080963
36.06691034014939
22.600784
9.480484
-26.080963
35.78954598150834
24.75235
11.617981
-26.080963
37.78720583484161
24.035156
10.905472
-25.382523
36.618171758427366
24.75235
13.755478
-26.080963
38.49816414555537
23.317978
11.617981
-26.080963
36.86356085812418
24.035156
10.192978
-25.382523
36.41233184178473
24.75235
12.330475
-26.779404
38.49488221869564
24.75235
10.905472
-26.779404
38.062378129936256
23.317978
11.617981
-25.382523
36.37276491200181
24.75235
12.330475
-26.080963
38.012314256780655
24.035156
12.330475
-27.477844
38.53259958098791
26.186722
13.042984
-24.684082
38.277509383571115
24.035156
11.617981
-27.477844
38.31054841838195
24.75235
11.617981
-26.779404
38.27261063227037
25.469543
10.905472
-26.080963
38.050538837963586
24.75235
10.905472
-27.477844
38.556972608320145
24.75235
11.617981
-26.080963
37.78720583484161
23.317978
11.617981
-26.779404
37.36096948709475
24.035156
13.042984
-26.080963
37.78921513174675
25.469543
10.905472
-26.080963
38.050538837963586
24.75235
10.905472
-26.779404
38.062378129936256
25.469543
11.617981
-26.080963
38.26083798916083
25.469543
11.617981
-26.080963
38.26083798916083
24.75235
9.480484
-26.779404
37.67883788307105
24.75235
10.192978
-27.477844
38.36153729903577
25.469543
10.192978
-26.779404
38.33707027188241
25.469543
10.905472
-26.779404
38.53262809275245
26.186722
10.192978
-26.779404
38.817233130281515
26.186722
13.042984
-28.17627
40.61731147196891
25.469543
10.192978
-28.87471
39.828924938024
25.469543
10.905472
-27.477844
39.02126260831234
25.469543
10.905472
-26.779404
38.53262809275245
24.75235
9.480484
-28.17627
38.684112647042355
25.469543
10.905472
-28.87471
40.01719448552319
24.035156
10.192978
-28.17627
38.412077148970184
24.035156
10.905472
-27.477844
38.10052364920658
26.186722
9.480484
-28.17627
39.61724527332605
24.75235
9.480484
-27.477844
38.17840138129476
25.469543
9.480484
-27.477844
38.64723962793947
24.75235
10.905472
-28.87471
39.564593460113585
24.035156
10.192978
-27.477844
37.902736466390195
26.903915
11.617981
-28.87471
41.14057752560876
24.75235
8.767975
-27.477844
38.007737827521716
25.469543
10.905472
-29.57315
40.52404523474304
24.75235
10.192978
-28.87471
39.37415983726669
25.469543
8.767975
-26.779404
37.98304129188775
26.903915
8.767975
-26.779404
38.95939517826541
26.186722
9.480484
-28.17627
39.61724527332605
25.469543
11.617981
-27.477844
39.22635633410271
26.186722
12.330475
-26.779404
39.432491510412454
25.469543
10.905472
-28.87471
40.01719448552319
23.317978
11.617981
-28.17627
38.374570564576025
24.035156
13.042984
-28.87471
39.768795919744036
25.469543
11.617981
-26.779404
38.740308767968024
26.903915
10.905472
-28.87471
40.945071759214045
25.469543
10.905472
-27.477844
39.02126260831234
25.469543
12.330475
-26.779404
38.959912164420686
25.469543
12.330475
-28.17627
39.93294856205055
25.469543
11.617981
-28.17627
39.71872694973761
25.469543
10.905472
-29.57315
40.52404523474304
25.469543
11.617981
-26.080963
38.26083798916083
25.469543
10.905472
-28.17627
39.51618722415379
26.186722
10.905472
-27.477844
39.49310783423166
26.186722
11.617981
-27.477844
39.69576531797425
26.903915
10.192978
-28.87471
40.761088167439176
27.621094
11.617981
-28.17627
41.131550461408274
26.903915
11.617981
-26.779404
39.6980423989962
28.338287
10.192978
-26.779404
40.300022293728325
26.903915
11.617981
-26.080963
39.23027874624157
26.186722
12.330475
-28.87471
40.88439721393572
27.621094
13.042984
-27.477844
41.0862041551054
26.903915
10.905472
-28.17627
40.45555709181836
27.621094
11.617981
-27.477844
40.656293536198824
26.903915
12.330475
-26.779404
39.91237656084106
26.903915
11.617981
-26.779404
39.6980423989962
26.186722
11.617981
-26.080963
38.74194724794432
27.621094
14.467972
-26.779404
41.10211119786762
27.567383
10.167587
-27.466614
40.221328285170266
28.256256
12.29776
-27.457336
41.27415840866716
28.97345
12.29776
-28.155762
42.230825553772036
25.387512
12.29776
-28.854202
40.35251768593566
26.821884
12.29776
-27.457336
40.30575282682982
26.821884
10.872757
-27.457336
39.89405525302298
26.10469
10.872757
-26.758896
38.93212304868725
26.821884
11.585266
-26.758896
39.61906624538557
27.539063
13.010269
-28.155762
41.47787437297143
26.821884
13.010269
-27.457336
40.52882847430949
28.256256
11.585266
-27.457336
41.0675029058485
26.10469
11.585266
-28.155762
40.1051139633791
28.256256
10.872757
-28.155762
41.3446475715116
28.256256
10.160263
-27.457336
40.68847805084076
26.821884
9.447769
-27.457336
39.529471303857584
27.539063
11.585266
-27.457336
40.57737894000332
28.97345
10.872757
-27.457336
41.37128240473699
26.821884
10.160263
-28.155762
40.191931496531424
28.97345
10.872757
-28.155762
41.83807548808711
28.256256
9.447769
-27.457336
40.51643848007096
28.97345
9.447769
-27.457336
41.01983014157604
27.539063
10.160263
-29.552643
41.653206647549204
28.256256
8.73526
-28.854202
41.31931469181892
28.97345
11.585266
-28.155762
42.028872783610765
26.821884
10.160263
-29.552643
41.18255909760982
26.10469
10.160263
-28.155762
39.71690901024556
28.97345
10.160263
-28.155762
41.6585972003754
28.97345
13.010269
-27.457336
41.983726618551266
27.539063
10.872757
-28.155762
40.85784832233888
27.539063
9.447769
-29.552643
41.485166541412724
27.539063
10.872757
-28.155762
40.85784832233888
26.10469
10.160263
-29.552643
40.719093256899306
26.821884
10.872757
-27.457336
39.89405525302298
28.256256
10.872757
-27.457336
40.87221804609841
28.256256
10.872757
-28.155762
41.3446475715116
26.821884
13.010269
-28.155762
41.00521296413878
27.539063
11.585266
-28.854202
41.53532652585477
28.256256
10.160263
-30.251083
42.6236439598266
27.539063
13.722763
-30.251083
43.1490705016487
26.821884
10.872757
-30.949524
42.373381007051464
28.97345
13.010269
-29.552643
43.38302283061745
26.821884
11.585266
-29.552643
41.55707495139215
27.539063
10.160263
-29.552643
41.653206647549204
26.821884
12.29776
-29.552643
41.761310804117784
25.387512
12.29776
-29.552643
40.85485754185939
26.10469
13.010269
-29.552643
41.52205062947352
25.387512
13.722763
-29.552643
41.306158505345785
26.10469
11.585266
-29.552643
41.09783427897235
26.10469
13.010269
-30.949524
42.527578942412475
26.821884
12.29776
-28.155762
40.78474302569375
26.10469
13.722763
-29.552643
41.75078211982606
26.10469
14.435257
-30.949524
42.984934452011785
26.10469
12.29776
-30.949524
42.31504302503942
27.539063
12.29776
-28.155762
41.259930149450085
25.387512
10.872757
-29.552643
40.44874928053246
26.10469
12.29776
-29.552643
41.30434098232745
27.539063
11.585266
-28.155762
41.05320005036148
26.10469
13.010269
-29.552643
41.52205062947352
27.539063
13.722763
-28.854202
42.18150275659566
27.539063
11.585266
-29.552643
42.023529727775724
25.387512
10.872757
-28.155762
39.43969449619412
26.10469
12.29776
-29.552643
41.30434098232745
24.670319
13.722763
-30.251083
41.3771300905615
26.821884
12.29776
-29.552643
41.761310804117784
26.821884
13.010269
-29.552643
41.97665192271324
25.387512
12.29776
-30.949524
41.87640943290372
25.387512
13.010269
-32.34639
43.12866549186718
23.235947
12.29776
-31.64795
41.14288293746866
23.235947
15.86026
-30.949524
41.82499346234258
23.953125
13.010269
-30.251083
40.72035533817439
26.10469
13.010269
-30.251083
42.02201920013185
22.518753
15.147766
-29.552643
40.12365530262354
24.670319
13.722763
-31.64795
42.409096832408785
24.670319
13.722763
-31.64795
42.409096832408785
23.953125
12.29776
-30.949524
41.02267796502168
25.387512
12.29776
-30.949524
41.87640943290372
23.953125
13.010269
-31.64795
41.76855348880154
23.953125
12.29776
-31.64795
41.55213392816758
23.953125
13.722763
-31.64795
41.99594241932785
25.387512
11.585266
-30.251083
41.156678587840545
24.670319
12.29776
-30.949524
41.445537081154015
22.518753
11.585266
-31.64795
40.53276789756036
23.953125
11.585266
-30.949524
40.814747676908254
21.084381
11.585266
-31.64795
39.753770949275996
23.953125
12.29776
-32.34639
42.08652992320182
22.518753
11.585266
-30.949524
39.98981956630103
23.235947
11.585266
-30.251083
39.86546895791363
24.670319
13.722763
-30.949524
41.89047492746337
24.670319
11.585266
-31.64795
41.76644336085639
23.953125
10.872757
-31.64795
41.15290715828136
23.953125
11.585266
-30.949524
40.814747676908254
23.235947
11.585266
-28.854202
38.816138743480465
22.518753
13.010269
-30.949524
40.42566480591259
22.518753
12.29776
-30.949524
40.20201672102408
23.235947
13.722763
-30.949524
41.062104616627664
23.235947
10.872757
-30.949524
40.19949185633834
24.670319
10.160263
-30.949524
40.86231317112765
21.084381
9.447769
-30.949524
38.62233253329607
23.235947
9.447769
-28.854202
38.23263813995347
21.801575
10.872757
-30.251083
38.841389836785254
23.235947
12.29776
-31.64795
41.14288293746866
23.953125
11.585266
-29.552643
39.765931973274874
23.235947
10.872757
-30.949524
40.19949185633834
22.518753
10.160263
-30.949524
39.600482852959004
23.953125
13.010269
-29.552643
40.20420288586132
23.953125
10.160263
-30.251083
39.90126822614398
23.953125
10.160263
-30.949524
40.43335505707973
22.518753
10.872757
-30.251083
39.248429382388984
23.235947
11.585266
-31.64795
40.93556322947154
21.801575
10.872757
-28.854202
37.76361444792957
23.953125
10.160263
-30.949524
40.43335505707973
21.084381
11.585266
-28.854202
37.56773180079215
22.518753
10.160263
-28.155762
37.457604615814496
20.367188
10.872757
-29.552643
37.50197260436776
21.801575
8.73526
-29.552643
37.748803530294175
21.084381
8.73526
-28.155762
36.24365852398354
23.235947
10.160263
-28.155762
37.8931023674659
21.801575
8.022766
-28.155762
36.50233431105811
21.801575
8.73526
-28.854202
37.2045490067663
21.801575
8.73526
-27.457336
36.131963672462156
21.801575
7.310257
-27.457336
35.81415653891279
23.953125
9.447769
-28.854202
38.672698854860776
21.801575
8.73526
-28.854202
37.2045490067663
21.801575
9.447769
-27.457336
36.310802321545786
21.801575
8.73526
-28.155762
36.66551992761728
22.518753
8.73526
-28.155762
37.096441825244504
19.65001
8.73526
-28.155762
35.42844281854447
22.518753
8.73526
-30.251083
38.7108137296205
20.367188
9.447769
-26.758896
34.93023354946703
19.65001
8.022766
-29.552643
36.384698892206906
21.084381
8.73526
-28.155762
36.24365852398354
21.084381
10.872757
-28.854202
37.35415649981271
21.084381
8.022766
-28.155762
36.07856485223429
22.518753
8.73526
-27.457336
36.569171733703
19.65001
7.310257
-28.155762
35.104268862672704
21.084381
9.447769
-26.758896
35.353217330052686
22.518753
8.022766
-26.758896
35.88171621583547
21.084381
8.022766
-28.854202
36.62623318103091
21.084381
8.022766
-29.552643
37.178954506590486
19.65001
7.310257
-27.457336
34.546606455310844
19.65001
8.73526
-28.854202
35.98600666622028
20.367188
7.310257
-28.155762
35.510690718056125
20.367188
7.310257
-28.854202
36.066981415659114
19.65001
9.447769
-27.457336
35.06121181902802
21.084381
8.73526
-28.854202
36.78886921933725
19.65001
8.73526
-28.854202
35.98600666622028
20.367188
8.73526
-28.854202
36.382580154132484
18.932816
9.447769
-28.155762
35.22014679461707
18.932816
8.73526
-26.758896
33.92336657533694
19.65001
8.022766
-28.155762
35.259532315965636
17.498444
10.160263
-29.552643
35.815990231319866
18.932816
10.872757
-30.251083
37.306787408174806
17.498444
10.872757
-28.854202
35.453875598048164
17.498444
10.872757
-27.457336
34.32663145362686
18.932816
11.585266
-28.854202
36.403775398730964
18.215637
10.872757
-27.457336
34.697718089594886
18.215637
11.585266
-29.552643
36.597629357779105
16.064072
10.872757
-27.457336
33.61809800794618
18.932816
11.585266
-28.854202
36.403775398730964
16.78125
12.29776
-30.251083
36.714755434314995
17.498444
10.160263
-28.155762
34.67237141938448
16.78125
12.29776
-26.758896
33.89518828775701
16.78125
10.872757
-27.457336
33.9666386907111
18.215637
10.872757
-27.457336
34.697718089594886
16.78125
11.585266
-26.758896
33.643233903713835
18.932816
11.585266
-28.155762
35.852710777808525
18.215637
10.872757
-27.457336
34.697718089594886
16.78125
13.010269
-28.854202
35.825164100287104
17.498444
13.010269
-28.155762
35.611930511088026
18.215637
12.29776
-26.758896
34.627776217109115
18.215637
12.29776
-26.758896
34.627776217109115
18.215637
13.010269
-26.758896
34.88717515412182
19.65001
12.29776
-27.457336
35.934150659139696
18.932816
13.722763
-26.758896
35.53595642752211
18.932816
12.29776
-28.155762
36.08924146625106
19.65001
11.585266
-25.362015
34.111185820004486
20.367188
13.010269
-28.155762
37.10574653313486
18.215637
11.585266
-26.060455
33.84043691943763
20.367188
12.29776
-27.457336
36.33129018469307
19.65001
11.585266
-28.155762
36.23655798728164
19.65001
12.29776
-24.663574
33.84744684910702
20.367188
11.585266
-26.060455
35.04551309770268
18.932816
13.010269
-26.758896
35.26694032770811
21.801575
13.722763
-27.457336
37.65007567379098
20.367188
10.872757
-26.758896
35.34229246552563
19.65001
11.585266
-26.758896
35.162192206149314
19.65001
11.585266
-26.758896
35.162192206149314
21.084381
10.872757
-26.758896
35.76040263314124
19.65001
11.585266
-26.060455
34.63363286446608
19.65001
12.29776
-25.362015
34.3597089569946
20.367188
13.010269
-26.758896
36.057286776565704
21.084381
13.010269
-26.758896
36.467200186648896
20.367188
13.010269
-26.060455
35.542042940808145
21.084381
13.722763
-25.362015
35.72250226354181
21.084381
11.585266
-26.758896
35.983442101454806
18.932816
10.160263
-26.758896
34.317939146540034
19.65001
11.585266
-27.457336
35.69659062195226
18.932816
11.585266
-27.457336
35.306871785992314
21.084381
10.872757
-28.155762
36.81731783519985
18.932816
10.160263
-27.457336
34.86528027357141
20.367188
11.585266
-28.854202
37.16995712790943
19.65001
10.160263
-26.060455
34.18334712551018
19.65001
10.160263
-27.457336
35.259880250412614
18.215637
9.447769
-28.155762
34.83987331292893
20.367188
10.872757
-27.457336
35.874009813207735
19.65001
11.585266
-26.758896
35.162192206149314
19.65001
11.585266
-26.758896
35.162192206149314
19.65001
10.872757
-27.457336
35.47175097436691
21.084381
10.872757
-28.155762
36.81731783519985
18.932816
13.010269
-26.758896
35.26694032770811
19.65001
14.435257
-27.457336
36.72063160072618
18.932816
13.010269
-27.457336
35.79977686295684
18.215637
12.29776
-26.758896
34.627776217109115
18.932816
12.29776
-26.758896
35.01035351886103
21.801575
11.585266
-26.758896
36.40831706846407
20.367188
13.722763
-28.155762
37.36152492768296
21.084381
12.29776
-28.854202
37.793532174417756
16.78125
13.010269
-27.457336
34.709980046720716
18.932816
13.010269
-26.758896
35.26694032770811
19.65001
12.29776
-27.457336
35.934150659139696
18.215637
13.722763
-28.155762
36.23355634586191
19.65001
11.585266
-27.457336
35.69659062195226
18.932816
12.29776
-27.457336
35.54703640073248
18.215637
11.585266
-28.155762
35.47921617332375
18.932816
10.872757
-26.060455
33.99728921293762
18.932816
11.585266
-27.457336
35.306871785992314
19.65001
13.010269
-26.758896
35.657095602374504
18.932816
12.29776
-29.552643
37.18931521305044
20.367188
10.160263
-27.457336
35.66452885100352
18.932816
13.010269
-28.155762
36.338210965481984
20.367188
11.585266
-29.552643
37.71471084421171
18.932816
13.722763
-27.457336
36.064818626718825
20.367188
13.010269
-28.155762
37.10574653313486
22.518753
13.722763
-28.854202
39.089300181403544
18.932816
12.29776
-28.854202
36.63675019490334
18.932816
13.010269
-28.854202
36.88202396027433
19.65001
13.010269
-29.552643
37.79879174294547
21.084381
11.585266
-28.155762
37.03399086639445
22.518753
13.010269
-28.854202
38.844900174041506
22.518753
12.29776
-28.155762
38.09299213509865
21.801575
10.872757
-28.854202
37.76361444792957
21.084381
10.872757
-29.552643
37.89626246721931
21.801575
10.160263
-28.854202
37.56467242313997
19.65001
11.585266
-27.457336
35.69659062195226
21.084381
10.872757
-27.457336
36.28599371443133
21.084381
11.585266
-28.854202
37.56773180079215
21.084381
13.010269
-30.251083
39.101742788045904
20.367188
13.722763
-27.457336
36.838049217041714
21.801575
12.29776
-27.457336
37.15439374568471
21.084381
12.29776
-26.758896
36.21911736763646
22.518753
10.872757
-28.155762
37.6571122826585
21.801575
11.585266
-28.155762
37.446948150433435
21.084381
10.872757
-27.457336
36.28599371443133
23.235947
10.160263
-29.552643
38.94225085132069
21.801575
11.585266
-28.854202
37.97488697831272
21.084381
13.010269
-27.457336
36.98274777261014
21.084381
8.73526
-28.155762
36.24365852398354
21.084381
9.447769
-28.155762
36.4219487343741
22.518753
10.872757
-28.155762
37.6571122826585
21.084381
10.872757
-28.155762
36.81731783519985
21.801575
10.160263
-29.552643
38.103783479199116
20.367188
9.447769
-28.854202
36.56019290263831
21.801575
9.447769
-29.552643
37.92001759460299
20.367188
9.447769
-28.854202
36.56019290263831
20.367188
9.447769
-29.552643
37.113897750707885
22.518753
8.022766
-28.854202
37.470307254961895
21.084381
9.447769
-29.552643
37.512266873859076
19.65001
10.160263
-29.552643
36.91493633224989
20.367188
13.010269
-30.251083
38.7197304910155
21.801575
13.010269
-28.854202
38.43358878728751
21.801575
10.872757
-28.155762
37.2326800128261
23.953125
11.585266
-28.854202
39.24965789062689
23.235947
12.29776
-28.854202
39.03471824562879
20.367188
10.872757
-29.552643
37.50197260436776
20.367188
10.872757
-30.251083
38.054792554001985
22.518753
10.160263
-29.552643
38.51861677021418
21.801575
10.872757
-28.854202
37.76361444792957
21.084381
10.872757
-28.854202
37.35415649981271
20.367188
10.872757
-29.552643
37.50197260436776
22.518753
11.585266
-30.251083
39.45175121370565
23.235947
10.160263
-29.552643
38.94225085132069
21.801575
10.160263
-28.155762
37.03088739273946
21.801575
11.585266
-28.854202
37.97488697831272
22.518753
12.29776
-28.155762
38.09299213509865
21.801575
10.872757
-28.854202
37.76361444792957
22.518753
10.872757
-30.949524
39.78924580877665
23.953125
10.160263
-29.552643
39.37437995543549
22.518753
10.872757
-28.854202
38.18214371447487
23.953125
10.872757
-28.155762
38.53201350115414
23.953125
10.160263
-27.457336
37.8270859006397
25.387512
10.160263
-26.758896
38.25957613481395
25.387512
10.872757
-28.155762
39.43969449619412
23.953125
8.73526
-29.552643
39.03095757746743
23.953125
8.73526
-30.251083
39.5624197767749
23.235947
8.022766
-28.155762
37.37674405420769
23.953125
8.022766
-29.552643
38.877700368431
26.10469
9.447769
-29.552643
40.54718207976203
23.953125
8.73526
-28.155762
37.98425930669341
24.670319
8.73526
-29.552643
39.475157832965024
23.953125
9.447769
-27.457336
37.64197084040632
23.953125
8.022766
-27.457336
37.309813947497446
24.670319
8.022766
-30.949524
40.383937732195115
23.953125
8.73526
-28.854202
38.50483019365476
23.953125
8.73526
-30.251083
39.5624197767749
23.953125
8.022766
-29.552643
38.877700368431
23.953125
8.022766
-29.552643
38.877700368431
23.235947
8.022766
-29.552643
38.43998975676242
23.953125
9.447769
-30.251083
39.725818116182325
24.670319
8.73526
-30.251083
40.00071715665702
23.953125
8.022766
-30.949524
39.94984343191316
23.235947
8.022766
-30.251083
38.9795087143152
23.953125
8.022766
-29.552643
38.877700368431
25.387512
5.885269
-30.949524
40.460291104365524
24.670319
5.885269
-30.949524
40.014172904148914
24.670319
5.885269
-31.64795
40.55679671480016
22.518753
5.17276
-29.552643
37.51280380375146
23.953125
6.597763
-30.949524
39.68823203065047
23.953125
6.597763
-32.34639
40.78690394235783
22.518753
5.17276
-30.949524
38.622852450917094
23.235947
3.747757
-32.34639
40.00304858988093
23.235947
5.885269
-30.251083
38.59629135104418
23.953125
6.597763
-30.949524
39.68823203065047
23.235947
6.597763
-31.64795
39.812466272552435
23.953125
5.17276
-30.949524
39.47635609361238
23.953125
6.597763
-30.949524
39.68823203065047
24.670319
5.885269
-31.64795
40.55679671480016
23.953125
7.310257
-30.251083
39.2723830236895
25.387512
9.447769
-30.251083
40.60682435958656
26.821884
10.160263
-30.251083
41.68659809744014
24.670319
8.73526
-30.251083
40.00071715665702
25.387512
9.447769
-29.552643
40.08921021160962
26.10469
7.310257
-30.949524
41.14325974282574
26.10469
8.73526
-30.251083
40.90094980941763
25.387512
8.73526
-31.64795
41.50208690865361
24.670319
10.160263
-30.949524
40.86231317112765
26.10469
8.73526
-29.552643
40.38710695510542
26.821884
9.447769
-30.949524
42.03030900433638
24.670319
10.872757
-28.854202
39.48932126715557
24.670319
8.73526
-29.552643
39.475157832965024
25.387512
8.73526
-29.552643
39.927299044442954
26.10469
10.160263
-29.552643
40.719093256899306
26.821884
8.73526
-30.251083
41.36237652029015
26.821884
8.73526
-29.552643
40.854337643595144
26.821884
5.885269
-28.155762
39.32933860364295
26.821884
10.160263
-28.155762
40.191931496531424
27.539063
10.160263
-28.854202
41.160611303181135
28.97345
9.447769
-28.854202
41.967679621495634
27.539063
5.885269
-28.155762
39.821895047766276
26.821884
8.022766
-29.552643
40.70794717116825
28.256256
8.022766
-28.854202
41.1745759313317
28.97345
7.310257
-29.552643
42.026889004708195
28.97345
6.597763
-28.155762
40.93578240671601
28.256256
5.885269
-28.854202
40.81197657110747
29.690628
6.597763
-29.552643
42.407813046912416
27.539063
7.310257
-27.457336
39.56949730774325
27.539063
4.460266
-27.457336
39.14331639948256
28.256256
6.597763
-28.854202
40.920795136572984
26.821884
5.885269
-28.155762
39.32933860364295
28.97345
7.310257
-28.155762
41.05664020689132
28.256256
8.022766
-28.155762
40.68817653767415
28.256256
6.597763
-30.251083
41.91747204794947
26.821884
8.73526
-27.457336
39.36525797141751
26.821884
5.17276
-28.155762
39.22904340765509
25.387512
5.885269
-29.552643
39.40204149563113
24.670319
5.17276
-29.552643
38.842511796435744
26.10469
7.310257
-30.251083
40.620473004981584
26.10469
8.73526
-30.251083
40.90094980941763
26.10469
7.310257
-31.64795
41.67118367443052
26.821884
7.310257
-28.854202
40.06767194336274
24.670319
8.73526
-30.251083
40.00071715665702
25.387512
10.160263
-29.552643
40.26307835369304
26.080276
8.01593
-28.139648
39.19535532312789
25.363098
8.01593
-28.139648
38.721850599721954
25.363098
5.165924
-28.838089
38.75059853368397
25.37384
8.015442
-29.543365
39.76040148649391
25.37384
5.165436
-30.241806
39.81306723006436
24.656647
6.590439
-30.241806
39.57209784348532
24.656647
7.3029327
-29.543365
39.16750573957161
24.656647
8.015442
-30.241806
39.834211480797194
24.656647
8.015442
-30.241806
39.834211480797194
22.505081
7.3029327
-30.940247
38.95010079014559
23.222275
8.015442
-30.241806
38.96265051001568
23.939453
8.015442
-32.337112
41.02479213031965
23.222275
8.727936
-30.241806
39.115442248115066
23.222275
8.727936
-31.638672
40.20518054888885
22.505081
7.3029327
-30.241806
38.397635577841896
24.656647
8.727936
-29.543365
39.45804734144861
23.939453
8.727936
-30.940247
40.082079787820234
22.505081
10.865433
-31.638672
40.318009252903195
23.203232
10.145126
-30.218369
39.426683590003485
23.203232
10.145126
-32.313675
41.05468378330145
22.486038
10.145126
-31.615234
40.10073071049485
21.76886
10.85762
-30.91681
39.33980476893362
21.051666
12.282623
-32.313675
40.47479443277013
21.76886
9.432632
-30.91681
38.97059031089582
21.051666
11.570129
-30.91681
39.15213466003482
21.051666
11.570129
-32.313675
40.26430318940246
21.76886
10.85762
-30.91681
39.33980476893362
22.486038
10.85762
-32.313675
40.83727892023874
22.486038
11.570129
-30.91681
39.941693344017104
21.76886
13.707626
-30.218369
39.6854145613505
22.486038
13.707626
-31.615234
41.14661523518672
23.203232
12.995132
-31.615234
41.31327267384463
23.203232
12.282623
-30.218369
40.030021082815146
21.76886
12.282623
-30.91681
39.75670025094827
23.92041
10.85762
-31.615234
41.104708317885404
21.76886
13.707626
-30.218369
39.6854145613505
22.486038
13.707626
-32.313675
41.68566396350339
21.76886
12.282623
-31.615234
40.30222283000111
23.203232
10.85762
-30.218369
39.61600351341614
20.334473
10.85762
-30.218369
38.006954159115736
22.486038
10.85762
-32.313675
40.83727892023874
21.76886
12.282623
-31.615234
40.30222283000111
22.486038
12.282623
-31.615234
40.69407588949527
23.92041
12.995132
-30.91681
41.19355009386709
23.203232
10.85762
-31.615234
40.69153505817426
22.486038
10.145126
-29.519928
38.47040004584694
22.486038
10.145126
-32.313675
40.6536482521672
22.486038
9.432632
-29.519928
38.28867593790787
23.203232
10.145126
-31.615234
40.50724219101907
21.051666
10.145126
-31.615234
39.31436613714667
20.334473
9.432632
-33.012115
39.903197073903115
21.76886
10.85762
-33.012115
41.00696337113826
21.051666
10.145126
-32.313675
39.878186711416866
21.76886
12.995132
-31.615234
40.52505132823708
22.486038
11.570129
-33.710556
42.14132600455134
23.203232
10.85762
-30.91681
40.151300765043715
22.486038
8.720123
-32.313675
40.32165745068415
21.76886
9.432632
-33.012115
40.652893068559706
21.76886
10.145126
-32.313675
40.261401723611165
21.76886
10.145126
-31.615234
39.70302200153897
21.76886
8.007629
-31.615234
39.21133053573689
21.76886
8.720123
-32.313675
39.92614947762149
22.486038
8.720123
-32.313675
40.32165745068415
22.486038
7.2951202
-32.313675
40.03766079863511
21.051666
6.5826263
-32.313675
39.12387054080603
23.204208
7.2951202
-34.41095
42.139855909277706
22.487015
8.007629
-31.617188
39.61608979079712
23.921387
8.007629
-33.71251
42.10567875707207
23.204208
8.007629
-34.41095
42.26903001533747
23.204208
7.2951202
-34.41095
42.139855909277706
22.487015
10.145126
-33.01407
41.21308125348371
21.052643
10.145126
-32.315628
39.88028655688641
21.052643
11.570129
-33.01407
40.829038391524264
21.052643
10.145126
-33.01407
40.44831470048381
21.769836
10.145126
-32.315628
40.26349674235802
21.052643
10.145126
-32.315628
39.88028655688641
22.487015
10.145126
-32.315628
40.655739572122535
20.33545
11.570129
-33.01407
40.46389932319301
20.33545
10.85762
-33.01407
40.26595544586953
22.487015
10.145126
-33.71251
41.77466699728886
21.052643
11.570129
-33.71251
41.39583300568277
23.204208
11.570129
-31.617188
40.889481618519575
22.487015
10.85762
-33.71251
41.95339269002121
23.204208
11.570129
-32.315628
41.43190832370324
22.487015
10.145126
-34.41095
42.34032216291434
23.921387
12.282623
-33.71251
43.123414825938816
22.487015
10.85762
-33.01407
41.39423174640399
21.769836
12.282623
-32.315628
40.85447807653709
22.487015
12.995132
-32.315628
41.45888458856708
24.63858
12.282623
-30.918762
41.39918276952306
22.487015
9.432632
-33.71251
41.60737562085222
21.052643
9.432632
-30.918762
38.576653601952046
23.204208
8.720123
-32.315628
40.72806937194083
24.63858
10.145126
-32.315628
41.884161194709094
22.487015
8.720123
-31.617188
39.76622820023842
23.204208
9.432632
-32.315628
40.88654689255226
22.487015
10.145126
-33.01407
41.21308125348371
21.769836
8.007629
-33.01407
40.3481915641829
21.769836
10.145126
-33.01407
40.8261935057859
21.769836
9.432632
-35.109375
42.37415018045347
23.204208
9.432632
-34.41095
42.561992356554164
23.204208
9.432632
-33.71251
41.99932279494962
22.487015
8.720123
-33.71251
41.451655528986414
22.487015
10.145126
-32.315628
40.655739572122535
23.204208
8.007629
-33.01407
41.13983573113018
23.204208
6.5826263
-32.315628
40.324510686546155
23.921387
8.007629
-33.01407
41.54856880009151
22.487015
8.720123
-33.01407
40.88563329295053
21.769836
8.007629
-33.71251
40.92164829070458
22.487015
8.007629
-33.01407
40.73962045484331
21.769836
7.2951202
-32.315628
39.64144719781935
22.487015
7.2951202
-33.71251
41.17545347351987
23.204208
8.007629
-32.315628
40.58148811631204
23.204208
8.007629
-33.01407
41.13983573113018
21.769836
6.5826263
-33.01407
40.08971871783338
23.204208
6.5826263
-33.01407
40.88636775698442
21.769836
7.2951202
-33.01407
40.212849217476496
23.204208
9.432632
-33.71251
41.99932279494962
21.769836
7.2951202
-32.315628
39.64144719781935
22.487015
8.007629
-33.71251
41.30764201770055
23.204208
7.2951202
-33.71251
41.57147312676913
23.204208
5.8701324
-32.315628
40.214345742727495
23.204208
7.2951202
-35.807816
43.28803252361587
21.769836
8.007629
-33.71251
40.92164829070458
21.052643
7.2951202
-33.71251
40.409971793017874
24.63858
6.5826263
-33.01407
41.717134800193314
21.052643
7.2951202
-33.71251
40.409971793017874
21.769836
7.2951202
-33.01407
40.212849217476496
21.769836
6.5826263
-32.315628
39.51653629336711
21.052643
7.2951202
-33.01407
39.82915173745231
21.052643
6.5826263
-34.41095
40.87368594982596
22.487015
9.432632
-33.71251
41.60737562085222
20.33545
7.2951202
-32.315628
38.87221465604481
21.769836
8.007629
-33.71251
40.92164829070458
22.487015
8.007629
-35.109375
42.45534332398941
21.052643
9.432632
-32.315628
39.70501428257755
21.052643
9.432632
-33.71251
40.84998995945409
22.487015
7.2951202
-32.315628
40.03978581663728
20.33545
9.432632
-33.71251
40.485038348482824
21.052643
8.720123
-33.01407
40.11462458342032
21.769836
10.145126
-33.01407
40.8261935057859
22.487015
9.432632
-32.315628
40.48382622167617
23.204208
8.720123
-31.617188
40.17614110953322
23.921387
9.432632
-31.617188
40.75357358276235
22.487015
8.720123
-31.617188
39.76622820023842
22.487015
8.007629
-32.315628
40.17571117671332
22.487015
8.007629
-31.617188
39.61608979079712
21.769836
9.432632
-30.918762
38.972684244063814
22.487015
10.145126
-31.617188
40.10281738125219
22.487015
7.2951202
-31.617188
39.478237675965225
24.63858
9.432632
-30.918762
40.64485242094394
23.921387
6.5826263
-30.220322
39.100275484563404
23.921387
8.007629
-32.315628
40.99578835790254
23.921387
7.2951202
-29.521881
38.690992749241715
23.921387
8.007629
-31.617188
40.44751494027476
25.355774
7.2951202
-31.617188
41.179855725562284
24.63858
8.007629
-30.918762
40.33796736733428
24.63858
7.2951202
-30.918762
40.20259060080115
24.63858
6.5826263
-30.918762
40.07942706218257
22.487015
8.007629
-31.617188
39.61608979079712
26.072952
7.2951202
-30.220322
40.57444269969244
23.921387
7.2951202
-30.918762
39.767089241214904
25.355774
7.2951202
-30.220322
40.11735105249037
25.355774
5.8701324
-30.220322
39.88284846349995
24.63858
5.1576233
-30.220322
39.331011515048466
23.921387
5.8701324
-29.521881
38.44779143222176
23.204208
7.2951202
-32.315628
40.44692642737981
25.355774
6.5826263
-32.315628
41.59983344411519
23.921387
5.1576233
-31.617188
39.98099982091102
23.921387
5.8701324
-31.617188
40.07914228728423
23.921387
5.1576233
-29.521881
38.34547227692762
23.921387
8.007629
-30.918762
39.90394350225614
25.355774
5.1576233
-30.220322
39.78422023475514
24.63858
5.1576233
-30.220322
39.331011515048466
25.355774
5.8701324
-30.918762
40.41464469544889
23.921387
6.5826263
-30.220322
39.100275484563404
25.355774
5.1576233
-29.521881
39.256309828206284
26.072952
5.8701324
-31.617188
41.39932135426558
24.63858
7.2951202
-32.315628
41.28653832752647
24.63858
4.4451294
-30.220322
39.2439380022173
23.921387
3.7326202
-30.918762
39.27002686229824
25.355774
4.4451294
-31.617188
40.771571528724216
23.921387
5.1576233
-31.617188
39.98099982091102
25.355774
3.7326202
-30.918762
40.159900733855466
26.072952
3.0201263
-29.521881
39.50267618505422
26.065628
4.446106
-30.215439
40.15168231560712
24.631256
5.1586
-31.612305
40.4060355031043
25.34845
4.446106
-31.612305
40.76333718187367
25.34845
3.021103
-32.310745
41.178335000792586
23.914063
3.021103
-30.91388
39.20047818884835
23.914063
4.446106
-32.310745
40.44297864258239
24.631256
7.296097
-31.612305
40.734133761752105
25.3172
5.1566467
-30.883118
40.26560074698532
26.034378
6.58165
-30.184677
40.40076335525729
24.600006
6.58165
-32.279984
41.11539502434353
23.165634
5.869156
-31.581543
39.60413550158777
26.751572
5.869156
-31.581543
41.802961005509225
25.3172
5.1566467
-32.279984
41.346690655057266
26.751572
8.006653
-30.883118
41.635561957673275
26.034378
8.006653
-32.279984
42.236152501441225
25.3172
6.58165
-30.184677
39.94237640172637
26.034378
8.006653
-31.581543
41.70478611107258
26.034378
5.869156
-30.184677
40.29082508385129
26.034378
5.869156
-28.787796
39.25522923714671
26.751572
5.1566467
-29.486237
40.14568197515145
27.46875
7.2941437
-31.581543
42.486828726493286
26.751572
6.58165
-28.787796
39.84597726617927
28.185944
5.869156
-30.883118
42.22157478059203
26.751572
5.1566467
-30.184677
40.661434983555054
28.185944
6.58165
-30.184677
41.81961560109607
26.751572
4.444153
-30.184677
40.57723303553746
28.185944
4.444153
-28.787796
40.53313531659931
28.185944
5.869156
-29.486237
41.2108301242677
28.185944
5.1566467
-31.581543
42.643079754827305
28.185944
3.7316437
-28.787796
40.461212799555796
28.185944
4.444153
-30.184677
41.536882671552426
26.751572
3.0191498
-28.787796
39.41445196165361
28.897766
5.157135
-29.483307
41.60459569341469
28.897766
5.157135
-29.483307
41.60459569341469
26.7462
3.019638
-27.388
38.400261433029335
28.180573
3.732132
-29.483307
40.955327702113436
27.463379
3.732132
-29.483307
40.46518746384817
29.614944
2.3071442
-28.086426
40.88049764729663
29.614944
2.3071442
-28.784866
41.36346698920664
28.180573
5.157135
-28.086426
40.11967114390785
27.463379
4.444641
-28.086426
39.53276306392901
28.180573
4.444641
-29.483307
41.02639144406774
28.897766
2.3071442
-27.388
39.881152787454
27.463379
3.019638
-29.483307
40.40570318172145
28.180573
3.019638
-28.784866
40.395933222274216
27.463379
3.019638
-27.388
38.90318763048216
27.463379
3.019638
-27.388
38.90318763048216
27.463379
5.157135
-27.388
39.12717458513488
28.180573
3.732132
-27.388
39.47373842684051
27.463379
0.8821411
-27.388
38.79584926151089
28.180573
2.3071442
-27.388
39.364580404593255
26.7462
2.3071442
-27.388
38.35081211707338
28.897766
2.3071442
-28.784866
40.85305878522898
27.463379
3.019638
-28.086426
39.39800295343344
28.897766
1.594635
-28.784866
40.81901837063439
26.029007
1.594635
-28.086426
38.32622358206584
26.029007
2.3071442
-28.086426
38.362474416535946
28.180573
4.444641
-27.388
39.547466103346146
27.463379
1.594635
-26.68956
38.32900401560318
26.7462
2.3071442
-27.388
38.35081211707338
26.029007
1.594635
-28.784866
38.840965557884246
26.7462
2.3071442
-26.68956
37.855181554284115
25.311829
1.594635
-29.483307
38.8908321609589
26.7462
1.594635
-30.181747
40.35888955137781
26.029007
2.3071442
-28.086426
38.362474416535946
25.311829
3.019638
-28.086426
37.92959497285316
26.029007
3.732132
-28.784866
38.987261917155394
26.029007
4.444641
-28.784866
39.06190624548743
26.7462
4.444641
-27.388
38.53850898523044
25.311829
5.157135
-28.086426
38.15929873671848
26.7462
3.732132
-28.086426
38.96325674243059
28.180573
4.444641
-28.784866
40.52737368221786
26.7462
4.444641
-28.086426
39.03794853448693
26.7462
6.582138
-28.086426
39.33867061632072
26.029007
5.869644
-29.483307
39.764648809236014
27.463379
8.007141
-30.181747
41.5847244386761
25.968948
6.5757904
-28.05371
38.78966279117576
25.968948
6.5757904
-29.450592
39.81161387848243
27.40332
5.8632965
-28.05371
39.6526267799105
26.686142
6.5757904
-28.05371
39.27342429008133
28.120514
8.000793
-28.752151
41.005635688318804
27.40332
5.8632965
-28.752151
40.14979884951169
26.686142
5.8632965
-27.355286
38.66316189721975
27.40332
7.2882843
-28.752151
40.382512483166835
26.686142
7.2882843
-28.752151
39.89931633920483
26.686142
8.000793
-26.656845
38.55840043545148
27.40332
7.2882843
-29.450592
40.88274009285581
27.40332
6.5757904
-26.656845
38.79136999052995
25.968948
7.2882843
-27.355286
38.41636391697635
25.968948
8.000793
-27.355286
38.55788756349828
25.968948
6.5757904
-27.355286
38.28758238442002
26.686142
5.8632965
-28.752151
39.663769357051464
26.686142
6.5757904
-27.355286
38.77760798269247
28.120514
6.5757904
-28.05371
40.26183074139125
27.40332
5.8632965
-28.752151
40.14979884951169
27.40332
6.5757904
-28.05371
39.7642251718253
28.837708
5.1507874
-28.05371
40.56050770338372
27.40332
6.5757904
-26.656845
38.79136999052995
27.40332
5.8632965
-27.355286
39.16161176378598
27.40332
6.5757904
-28.05371
39.7642251718253
27.40332
5.1507874
-28.05371
39.553549478740685
28.837708
6.5757904
-26.656845
39.81760784541495
27.40332
5.8632965
-27.355286
39.16161176378598
26.686142
7.2882843
-27.355286
38.90476591044952
28.120514
7.2882843
-25.958405
38.95794131375848
28.120514
7.2882843
-28.05371
40.38431708480719
27.40332
8.000793
-27.355286
39.538163303596626
28.837708
6.5757904
-27.355286
40.28853454303098
28.120514
7.2882843
-26.656845
39.426764089416466
28.120514
5.8632965
-26.656845
39.18837842914976
28.837708
5.8632965
-27.355286
40.17839248472057
28.120514
7.2882843
-28.752151
40.87258988020731
28.120514
6.5757904
-26.656845
39.3012951042965
28.837708
6.5757904
-29.450592
41.73957082267303
30.27208
8.000793
-25.259964
40.23030319202025
28.120514
6.5757904
-27.355286
39.7783347812443
27.40332
5.8632965
-26.656845
38.67696462719687
28.837708
6.5757904
-27.355286
40.28853454303098
28.120514
6.5757904
-27.355286
39.7783347812443
28.837708
6.5757904
-27.355286
40.28853454303098
28.120514
5.1507874
-25.259964
38.14917746440855
28.120514
7.2882843
-28.05371
40.38431708480719
28.120514
6.5757904
-27.355286
39.7783347812443
28.837708
6.5757904
-28.752151
41.24973514356259
27.40332
8.000793
-27.355286
39.538163303596626
27.40332
6.5757904
-28.752151
40.26001913344056
28.120514
7.2882843
-28.752151
40.87258988020731
26.686142
9.4257965
-28.05371
39.84979886682695
28.120514
8.713287
-29.450592
41.641589458812085
28.837708
8.000793
-29.450592
41.987657459142085
27.40332
6.5757904
-29.450592
40.76175000747484
28.120514
7.2882843
-29.450592
41.366891671510686
29.554886
7.2882843
-28.752151
41.87238506294303
25.968948
8.000793
-28.05371
39.05649328816848
28.120514
8.713287
-27.355286
40.18701703150689
26.686142
9.4257965
-27.355286
39.36124201606035
26.686142
8.713287
-28.05371
39.68730622492065
27.40332
7.2882843
-27.355286
39.400160921804144
26.686142
8.713287
-28.752151
40.1840492297628
26.686142
5.8632965
-28.05371
39.160427251244336
27.40332
8.000793
-26.656845
39.05818726192371
26.686142
7.2882843
-27.355286
38.90476591044952
27.40332
8.000793
-28.752151
40.5171675853659
27.40332
8.713287
-27.355286
39.68847501262961
26.686142
8.713287
-27.355286
39.19672408136855
25.25177
7.2882843
-28.05371
38.44192682841548
28.120514
9.4257965
-25.958405
39.413801566281954
28.837708
8.713287
-27.355286
40.692093034726966
27.40332
8.713287
-29.450592
41.16066913442674
27.40332
6.5757904
-29.450592
40.76175000747484
28.120514
7.2882843
-28.05371
40.38431708480719
27.40332
6.5757904
-27.355286
39.27460539465992
28.120514
8.000793
-26.656845
39.564673678931214
28.837708
7.2882843
-28.752151
41.369296599916645
27.40332
7.2882843
-28.752151
40.382512483166835
28.837708
6.5757904
-28.05371
40.765979839870006
28.837708
5.8632965
-28.05371
40.65713122363576
27.40332
7.2882843
-27.355286
39.400160921804144
30.27208
6.5757904
-28.752151
42.26495060691172
28.120514
7.2882843
-29.450592
41.366891671510686
29.554886
7.2882843
-28.752151
41.87238506294303
28.120514
6.5757904
-27.355286
39.7783347812443
28.837708
8.713287
-28.05371
41.16485649381338
29.554886
8.000793
-28.05371
41.52727595734519
28.837708
8.713287
-28.05371
41.16485649381338
27.40332
8.000793
-28.752151
40.5171675853659
25.968948
8.713287
-28.752151
39.7113824549634
28.837708
8.713287
-28.05371
41.16485649381338
28.837708
8.000793
-28.752151
41.50075006381662
28.837708
8.713287
-28.752151
41.643978523498745
28.120514
7.2882843
-29.450592
41.366891671510686
28.120514
6.5757904
-28.752151
40.75157115692366
27.40332
6.5757904
-29.450592
40.76175000747484
26.686142
6.5757904
-28.752151
39.77533648604528
28.837708
6.5757904
-29.450592
41.73957082267303
28.120514
6.5757904
-29.450592
41.247323244117155
27.40332
6.5757904
-31.545898
42.300433332960665
27.40332
7.2882843
-30.149033
41.38870795862532
28.837708
7.2882843
-30.847473
42.8520603036263
28.120514
6.5757904
-30.847473
42.25601641011091
28.120514
5.8632965
-31.545898
42.6648013978773
26.686142
5.1507874
-30.847473
41.11261746049654
26.686142
5.1507874
-29.450592
40.07515522622776
26.686142
5.1507874
-31.545898
41.63921784676827
28.120514
5.8632965
-31.545898
42.6648013978773
28.837708
5.8632965
-28.05371
40.65713122363576
26.686142
7.2882843
-30.149033
40.91739725883723
27.40332
6.5757904
-30.149033
41.269204218119775
25.968948
8.000793
-30.149033
40.587721778632606
25.968948
5.1507874
-29.450592
39.601190290961426
28.120514
7.2882843
-31.545898
42.88386786481456
26.686142
5.1507874
-29.450592
40.07515522622776
28.837708
3.7257843
-29.450592
41.386377896484554
27.40332
5.1507874
-28.752151
40.05195143156651
28.120514
6.5757904
-30.149033
41.748874306493285
25.968948
5.8632965
-30.149033
40.220998990149724
25.25177
5.1507874
-29.450592
39.13463807755142
25.25177
6.5757904
-30.149033
39.87301315093173
25.968948
6.5757904
-30.847473
40.85576884182024
26.686142
6.5757904
-32.94278
42.90242324067342
25.25177
7.2882843
-29.450592
39.47288181064945
25.968948
6.5757904
-29.450592
39.81161387848243
26.686142
5.8632965
-30.149033
40.687744514914286
25.25177
6.5757904
-30.149033
39.87301315093173
26.686142
6.5757904
-30.149033
40.796511452325035
26.686142
5.1507874
-30.149033
40.59119386678901
26.686142
6.5757904
-30.149033
40.796511452325035
25.968948
7.2882843
-30.149033
40.45330001893387
26.686142
7.2882843
-30.149033
40.91739725883723
26.686142
8.000793
-29.450592
40.54010661234902
27.40332
3.7257843
-28.752151
39.8937293763655
27.40332
3.7257843
-30.149033
40.91194932603737
28.120514
5.1507874
-30.149033
41.548261776404374
25.968948
5.1507874
-30.847473
40.65075055282267
28.120514
4.4382935
-28.752151
40.46168495278898
26.686142
3.7257843
-30.847473
40.95849294751029
26.686142
4.4382935
-30.149033
40.50694686273732
25.968948
4.4382935
-30.149033
40.03809221385305
27.40332
4.4382935
-30.847473
41.49948230098781
26.686142
4.4382935
-30.149033
40.50694686273732
27.40332
5.1507874
-30.149033
41.06624852087326
28.120514
4.4382935
-30.149033
41.46596077893665
27.40332
2.3007965
-28.05371
39.28417414036631
27.401367
1.5882874
-30.148056
40.770857452141136
27.401367
3.0132904
-31.544922
41.89268225086423
25.249817
2.3007965
-31.544922
40.47133498018227
25.249817
1.5882874
-30.846497
39.89463968242632
25.966995
3.0132904
-30.846497
40.43353921869813
25.966995
2.3007965
-30.148056
39.85578709106668
26.684189
2.3007965
-30.846497
40.851510954499894
26.684189
0.87579346
-30.846497
40.796070104086006
27.401367
0.87579346
-29.449615
40.23533069253315
27.401367
0.87579346
-30.846497
41.268732429857685
28.835754
1.5882874
-30.846497
42.25552963999209
25.966995
1.5882874
-30.148056
39.821009135313076
26.684189
0.87579346
-30.846497
40.796070104086006
26.684189
0.1632843
-30.148056
40.26136988818733
26.684189
-0.5492096
-32.243362
41.85668326078584
25.966995
0.1632843
-31.544922
40.85821281807979
26.684189
2.3007965
-30.148056
40.32672653522568
25.249817
0.87579346
-31.544922
40.415372616740775
25.966995
0.87579346
-31.544922
40.86727337617626
26.684189
0.1632843
-32.243362
41.85339927950895
25.249817
0.1632843
-29.449615
38.79252329098031
25.966995
0.1632843
-31.544922
40.85821281807979
25.966995
2.3007965
-32.941803
42.00881865426071
25.249817
1.5882874
-31.544922
40.43708643045855
25.249817
0.87579346
-32.243362
40.962845505580574
23.81543
1.5882874
-31.544922
39.55729286674345
25.966995
3.0132904
-34.338684
43.15680722395512
25.249817
3.7257843
-33.640244
42.22677858987262
25.249817
3.0132904
-35.03711
43.29240323352788
23.81543
1.5882874
-32.243362
40.116477750537555
23.81543
0.1632843
-31.544922
39.52573145769253
23.81543
-1.2617035
-33.640244
41.23630217645006
24.532623
0.1632843
-31.544922
39.96196158878387
24.532623
0.1632843
-32.941803
41.07357513315282
23.81543
0.1632843
-32.941803
40.64927760159152
23.098251
3.7257843
-32.243362
39.83773545290476
24.532623
1.5882874
-33.640244
41.66579328511729
25.249817
3.0132904
-32.243362
41.06418851170689
23.81543
1.5882874
-32.243362
40.116477750537555
24.532623
1.5882874
-32.941803
41.10394954221248
24.532623
0.87579346
-32.243362
40.52469588488604
23.81543
2.3007965
-32.243362
40.15099977837569
27.401367
1.5882874
-32.243362
42.3437355857909
25.966995
3.7257843
-32.243362
41.56682308343999
25.966995
2.3007965
-32.243362
41.463392174603854
25.966995
3.0132904
-32.243362
41.50902486818755
26.684189
4.4382935
-32.941803
42.625189011677705
25.966995
3.0132904
-32.941803
42.053859509079246
26.684189
2.3007965
-34.338684
43.548649385270835
27.401367
1.5882874
-31.544922
41.81434798326556
28.11856
1.5882874
-32.941803
43.33980132518203
26.684189
0.87579346
-32.243362
41.8622429845238
27.401367
0.1632843
-31.544922
41.784489987501644
28.11856
1.5882874
-32.243362
42.81133666302654
28.11856
0.87579346
-30.846497
41.7483743134089
29.552933
0.1632843
-31.544922
43.22597158122215
28.11856
0.1632843
-29.449615
40.71805448369924
29.552933
-0.5492096
-30.846497
42.722170332166236
28.835754
1.5882874
-32.941803
43.80851276881726
30.987305
0.1632843
-32.243362
44.7199524318599
30.270126
-0.5492096
-30.846497
43.22139080417097
30.270126
0.1632843
-30.148056
42.722506064298976
28.835754
-2.6867065
-31.544922
42.822905897793184
28.835754
-2.6867065
-31.544922
42.822905897793184
28.835754
-3.3992157
-32.243362
43.38997371900492
28.11856
-3.3992157
-31.544922
42.39446052496865
28.11856
-3.3992157
-31.544922
42.39446052496865
30.270126
-3.3992157
-30.846497
43.35137313551181
30.270126
-4.1117096
-30.148056
42.919599730375225
30.270126
-4.8242035
-32.243362
44.488065683745454
29.552933
-4.1117096
-30.148056
42.41682750818801
27.401367
-4.1117096
-30.846497
41.463807283619346
29.552933
-4.1117096
-31.544922
43.42077859357055
30.987305
-5.5367126
-30.148056
43.5863919081439
31.704498
-5.5367126
-29.449615
43.62465302512445
30.270126
-5.5367126
-30.148056
43.07947381820169
30.270126
-6.2492065
-29.449615
42.69207229813721
30.270126
-4.1117096
-28.751175
41.950170112419535
30.987305
-4.1117096
-30.846497
43.91611877524299
