20.914948
13.617783
-29.966904
38.998644682980654
20.197754
12.19278
-29.268463
37.59329865169622
21.632141
13.617783
-30.665344
39.92188417318877
20.197754
15.042786
-27.173157
37.04881901268075
22.34932
14.3302765
-29.268463
39.51571613028242
21.632141
14.3302765
-27.871582
38.08059016948464
20.914948
14.3302765
-27.173157
37.16412737144853
20.914948
13.617783
-29.966904
38.998644682980654
19.480576
15.042786
-29.268463
38.241615323860536
20.914948
15.042786
-28.570023
38.47033499730263
20.197754
15.042786
-27.871582
37.564074491231814
19.480576
14.3302765
-27.871582
36.90087810184874
20.914948
17.892776
-28.570023
39.67156114487902
20.914948
16.467789
-29.966904
40.08289445305036
19.480576
15.75528
-27.871582
37.47728315833056
20.914948
15.042786
-29.268463
38.99183764995326
19.480576
17.180283
-29.966904
39.65690565356335
20.197754
15.042786
-28.570023
38.08517867833808
18.046204
16.467789
-29.966904
38.6635344541129
19.480576
16.467789
-28.570023
38.30048464475923
19.480576
16.467789
-27.871582
37.78235013131545
20.197754
17.180283
-27.871582
38.469941530592266
21.632141
15.75528
-27.173157
38.13867902655551
20.197754
18.605286
-27.871582
39.12711218839342
18.763382
17.180283
-27.173157
37.22374317104693
18.763382
17.892776
-29.268463
39.10062514485862
19.480576
17.180283
-27.173157
37.59036313193349
21.632141
16.467789
-26.474716
37.947965633260566
20.197754
17.180283
-27.871582
38.469941530592266
20.914948
17.892776
-27.871582
39.171566487616374
23.066513
15.75528
-27.871582
39.460333499881564
25.218079
15.75528
-27.871582
40.75543363888734
21.632141
15.042786
-27.173157
37.84990563324184
23.783691
14.3302765
-26.474716
38.36575812471813
23.066513
15.042786
-27.173157
38.68759308096638
23.066513
12.905289
-27.871582
38.411398658145735
21.632141
15.75528
-28.570023
39.14619471349514
20.914948
15.75528
-28.570023
38.75448562747285
22.34932
12.905289
-29.268463
39.021551975218614
22.34932
13.617783
-27.871582
38.232984560434694
23.066513
12.905289
-29.268463
39.43670140831697
21.632141
14.3302765
-29.966904
39.63989978889247
22.34932
12.905289
-28.570023
38.50045181603799
22.34932
14.3302765
-27.871582
38.4925181067089
22.34932
13.617783
-26.474716
37.22696173054551
23.783691
14.3302765
-28.570023
39.84052070246761
23.066513
13.617783
-27.871582
38.656605255542196
25.218079
12.19278
-25.776276
38.066149506894575
23.783691
13.617783
-26.474716
38.105361232869846
23.066513
13.617783
-26.474716
37.66189986142328
23.783691
12.19278
-27.173157
38.11441003023823
24.500885
11.480286
-27.871582
38.84476033229498
23.783691
12.905289
-27.871582
38.84630641979926
24.500885
12.19278
-28.570023
39.562652732228884
23.783691
12.905289
-27.871582
38.84630641979926
23.783691
11.480286
-29.268463
39.42212426843507
23.066513
10.055283
-27.871582
37.54993745313533
22.34932
12.905289
-29.966904
39.54812201708351
23.066513
12.19278
-28.570023
38.69074981302055
23.783691
12.19278
-29.268463
39.63547432787089
23.066513
11.480286
-28.570023
38.472161074397356
23.783691
12.905289
-28.570023
39.350434115001356
22.34932
12.905289
-28.570023
38.50045181603799
22.34932
12.19278
-29.966904
39.32138431754962
20.914948
12.19278
-29.268463
37.98344140923861
23.066513
13.617783
-29.966904
40.193574579775806
23.783691
12.905289
-29.268463
39.86042390084039
23.066513
11.480286
-27.871582
37.956370152535
23.066513
11.480286
-28.570023
38.472161074397356
23.066513
12.19278
-29.966904
39.73340111370407
23.066513
11.480286
-29.966904
39.52057971112171
20.914948
12.19278
-29.268463
37.98344140923861
20.914948
10.055283
-29.966904
37.90196673038551
24.500885
11.480286
-31.36377
41.421930992983654
23.066513
12.905289
-29.268463
39.43670140831697
23.066513
12.905289
-27.871582
38.411398658145735
22.34932
12.19278
-27.871582
37.74891994522824
22.34932
12.19278
-29.966904
39.32138431754962
20.914948
12.905289
-28.570023
37.68590961092919
22.34932
13.617783
-27.871582
38.232984560434694
23.066513
10.7677765
-29.268463
38.78984374213258
23.066513
12.19278
-29.268463
39.20932095317866
24.500885
12.19278
-29.966904
40.58291088931399
22.34932
10.055283
-27.173157
36.59209205787331
23.066513
11.480286
-28.570023
38.472161074397356
22.34932
11.480286
-27.871582
37.52484528511577
22.34932
12.19278
-27.173157
37.236223988921395
23.066513
11.480286
-27.871582
37.956370152535
23.066513
10.7677765
-27.173157
37.234250419430694
21.632141
10.7677765
-27.871582
36.88793304716581
23.066513
11.480286
-27.173157
37.44651459185654
23.066513
10.055283
-27.173157
37.03448693658723
23.783691
9.342789
-27.871582
37.812390237444
23.066513
9.342789
-27.173157
36.84741751784479
24.500885
9.342789
-26.474716
37.262470385345495
25.218079
10.7677765
-25.776276
37.633932377721806
24.500885
9.342789
-27.871582
38.26756132810138
23.783691
7.9177856
-27.173157
36.9693905798263
25.935257
8.63028
-26.474716
38.05298815108431
24.500885
10.055283
-27.871582
38.44771999548949
23.066513
9.342789
-27.173157
36.84741751784479
23.783691
8.63028
-27.871582
37.64267292841082
23.066513
8.63028
-28.570023
37.71991506071428
25.935257
10.055283
-25.776276
37.92311429268764
25.218079
9.342789
-25.776276
37.25124853717154
23.066513
7.9177856
-27.173157
36.51213143857121
25.218079
7.9177856
-27.173157
37.908088758988825
25.218079
7.9177856
-28.570023
38.921575483090834
26.65245
5.7802887
-29.268463
40.005097636602045
25.218079
5.7802887
-27.871582
38.02878163209906
25.218079
7.2052765
-25.077835
36.287261964212384
25.218079
5.7802887
-25.776276
36.52094660623715
26.65245
5.0677795
-25.776276
37.422612205682206
25.218079
4.3552856
-27.871582
37.83840796317282
25.935257
3.6427765
-25.776276
36.74675129135568
25.935257
5.0677795
-27.871582
38.40761668642367
25.218079
6.4927826
-27.173157
37.636261227434474
23.783691
5.7802887
-28.570023
37.62076582798887
23.783691
5.7802887
-27.173157
36.57124795187898
22.34932
5.0677795
-27.871582
36.08323033929681
24.500885
6.4927826
-27.173157
37.15952203843585
25.935257
5.7802887
-27.173157
38.00565336236176
23.783691
5.7802887
-26.474716
36.05532315934777
23.066513
7.9177856
-27.173157
36.51213143857121
25.218079
6.4927826
-26.474716
37.135135795454886
24.500885
5.7802887
-29.268463
38.60502745150235
24.500885
7.9177856
-27.871582
37.94482592466495
23.783691
5.7802887
-28.570023
37.62076582798887
24.500885
7.2052765
-27.173157
37.290613346390536
23.783691
5.7802887
-27.871582
37.09313789511815
23.783691
5.0677795
-27.871582
36.98880082834195
25.218079
6.4927826
-29.268463
39.175894787762985
23.783691
7.9177856
-29.966904
39.06879324305717
23.783691
8.63028
-29.268463
38.688353496744504
23.066513
7.9177856
-28.570023
37.56330106518944
23.783691
7.2052765
-28.570023
37.86589721471023
25.218079
7.9177856
-29.966904
39.95820570452332
24.500885
7.9177856
-27.871582
37.94482592466495
25.218079
5.7802887
-27.871582
38.02878163209906
24.500885
5.7802887
-27.871582
37.557026951524
25.935257
5.0677795
-27.871582
38.40761668642367
23.066513
5.7802887
-26.474716
35.586322548685224
25.935257
6.4927826
-27.871582
38.62148231857984
25.935257
10.055283
-26.474716
38.40126118178363
25.218079
7.9177856
-27.173157
37.908088758988825
25.218079
8.63028
-25.776276
37.07896451325198
26.65245
7.2052765
-26.474716
38.25153183207177
26.65245
7.9177856
-27.173157
38.87704884321613
25.218079
7.9177856
-26.474716
37.41060634094127
25.935257
7.2052765
-25.776276
37.26888743581065
25.218079
10.055283
-27.173157
38.411465395479574
25.935257
10.7677765
-25.776276
38.11822429544036
27.369629
8.63028
-25.776276
38.57453342434941
26.65245
8.63028
-26.474716
38.545369156338836
25.935257
7.2052765
-25.776276
37.26888743581065
27.369629
7.9177856
-26.474716
38.89342471842927
26.65245
9.342789
-24.379395
37.30945895532476
26.65245
7.9177856
-25.077835
37.442521053108855
26.65245
6.4927826
-24.379395
36.6996492873229
25.935257
6.4927826
-25.776276
37.13771943830322
25.935257
9.342789
-25.776276
37.74045143880353
25.935257
8.63028
-25.077835
37.094704336923215
23.066513
9.342789
-25.077835
35.33057474367987
25.218079
10.055283
-24.379395
36.48856038627038
26.65245
9.342789
-24.379395
37.30945895532476
25.935257
8.63028
-25.776276
37.57040916108381
25.935257
10.055283
-24.379395
36.987850359526846
25.218079
8.63028
-25.776276
37.07896451325198
25.935257
8.63028
-25.077835
37.094704336923215
27.369629
7.2052765
-25.077835
37.81415608460177
25.935257
7.9177856
-25.077835
36.9354410646553
27.369629
9.342789
-26.474716
39.2083527054504
25.935257
7.9177856
-25.077835
36.9354410646553
24.500885
8.63028
-25.077835
36.10641180777747
25.218079
7.2052765
-25.776276
36.77341343344231
22.34932
7.9177856
-25.776276
35.02284759290177
25.935257
9.342789
-27.173157
38.707953498764304
23.783691
7.9177856
-27.871582
37.485736219552564
25.935257
9.342789
-24.379395
36.800545530836736
25.218079
9.342789
-26.474716
37.73790906069701
25.218079
9.342789
-25.077835
36.771415024317804
24.500885
8.63028
-25.776276
36.594965887677944
24.500885
10.7677765
-24.379395
36.202116812677545
24.500885
10.7677765
-25.776276
37.15716330879216
24.500885
9.342789
-26.474716
37.262470385345495
25.218079
10.7677765
-26.474716
38.11570711539076
25.218079
10.055283
-25.077835
36.958869136007124
23.783691
10.055283
-26.474716
36.982203147045944
23.783691
10.055283
-25.776276
36.4854640495919
25.218079
10.055283
-25.776276
37.43630006424246
24.500885
7.9177856
-26.474716
36.93095265047837
25.935257
11.480286
-26.474716
38.79877694945341
24.500885
12.905289
-25.776276
37.83194715562414
25.218079
11.480286
-25.776276
37.843953214772306
24.500885
12.19278
-26.474716
38.077131193432564
25.935257
10.7677765
-26.474716
38.59395242861892
24.500885
10.055283
-26.474716
37.447466458234864
24.500885
10.7677765
-26.474716
37.645038528088264
23.783691
9.342789
-25.776276
36.295566727391105
25.218079
10.055283
-26.474716
37.92058416117821
25.218079
12.905289
-25.776276
38.300317317753716
25.218079
10.055283
-25.776276
37.43630006424246
24.500885
12.19278
-25.077835
37.119470666202425
25.218079
11.480286
-27.173157
38.808876642464156
25.218079
11.480286
-25.776276
37.843953214772306
23.783691
10.7677765
-25.077835
36.200923136537554
25.935257
10.055283
-23.68097
36.53128341529695
26.65245
11.480286
-26.474716
39.281810917335676
25.218079
11.480286
-23.68097
36.44909797462843
28.086823
10.7677765
-25.077835
39.16264039034843
25.935257
12.19278
-26.474716
39.0155358303947
28.086823
12.19278
-22.982529
38.28485633523228
26.65245
11.480286
-25.077835
38.35424163717098
26.65245
10.7677765
-25.776276
38.60977336904964
25.935257
12.19278
-24.379395
37.62520764062306
26.65245
10.7677765
-25.776276
38.60977336904964
26.65245
10.7677765
-24.379395
37.69155178779291
26.65245
10.7677765
-26.474716
39.07951816788911
25.935257
10.055283
-26.474716
38.40126118178363
26.65245
10.7677765
-27.173157
39.55601836468362
25.935257
10.7677765
-26.474716
38.59395242861892
26.65245
12.19278
-26.474716
39.495918932273085
24.500885
9.342789
-25.776276
36.769519422937115
25.218079
10.055283
-27.173157
38.411465395479574
27.369629
10.7677765
-26.474716
39.57211326726815
27.369629
14.3302765
-26.474716
40.68616489264963
26.65245
10.7677765
-25.077835
38.14703192807895
27.369629
11.480286
-25.077835
38.856032475866925
27.369629
10.055283
-27.173157
39.85706578963603
26.65245
11.480286
-26.474716
39.281810917335676
26.65245
10.7677765
-25.776276
38.60977336904964
25.935257
8.63028
-26.474716
38.05298815108431
25.935257
9.342789
-27.173157
38.707953498764304
25.935257
11.480286
-25.776276
38.325589755124774
28.804016
10.055283
-26.474716
40.39419109015707
25.218079
10.055283
-27.173157
38.411465395479574
28.086823
10.7677765
-28.570023
41.485669706726746
25.935257
8.63028
-26.474716
38.05298815108431
25.935257
11.480286
-27.173157
39.27868304062969
25.935257
12.19278
-27.173157
39.49280801317659
24.500885
12.19278
-26.474716
38.077131193432564
25.218079
13.617783
-27.871582
39.97775107550058
22.34932
12.19278
-25.077835
35.73588827687791
24.500885
13.617783
-26.474716
38.557073919305004
23.783691
12.19278
-27.173157
38.11441003023823
25.935257
14.3302765
-27.173157
40.20416341449446
24.500885
10.7677765
-28.570023
39.146961812388774
25.935257
11.480286
-27.173157
39.27868304062969
23.783691
10.055283
-27.173157
37.4853714957165
23.783691
12.905289
-27.871582
38.84630641979926
24.500885
12.905289
-27.173157
38.79716761367703
25.218079
13.617783
-27.173157
39.49399801116937
23.783691
13.617783
-28.570023
39.58982505703801
25.218079
12.905289
-26.474716
38.773811358513946
25.935257
12.19278
-28.570023
40.466623375590345
23.783691
12.905289
-27.173157
38.348283146869825
25.218079
15.042786
-27.173157
40.00771562549295
24.500885
12.19278
-28.570023
39.562652732228884
24.500885
13.617783
-27.173157
39.03995286782343
27.369629
12.19278
-28.570023
41.400562699036776
25.218079
15.042786
-27.173157
40.00771562549295
23.783691
14.3302765
-28.570023
39.84052070246761
24.500885
14.3302765
-27.871582
39.780338633511846
25.935257
14.3302765
-27.173157
40.20416341449446
25.935257
13.617783
-27.173157
39.955749449390886
25.935257
12.19278
-27.871582
39.97657395079961
25.935257
13.617783
-27.871582
40.433978486057214
26.65245
12.19278
-27.871582
40.44554414290436
23.783691
14.3302765
-27.173157
38.85101343745344
25.218079
15.042786
-26.474716
39.536659708901816
25.218079
13.617783
-27.173157
39.49399801116937
25.935257
13.617783
-26.474716
39.48407511263243
27.369629
14.3302765
-28.570023
42.07968137903301
25.218079
14.3302765
-25.776276
38.80366747325567
25.218079
15.042786
-28.570023
40.9692952623898
25.218079
14.3302765
-27.871582
40.22602765351371
25.935257
12.905289
-27.173157
39.7185655975263
26.65245
14.3302765
-27.173157
40.67050936527904
25.218079
12.905289
-27.173157
39.25402422642486
25.218079
12.905289
-28.570023
40.233619531742356
25.218079
12.19278
-27.871582
39.51506585705634
25.218079
12.905289
-29.268463
40.732552941604645
26.65245
13.617783
-28.570023
41.37684539644048
25.935257
12.19278
-29.268463
40.962718854313124
26.65245
12.19278
-29.966904
41.91696969763932
25.935257
11.480286
-28.570023
40.2576783242961
25.218079
11.480286
-29.268463
40.303738752402055
23.783691
12.905289
-29.966904
40.376055157458424
25.218079
12.19278
-30.665344
41.53286361142975
25.218079
12.905289
-30.665344
41.74759068646956
25.218079
12.905289
-29.268463
40.732552941604645
25.218079
12.905289
-30.665344
41.74759068646956
24.500885
12.905289
-29.268463
40.29246564912524
26.65245
10.7677765
-31.36377
42.54390826968504
24.500885
10.055283
-29.966904
39.99271784298674
26.65245
13.617783
-29.268463
41.86215550442383
25.218079
12.19278
-31.36377
42.051175864671876
24.500885
10.7677765
-28.570023
39.146961812388774
24.500885
12.905289
-31.36377
41.83928630971434
24.500885
12.905289
-30.665344
41.3183146437509
23.783691
12.19278
-30.665344
40.677895251713494
25.218079
14.3302765
-29.966904
41.70519881739491
25.218079
15.75528
-28.570023
41.236228169800825
24.500885
14.3302765
-31.36377
42.300545878754626
24.500885
15.042786
-32.76065
43.587143876699756
24.434479
13.56163
-29.881943
40.9132263436135
25.151672
13.56163
-31.278809
42.366122145696345
23.000107
14.274124
-30.580383
40.8401200447971
25.151672
15.699127
-29.183502
41.602236643598864
25.151672
14.274124
-31.278809
42.59954449763812
22.282913
13.56163
-31.278809
40.728490476857075
23.000107
14.986633
-32.67569
42.67674787949888
23.717285
13.56163
-30.580383
41.00716281753409
23.000107
12.849136
-29.881943
39.837615949391974
22.282913
13.56163
-31.97725
41.26730520055344
23.717285
14.274124
-29.881943
40.73316429923073
22.282913
14.274124
-29.881943
39.91502662639645
23.000107
14.274124
-31.278809
41.365678826360686
23.000107
15.699127
-31.278809
41.87877052754101
21.565735
14.986633
-29.881943
39.78203860667682
23.000107
14.274124
-29.881943
40.319797062438816
23.717285
14.274124
-31.278809
41.76869815433338
23.000107
14.986633
-31.278809
41.61691984731841
22.282913
12.136627
-29.881943
39.201483998137746
23.000107
13.56163
-29.183502
39.5550200274883
22.282913
12.849136
-30.580383
39.959833959591535
24.434479
13.56163
-29.881943
40.9132263436135
23.717285
12.849136
-30.580383
40.777074139651376
24.434479
13.56163
-30.580383
41.42609489066795
25.151672
11.424133
-30.580383
41.2101606858066
25.151672
12.849136
-29.881943
41.117361918925134
25.86885
12.136627
-30.580383
41.852778035596096
25.151672
13.56163
-29.183502
40.8436184963453
24.434479
12.136627
-31.278809
41.50548544789743
23.717285
12.849136
-30.580383
40.777074139651376
25.86885
14.274124
-31.97725
43.537253377316134
23.000107
13.56163
-31.278809
41.12525527086428
22.282913
13.56163
-29.881943
39.66580977168814
23.717285
11.424133
-30.580383
40.3507161999829
23.717285
11.424133
-31.97725
41.419378814828335
24.434479
12.136627
-30.580383
40.98171961708583
23.000107
10.711624
-30.580383
39.735421056325016
23.717285
11.424133
-31.97725
41.419378814828335
23.717285
10.711624
-30.580383
40.15480602948575
23.000107
8.574127
-31.278809
39.76033854841248
24.434479
9.286636
-30.580383
40.229905698373194
23.717285
9.286636
-31.278809
40.33751646265546
25.151672
8.574127
-31.97725
41.5772383407902
23.717285
9.286636
-30.580383
39.79838103255583
24.434479
9.286636
-31.97725
41.30169287068479
25.151672
9.99913
-31.278809
41.36366914334366
23.717285
8.574127
-31.97725
40.72554115230929
21.565735
8.574127
-31.97725
39.511276760071134
23.717285
10.711624
-31.278809
40.689217573674384
23.717285
9.286636
-31.278809
40.33751646265546
25.151672
9.286636
-29.881943
40.146965123079354
24.434479
9.99913
-29.881943
39.87426221398178
22.282913
7.8616333
-30.580383
38.645742433069195
24.434479
8.574127
-30.580383
40.0714267063359
21.565735
10.711624
-30.580383
38.92274060659302
22.282913
10.711624
-29.881943
38.78398522284198
23.000107
12.849136
-28.485062
38.80082352540987
23.000107
7.8616333
-29.881943
38.51935516926847
22.282913
9.286636
-30.580383
38.96061713448595
24.434479
6.4366302
-30.580383
39.669053291734855
23.000107
7.8616333
-30.580383
39.06366717006274
23.717285
7.8616333
-29.183502
38.418637394092336
24.434479
7.149124
-29.881943
39.256645660520014
24.434479
7.8616333
-27.786621
37.82783779837278
25.151672
7.8616333
-28.485062
38.80477636767557
24.434479
7.8616333
-28.485062
38.3438104879311
23.000107
7.8616333
-29.183502
37.98008768482341
24.434479
6.4366302
-28.485062
38.07719531076803
24.434479
6.4366302
-28.485062
38.07719531076803
25.151672
5.7241364
-27.786621
37.91396510522211
25.151672
4.2991333
-27.088196
37.21370039475129
23.000107
4.2991333
-28.485062
36.86307407784584
23.717285
6.4366302
-27.088196
36.574720847576195
23.717285
6.4366302
-27.088196
36.574720847576195
24.434479
5.011627
-27.088196
36.82296049914883
23.717285
5.7241364
-27.088196
36.456078427292134
23.000107
5.7241364
-27.786621
36.52214319230698
23.717285
6.4366302
-24.992874
35.051157158702516
22.282913
5.011627
-27.088196
35.431836518341804
23.000107
5.7241364
-27.786621
36.52214319230698
22.282913
7.8616333
-26.389755
35.42248841550908
23.717285
5.7241364
-25.691315
35.430482522777965
23.717285
6.4366302
-27.786621
37.094961016457475
23.717285
5.7241364
-26.389755
35.94015275535324
23.000107
4.2991333
-27.786621
36.32607521098825
23.000107
5.7241364
-27.088196
35.99362465249923
24.434479
5.7241364
-24.992874
35.4182614913594
22.282913
5.7241364
-27.786621
36.074787023474755
24.434479
5.7241364
-26.389755
36.41742384855943
23.000107
7.149124
-27.088196
36.247555143847286
20.848541
5.7241364
-26.389755
34.11519719549486
23.000107
7.149124
-26.389755
35.72861849676671
22.282913
7.149124
-26.389755
35.27119749947363
23.000107
7.149124
-27.088196
36.247555143847286
22.282913
5.7241364
-24.992874
33.96965917021578
23.717285
6.4366302
-26.389755
36.06049265968748
23.717285
5.7241364
-24.992874
34.927341574375866
23.000107
6.4366302
-26.389755
35.592897748247296
23.000107
5.011627
-26.389755
35.36298244412863
23.000107
5.011627
-27.786621
36.41727133335483
22.282913
4.2991333
-27.088196
35.3380974011008
22.282913
2.1616364
-27.088196
35.14215689746789
22.282913
4.2991333
-27.088196
35.3380974011008
22.282913
5.011627
-27.786621
35.96861085442243
20.848541
2.8741302
-28.485062
35.41639514295427
23.000107
5.7241364
-28.485062
37.05630086225216
20.848541
5.7241364
-27.088196
34.65829992810164
21.565735
5.7241364
-26.389755
34.55815199255633
23.000107
6.4366302
-26.389755
35.592897748247296
23.000107
7.8616333
-28.485062
37.44608102825982
22.282913
7.149124
-26.389755
35.27119749947363
23.000107
7.149124
-25.691315
35.21588518461431
20.848541
7.8616333
-24.992874
33.48299146990062
23.717285
7.8616333
-25.691315
35.83794975411017
22.282913
7.8616333
-26.389755
35.42248841550908
23.000107
7.8616333
-24.992874
34.863361563282844
22.282913
8.574127
-27.786621
36.63523081295858
20.848541
8.574127
-26.389755
34.707298333595304
20.131348
8.574127
-27.088196
34.82179100658451
20.848541
8.574127
-27.088196
35.24127738655251
20.131348
8.574127
-25.691315
33.746561963197635
22.282913
9.99913
-25.691315
35.447911692501364
21.565735
9.286636
-27.088196
35.84819236039402
21.565735
8.574127
-27.088196
35.67025291975619
21.565735
9.286636
-27.786621
36.378825507601256
19.41417
9.286636
-26.389755
34.05247128743008
20.848541
9.99913
-26.389755
35.08651416944265
20.848541
8.574127
-27.786621
35.78091225277278
20.131348
10.711624
-26.389755
34.87734507124575
20.848541
10.711624
-27.088196
35.82137488201004
21.565735
9.99913
-26.389755
35.517357249880305
22.282913
12.136627
-24.992874
35.615582636852935
20.848541
9.286636
-26.389755
34.89014917946934
19.41417
9.99913
-25.691315
33.71848572069741
20.848541
9.286636
-26.389755
34.89014917946934
20.131348
10.711624
-25.691315
34.35190985865997
21.565735
9.99913
-27.088196
36.03933770624382
19.41417
9.286636
-24.992874
32.9817417382093
20.131348
7.8616333
-27.088196
34.65323476513412
21.565735
9.99913
-24.992874
34.49213352911972
23.000107
9.99913
-25.691315
35.903081344085216
22.282913
10.711624
-25.691315
35.65544546090576
23.000107
8.574127
-24.294434
34.53606972868638
21.565735
9.286636
-25.691315
34.804686623176195
22.282913
8.574127
-25.691315
35.0726036161284
23.717285
8.574127
-24.992874
35.505900147897954
23.000107
8.574127
-27.088196
36.5553144648627
23.000107
9.99913
-26.389755
36.406135997675584
22.282913
9.286636
-24.992874
34.74785711693241
21.565735
7.149124
-24.992874
33.776244859321984
22.282913
8.574127
-25.691315
35.0726036161284
23.000107
10.711624
-26.389755
36.608237951825814
20.848541
8.574127
-26.389755
34.707298333595304
21.565735
7.8616333
-24.992874
33.934201468384
21.565735
8.574127
-25.691315
34.62138265174789
21.565735
8.574127
-26.389755
35.14279082643142
21.565735
7.149124
-25.691315
34.296277044901316
22.282913
7.149124
-26.389755
35.27119749947363
23.000107
7.149124
-27.088196
36.247555143847286
21.565735
8.574127
-27.088196
35.67025291975619
21.565735
7.149124
-27.088196
35.35479008056228
20.848541
7.8616333
-26.389755
34.538183339579945
21.565735
7.149124
-25.691315
34.296277044901316
20.131348
8.574127
-29.183502
36.47552087423667
18.696976
8.574127
-29.183502
35.70391307937671
19.41417
8.574127
-27.786621
34.96458168856378
20.848541
7.8616333
-26.389755
34.538183339579945
20.848541
7.8616333
-27.786621
35.61689532261164
20.848541
8.574127
-27.088196
35.24127738655251
21.565735
9.99913
-27.786621
36.56719721429816
19.41417
9.286636
-25.691315
33.514104350701174
20.131348
8.574127
-27.088196
34.82179100658451
19.41417
10.711624
-28.485062
36.097750725244296
20.131348
8.574127
-27.786621
35.3678251613048
20.848541
10.711624
-28.485062
36.889013491909076
20.848541
8.574127
-27.786621
35.78091225277278
20.131348
9.99913
-28.485062
36.28570608132509
20.848541
9.99913
-29.881943
37.78325961363379
19.41417
7.8616333
-28.485062
35.35695141937261
17.979797
7.149124
-28.485062
34.43518346621029
18.696976
9.286636
-28.485062
35.31596360226137
19.41417
9.99913
-28.485062
35.892774478516216
19.41417
8.574127
-27.786621
34.96458168856378
17.979797
9.99913
-27.786621
34.57386369472249
19.41417
9.99913
-28.485062
35.892774478516216
18.696976
9.286636
-30.580383
37.02672539605261
17.979797
9.99913
-30.580383
36.85668904478195
20.131348
10.711624
-29.183502
37.03628987328678
18.696976
10.711624
-29.183502
36.27661334498095
19.41417
9.99913
-28.485062
35.892774478516216
18.696976
11.424133
-29.183502
36.493349070305776
19.41417
9.99913
-29.881943
37.0111199242454
18.696976
11.424133
-28.485062
35.93725713233152
18.696976
10.711624
-28.485062
35.71714713704574
17.979797
9.286636
-26.389755
33.25558355961635
20.848541
10.711624
-29.183502
37.430968362815904
18.696976
10.711624
-30.580383
37.40956543368955
18.696976
10.711624
-26.389755
34.06956097973031
20.848541
9.286636
-28.485062
36.50071234857102
20.848541
8.574127
-27.786621
35.78091225277278
20.848541
9.99913
-28.485062
36.68845824983656
21.565735
10.711624
-28.485062
37.29904162119149
20.848541
10.711624
-28.485062
36.889013491909076
22.282913
9.286636
-27.088196
36.2841585424385
20.131348
9.286636
-27.786621
35.54728021747058
20.131348
9.286636
-28.485062
36.0958654006721
21.565735
9.286636
-27.786621
36.378825507601256
21.565735
9.286636
-27.786621
36.378825507601256
20.848541
10.711624
-27.786621
36.35239780498495
22.282913
8.574127
-28.485062
37.16776327616615
20.848541
9.99913
-28.485062
36.68845824983656
20.131348
9.286636
-29.183502
36.64955081846587
20.848541
7.8616333
-28.485062
36.164426203885085
23.000107
8.574127
-30.580383
39.213268416721846
20.848541
7.149124
-29.183502
36.57114280861517
20.848541
5.7241364
-29.881943
36.88303011082807
20.848541
7.149124
-29.183502
36.57114280861517
21.565735
5.7241364
-29.183502
36.735860375115756
20.848541
5.011627
-29.881943
36.77918563663081
20.131348
5.7241364
-29.183502
35.912584773546826
21.565735
3.5866241
-31.278809
38.16161311868659
23.717285
5.011627
-28.485062
37.40353967572371
23.000107
3.5866241
-28.485062
36.786785373622955
22.282913
3.5866241
-30.580383
38.007262489596975
23.000107
5.011627
-29.881943
38.04013351465134
20.848541
5.011627
-31.278809
37.922842295553714
21.565735
5.011627
-29.183502
36.63160036782194
22.282913
6.4366302
-29.183502
37.277811817571184
23.000107
7.149124
-29.183502
37.8390241423702
22.282913
5.7241364
-31.278809
38.82856985409149
22.282913
7.8616333
-29.881943
38.09545794468975
23.000107
6.4366302
-27.088196
36.11378637592921
24.434479
7.8616333
-27.786621
37.82783779837278
24.434479
7.8616333
-28.485062
38.3438104879311
22.282913
7.8616333
-29.183502
37.55010324761105
22.282913
6.4366302
-28.485062
36.733597397129174
25.151672
6.4366302
-28.485062
38.54134853472307
23.000107
5.7241364
-29.183502
37.59584431510516
23.000107
5.7241364
-28.485062
37.05630086225216
22.282913
6.4366302
-29.183502
37.277811817571184
23.000107
6.4366302
-29.183502
37.710901083730086
24.434479
6.4366302
-29.881943
39.13316420909029
23.000107
7.8616333
-28.485062
37.44608102825982
21.565735
7.8616333
-29.183502
37.129004676684374
25.151672
5.7241364
-27.786621
37.91396510522211
25.151672
8.574127
-29.183502
39.46896340500501
24.434479
5.7241364
-28.485062
37.963248701252176
23.000107
7.8616333
-29.183502
37.98008768482341
25.151672
6.4366302
-27.088196
37.52075597461024
25.151672
7.149124
-28.485062
38.66672156319065
25.151672
5.7241364
-26.389755
36.902459320569
24.434479
8.574127
-28.485062
38.496210877865956
25.86885
6.4366302
-29.183502
39.525997057118936
25.151672
8.574127
-29.183502
39.46896340500501
24.434479
6.4366302
-27.786621
37.55755999129869
25.151672
6.4366302
-28.485062
38.54134853472307
23.717285
5.011627
-28.485062
37.40353967572371
24.434479
5.7241364
-28.485062
37.963248701252176
25.86885
7.149124
-29.183502
39.648256619045526
23.717285
6.4366302
-29.183502
38.152545121115445
25.86885
7.149124
-27.088196
38.13237153376462
25.151672
7.149124
-28.485062
38.66672156319065
25.86885
5.7241364
-28.485062
38.90195288769656
25.86885
7.149124
-27.088196
38.13237153376462
25.86885
5.011627
-27.786621
38.29373520890852
27.303223
5.011627
-27.088196
38.78598537014127
27.303223
5.011627
-27.786621
39.27694884964335
26.586044
4.2991333
-29.183502
39.71117035270114
25.86885
6.4366302
-27.786621
38.506155339418626
27.303223
5.7241364
-29.183502
40.37212463155271
27.303223
4.2991333
-27.088196
38.70037144524584
25.86885
7.149124
-29.183502
39.648256619045526
25.151672
5.7241364
-29.183502
38.949315710753346
26.586044
3.5866241
-27.786621
38.62354144950412
28.73761
5.7241364
-29.183502
41.35568551734302
27.303223
3.5866241
-26.389755
38.14117228714267
29.454788
3.5866241
-29.881943
42.11150562791599
28.73761
4.2991333
-29.183502
41.18263616482528
28.020416
4.2991333
-27.786621
39.69537323479904
25.86885
3.5866241
-27.786621
38.13341992063851
25.86885
3.5866241
-27.786621
38.13341992063851
25.86885
2.8741302
-27.786621
38.073014634506876
26.586044
1.4491272
-29.183502
39.5043602963252
26.586044
1.4491272
-29.183502
39.5043602963252
27.303223
1.4491272
-29.881943
40.50304109435025
27.303223
2.1616364
-28.485062
39.51629225415291
26.586044
1.4491272
-27.786621
38.48394519908188
28.020416
2.8741302
-28.485062
40.05999376667372
26.586044
2.8741302
-29.183502
39.582257729355526
27.303223
2.8741302
-29.183502
40.067484576804915
26.586044
2.8741302
-29.183502
39.582257729355526
27.303223
4.2991333
-29.881943
40.70477743766695
27.303223
5.011627
-28.485062
39.77412574905403
27.303223
2.1616364
-29.183502
40.022686437663076
26.586044
5.011627
-29.881943
40.30960957418761
25.151672
5.011627
-30.580383
39.9109360013017
26.586044
5.7241364
-29.183502
39.89060357911685
28.020416
7.8616333
-29.881943
41.7118630200278
26.586044
5.011627
-27.786621
38.78183231331553
28.020416
5.011627
-29.881943
41.2697307215364
26.586044
5.7241364
-27.786621
38.880326767792376
25.151672
5.011627
-27.786621
37.812951960108855
25.151672
7.149124
-30.580383
40.2352639464904
25.151672
8.574127
-28.485062
38.95537185156561
25.86885
7.8616333
-29.183502
39.78290544228372
27.303223
8.574127
-29.881943
41.37525962909478
23.717285
9.286636
-29.183502
38.73535982259539
27.303223
7.8616333
-30.580383
41.74243826543617
26.586044
8.574127
-30.580383
41.418512335216725
24.434479
7.8616333
-30.580383
39.92504115380237
26.586044
6.4366302
-29.183502
39.99906004754987
25.86885
8.574127
-30.580383
40.9618486750171
25.86885
6.4366302
-28.485062
39.013156334594356
25.86885
8.574127
-28.485062
39.422224904313175
26.586044
7.149124
-29.183502
40.11987652258541
25.86885
7.149124
-28.485062
39.13701798499488
25.86885
7.8616333
-27.786621
38.769822298970496
25.86885
5.7241364
-28.485062
38.90195288769656
27.303223
6.4366302
-29.881943
40.98568847971509
25.151672
6.4366302
-27.786621
38.02805778252338
25.86885
7.8616333
-28.485062
39.27341962775603
26.586044
7.8616333
-28.485062
39.749487147831545
25.86885
6.4366302
-27.088196
38.00523581322381
26.586044
7.149124
-28.485062
39.61472473734514
24.434479
7.149124
-26.389755
36.668419628433334
26.586044
6.4366302
-29.881943
40.511460931406496
25.86885
6.4366302
-29.183502
39.525997057118936
26.586044
5.011627
-28.485062
39.28527568621846
24.434479
5.011627
-29.881943
38.92416442483865
25.151672
5.7241364
-29.183502
38.949315710753346
23.000107
4.2991333
-30.580383
38.5051598992549
24.434479
7.8616333
-29.881943
39.392633080509164
23.717285
7.149124
-29.183502
38.27918999559356
25.86885
6.4366302
-30.580383
40.56830779877625
24.434479
6.4366302
-29.183502
38.60247244550859
25.151672
5.7241364
-28.485062
38.42877981622709
25.151672
6.4366302
-29.183502
39.06038431770577
25.151672
4.2991333
-29.183502
38.7655258085188
25.86885
5.011627
-30.580383
40.36673918974011
25.151672
3.5866241
-30.580383
39.757142390943415
25.151672
5.7241364
-31.278809
40.543018241430914
25.151672
5.7241364
-31.278809
40.543018241430914
23.000107
5.011627
-29.881943
38.04013351465134
25.86885
6.4366302
-31.278809
41.0973427017908
23.717285
3.5866241
-29.183502
37.776319208847625
20.848541
4.2991333
-30.580383
37.259952726062835
25.151672
6.4366302
-31.97725
41.189577550979145
23.000107
5.011627
-30.580383
38.591206900018044
21.565735
5.7241364
-30.580383
37.85507352782286
21.565735
5.011627
-31.278809
38.32181205654131
25.151672
7.149124
-32.67569
41.849937112594624
23.000107
5.011627
-31.97725
39.70725086787519
25.151672
5.7241364
-31.97725
41.084263995438384
23.717285
7.149124
-31.97725
40.44952487360018
23.000107
7.149124
-31.278809
39.47757287075315
22.282913
9.286636
-31.278809
39.51118561954956
24.434479
8.574127
-31.278809
40.60693709015431
23.000107
8.574127
-31.278809
39.76033854841248
23.717285
5.7241364
-31.278809
39.66912252907244
21.565735
7.149124
-31.278809
38.65947244299012
22.282913
8.574127
-29.881943
38.248847894209504
22.282913
9.99913
-30.580383
39.136564160601466
22.282913
9.99913
-31.278809
39.684691706744744
21.565735
8.574127
-31.278809
38.948176455628186
21.565735
9.286636
-29.881943
38.003329482531036
22.282913
8.574127
-29.881943
38.248847894209504
20.848541
9.99913
-30.580383
38.33802549974046
22.282913
11.424133
-31.278809
40.06748000687793
24.434479
9.286636
-31.97725
41.30169287068479
23.000107
9.286636
-30.580383
39.375201512381174
23.717285
9.99913
-31.97725
41.049197569425765
23.000107
9.99913
-29.881943
39.01176705495407
23.717285
9.99913
-30.580383
39.97064047034242
23.000107
9.99913
-30.580383
39.54930417766538
23.000107
9.286636
-31.278809
39.92005102242246
25.151672
8.574127
-30.580383
40.51274153352868
25.151672
8.574127
-30.580383
40.51274153352868
25.151672
9.286636
-31.278809
41.19723483685677
26.586044
8.574127
-28.485062
39.896518366072684
25.86885
8.574127
-30.580383
40.9618486750171
25.151672
7.8616333
-30.580383
40.36795483231408
26.586044
8.574127
-30.580383
41.418512335216725
24.434479
8.574127
-29.183502
39.01584714093749
25.151672
7.8616333
-29.183502
39.32033500769274
25.151672
7.8616333
-29.881943
39.841465927178966
24.434479
9.286636
-31.278809
40.76333268995786
23.717285
5.011627
-30.580383
39.02288929169488
23.717285
7.8616333
-31.97725
40.581515188568304
25.86885
6.4366302
-31.278809
41.0973427017908
25.151672
8.574127
-31.278809
41.0424926881237
25.151672
9.286636
-29.881943
40.146965123079354
25.86885
9.99913
-30.580383
41.28365104675215
25.86885
9.286636
-29.881943
40.60011858241611
22.282913
7.149124
-30.580383
38.50711746811393
24.434479
8.574127
-31.97725
41.14734355746356
25.86885
7.8616333
-29.881943
40.298054885305106
25.151672
7.149124
-29.881943
39.70701568648244
23.717285
6.4366302
-29.881943
38.68940890383472
23.717285
7.8616333
-30.580383
39.49018680021184
23.717285
3.5866241
-32.67569
40.53485190240615
25.151672
5.7241364
-31.97725
41.084263995438384
24.434479
5.011627
-31.278809
40.006550061853154
23.717285
5.011627
-31.97725
40.12692874063813
23.717285
5.011627
-31.278809
39.57259140155437
25.151672
5.011627
-31.97725
40.99106556378704
25.151672
4.2991333
-31.97725
40.91006654751218
25.151672
5.011627
-30.580383
39.9109360013017
24.434479
2.8741302
-33.37413
41.46247656484867
25.151672
3.5866241
-31.97725
40.841338036089425
25.86885
3.5866241
-31.97725
41.286870950589424
26.586044
4.2991333
-31.97725
41.80723294553827
24.434479
5.011627
-31.97725
40.55495764815628
24.434479
5.011627
-32.67569
41.10791699713998
24.434479
7.149124
-31.97725
40.87417573710203
23.000107
7.149124
-34.770996
42.298193897981626
23.717285
7.8616333
-33.37413
41.691095703249395
25.151672
6.4366302
-33.37413
42.283204523375765
23.000107
6.4366302
-31.97725
39.91214870509746
23.000107
5.7241364
-31.97725
39.80345695472788
24.434479
7.8616333
-32.67569
41.551772581774415
23.000107
7.8616333
-32.67569
40.72482027373632
23.000107
9.286636
-31.278809
39.92005102242246
23.000107
7.149124
-30.580383
38.92653054503365
23.717285
7.8616333
-34.07257
42.252278102876446
22.282913
8.574127
-31.97725
39.90724719779917
23.717285
9.286636
-31.278809
40.33751646265546
22.282913
7.8616333
-33.37413
40.8921265725445
23.000107
7.8616333
-31.278809
39.61280187345532
23.000107
7.8616333
-32.67569
40.72482027373632
25.151672
7.8616333
-33.37413
42.523456876947634
25.151672
6.4366302
-31.97725
41.189577550979145
23.000107
8.574127
-31.97725
40.31209574651959
23.717285
8.574127
-32.67569
41.27621533217935
23.000107
7.8616333
-31.97725
40.16658731244323
23.000107
7.8616333
-34.07257
41.85391551743546
25.151672
5.7241364
-31.97725
41.084263995438384
23.717285
6.4366302
-31.97725
40.32969594479978
24.434479
5.7241364
-32.67569
41.200852587127976
23.000107
6.4366302
-31.97725
39.91214870509746
24.434479
5.011627
-31.97725
40.55495764815628
20.848541
5.7241364
-31.278809
38.023561902662735
23.717285
6.4366302
-31.278809
39.77818134276
23.000107
6.4366302
-31.278809
39.35478461719267
25.151672
7.149124
-32.67569
41.849937112594624
23.000107
5.011627
-31.97725
39.70725086787519
23.000107
6.4366302
-31.278809
39.35478461719267
23.717285
5.7241364
-33.37413
41.34135834919131
24.434479
5.011627
-32.67569
41.10791699713998
22.282913
8.574127
-32.67569
40.4690576725756
23.000107
7.8616333
-33.37413
41.28732035704939
23.717285
7.149124
-33.37413
41.56262922912241
20.848541
7.8616333
-33.37413
40.12853646068546
21.565735
7.8616333
-34.07257
41.083163144350415
22.282913
7.149124
-33.37413
40.76114207336443
22.282913
7.149124
-34.770996
41.912532736529116
20.131348
5.7241364
-32.67569
38.803834202667716
21.565735
5.011627
-32.67569
39.47021597633778
23.000107
5.7241364
-33.37413
40.93413333007522
24.434479
4.2991333
-31.97725
40.47308736408986
25.151672
4.2991333
-33.37413
42.01097036322031
23.000107
4.2991333
-31.97725
39.62362909201875
23.000107
2.1616364
-31.97725
39.44898028971646
23.717285
5.011627
-34.07257
41.815860174213505
23.000107
1.4491272
-32.67569
39.98506801372857
23.717285
4.2991333
-33.37413
41.168248772946974
22.282913
3.5866241
-33.37413
40.28926171295523
21.565735
2.8741302
-33.37413
39.83935331133809
23.717285
2.8741302
-34.770996
42.187586805466246
20.848541
2.8741302
-34.07257
40.048249708164526
23.000107
3.5866241
-32.67569
40.11944142280803
23.000107
4.2991333
-33.37413
40.75929425737613
21.565735
4.2991333
-32.67569
39.386090947899994
23.000107
4.2991333
-31.278809
39.06214687340386
22.282913
5.011627
-31.97725
39.29617140274689
20.848541
5.7241364
-34.07257
40.353034974343934
22.282913
5.7241364
-32.67569
39.96241520361664
22.282913
5.011627
-32.67569
39.86659424774159
23.000107
5.011627
-31.97725
39.70725086787519
22.282913
3.5866241
-31.97725
39.13996069795549
23.000107
4.2991333
-31.97725
39.62362909201875
20.131348
4.2991333
-33.37413
39.212066786139
20.848541
3.5866241
-34.07257
40.10568009860791
21.565735
6.4366302
-32.67569
39.67633793575445
23.000107
5.011627
-31.97725
39.70725086787519
21.565735
6.4366302
-31.97725
39.103139797108206
20.848541
5.011627
-31.97725
38.50094167375163
21.565735
2.8741302
-31.97725
38.67668530688902
22.282913
6.4366302
-29.881943
37.82709235476109
20.848541
5.011627
-31.97725
38.50094167375163
23.000107
5.7241364
-31.97725
39.80345695472788
23.717285
5.7241364
-31.278809
39.66912252907244
21.565735
4.2991333
-32.67569
39.386090947899994
23.000107
7.149124
-31.278809
39.47757287075315
20.131348
5.7241364
-30.580383
37.056669809141646
23.000107
5.011627
-31.97725
39.70725086787519
24.434479
4.2991333
-32.67569
41.02715016645989
25.86885
4.2991333
-29.881943
39.75689215259176
24.434479
3.5866241
-30.580383
39.30734670367376
25.151672
3.5866241
-30.580383
39.757142390943415
23.717285
2.8741302
-32.67569
40.478030427203656
25.86885
0.7366333
-29.183502
39.00534412253259
24.434479
2.1616364
-30.580383
39.20301290338697
25.86885
2.8741302
-30.580383
40.157414258414036
26.586044
2.8741302
-31.278809
41.15145514732362
26.586044
1.4491272
-29.881943
40.02309513932237
23.717285
2.1616364
-30.580383
38.76005886329299
25.151672
5.011627
-31.97725
40.99106556378704
23.717285
2.8741302
-30.580383
38.80631618411171
24.434479
2.1616364
-30.580383
39.20301290338697
24.434479
2.8741302
-29.881943
38.707038937139714
26.586044
1.4491272
-31.278809
41.07653364405202
25.151672
4.2991333
-31.97725
40.91006654751218
25.86885
5.011627
-29.881943
39.84023575188311
23.717285
2.8741302
-30.580383
38.80631618411171
25.86885
4.2991333
-30.580383
40.284486390544934
24.434479
3.5866241
-29.881943
38.766456309103425
26.586044
1.4491272
-30.580383
40.54722723835441
25.86885
2.1616364
-29.881943
39.582831342759896
24.434479
1.4491272
-29.881943
38.627376545010144
26.586044
0.024124146
-28.485062
38.964304703351566
25.86885
0.024124146
-29.183502
38.99839583790194
27.303223
-0.68836975
-30.580383
41.001214730480854
26.586044
-0.68836975
-29.183502
39.48377522298716
25.86885
-0.68836975
-29.183502
39.00446313604701
27.303223
0.024124146
-29.881943
40.477116654428954
28.020416
0.024124146
-29.183502
40.457646582471746
26.586044
-0.68836975
-27.786621
38.46281242256116
27.303223
1.4491272
-28.485062
39.48372575643508
28.020416
0.024124146
-29.183502
40.457646582471746
27.303223
-2.1133728
-29.183502
40.02010908105293
28.020416
0.7366333
-28.485062
39.96354692726626
28.020416
-1.4008636
-29.881943
40.988249793004705
25.86885
0.7366333
-29.183502
39.00534412253259
28.020416
-2.1133728
-29.183502
40.51279878303121
27.303223
0.024124146
-29.881943
40.477116654428954
26.586044
0.7366333
-29.881943
40.003634478436766
26.586044
2.1616364
-28.485062
39.02421248604833
29.454788
0.7366333
-28.485062
40.982018970595504
28.73761
2.1616364
-29.881943
41.51449589168373
26.586044
2.8741302
-29.183502
39.582257729355526
25.86885
1.4491272
-28.485062
38.50579394055117
27.303223
1.4491272
-27.786621
38.98284534824661
26.586044
2.8741302
-29.183502
39.582257729355526
28.73761
2.1616364
-29.881943
41.51449589168373
28.020416
5.011627
-30.580383
41.778223057892255
29.454788
4.2991333
-28.485062
41.200313352115415
26.586044
3.5866241
-29.183502
39.640363248051855
28.020416
4.2991333
-27.088196
39.20964940477423
26.586044
4.2991333
-27.786621
38.69620919993731
27.303223
2.8741302
-28.485062
39.56166381916495
29.454788
5.011627
-29.183502
41.76574775515069
28.73761
3.5866241
-28.485062
40.621580384922865
28.020416
3.5866241
-29.183502
40.61630766382128
26.586044
3.5866241
-27.786621
38.62354144950412
28.73761
5.011627
-27.088196
39.808754545659454
27.303223
5.7241364
-27.088196
38.884469304916585
28.73761
4.2991333
-26.389755
39.25241334141125
28.020416
4.2991333
-27.088196
39.20964940477423
28.020416
4.2991333
-26.389755
38.73041970023369
30.171982
2.8741302
-26.389755
40.18741494936568
28.73761
0.7366333
-24.992874
38.09247459924007
28.73761
4.2991333
-24.992874
38.3272300394902
29.454788
3.5866241
-27.088196
40.177341251008635
28.73761
3.5866241
-25.691315
38.713793568959375
28.73761
2.1616364
-25.691315
38.60785578506417
29.454788
2.1616364
-27.786621
40.55062904105188
30.171982
2.8741302
-27.088196
40.64946979397456
29.454788
3.5866241
-27.786621
40.651502773383115
29.454788
3.5866241
-26.389755
39.709793197412274
29.454788
4.2991333
-25.691315
39.320614412461026
28.73761
3.5866241
-25.691315
38.713793568959375
29.454788
3.5866241
-26.389755
39.709793197412274
28.73761
2.8741302
-26.389755
39.121989076437245
26.586044
2.8741302
-26.389755
37.569902296835295
28.020416
1.4491272
-25.691315
38.04323006154479
29.454788
2.1616364
-26.389755
39.60651955930441
30.171982
2.1616364
-27.088196
40.60531373978349
30.171982
2.1616364
-24.992874
39.2385641555879
28.73761
2.8741302
-24.294434
37.74030103570485
29.454788
2.1616364
-24.294434
38.24234151526698
26.586044
0.7366333
-24.992874
36.49663204174633
28.73761
1.4491272
-24.294434
37.658593677066264
27.303223
-0.68836975
-26.389755
37.978401872499354
29.454788
1.4491272
-24.294434
38.208690801104076
30.88916
1.4491272
-23.596008
38.89745131432135
29.454788
0.7366333
-25.691315
39.09182493012046
30.171982
0.7366333
-24.294434
38.74416853802808
27.303223
1.4491272
-26.389755
37.99980404451943
28.73761
0.024124146
-26.389755
39.016278904211894
28.020416
2.1616364
-25.691315
38.07702860547124
28.73761
2.1616364
-26.389755
39.07610700507249
28.73761
2.1616364
-27.088196
39.551146796150235
28.73761
0.024124146
-25.691315
38.54730251587003
26.586044
2.8741302
-27.088196
38.06374433516098
27.303223
2.8741302
-27.786621
39.061782805916096
28.020416
3.5866241
-28.485062
40.11740734482118
26.586044
2.1616364
-27.088196
38.01658509371272
28.020416
4.2991333
-27.088196
39.20964940477423
29.454788
5.011627
-27.786621
40.80192693012105
28.73761
5.7241364
-26.389755
39.43393407016348
28.020416
5.011627
-26.389755
38.81596734964958
28.020416
5.011627
-27.786621
39.77884419276784
27.303223
5.011627
-27.088196
38.78598537014127
28.020416
5.011627
-26.389755
38.81596734964958
26.586044
6.4366302
-29.183502
39.99906004754987
27.303223
5.7241364
-27.786621
39.37420479107721
28.020416
6.4366302
-27.088196
39.50119287162414
26.586044
5.7241364
-28.485062
39.3825110643592
26.586044
5.011627
-25.691315
37.30921847483709
28.73761
6.4366302
-27.088196
40.013132609806995
26.586044
6.4366302
-27.088196
38.49699092847225
27.303223
7.149124
-27.786621
39.60646716397383
27.303223
7.149124
-28.485062
40.09955871795848
27.303223
5.7241364
-26.389755
38.40118330086001
30.171982
6.4366302
-26.389755
40.598004853032805
28.73761
7.8616333
-28.485062
41.219585141274166
28.73761
6.4366302
-27.088196
40.013132609806995
27.303223
6.4366302
-27.786621
39.4840782042664
28.73761
6.4366302
-26.389755
39.54364306726493
28.73761
5.7241364
-27.786621
40.38207870173894
28.73761
5.011627
-27.088196
39.808754545659454
28.020416
7.149124
-24.294434
37.768679412063776
28.020416
6.4366302
-26.389755
39.02554501941645
30.171982
7.149124
-26.389755
40.71704416515122
28.73761
7.8616333
-27.088196
40.26693160957264
28.020416
7.149124
-24.992874
38.22168835801867
27.303223
8.574127
-26.389755
38.92814864382761
27.303223
8.574127
-26.389755
38.92814864382761
28.73761
7.149124
-26.389755
39.66584670130275
28.020416
7.149124
-25.691315
38.68200309292747
28.73761
7.149124
-25.691315
39.204641386575645
28.73761
9.286636
-24.992874
39.20121931398467
29.454788
7.8616333
-25.691315
39.86769960355986
27.303223
7.8616333
-24.992874
37.84065325892908
28.020416
7.149124
-24.294434
37.768679412063776
28.020416
9.99913
-27.786621
40.708999696013166
27.303223
6.4366302
-27.088196
38.99572417466113
29.454788
7.8616333
-26.389755
40.32132292015293
27.303223
7.149124
-25.691315
38.165686537860815
27.303223
6.4366302
-25.691315
38.03866216543292
29.454788
5.7241364
-27.786621
40.8955563992364
28.020416
4.2991333
-26.389755
38.73041970023369
28.73761
5.011627
-27.088196
39.808754545659454
28.73761
5.7241364
-26.389755
39.43393407016348
28.73761
5.7241364
-26.389755
39.43393407016348
30.171982
5.011627
-28.485062
41.7954979329226
29.454788
4.2991333
-27.088196
40.247203658686026
28.73761
5.011627
-27.786621
40.28725590408523
28.73761
4.2991333
-27.088196
39.72534489899049
29.454788
4.2991333
-27.786621
40.720551691721035
28.73761
2.8741302
-26.389755
39.121989076437245
26.586044
5.7241364
-27.088196
38.38429053357148
28.73761
4.2991333
-28.485062
40.69068007925771
28.020416
5.011627
-28.485062
40.26982661431354
30.171982
4.2991333
-28.485062
41.71606089179712
29.454788
4.2991333
-28.485062
41.200313352115415
27.303223
4.2991333
-29.183502
40.19484101399861
28.73761
4.2991333
-29.183502
41.18263616482528
27.303223
5.7241364
-29.183502
40.37212463155271
25.86885
7.8616333
-27.786621
38.769822298970496
26.586044
7.149124
-27.786621
39.11552182767811
29.454788
7.149124
-28.485062
41.59438978658961
28.020416
5.7241364
-27.088196
39.39136719600263
26.586044
5.011627
-29.183502
39.794609709281765
25.86885
6.4366302
-28.485062
39.013156334594356
28.020416
7.8616333
-27.786621
40.23736335989536
25.86885
7.8616333
-30.580383
40.81865502017735
25.86885
6.4366302
-29.183502
39.525997057118936
26.586044
8.574127
-28.485062
39.896518366072684
26.586044
6.4366302
-29.183502
39.99906004754987
25.86885
6.4366302
-29.183502
39.525997057118936
28.020416
8.574127
-29.183502
41.35621091977147
26.586044
7.149124
-30.580383
41.14714627388362
26.586044
8.574127
-29.183502
40.39814666424996
28.020416
8.574127
-30.580383
42.3535044115301
25.86885
8.574127
-30.580383
40.9618486750171
27.303223
9.286636
-29.183502
41.029067737569456
28.020416
9.99913
-29.183502
41.67497117762951
28.020416
8.574127
-29.183502
41.35621091977147
28.020416
7.149124
-29.183502
41.08443186892314
28.020416
5.7241364
-27.088196
39.39136719600263
28.020416
4.2991333
-29.183502
40.68541631329262
28.73761
6.4366302
-29.183502
41.46030963934815
29.454788
5.011627
-29.183502
41.76574775515069
28.020416
6.4366302
-29.183502
40.96645862680682
30.171982
5.7241364
-28.485062
41.88690653955153
28.73761
7.149124
-29.881943
42.070068041304616
28.020416
7.8616333
-27.786621
40.23736335989536
28.73761
7.149124
-29.183502
41.5768801485949
27.303223
7.149124
-29.183502
40.59867837192333
29.454788
7.149124
-29.183502
42.075780894602836
27.303223
5.011627
-29.881943
40.78618414834627
29.454788
6.4366302
-29.881943
42.44932640808332
29.454788
5.011627
-29.183502
41.76574775515069
28.020416
7.149124
-28.485062
40.59128558964735
28.020416
5.7241364
-28.485062
40.36469035604092
28.020416
5.011627
-30.580383
41.778223057892255
28.020416
6.4366302
-30.580383
41.9730137912296
29.454788
5.011627
-30.580383
42.75348921250463
28.73761
5.7241364
-27.786621
40.38207870173894
28.73761
5.7241364
-27.786621
40.38207870173894
30.171982
4.2991333
-29.183502
42.196063945586204
28.020416
4.2991333
-29.183502
40.68541631329262
28.73761
4.2991333
-29.881943
41.6804892436947
28.73761
5.011627
-28.485062
40.77211493711496
26.586044
4.2991333
-29.183502
39.71117035270114
28.020416
2.8741302
-29.183502
40.55960030323046
28.020416
2.8741302
-28.485062
40.05999376667372
30.171982
2.8741302
-29.881943
42.56218451608481
27.303223
1.4491272
-29.881943
40.50304109435025
28.020416
2.1616364
-30.580383
41.53283422016098
27.303223
3.5866241
-29.183502
40.1248874365633
27.303223
3.5866241
-31.278809
41.67365745391131
28.020416
5.011627
-29.183502
40.76686168591777
25.86885
3.5866241
-29.881943
39.68616662376277
26.586044
5.011627
-31.278809
41.35575045508333
26.586044
3.5866241
-31.97725
41.73998172278888
28.020416
4.2991333
-31.278809
42.21362616946097
25.86885
4.2991333
-31.278809
40.81720158600415
26.586044
4.2991333
-30.580383
40.748744828253606
24.434479
4.2991333
-29.881943
38.838856665836275
25.151672
4.2991333
-31.278809
40.36648517024984
25.86885
4.2991333
-30.580383
40.284486390544934
26.586044
4.2991333
-30.580383
40.748744828253606
23.717285
5.7241364
-33.37413
41.34135834919131
25.151672
4.2991333
-34.07257
42.567937428010296
25.151672
4.2991333
-30.580383
39.827741882229525
24.434479
4.2991333
-30.580383
39.37875261135836
23.000107
2.8741302
-31.278809
38.931085195910605
24.434479
5.011627
-31.97725
40.55495764815628
25.151672
5.7241364
-31.97725
41.084263995438384
25.151672
4.2991333
-31.278809
40.36648517024984
23.717285
6.4366302
-31.278809
39.77818134276
23.000107
5.011627
-30.580383
38.591206900018044
23.717285
5.011627
-31.97725
40.12692874063813
23.000107
5.011627
-32.67569
40.27185147822701
25.151672
7.149124
-30.580383
40.2352639464904
24.434479
5.011627
-30.580383
39.46289482994595
25.151672
5.7241364
-33.37413
42.18062154573324
23.000107
5.011627
-31.278809
39.14696960803208
24.434479
5.011627
-31.97725
40.55495764815628
25.151672
4.2991333
-30.580383
39.827741882229525
25.86885
2.1616364
-30.580383
40.112716553443185
25.151672
3.5866241
-29.881943
39.222455315502145
26.586044
0.7366333
-29.881943
40.003634478436766
25.86885
2.8741302
-31.97725
41.231085862565514
25.86885
1.4491272
-30.580383
40.08063466801175
25.86885
2.1616364
-31.278809
40.647681468800435
24.434479
-0.68836975
-31.278809
39.6973751247721
25.151672
1.4491272
-29.183502
38.553643444576835
26.586044
2.8741302
-30.580383
40.62312495672877
25.86885
2.1616364
-29.183502
39.05824976877484
25.151672
2.8741302
-30.580383
39.69920779574039
25.151672
2.8741302
-30.580383
39.69920779574039
25.151672
1.4491272
-29.183502
38.553643444576835
26.586044
2.1616364
-31.278809
41.10783682032995
26.586044
1.4491272
-31.278809
41.07653364405202
24.434479
1.4491272
-29.183502
38.08963844197822
27.303223
0.7366333
-30.580383
41.00205430257428
25.86885
1.4491272
-31.97725
41.156309320382455
24.434479
-1.4008636
-31.97725
40.26848069035353
25.86885
0.7366333
-31.278809
40.59684721633258
26.586044
0.7366333
-30.580383
40.52801825492921
27.303223
-0.68836975
-30.580383
41.001214730480854
27.303223
-2.8258667
-30.580383
41.09271624175019
27.303223
-2.1133728
-31.278809
41.57278127065983
25.86885
-1.4008636
-30.580383
40.078918425382156
25.86885
-2.1133728
-31.278809
40.645143743883324
24.434479
-1.4008636
-30.580383
39.16843136538659
27.303223
-0.68836975
-30.580383
41.001214730480854
26.586044
-1.4008636
-31.97725
41.60918870827617
25.151672
-0.68836975
-31.278809
40.14279930370452
27.303223
1.4491272
-33.37413
43.14392700601094
26.586044
-0.68836975
-34.07257
43.22304581416174
26.586044
-0.68836975
-31.97725
41.59129788273398
26.586044
-1.4008636
-31.97725
41.60918870827617
25.86885
-1.4008636
-31.278809
40.61432852628029
25.86885
0.024124146
-31.278809
40.5901713684329
25.151672
-2.1133728
-31.97725
40.738402418855664
25.86885
-1.4008636
-32.67569
41.699647429002624
24.434479
-0.68836975
-33.37413
41.36846743180426
25.151672
0.024124146
-33.37413
41.79042590433394
23.000107
1.4491272
-33.37413
40.55782908391424
23.000107
1.4491272
-34.770996
41.71483186188846
24.434479
2.1616364
-31.97725
40.302119848189285
23.717285
0.7366333
-33.37413
40.949783462492206
25.151672
2.1616364
-32.67569
41.29140322717006
24.434479
-2.1133728
-32.67569
40.855976495852936
24.434479
0.024124146
-35.469437
43.07116488023774
24.434479
-1.4008636
-31.97725
40.26848069035353
23.717285
-1.4008636
-34.770996
42.11287526036797
24.434479
1.4491272
-34.07257
41.95335195469338
25.151672
0.024124146
-34.07257
42.350293544215845
22.282913
1.4491272
-33.37413
40.15545658262865
25.151672
0.7366333
-35.469437
43.488276864108734
23.717285
2.1616364
-36.167877
43.304706527372694
23.717285
2.1616364
-36.167877
43.304706527372694
22.282913
2.1616364
-34.770996
41.35484426921772
23.000107
0.7366333
-34.07257
41.1155390190634
23.717285
2.8741302
-33.37413
41.043912864188826
23.717285
2.1616364
-34.770996
42.14504229258466
25.151672
2.8741302
-36.167877
44.14728378978287
23.717285
2.8741302
-36.167877
43.34611424473003
23.000107
2.1616364
-35.469437
42.32916896091719
22.282913
1.4491272
-35.469437
41.91311377654149
24.434479
1.4491272
-34.07257
41.95335195469338
24.434479
2.1616364
-34.07257
41.98400283608776
25.86885
-0.68836975
-34.770996
43.34389926524406
24.434479
0.7366333
-34.770996
42.504219115025805
25.151672
0.024124146
-33.37413
41.79042590433394
24.434479
-0.68836975
-34.07257
41.93396909036724
23.717285
0.7366333
-36.167877
43.25699483943681
24.434479
0.024124146
-35.469437
43.07116488023774
24.434479
1.4491272
-36.866318
44.252333757314425
23.000107
2.8741302
-35.469437
42.3715285958257
23.717285
5.011627
-36.866318
44.122006582245895
23.717285
3.5866241
-36.167877
43.39918077108786
24.434479
2.8741302
-36.866318
44.32188722854657
24.434479
2.1616364
-36.167877
43.70162224802845
23.717285
1.4491272
-35.469437
42.6929801227065
24.434479
3.5866241
-36.167877
43.79523888756345
24.434479
2.8741302
-36.866318
44.32188722854657
23.000107
2.8741302
-37.56476
44.140420353507906
23.640137
1.5101624
-35.97403
43.07281716030425
24.35733
1.5101624
-35.27559
42.894373128578884
23.640137
2.9351654
-35.27559
42.56569485990156
26.508896
0.79766846
-35.97403
44.69327432098984
24.35733
2.9351654
-35.27559
42.9681505640006
23.640137
1.5101624
-35.27559
42.491221519862194
25.791702
1.5101624
-34.57715
43.16331518018223
25.074524
2.9351654
-34.57715
42.81268675826054
25.074524
2.2226715
-35.27559
43.33634946058923
23.640137
3.6476593
-35.27559
42.62075417591103
23.640137
4.3601685
-35.27559
42.68763726185838
25.791702
2.9351654
-35.97403
44.36167273460842
23.640137
4.3601685
-35.27559
42.68763726185838
24.35733
4.3601685
-35.97403
43.66258566231219
25.074524
2.9351654
-34.57715
42.81268675826054
22.922958
5.0726624
-33.878723
41.21846421195467
22.922958
5.0726624
-36.67247
43.54381801029926
25.074524
2.2226715
-35.27559
43.33634946058923
23.640137
4.3601685
-35.97403
43.26659273475322
23.640137
4.3601685
-34.57715
42.11230567260002
24.35733
4.3601685
-35.97403
43.66258566231219
23.640137
4.3601685
-35.27559
42.68763726185838
22.922958
4.3601685
-33.180283
40.56358338306664
25.074524
2.9351654
-35.27559
43.37872878875227
25.074524
4.3601685
-35.97403
44.066695556015574
25.791702
5.0726624
-35.27559
43.99217015738426
25.791702
4.3601685
-33.878723
42.80176074247706
27.226074
3.6476593
-33.878723
43.61573426403166
25.074524
5.0726624
-34.57715
43.01212441486339
25.074524
3.6476593
-33.180283
41.74887138257452
26.508896
4.3601685
-33.878723
43.237720664730354
25.791702
5.0726624
-32.481842
41.785331349836454
