13.591217
-31.675766
-20.637802
40.17454592929458
15.742783
-33.10077
-18.54248
41.076997238703285
15.025589
-30.963272
-17.844055
38.76729074917733
14.308411
-31.675766
-21.336243
40.783819662815574
14.308411
-30.250778
-19.939362
38.954054153078054
15.742783
-29.538269
-19.939362
38.960526272393636
17.177155
-30.963272
-20.637802
40.984115873180066
16.45996
-29.538269
-19.240921
38.90568994325814
13.591217
-33.10077
-18.54248
40.30143531534035
12.874023
-33.81328
-18.54248
40.655895703683
12.156845
-33.81328
-18.54248
40.434518884027945
13.591217
-33.81328
-19.939362
41.540788208229
14.308411
-33.81328
-19.939362
41.78093446028942
13.591217
-30.963272
-19.240921
38.905763676679385
12.874023
-32.388275
-20.637802
40.50505731348556
12.874023
-33.10077
-17.145615
39.43822429010021
12.874023
-34.525772
-17.145615
40.64162220037637
14.308411
-31.675766
-17.844055
39.07038514165413
13.591217
-31.675766
-19.240921
39.47516092529738
14.308411
-33.10077
-18.54248
40.54892215448673
12.156845
-33.10077
-18.54248
39.84059883372346
11.4396515
-33.81328
-17.844055
39.90756378759467
12.156845
-33.10077
-17.145615
39.20997162712567
10.722473
-33.81328
-17.844055
39.70792719875812
10.722473
-32.388275
-19.240921
39.16867133887905
10.00528
-33.81328
-17.844055
39.52029399808803
10.722473
-35.238266
-16.447174
40.338769299443804
9.288086
-35.238266
-18.54248
40.88798741254499
9.288086
-36.66327
-15.7487335
40.969335486377034
10.00528
-35.950775
-15.050293
40.23773347633413
11.4396515
-37.37578
-17.145615
42.682392401243746
12.874023
-36.66327
-15.7487335
41.92801419127118
11.4396515
-35.238266
-16.447174
40.53529910624581
12.874023
-35.238266
-17.145615
41.24861207418833
14.308411
-35.238266
-17.844055
42.01042990381228
12.874023
-33.10077
-17.844055
39.7468444723328
12.874023
-29.538269
-17.844055
36.832866222705064
12.874023
-30.250778
-17.145615
37.078595788203735
14.308411
-30.250778
-17.145615
37.60069488532592
11.4396515
-29.538269
-17.145615
36.01870580641051
10.00528
-31.675766
-17.844055
37.707691458337614
9.288086
-30.963272
-17.844055
36.92428843149012
10.722473
-30.963272
-16.447174
36.66340409993748
9.288086
-30.250778
-17.844055
36.32889280102599
12.156845
-30.250778
-16.447174
36.51585900652448
12.874023
-28.825775
-18.54248
36.612694245067686
10.722473
-30.250778
-15.7487335
35.75057364050261
12.156845
-28.825775
-18.54248
36.366711698015294
10.722473
-30.250778
-15.050293
35.448445454719874
9.288086
-29.538269
-18.54248
36.0915702128584
9.288086
-30.963272
-18.54248
37.26682715566218
10.00528
-30.250778
-17.844055
36.518837444273196
11.4396515
-29.538269
-17.145615
36.01870580641051
11.4396515
-31.675766
-18.54248
38.44532916962654
10.00528
-31.675766
-19.240921
38.38844526015853
11.4396515
-30.963272
-19.939362
38.56381683327002
8.570908
-31.675766
-19.240921
38.03981582356341
8.570908
-31.675766
-19.939362
38.397821555334524
10.00528
-32.388275
-17.844055
38.30817452387365
10.00528
-30.963272
-17.145615
36.78045679369854
11.4396515
-33.10077
-17.145615
38.993570433550325
10.722473
-32.388275
-19.240921
39.16867133887905
10.00528
-31.675766
-19.240921
38.38844526015853
10.00528
-31.675766
-18.54248
38.043177117524145
12.156845
-30.250778
-19.939362
38.21618194561042
10.00528
-31.675766
-16.447174
37.06709104153238
11.4396515
-32.388275
-17.844055
38.707573485264966
10.722473
-32.388275
-17.844055
38.5017152874794
9.288086
-32.388275
-17.844055
38.12714517530456
10.00528
-33.10077
-17.844055
38.9124242088886
10.00528
-33.81328
-17.145615
39.20989068262943
12.874023
-33.81328
-17.145615
40.0381105069751
14.308411
-32.388275
-15.7487335
38.7524649543621
10.722473
-33.81328
-16.447174
39.100111580223626
10.722473
-35.238266
-13.653427
39.28260178163324
10.722473
-35.950775
-15.050293
40.422036564713835
12.156845
-33.81328
-10.85968
37.53743899324879
12.156845
-33.81328
-10.85968
37.53743899324879
