18.303818
-34.206238
-18.08789
42.80500190954981
16.869446
-34.918747
-15.992584
41.948300467472755
19.020996
-33.493744
-19.484772
43.1657911135767
18.303818
-33.493744
-18.08789
42.23780854522551
19.020996
-34.206238
-18.786331
43.414182702955785
17.586624
-34.206238
-20.183212
43.43636745376074
19.020996
-31.356247
-20.881653
42.20255807653281
21.172562
-31.356247
-20.881653
43.214986222139274
19.020996
-33.493744
-18.786331
42.8550512766217
17.586624
-34.206238
-16.691025
41.92787007543431
18.303818
-35.63124
-19.484772
44.5451623004676
17.586624
-34.918747
-18.786331
43.37665759170622
16.152252
-34.918747
-19.484772
43.126215732410806
18.303818
-34.918747
-18.786331
43.67235856172357
16.152252
-36.343735
-16.691025
43.131805679020815
16.152252
-37.056244
-17.389465
44.005157168471456
14.71788
-34.918747
-16.691025
41.40682487808471
13.287903
-37.06552
-18.089844
43.332016988470116
14.005081
-36.353012
-16.692978
42.383243805409116
14.722275
-36.353012
-17.391418
42.90394260456287
14.005081
-35.64052
-13.899231
40.737912497432134
14.005081
-35.64052
-13.899231
40.737912497432134
14.005081
-35.64052
-15.296097
41.23541556805645
14.722275
-37.06552
-16.692978
43.23486769009115
14.722275
-38.490524
-15.296097
43.95721158348551
13.287903
-37.06552
-15.296097
42.24206251715374
14.722275
-36.353012
-15.296097
42.09818815921966
14.005081
-37.778015
-13.899231
42.620527911020325
11.136337
-35.64052
-15.296097
40.35139687163491
13.287903
-37.778015
-14.597656
42.62438713818945
11.853516
-37.778015
-14.597656
42.19924026456223
14.005081
-35.64052
-15.296097
41.23541556805645
16.156647
-35.64052
-13.899231
41.5267674170453
14.005081
-34.928024
-12.50235
39.65372578648821
13.300598
-35.67079
-14.579102
40.7659349236015
14.73497
-33.533295
-15.975983
39.96039604349693
15.452148
-32.820786
-16.674423
39.92504574003328
14.755966
-33.550873
-14.584961
39.447694552010894
14.038773
-32.12587
-15.2834015
38.245798316510374
13.321594
-32.838364
-13.886536
38.06125241695122
13.321594
-31.413376
-15.2834015
37.38779763652006
13.321594
-32.12587
-15.2834015
37.98840315693807
13.321594
-32.838364
-15.981842
38.87470012193422
12.604401
-32.838364
-15.2834015
38.35115906158753
14.755966
-31.413376
-15.2834015
37.92256707753314
15.473145
-32.12587
-16.680283
39.366502989434906
15.473145
-32.12587
-15.2834015
38.79525929227291
12.604401
-32.12587
-15.2834015
37.74287721244152
14.038773
-30.700867
-15.981842
37.35036388868504
13.321594
-31.413376
-15.2834015
37.38779763652006
13.321594
-32.838364
-15.981842
38.87470012193422
11.170029
-31.413376
-16.680283
37.28004176059725
12.619049
-32.161514
-15.291214
37.781272616825326
10.4674835
-34.29901
-17.386536
39.85325560630994
11.901855
-34.29901
-15.989655
39.67045955529284
11.184677
-32.87401
-17.386536
38.834123027668916
12.619049
-32.87401
-16.688095
38.96708033211335
13.336243
-32.161514
-14.592773
37.75139044417768
12.619049
-35.01152
-17.386536
41.07722606233973
12.619049
-34.29901
-15.989655
39.89149712618906
11.901855
-35.01152
-15.989655
40.28808460006739
11.901855
-32.87401
-16.688095
38.740768809727435
12.619049
-34.29901
-15.989655
39.89149712618906
11.901855
-32.87401
-13.894348
37.62190147644222
11.184677
-33.586517
-13.894348
38.02899027797741
13.336243
-35.724014
-13.894348
40.5846464243638
11.901855
-35.724014
-14.592773
40.38326818881026
12.619049
-34.29901
-15.291214
39.616709133623466
11.901855
-34.29901
-16.688095
39.9570875772528
14.053421
-33.586517
-15.989655
39.764581273139605
15.487793
-33.586517
-15.291214
40.02183242072382
15.487793
-34.29901
-13.195908
39.880142693450836
