19.249619
-31.369125
-18.29834
41.10229978786543
19.249619
-34.21913
-18.29834
43.316579387166385
18.532425
-34.931625
-19.69522
44.17658933102322
17.815247
-31.369125
-18.29834
40.450392494136416
20.68399
-32.79413
-19.69522
43.48774493993609
20.68399
-32.081635
-20.393661
43.27771025687617
20.68399
-33.506638
-19.69522
44.027536272148055
19.966797
-34.21913
-21.092102
44.883168106728775
20.68399
-32.79413
-20.393661
43.80848769074322
22.118362
-32.081635
-20.393661
43.98129984809595
19.966797
-32.081635
-21.790527
43.62031000935803
20.68399
-36.35663
-18.29834
45.655899746260886
19.966797
-37.069138
-16.901474
45.37018687885113
17.815247
-35.644135
-14.806152
42.51010909183838
20.68399
-37.069138
-17.599915
45.95329766628561
19.249619
-34.931625
-16.203033
43.050025406496566
17.815247
-36.35663
-14.806152
43.1092758924196
15.663681
-35.644135
-16.901474
42.44425773468583
14.946487
-36.35663
-14.806152
42.005048175970764
17.815247
-35.644135
-12.710846
41.826460031767716
16.38086
-34.931625
-15.504593
41.58056468321468
17.098053
-34.931625
-14.806152
41.614709630336094
14.946487
-36.35663
-12.012405
41.10352485930343
14.229309
-37.78163
-14.107727
42.766258672689325
13.5121155
-34.931625
-14.806152
40.274283908419
14.946487
-37.069138
-12.710846
41.94143517304814
14.946487
-34.931625
-13.4092865
40.29174762600665
13.5121155
-36.35663
-14.806152
41.51630862487581
14.229309
-35.644135
-14.107727
40.89016377032577
12.794922
-35.644135
-16.901474
41.471365368261175
14.229309
-35.644135
-14.107727
40.89016377032577
12.077744
-37.069138
-17.599915
42.775575717103884
14.946487
-32.081635
-16.203033
38.92514758170883
15.663681
-33.506638
-16.203033
40.38049014530408
15.663681
-32.081635
-18.99678
40.440820478045445
16.38086
-32.081635
-18.99678
40.72396749237864
17.098053
-31.369125
-19.69522
40.79543126275371
18.532425
-33.506638
-18.99678
42.74369185458101
17.098053
-32.081635
-19.69522
41.34581527107293
18.532425
-32.081635
-18.29834
41.322044389636176
19.249619
-34.21913
-18.29834
43.316579387166385
16.38086
-34.931625
-18.99678
43.00498472197729
14.229309
-33.506638
-17.599915
40.43420491066706
14.946487
-34.21913
-18.29834
41.583357959401106
15.663681
-32.081635
-17.599915
39.803759036031224
18.532425
-30.656631
-18.99678
40.54821168316952
15.663681
-32.081635
-16.901474
39.49989956227341
14.946487
-33.506638
-16.901474
40.39494959923827
14.229309
-33.506638
-18.29834
40.74306311978534
13.5121155
-32.081635
-17.599915
39.00724998968541
13.5121155
-32.79413
-16.901474
39.289844674308014
12.077744
-32.081635
-16.203033
37.9162445603794
13.5121155
-32.79413
-16.901474
39.289844674308014
12.794922
-34.21913
-14.107727
39.16231466152681
12.794922
-32.79413
-18.29834
39.67359346662069
12.077744
-32.79413
-15.504593
38.23243379828997
11.36055
-33.506638
-17.599915
39.515994153574226
12.794922
-29.944138
-16.901474
36.68816046307122
13.5121155
-29.944138
-16.901474
36.944396432129935
14.229309
-31.369125
-15.504593
37.77416703664689
12.794922
-32.081635
-14.806152
37.57876493737853
12.794922
-30.656631
-16.203033
36.96048420378344
16.38086
-31.369125
-15.504593
38.63608508004531
15.663681
-32.081635
-16.203033
39.20612969254616
14.229309
-34.21913
-17.599915
41.02656699284928
15.663681
-32.79413
-17.599915
40.38022714325199
17.098053
-33.506638
-15.504593
40.686980963471285
14.946487
-34.931625
-15.504593
41.036670196072805
14.229309
-34.931625
-14.107727
40.270581403333374
14.229309
-33.506638
-15.504593
39.56716192418121
14.946487
-32.081635
-15.504593
38.63963302406449
15.663681
-34.931625
-12.710846
40.33776158595845
