-24.419724
21.049225
-29.717484
43.84656753241923
-22.268158
21.049225
-29.717484
42.685706976435625
-22.268158
21.049225
-30.415924
43.17486643635247
-20.833786
21.049225
-29.717484
41.9552781104848
-20.116592
22.474228
-29.717484
42.34261414528218
-18.68222
21.049225
-29.717484
40.929501842726474
-20.833786
18.911728
-29.717484
40.92467296658429
-22.268158
19.624222
-30.415924
42.49834555603312
-22.268158
17.486725
-33.20967
43.64101939939935
-22.268158
16.061722
-33.90811
43.630376358804625
-20.833786
18.911728
-30.415924
41.434629130848236
-21.550964
18.911728
-29.717484
41.29438603925932
-23.70253
18.911728
-29.019043
41.97104046011592
-24.419724
16.774231
-29.019043
41.470501446623175
-23.70253
18.199234
-30.415924
42.63977618017375
-21.550964
18.911728
-30.415924
41.7998319631603
-20.833786
17.486725
-31.812805
41.8555458541637
-21.550964
17.486725
-29.717484
40.66151003636609
-19.399414
18.199234
-31.114365
40.934741677111816
-20.833786
17.486725
-31.812805
41.8555458541637
-20.833786
15.349228
-31.114365
40.469113475684296
-20.116592
16.774231
-33.20967
42.29579560868757
-20.833786
16.774231
-30.415924
40.50370112332329
-18.68222
14.636734
-31.114365
39.13263391479514
-17.965027
16.774231
-29.717484
38.564826586014554
-20.116592
16.774231
-28.320618
38.57602230752041
-20.833786
16.061722
-29.019043
39.16797634667574
-22.268158
18.199234
-29.019043
40.85569563978733
-21.550964
16.774231
-29.717484
40.36022489910395
-18.68222
17.486725
-27.622177
37.65362737236447
-20.116592
16.774231
-29.019043
39.09164849967158
-21.550964
16.774231
-28.320618
39.343058100548376
-22.268158
18.199234
-29.717484
41.35470848721461
-23.70253
16.774231
-31.114365
42.55923462832053
-21.550964
17.486725
-29.019043
40.153884901168034
-20.833786
17.486725
-28.320618
39.26690115564491
-21.550964
15.349228
-29.019043
39.27018850321609
-22.985352
16.061722
-26.923737
38.874064247178346
-25.136902
18.199234
-27.622177
41.54588483682831
-25.136902
21.049225
-29.019043
43.78399906608292
-24.419724
19.624222
-29.717484
43.18057164487433
-22.985352
22.474228
-31.812805
45.22689381140523
-20.833786
21.049225
-31.114365
42.95602652531714
-21.365417
22.928421
-30.347076
43.62497761460744
-22.082611
22.928421
-31.045517
44.46547225270693
-22.082611
20.790924
-32.442383
44.411849246745234
-22.082611
21.503433
-33.140823
45.258739660147405
-19.931046
20.07843
-32.442383
43.04530396407226
-19.213867
20.07843
-31.743958
42.189985459192506
-20.64824
20.07843
-30.347076
41.83823887811096
-21.365417
20.790924
-31.045517
43.04146404286366
-22.799805
18.653427
-31.045517
42.797261487393236
-24.951355
16.51593
-30.347076
42.61796731069318
-23.379288
16.361633
-30.305573
41.62597508476904
-24.096481
17.074127
-31.702454
43.326803644655115
-23.379288
19.211624
-33.09932
44.846878974026026
-22.66211
19.924133
-32.40088
44.275944404718096
-21.944916
21.349136
-30.305573
43.07891276029811
-23.970505
19.034378
-32.356445
44.540232098526666
-21.101746
19.034378
-32.356445
43.06426316238036
-21.81894
17.60939
-32.356445
42.81467404379674
-21.81894
18.321884
-33.753326
44.170630012080004
-22.536133
19.034378
-33.054886
44.30361500751801
-23.970505
19.034378
-30.95958
43.5360561327476
-25.404877
18.321884
-33.054886
45.53816651310195
-26.12207
17.60939
-33.054886
45.662661040299106
-24.397156
15.870911
-32.25244
43.44337583909513
-23.679977
18.720901
-32.25244
44.175032220471415
-22.245605
18.008408
-32.25244
43.12064063111192
-22.962784
17.295914
-31.554016
42.68599295015433
-25.11435
15.870911
-31.554016
43.3390380234365
-25.11435
15.1584015
-31.554016
43.083216850866066
-23.679977
14.445908
-32.25244
42.53992839453893
-25.11435
16.583405
-32.25244
44.11303479547953
-22.245605
15.1584015
-32.950882
42.54885174897497
-21.528412
15.1584015
-35.046204
43.834757463844404
