-20.81572
19.709671
-29.421097
41.0775633519991
-15.79541
18.997177
-31.516418
40.04587823086479
-17.229782
20.42218
-30.119537
40.26310109231916
-14.361023
22.559677
-29.421097
39.75901068517755
-17.94696
21.134674
-28.722656
39.921908635015185
-16.512589
21.847183
-27.32579
38.686739567445784
-17.229782
19.709671
-30.119537
39.90642894683841
-17.229782
20.42218
-29.421097
39.74332319121351
-17.229782
19.709671
-29.421097
39.38194383216755
-15.79541
18.284683
-28.024231
37.002461119582975
-15.79541
18.997177
-29.421097
38.41859767691863
-16.512589
16.147171
-29.421097
37.40317741401207
-15.892578
18.505875
-30.171783
38.7992001165939
-17.32695
19.930862
-28.774902
39.05710587756407
-18.044128
19.218369
-29.473343
39.542562610590885
-17.32695
16.368362
-28.774902
37.36497664246811
-16.609756
17.080872
-30.171783
38.44446075184304
-16.609756
17.793365
-28.774902
37.689294370633284
-17.32695
17.080872
-31.568665
39.8567426732722
-18.044128
15.655869
-30.870224
39.03418348664091
-18.044128
17.793365
-30.171783
39.40217006535776
-17.32695
18.505875
-28.774902
38.34951820916398
-18.044128
19.218369
-28.076477
38.512658354307675
-18.044128
18.505875
-29.473343
39.201222427926275
-18.044128
18.505875
-31.568665
40.799982227994754
-20.195694
14.943375
-30.171783
39.26203102334525
-18.044128
16.368362
-28.076477
37.172604028159974
-21.630066
14.2308655
-29.473343
39.23079371847133
-17.32695
17.080872
-28.774902
37.68254722327533
-19.478516
17.080872
-28.076477
38.202843812871116
-21.630066
18.505875
-29.473343
40.975665058094236
-20.912888
17.080872
-29.473343
39.9722773805093
-19.478516
17.793365
-28.076477
38.526678180718164
-20.195694
16.368362
-28.774902
38.778657812742985
-20.195694
18.505875
-29.473343
40.236941665705345
-18.761322
19.930862
-30.171783
40.73773420652221
-19.478516
19.218369
-32.26709
42.30748562422199
-20.195694
19.930862
-28.076477
39.91733859989212
-20.912888
19.218369
-31.568665
42.464987301121084
-20.195694
19.218369
-29.473343
40.56956554410584
-18.044128
22.068375
-30.171783
41.508314655582865
-18.044128
20.643372
-30.171783
40.76856543630613
-19.478516
23.493362
-29.473343
42.42674350516576
-15.892578
22.068375
-30.870224
41.14070808005284
-18.044128
20.643372
-30.870224
41.28813489379016
-19.478516
22.780869
-30.870224
43.02733080600123
-18.044128
22.780869
-30.171783
41.89146714464952
-18.761322
22.068375
-30.870224
42.331679264304384
-16.609756
22.780869
-30.870224
41.80696869943978
-19.478516
22.068375
-30.870224
42.65438411670013
-24.498825
21.355865
-31.568665
45.308343020525754
-22.34726
19.218369
-28.774902
41.19151275027721
-21.630066
18.505875
-31.568665
42.50773711742075
-20.195694
18.505875
-33.66397
43.40041976233496
-20.912888
20.643372
-30.171783
42.11691143134341
-21.630066
19.930862
-31.568665
43.14718490735737
-22.34726
18.505875
-32.26709
43.393922047944976
-23.064453
19.218369
-31.568665
43.56483976410191
-21.630066
19.218369
-30.870224
42.310473259713575
-21.630066
19.930862
-31.568665
43.14718490735737
-23.064453
18.505875
-35.060852
45.8661062990009
-22.34726
17.080872
-32.26709
42.805620740647925
-22.34726
18.505875
-34.36241
44.97380015292584
-23.781631
17.080872
-31.568665
43.05697051536415
-25.216003
19.930862
-31.568665
45.05182156113737
-23.781631
18.505875
-32.26709
44.14972804364852
-20.912888
18.505875
-35.060852
44.822757499330066
-22.34726
17.793365
-32.96553
43.620293218509545
-23.064453
18.505875
-32.26709
43.76758435680095
-23.781631
17.793365
-30.870224
42.83853992527859
-26.65039
17.080872
-31.568665
44.70548152212433
-23.781631
17.080872
-32.26709
43.57163277428547
