-17.922058
19.985062
-29.483597
39.87336521923187
-17.20488
21.410065
-29.483597
40.294927129152995
-17.922058
21.410065
-28.086731
39.60373172323853
-16.487686
22.122574
-27.38829
38.876350207661595
-20.790817
22.835068
-28.086731
41.74401447082713
-18.634369
22.100601
-27.387314
39.821366261562396
-18.634369
22.100601
-29.48262
41.29044832702686
-16.482803
24.238098
-27.387314
40.11524840128595
-17.919128
22.144058
-28.782715
40.49566853284281
-16.484756
19.294052
-30.179596
39.43115105887888
-19.362305
17.922272
-28.799805
39.05810287751602
-17.21074
17.922272
-30.895126
39.64752538975478
-16.493546
17.922272
-30.895126
39.34150050658179
-14.34198
17.922272
-30.196686
37.93072620230695
-15.776367
17.922272
-30.895126
39.046259123794435
-15.059174
15.072281
-31.593567
38.1065048632202
-17.225876
17.283997
-30.943466
39.407682678654965
-17.225876
16.571487
-30.943466
39.10042221738948
-17.225876
17.99649
-30.943466
39.7253387532756
-16.508682
17.283997
-31.641907
39.65455079101893
-15.07431
17.99649
-30.245026
38.28668328789398
-17.943054
17.99649
-33.038773
41.681979933442165
-17.225876
17.283997
-30.245026
38.86166496569917
-17.943054
17.283997
-30.245026
39.184834999592795
-18.660248
18.709
-29.546585
39.6387711430914
-17.225876
18.709
-32.340332
41.14188305140669
-17.943054
17.99649
-28.848145
38.445314881375666
-16.508682
19.421494
-31.641907
40.6317752763693
-21.530945
17.29718
-29.552444
40.44899372975797
-21.539734
18.736832
-28.159973
40.100038173590775
-22.256927
17.311829
-31.65216
42.39020456850114
-20.822556
18.024323
-31.65216
41.9560985910794
-22.256927
21.586823
-29.556839
42.83653237435746
-22.23642
17.973053
-31.64386
42.647659677602036
-21.519226
17.26056
-32.342285
42.5091456726704
-24.36943
17.231262
-30.22403
42.47678737640492
-20.783493
17.231262
-32.319336
42.11186796887696
-20.783493
17.943756
-32.319336
42.40838874028198
-19.349121
17.231262
-31.62091
40.88015425262911
-18.631927
17.943756
-31.62091
40.85350698781104
-17.914734
17.231262
-32.319336
40.772460738683655
-19.349121
20.081253
-30.22403
41.12343865767125
-17.914734
20.793762
-30.22403
40.82658668887301
-16.480362
18.656265
-29.525589
38.61889363138851
-18.631927
21.506256
-30.92247
42.02221963865515
-15.763184
22.93126
-29.525589
40.57192446369164
-17.197556
23.643753
-28.827148
41.058342338505796
-17.914734
21.506256
-30.22403
41.19403755968514
-18.631927
23.643753
-30.92247
43.155243018664606
-18.631927
22.218765
-30.22403
41.884534245761586
-17.914734
22.218765
-30.22403
41.57046005776292
-17.197556
22.93126
-30.22403
41.65441844716926
-16.480362
25.068756
-28.827148
41.605880791136364
-20.783493
22.218765
-30.22403
42.8849509566548
-20.783493
22.93126
-30.22403
43.25838887438843
-20.783493
22.218765
-31.62091
43.88062252524598
-21.500671
20.793762
-31.62091
43.52633115605139
-23.652237
21.506256
-30.22403
43.993626913274326
-23.612686
22.142593
-31.60382
45.239970239010574
-23.612686
22.142593
-28.111633
42.87327033910887
-25.047058
21.430084
-31.60382
45.66623778501465
-24.32988
21.430084
-31.60382
45.276850200323125
-25.764252
20.71759
-34.397568
47.709621752980816
-24.32988
22.142593
-31.60382
45.618407057897144
-25.047058
22.142593
-33.000687
46.97547045234087
-25.764252
20.005081
-32.302246
45.90680841219252
-27.915817
18.580093
-32.302246
46.561225863439745
-27.198624
19.292587
-31.60382
45.94312253006428
-22.895508
17.867584
-33.000687
43.960210669084745
-22.895508
17.15509
-31.60382
42.62983671697119
-22.872559
18.552261
-31.584778
43.18493344399757
-24.30693
17.127258
-32.283203
43.89048871908354
-22.872559
14.277252
-32.981644
42.600266605313045
-23.589737
14.989761
-31.584778
42.175429407453876
