20.9375
16.5625
-26.1875
37.39626276447955
20.9375
16.4375
-26.1875
37.341069464464994
21.25
16.1875
-25.9375
37.233742257527645
21.375
16.0625
-25.75
37.12084362255255
21.25
16.0
-25.6875
36.97850938382995
21.4375
15.8125
-25.5625
36.91941181478925
21.4375
15.8125
-25.5625
36.91941181478925
21.4375
15.9375
-25.6875
37.05965419091225
21.0625
16.25
-25.625
36.93686547678349
21.0
16.25
-25.3125
36.68494454473115
20.8125
16.25
-25.625
36.794881182713446
20.8125
16.4375
-25.625
36.878071905944324
20.8125
16.375
-25.5
36.763443544504916
20.625
16.5625
-25.5
36.74176140647043
20.75
16.5625
-25.4375
36.76880896221687
21.0
16.375
-25.3125
36.740485588108385
21.25
16.0
-25.4375
36.805283673
21.4375
16.125
-25.4375
36.96820847025184
21.4375
16.25
-25.25
36.894327561970826
21.4375
16.125
-25.125
36.75387947210471
21.625
16.1875
-25.0625
36.8484014239424
21.8125
16.1875
-25.0625
36.958750232522746
21.9375
16.25
-25.125
37.102318408018654
21.625
16.4375
-25.3125
37.12889289354047
21.5625
16.75
-25.4375
37.31715841941881
21.75
16.5625
-25.5625
37.42753414933984
21.625
16.5625
-25.875
37.56957088189856
21.4375
16.4375
-25.9375
37.45012308057211
21.25
16.4375
-26.1875
37.51718356300217
21.25
16.4375
-26.1875
37.51718356300217
21.0625
16.375
-26.0625
37.29642660497115
21.0
16.1875
-26.0625
37.179148221819176
20.9375
16.0
-26.3125
37.23877767193762
20.375
16.0
-26.375
36.97000473356746
20.125
16.0
-26.3125
36.788086131925915
19.9375
16.1875
-26.375
36.81276527917999
19.75
16.25
-26.375
36.73915656353586
19.375
16.25
-26.375
36.53893471353537
19.0
16.4375
-26.5625
36.56169870916831
18.625
16.5625
-26.375
36.28839561416294
18.1875
16.4375
-26.3125
35.96281716926526
18.0625
16.5625
-26.5625
36.140513537441606
18.1875
16.5625
-26.75
36.340941959448436
18.0
16.4375
-26.5625
36.05215406185877
17.875
16.25
-26.625
35.95092140682906
17.8125
16.25
-26.8125
36.05908779350914
17.875
16.1875
-26.8125
36.0619042411795
18.0
16.1875
-26.8125
36.124026803500186
18.375
16.5625
-26.8125
36.481052445070716
18.4375
16.625
-26.5625
36.35792124833322
18.1875
16.625
-26.375
36.094548151348285
18.375
16.9375
-26.625
36.515889092968834
18.375
17.25
-26.5625
36.61651992270702
18.1875
17.4375
-26.5
36.56639936471733
18.0625
17.5625
-26.5
36.56426277801865
18.1875
17.75
-26.5
36.716449396013225
18.1875
17.625
-26.3125
36.520863044292916
18.1875
17.5625
-26.1875
36.40071041545755
18.1875
17.4375
-26.0625
36.250592667568895
18.25
17.375
-25.875
36.117430002700914
18.375
17.125
-25.75
35.97177713152354
18.5625
16.9375
-25.75
35.97926920464061
18.625
16.625
-25.4375
35.641936763453245
18.75
16.4375
-25.3125
35.53134619599995
18.75
16.1875
-25.3125
35.41638480279996
18.8125
16.375
-25.3125
35.53552359963196
19.1875
16.5625
-25.4375
35.91020702738986
19.0
16.625
-25.1875
35.66231598270085
19.0625
16.75
-24.875
35.53458922303732
19.25
16.9375
-24.8125
35.68054879762922
19.625
17.125
-24.6875
35.887029777483676
19.8125
17.0
-24.6875
35.93059716314217
20.0
17.375
-24.5
36.08518567223952
20.125
17.3125
-24.375
36.039962628310256
20.1875
17.1875
-24.1875
35.88844478031891
20.75
17.125
-24.375
36.30383932864402
20.8125
17.0
-24.375
36.28085970935639
21.125
16.9375
-24.25
36.34841167437719
21.0
17.125
-24.375
36.447307856685384
21.25
17.25
-24.375
36.65058833088495
21.375
17.1875
-24.375
36.69388785956048
21.4375
17.25
-24.25
36.67685109507085
21.375
17.5625
-24.25
36.78851085937021
21.125
17.625
-24.125
36.591281406914405
21.125
17.625
-24.1875
36.6325184262562
20.8125
17.5625
-24.125
36.38155009754257
20.9375
17.25
-24.1875
36.34524126347217
20.5625
17.125
-24.375
36.19699789001845
20.375
17.0
-24.4375
36.07397997518433
20.5
17.0
-24.625
36.27176070995176
20.5
16.4375
-24.6875
36.054320996241216
20.5
16.4375
-24.875
36.182966037211486
20.5
16.375
-24.875
36.154615887877995
20.3125
16.4375
-25.0625
36.20660117644295
19.8125
16.5625
-24.9375
35.898892305334435
19.625
16.625
-24.875
35.78123635370919
19.375
16.8125
-24.9375
35.776104979441236
19.0625
16.75
-25.0625
35.666094718934396
18.6875
17.1875
-25.25
35.80775492124576
18.625
17.25
-25.4375
35.93771739064684
18.25
17.5625
-25.5
35.9409780925617
18.1875
18.0
-25.5
36.12527032770828
18.375
18.1875
-25.75
36.48956400465755
18.0625
18.375
-25.75
36.427421419172674
17.875
18.375
-25.75
36.334814572252874
17.5
18.5625
-25.9375
36.38090587794647
17.5
18.75
-26.0
36.52139783743224
17.3125
18.9375
-25.75
36.35125943485315
17.25
19.1875
-25.875
36.54091243045253
17.25
18.8125
-25.6875
36.21215697110571
17.1875
19.0
-25.5
36.14775451186422
17.5
19.1875
-25.625
36.483568647406194
17.6875
19.375
-25.625
36.672590667281746
17.625
19.375
-25.3125
36.42463323425508
17.6875
19.25
-25.3125
36.38863576035793
17.6875
19.1875
-25.3125
36.355611241595156
17.875
19.0
-25.4375
36.43599911145569
18.0
19.25
-25.5
36.671685262610985
18.0625
19.25
-25.5
36.702403276216124
18.0
19.375
-25.4375
36.69410076906096
18.0
19.1875
-25.4375
36.59544455939837
18.25
19.1875
-25.3125
36.632571742917534
18.6875
19.1875
-25.125
36.72394910000829
19.0
19.25
-25.25
37.00168915063203
19.25
19.0625
-25.0625
36.906236769684334
19.375
18.875
-25.25
37.00295596300382
19.625
19.0
-25.3125
37.24061333074417
19.8125
18.75
-25.125
37.08589059534636
19.9375
18.625
-24.9375
36.9631361967569
20.25
18.8125
-25.25
37.437082635403094
20.125
18.75
-24.875
37.085627269873704
20.0
18.5625
-24.6875
36.79726976964459
20.0
18.75
-24.5625
36.80867976782107
20.1875
18.625
-24.25
36.639982003953
20.0625
18.1875
-24.25
36.35039975708658
20.0625
18.0
-24.5625
36.4667014206111
20.375
18.0
-24.625
36.68148374861627
20.375
17.75
-24.4375
36.43342601581685
20.5625
17.625
-24.8125
36.73033062061925
20.9375
17.375
-24.8125
36.822950553968376
21.125
17.0625
-24.8125
36.783891685084114
21.125
17.0
-24.9375
36.83944260232502
21.3125
17.0625
-24.875
36.93395710589376
21.5625
17.375
-24.625
37.0570189876358
21.5625
17.1875
-24.4375
36.84484996237602
21.5625
16.9375
-24.5625
36.812181662460596
21.625
16.8125
-24.5625
36.7915369004884
21.4375
16.8125
-24.4375
36.59805963094218
21.4375
17.0
-24.625
36.809740983196285
21.75
16.9375
-24.625
36.96392878537129
21.75
16.8125
-24.8125
37.03218616960117
21.75
16.75
-25.0625
37.17195053060843
21.8125
17.0
-25.25
37.447932603149134
22.125
17.1875
-25.125
37.63231864036549
22.125
17.25
-25.3125
37.78625121985509
22.3125
17.4375
-25.5
38.10727046772046
22.1875
17.5625
-25.4375
38.049874753407536
21.9375
17.5625
-25.5625
37.98863933796524
21.8125
17.5625
-25.6875
38.00097654995198
21.375
17.4375
-25.875
37.82158981653204
21.125
17.75
-26.125
37.99794402332842
20.9375
17.875
-26.3125
38.08204547421265
20.625
18.0625
-26.1875
37.91344995512806
20.4375
17.875
-26.375
37.85297420613075
20.375
18.0
-26.5
37.965650593661636
20.25
18.375
-26.375
37.991364150290785
20.1875
18.5625
-26.1875
37.919476773157086
20.25
18.5625
-25.9375
37.780720116218006
20.625
18.25
-25.875
37.78847377177332
20.75
18.25
-25.75
37.77151704657889
20.9375
18.1875
-25.75
37.84476928850274
20.8125
18.4375
-25.5625
37.769603767447705
20.8125
18.4375
-25.6875
37.854315721592435
20.9375
18.3125
-25.5625
37.77787671045052
21.0
18.3125
-25.75
37.93955925218425
21.125
18.4375
-25.6875
38.02702575143105
20.8125
18.4375
-25.5
37.72733177021667
20.8125
18.4375
-25.4375
37.685116010833774
20.8125
18.5625
-25.5
37.78857714309974
20.9375
18.4375
-25.5625
37.83862733702162
21.0
18.3125
-25.5
37.77032772230074
21.125
18.3125
-25.5
37.83996936111339
20.75
18.3125
-25.5625
37.67428250809828
20.8125
18.1875
-25.8125
37.8183879713295
20.8125
18.5625
-25.9375
38.08517387054968
20.625
18.5625
-26.125
38.11131926672179
20.5625
18.75
-26.125
38.16928780118906
20.625
18.75
-26.0
38.11762223696541
20.9375
18.9375
-26.1875
38.50705089655659
20.75
19.0
-26.375
38.56427264969482
21.0
19.1875
-26.1875
38.66452265966826
21.0
19.375
-26.1875
38.75791249861117
21.25
19.1875
-26.125
38.75871877719902
21.4375
19.25
-26.125
38.89273108499839
21.5625
19.1875
-26.0625
38.88901475674075
21.4375
19.125
-26.1875
38.87309078913073
21.1875
18.8125
-26.125
38.5400562726626
21.4375
19.0
-26.125
38.769601896975935
21.4375
19.0625
-26.1875
38.842379802864805
21.5625
18.9375
-26.0625
38.7662768234196
21.5625
18.75
-26.1875
38.759373866201706
21.5625
18.75
-26.0625
38.67502828053264
21.625
18.625
-26.1875
38.73391803381114
21.8125
18.8125
-26.125
38.88715645942758
22.125
19.0
-26.125
39.15394296874837
22.3125
18.9375
-25.875
39.063949973089
22.5625
18.9375
-25.5625
39.001752765100186
22.8125
18.9375
-25.5625
39.14690880197311
23.3125
19.1875
-25.5
39.5206631080502
23.6875
19.0
-25.5
39.652839195321185
23.8125
19.0
-25.0625
39.44824536655591
24.125
18.9375
-25.125
39.64732218258882
24.1875
18.75
-25.125
39.5962533738989
24.3125
18.5625
-25.4375
39.783545200874194
24.5
18.1875
-25.6875
39.885872342221624
24.375
18.0
-25.75
39.76434489589889
24.1875
17.625
-25.75
39.48085968225616
24.0
17.5625
-25.875
39.42026168418977
23.9375
17.5625
-26.125
39.54694599460242
23.8125
17.4375
-26.125
39.41595092725786
23.625
17.5625
-26.25
39.44165984400251
23.4375
17.375
-26.3125
39.28809854777907
23.375
17.5625
-26.5
39.459878753615044
23.375
17.75
-26.8125
39.753783231913914
23.25
18.0625
-27.0
39.94767084887428
23.1875
18.25
-27.25
40.16572115934183
23.25
18.25
-27.4375
40.32916322278457
23.25
18.25
-27.6875
40.4996624214326
23.375
18.25
-28.0
40.785452369686915
23.4375
18.4375
-28.0
40.90547411410849
23.0
18.375
-27.875
40.54203065955133
22.75
18.5625
-27.8125
40.44334385903322
22.5625
18.3125
-27.6875
40.13741046393003
22.8125
18.1875
-27.625
40.1787996025267
22.5625
18.125
-27.6875
40.052212017565274
22.5625
18.375
-27.625
40.122906876870225
22.5
18.5
-27.5625
40.10226185952608
22.1875
18.625
-27.4375
39.89977678508991
22.5625
18.5625
-27.25
39.95241309983666
22.8125
18.375
-27.0
39.83780592916733
23.0
18.4375
-26.9375
39.93207122727295
22.625
18.25
-26.6875
39.461066651194315
22.9375
18.375
-26.5
39.572964650756205
22.75
18.0625
-26.5
39.32005094414299
22.9375
18.1875
-26.125
39.23556661372434
23.1875
17.9375
-26.3125
39.392406866679266
23.375
18.0
-26.1875
39.44839389949862
23.375
18.0625
-26.1875
39.47695134505703
23.5
18.0
-26.3125
39.60552557724743
23.875
18.1875
-26.3125
39.914263584588404
24.125
18.0
-26.1875
39.897378125009666
24.5
18.125
-26.0625
40.100118843340105
24.6875
18.0
-25.9375
40.077756455420506
24.9375
18.125
-25.5625
40.04792051405416
25.1875
18.3125
-25.6875
40.368372134011054
25.6875
18.3125
-25.5
40.564088951928895
26.0625
18.3125
-25.3125
40.685675842364965
26.0625
18.3125
-25.25
40.646821062661225
26.25
18.3125
-25.125
40.68999608318978
26.5
18.1875
-25.0625
40.75738046660997
26.4375
18.125
-25.125
40.72741897358584
26.3125
18.125
-24.9375
40.5307560686943
26.3125
17.9375
-24.875
40.40875137269153
26.5
17.625
-24.9375
40.43228328019579
26.4375
17.5625
-24.8125
40.28700744346743
26.6875
17.125
-24.875
40.30203352499722
26.5
17.0
-24.875
40.125
26.5
16.9375
-24.875
40.09856021417727
26.6875
16.625
-24.8125
40.05338234781178
26.875
16.4375
-25.0625
40.25650180405645
26.875
16.25
-25.0625
40.18030651015495
26.6875
16.4375
-24.9375
40.05362616230895
26.875
16.5625
-25.25
40.4245535689635
26.75
16.8125
-25.125
40.366920631254494
27.0625
17.0
-25.5
40.885558651558135
27.0625
16.9375
-25.75
41.016098211555914
27.125
16.9375
-26.0625
41.25407176873575
27.125
16.9375
-26.125
41.29358492853339
27.0625
16.9375
-26.375
41.41133223527106
26.9375
16.8125
-26.625
41.438866870367
26.6875
16.625
-26.75
41.281663983541165
26.5625
16.5625
-27.0
41.33863583259612
26.3125
16.25
-27.1875
41.177303366053486
25.75
16.4375
-27.25
40.93673663410409
25.3125
16.75
-27.4375
40.91578622610105
25.125
16.8125
-27.875
41.121057941765066
24.9375
17.125
-28.0625
41.263160779319854
24.875
16.9375
-28.0625
41.14788496994712
24.9375
16.9375
-28.25
41.31368190442483
24.875
17.125
-28.3125
41.39600109008115
24.6875
17.25
-28.0625
41.16477939331146
24.9375
17.125
-28.0625
41.263160779319854
25.25
17.25
-28.0625
41.504564884479876
24.9375
17.375
-27.8125
41.19835782528231
25.125
17.4375
-27.5625
41.1706623398264
25.1875
17.75
-27.75
41.467278138913336
25.0625
18.125
-27.4375
41.345627791823404
25.3125
18.4375
-27.375
41.59392608903372
25.375
18.75
-27.375
41.771326888189705
25.375
19.25
-27.1875
41.87616602854182
25.25
19.25
-27.0
41.6788315575185
25.5
19.5625
-26.5625
41.695417164240006
25.4375
19.625
-26.625
41.726462302117106
25.3125
19.875
-26.5
41.68918662255238
25.5
19.875
-26.5
41.80329681974856
25.0625
19.875
-26.5
41.537868641156834
25.0625
19.8125
-26.3125
41.38854574335755
24.9375
19.875
-26.3125
41.342982324694475
25.125
20.0
-26.1875
41.43731146261784
25.3125
20.0
-26.6875
41.86818974472147
25.375
19.8125
-26.375
41.618101905901476
25.5
19.625
-26.5
41.68501679260787
25.1875
19.625
-26.375
41.41486938588603
25.5
19.4375
-26.3125
41.47787437297143
25.5
19.4375
-26.1875
41.39869034764264
25.75
19.1875
-26.0
41.31855099407529
25.75
19.0625
-25.9375
41.22129683185622
25.75
19.0
-25.5625
40.95734251938229
25.6875
19.0625
-25.6875
41.025287552313394
25.5625
19.1875
-25.5
40.88828148137312
25.875
19.1875
-25.4375
41.04561106257282
26.0625
19.1875
-25.3125
41.08694097581371
26.125
19.25
-25.25
41.11740051365115
26.0625
19.125
-25.125
40.94246153139794
26.25
18.8125
-25.25
40.99433078182884
25.9375
18.625
-25.4375
40.82537124754654
26.125
18.4375
-25.25
40.74333726206041
26.125
18.375
-25.3125
40.75388210035947
25.9375
18.1875
-25.4375
40.62764414471999
25.75
18.125
-25.25
40.362614199281
25.9375
18.0
-25.25
40.42667938688509
25.9375
18.3125
-25.3125
40.60571657722592
25.6875
18.3125
-25.25
40.4073979921994
26.25
18.5625
-25.125
40.803119136286625
26.25
18.8125
-25.3125
41.0328564993957
26.625
18.625
-25.0625
41.035474363652725
26.5
18.8125
-25.0625
41.04009091729696
26.5
18.8125
-25.25
41.15486187864078
26.3125
18.9375
-25.25
41.0918369326561
26.3125
18.9375
-25.25
41.0918369326561
26.3125
19.0
-25.25
41.120677964376995
25.9375
18.8125
-25.0625
40.6791466079366
25.75
18.5625
-25.125
40.48326235927633
25.3125
18.5625
-25.375
40.36309809095432
25.375
18.5625
-25.5625
40.52034596964838
25.3125
18.5625
-25.9375
40.71907377077725
25.3125
18.1875
-26.5
40.91158530905396
25.0625
18.25
-26.8125
40.98904198075383
24.6875
18.1875
-27.125
40.93926522911715
24.375
18.1875
-27.375
40.91841158024099
24.3125
18.375
-27.5625
41.0905060506682
24.375
18.625
-27.8125
41.40732309930213
24.375
18.4375
-28.0
41.449753090338184
24.3125
18.4375
-28.0625
41.455312913425225
24.0625
18.625
-28.1875
41.478062725976
24.0625
18.375
-28.25
41.40902113368535
24.125
18.375
-28.3125
41.48799713471355
24.1875
18.3125
-28.5
41.62490615605037
24.1875
18.125
-28.5
41.542758469437246
24.0
18.125
-28.3125
41.305124152458376
23.8125
18.375
-28.3125
41.30706280407747
23.625
18.5625
-28.25
41.240387137489385
23.5625
18.75
-28.0
41.11877802476625
23.375
18.75
-27.875
40.92638207806793
23.375
18.8125
-27.75
40.87007806757897
23.125
19.0
-27.75
40.81455775823132
23.0
19.1875
-27.8125
40.87413989920766
22.75
19.4375
-27.75
40.80981997326134
22.8125
19.375
-27.625
40.730104422282054
22.9375
19.375
-27.625
40.80024701211991
23.125
19.4375
-27.8125
41.06235730568814
23.1875
19.8125
-28.0625
41.445135043211046
23.125
20.0
-28.625
41.88264855521914
23.1875
20.0
-28.5
41.831927474717205
23.375
20.0
-28.4375
41.89369918317073
23.3125
19.75
-28.625
41.8679564971829
23.1875
20.0625
-28.875
42.11804467802369
23.1875
20.1875
-28.875
42.177730350268966
23.125
20.375
-28.8125
42.190833201656496
23.1875
20.375
-28.5
42.012507438261764
23.5
20.5625
-27.8125
41.816283461111176
23.5625
20.4375
-27.75
41.748596533296784
23.5
20.625
-27.5625
41.6813151334024
23.9375
20.875
-27.25
41.84891911686609
24.1875
20.5625
-26.9375
41.63508699102237
24.375
20.625
-26.8125
41.69462083110962
24.5625
20.625
-26.75
41.76445296241769
24.75
20.75
-26.5625
41.81735771482938
25.0625
20.75
-26.75
42.12189343144489
25.4375
21.0
-26.75
42.46915240795371
25.5625
20.8125
-27.0
42.60987634926907
25.875
20.625
-26.9375
42.6677296823958
25.75
20.625
-27.0
42.63159772985291
25.9375
20.375
-26.8125
42.50652523436843
25.9375
20.0
-26.75
42.288490233750366
25.9375
19.625
-26.75
42.112433214550784
26.0625
19.5625
-26.8125
42.20018327863044
25.875
19.4375
-26.9375
42.10654269231802
25.6875
19.375
-26.75
41.84257139863658
25.625
19.25
-27.0
41.90707726625659
25.5
19.4375
-26.9375
41.8771454674265
25.3125
19.4375
-27.0
41.80357714956939
25.4375
19.4375
-27.0
41.87938409886182
25.4375
19.5625
-27.1875
42.05850649690262
25.0625
19.5625
-27.375
41.954867864170424
25.0625
19.625
-27.625
42.147481019036
24.9375
19.8125
-27.6875
42.20203453330183
25.0625
19.875
-27.875
42.42829428871729
24.9375
19.8125
-28.0
42.40771229976925
24.5625
20.25
-28.0625
42.43680964092376
24.1875
20.4375
-28.5
42.60254173755364
23.875
20.625
-28.5
42.51654089880784
23.5
20.6875
-28.625
42.42184910220204
23.3125
21.0625
-28.4375
42.37679752824651
23.0
21.375
-28.3125
42.27869772414945
22.5
21.6875
-28.25
42.12671546952124
22.1875
22.0625
-28.25
42.15568244614242
22.1875
22.375
-28.625
42.57130966096768
22.125
22.75
-28.625
42.7372056877845
21.9375
22.875
-28.6875
42.74917762366897
22.0
23.0625
-28.6875
42.881832545962865
21.9375
22.8125
-28.6875
42.71576662954792
22.3125
22.875
-28.625
42.90109446447725
22.3125
22.875
-28.5
42.81779164377817
22.375
22.875
-28.625
42.93363337757474
22.5
22.8125
-28.4375
42.84100328540404
22.5625
22.75
-28.0625
42.592638008228604
22.75
23.0
-28.0625
42.82600152068834
22.8125
23.1875
-27.6875
42.716132417975295
22.9375
23.375
-27.5625
42.804333162660065
22.625
23.1875
-27.6875
42.61629309900147
22.8125
23.375
-27.8125
42.89913679201482
23.1875
23.25
-27.625
42.911109065718634
23.375
23.0
-27.8125
42.999136982618616
23.5625
22.9375
-27.875
43.108420726118
23.5625
22.4375
-27.875
42.844467991795625
23.9375
22.1875
-28.0625
43.044081692492874
24.125
22.0
-28.25
43.174971048050516
24.5
22.0
-28.1875
43.34495537256902
24.75
21.625
-28.1875
43.29824801594171
24.875
21.4375
-28.25
43.31736985609814
25.125
21.25
-27.8125
43.08553447794283
25.3125
21.0
-27.625
42.95187168506164
25.6875
20.8125
-27.25
42.84355625412064
25.75
20.5625
-27.1875
42.72047591612247
26.0625
20.1875
-27.0
42.61207648660178
26.5
19.9375
-27.1875
42.8825612866116
26.5625
19.5625
-27.0
42.62930696715582
26.5625
19.25
-27.0
42.48680861455706
26.5625
19.1875
-27.1875
42.57800745396619
26.75
19.0
-27.375
42.73117275479343
27.0625
19.0625
-27.4375
42.99504877017818
27.0625
19.0
-27.5625
43.0473031965999
27.125
18.9375
-27.5625
43.059098196548426
27.0625
18.8125
-27.375
42.844832681433125
26.9375
18.8125
-27.4375
42.80602140762442
27.125
18.8125
-27.5625
43.00426941014113
27.25
18.5625
-27.4375
42.894583719859085
27.4375
18.5625
-27.375
42.97410193942393
27.3125
18.0
-27.4375
42.69413381835964
27.5
17.8125
-27.25
42.615697298648065
27.5
17.9375
-27.5
42.82819055540404
27.4375
17.8125
-27.5
42.73583464143411
27.4375
17.5625
-27.6875
42.75342639777542
27.4375
17.1875
-27.625
42.56015962728524
27.25
17.125
-27.625
42.414251732171344
26.9375
17.125
-27.5
42.13246410133165
26.875
17.4375
-27.5
42.22063513555901
26.5
17.5625
-27.6875
42.1579062869588
26.0625
17.25
-27.625
41.71279217758025
25.875
16.9375
-27.875
41.634242592486295
25.5625
16.9375
-27.875
41.44075213482497
24.9375
17.0625
-28.3125
41.40779478250442
24.5
17.25
-28.6875
41.48234752578499
23.875
17.25
-29.125
41.42274435621088
23.375
17.25
-29.5625
41.447491253995096
23.0
17.25
-29.75
41.371789905683315
23.0
17.4375
-29.9375
41.58509724047787
22.75
17.8125
-30.125
41.74162528280374
22.6875
17.8125
-30.1875
41.75276001356078
22.6875
17.8125
-30.0
41.6173979544613
22.75
17.5625
-29.75
41.36503845338476
23.125
17.375
-29.625
41.40406833875144
23.375
17.4375
-29.375
41.392603883423426
23.5
17.1875
-29.3125
41.31443830551252
23.5625
17.375
-29.1875
41.33995872639449
23.8125
17.5625
-28.875
41.342982324694475
24.125
18.0
-28.75
41.62424924247884
24.5
18.125
-28.5
41.725479326186296
24.75
18.4375
-28.4375
41.96659758069505
24.6875
18.75
-28.0625
41.81553613789975
24.75
18.8125
-27.8125
41.713400874299374
25.0625
19.0625
-27.8125
42.01241445989506
24.9375
19.0625
-27.625
41.813854611838885
24.6875
18.8125
-27.5
41.46845563196199
24.75
18.8125
-27.4375
41.46431070812585
24.5625
19.0
-27.4375
41.43830127430419
24.75
18.9375
-27.375
41.479899122948694
24.9375
19.0
-27.4375
41.66167678454625
25.125
18.8125
-27.4375
41.68923347220478
25.375
19.0
-27.4375
41.925016771016324
25.6875
18.75
-27.375
41.961896778506095
25.75
18.8125
-27.1875
41.90623834824596
25.75
18.75
-26.8125
41.63574373359986
26.25
18.375
-26.5
41.58068211321214
26.25
18.25
-26.375
41.445936169906936
26.4375
17.9375
-26.1875
41.30956873110635
26.3125
17.75
-26.1875
41.148454557856724
26.5
17.1875
-25.875
40.831063925031394
26.6875
17.0625
-25.625
40.74300169967844
27.0625
16.875
-25.75
40.99032850868605
27.4375
16.625
-25.875
41.21556327711657
27.3125
16.4375
-25.875
41.057029696508735
27.3125
16.5625
-25.75
41.028667569152184
27.4375
16.5625
-25.75
41.111985022618406
27.625
16.5625
-25.9375
41.35469668006284
27.3125
16.625
-25.875
41.13245563116795
27.125
16.4375
-26.125
41.09102890230421
26.875
16.25
-25.9375
40.73183068866412
26.625
16.125
-25.9375
40.51740559623728
26.6875
16.0
-26.125
40.629278620841895
26.625
15.625
-26.25
40.522755952674295
26.6875
15.625
-26.3125
40.60432166038487
26.4375
15.4375
-26.125
40.246409001300975
26.4375
15.4375
-26.3125
40.368372134011054
26.4375
15.375
-26.125
40.22247700291468
26.6875
15.4375
-26.3125
40.532539011885255
26.875
15.375
-26.3125
40.632547375841455
26.8125
15.5625
-26.1875
40.58185208624663
26.875
15.5625
-26.1875
40.623173035842484
26.8125
15.5625
-26.1875
40.58185208624663
26.875
15.4375
-26.1875
40.57545055202714
26.9375
15.375
-26.3125
40.67391286193154
26.875
15.4375
-26.5
40.77783750090237
26.6875
15.375
-26.5
40.630816891246475
26.3125
15.25
-26.75
40.5027487493133
26.3125
15.0625
-27.1875
40.7232945468561
26.125
15.0625
-27.25
40.64427427387528
25.9375
14.8125
-27.5625
40.64302484744461
25.875
14.8125
-27.5625
40.60316721020664
25.6875
15.0
-27.4375
40.46806225284329
25.5625
15.0
-27.625
40.51644149292976
25.5
14.8125
-27.5625
40.36522714540326
25.4375
14.875
-27.625
40.391492374632556
25.4375
15.0625
-27.625
40.4609186437975
25.4375
15.375
-27.6875
40.62086517419342
25.4375
15.75
-27.625
40.72185569506871
25.4375
16.0
-27.5625
40.77692745291141
25.5
16.125
-27.25
40.654988931249264
25.6875
16.375
-27.125
40.789139562511
26.0625
16.8125
-27.125
41.202908726205244
26.3125
17.0
-26.75
41.193569355543836
26.4375
17.375
-26.1875
41.06844515561796
26.4375
17.375
-26.1875
41.06844515561796
26.4375
17.4375
-25.9375
40.936068677267976
26.8125
17.5625
-25.9375
41.2323352328
27.125
17.8125
-26.3125
41.777965933013064
27.4375
17.8125
-26.1875
41.90330200294483
27.5
17.9375
-26.3125
42.07554589663692
27.625
18.0
-26.3125
42.18398133474364
27.6875
17.625
-26.5625
42.22327187109023
28.125
17.5625
-26.5
42.44651966003809
28.3125
17.4375
-26.5
42.51957269893478
28.25
17.25
-26.1875
42.20675486518716
28.0
17.125
-26.0625
41.910852189498605
28.0
17.1875
-25.75
41.74293540528744
28.0625
17.0
-25.5
41.554228500238096
28.3125
16.9375
-25.25
41.54562627401349
28.5
17.0
-24.875
41.47307108233004
28.3125
17.0625
-24.5625
41.18304224738624
28.6875
17.0625
-24.4375
41.36777693749085
29.25
17.0625
-24.625
41.869822441109065
29.5
16.875
-24.25
41.75018712532915
29.8125
16.6875
-24.25
41.89654296597752
30.0
16.625
-24.25
42.00539399886638
30.25
16.625
-24.4375
42.29236965753988
30.1875
16.25
-24.3125
42.02910078148235
30.5
15.875
-24.5
42.21984870887152
30.625
15.625
-24.3125
42.10853721337278
30.5
15.25
-24.1875
41.80726798356955
30.625
15.0625
-24.25
41.866836890909255
30.5
14.8125
-24.4375
41.79535336015237
30.5
14.5625
-24.0
41.45258021221357
30.4375
14.0
-23.9375
41.175785511632924
30.625
13.875
-24.0
41.30867039738752
30.6875
13.875
-23.8125
41.24649606330215
30.8125
13.875
-23.8125
41.339580761057555
30.6875
14.0625
-23.9375
41.38212740725155
31.0625
14.0
-24.0
41.675879189886324
31.1875
13.6875
-23.9375
41.62945734392895
31.1875
13.6875
-24.375
41.88255528856853
31.1875
13.8125
-24.25
41.85101925282107
30.8125
13.875
-24.4375
41.70272398177366
30.6875
13.875
-24.5
41.64718815538451
30.625
13.75
-24.6875
41.67044253724695
30.5
13.5625
-24.625
41.479899122948694
29.875
13.5625
-24.8125
41.13535204055023
29.5
13.8125
-25.0
41.061358431620356
29.1875
13.875
-25.25
41.01205043947449
28.5
14.0625
-25.6875
40.863817277635725
28.4375
14.1875
-25.9375
41.02109784915562
28.0
14.1875
-26.1875
40.87872689431509
27.4375
14.25
-26.5
40.720129005812346
26.9375
14.4375
-27.0
40.78075909666224
26.625
14.5
-27.375
40.84765905165191
26.3125
14.5
-27.375
40.64465870505004
26.0625
14.5
-27.4375
40.52555135343626
26.0625
14.5
-27.4375
40.52555135343626
26.0625
14.6875
-27.5625
40.677610165175636
26.0625
14.625
-27.5625
40.655085014054514
25.6875
14.625
-27.4375
40.330567656555495
25.6875
14.5625
-27.1875
40.13818903176873
25.875
14.375
-27.0
40.06440128093767
25.875
14.5625
-27.125
40.21626109237406
25.6875
14.75
-27.0
40.0800468593788
25.5
14.8125
-26.8125
39.85687283894711
25.5
14.8125
-26.625
39.73098011942318
25.1875
15.125
-26.5
39.56546197442916
25.5
15.375
-26.375
39.77789901440246
25.1875
15.625
-26.375
39.676081034421735
25.0625
15.75
-26.1875
39.521849178650534
25.0625
15.75
-26.0625
39.43913427675613
25.1875
15.8125
-25.875
39.4203112303797
25.3125
15.9375
-25.9375
39.5914191302863
25.3125
16.1875
-25.625
39.489219256652824
25.375
16.0625
-25.625
39.47828714939391
25.3125
15.9375
-25.5
39.3061898751329
25.4375
15.625
-25.25
39.099482493378346
25.5625
15.75
-25.25
39.230936851546126
25.5
15.9375
-25.0625
39.14566147735915
25.4375
15.8125
-24.8125
38.89423760340341
25.625
15.8125
-24.375
38.74037178771004
25.4375
15.375
-24.4375
38.4791948655374
25.4375
15.4375
-24.25
38.385483095826736
25.3125
15.625
-24.1875
38.339254524573114
25.5
15.9375
-24.1875
38.591308121130076
25.4375
16.0625
-23.8125
38.36802664654517
25.6875
15.9375
-23.8125
38.48229097585018
25.875
16.0625
-23.75
38.62100505230282
25.75
15.8125
-23.9375
38.54998784046501
25.9375
16.0
-24.0625
38.829857229971886
26.25
16.0
-24.25
39.15514014787841
26.6875
15.8125
-24.25
39.37410713273382
26.875
15.75
-24.0
39.323378860418394
27.0625
15.625
-24.375
39.63155505717634
26.9375
15.75
-24.1875
39.48071127145508
27.0625
15.5625
-24.0
39.37728167992301
27.125
15.8125
-23.8125
39.40603935312454
27.125
15.75
-23.4375
39.15538955558992
27.4375
15.75
-23.125
39.187300637451415
27.4375
15.8125
-22.875
39.0655498809373
27.625
15.9375
-22.9375
39.28451905649349
27.625
16.0
-22.375
38.98437186873735
27.625
15.9375
-22.375
38.95876225254083
27.5
15.9375
-22.6875
39.05094829194292
27.625
16.0
-22.6875
39.16456665469439
27.5
16.1875
-22.5625
39.08134545406542
27.125
16.25
-22.6875
38.9172298763671
26.9375
16.4375
-22.875
38.97545301212033
26.5625
16.4375
-23.0
38.79120792782818
26.5625
16.5625
-23.3125
39.03018663483432
26.6875
16.625
-23.625
39.328792331445925
26.5625
16.6875
-23.75
39.34592180264684
26.5625
16.625
-23.8125
39.35723805731291
26.5
16.625
-24.0625
39.467005602781676
26.4375
16.875
-24.375
39.72213056030605
26.125
17.0
-24.4375
39.60690635798257
25.9375
17.0625
-24.8125
39.7434644784523
25.5625
17.0625
-24.9375
39.57839333209472
25.25
17.5625
-25.125
39.71485277890376
25.0625
17.8125
-25.4375
39.90589516287036
24.875
17.875
-25.5625
39.89639903863505
24.9375
17.8125
-25.875
40.10834934898219
24.75
17.5625
-26.1875
40.084773449528186
24.6875
17.1875
-26.5625
40.130402673658786
24.5625
17.0625
-26.625
40.0416775060686
24.5
17.1875
-27.0
40.307073278148096
24.3125
16.8125
-27.25
40.20348632270589
24.1875
16.75
-27.5625
40.31487396110771
24.3125
16.75
-27.875
40.60388874541452
24.125
16.8125
-28.0625
40.647013266659584
24.0
16.8125
-28.1875
40.65950457765072
24.0
17.0625
-28.1875
40.763513863502986
24.0
17.0
-28.3125
40.823983836098115
23.75
16.75
-28.3125
40.57366949451331
23.75
16.8125
-28.4375
40.68677994754562
23.625
16.5625
-28.25
40.37969206482387
23.125
16.4375
-28.5
40.21451269442414
23.0
16.4375
-28.5
40.14276281286578
22.8125
16.4375
-28.625
40.12470794286234
22.8125
16.4375
-28.75
40.213978446555124
22.4375
16.4375
-28.625
39.912697697599945
22.5625
16.5625
-28.625
40.03465295840592
22.5
16.4375
-28.4375
39.81372643322903
22.375
16.375
-28.8125
39.98676538868829
22.5625
16.375
-28.875
40.1369238513616
22.3125
16.375
-29.125
40.17777876202217
22.3125
16.1875
-29.125
40.10172611621599
22.125
15.8125
-29.25
39.93886930359947
22.3125
15.875
-29.5625
40.29645998719987
22.5
16.0
-29.75
40.58709770358063
