18.0
19.375
-26.125
37.17399965029321
18.0625
19.375
-26.1875
37.248217239218306
18.1875
19.375
-26.125
37.26515002317849
18.5625
19.25
-26.125
37.38508434188694
18.8125
19.375
-26.375
37.74839607519768
19.0
19.4375
-26.3125
37.83072907703472
19.0
19.625
-26.125
37.79756936629656
19.0625
19.5625
-26.0
37.71034755209769
19.0625
19.875
-25.9375
37.83052256445845
19.0
19.8125
-25.875
37.72334530831008
19.0
19.875
-26.0625
37.88495125046355
19.0625
20.0
-26.0625
37.982006430677146
19.0625
19.875
-25.875
37.78769847781153
19.375
19.875
-25.875
37.946302520799044
19.375
19.75
-25.9375
37.923700126042554
19.25
19.75
-25.9375
37.85999083795452
19.4375
19.25
-25.875
37.654940329922184
19.4375
19.1875
-25.75
37.537169079460426
19.5625
19.1875
-25.625
37.516558844062445
19.25
18.9375
-25.4375
37.097948898827276
19.375
18.625
-25.4375
37.004697759203495
19.25
18.75
-25.3125
36.916766600692426
19.25
18.5625
-25.3125
36.821889719296045
19.4375
18.75
-25.125
36.88691544775735
19.4375
18.9375
-25.125
36.982576133903926
19.625
19.1875
-24.9375
37.08341526208178
19.8125
19.0
-24.875
37.044578297640264
19.9375
19.25
-24.625
37.07367032342495
19.8125
19.4375
-24.4375
36.98030514679402
19.8125
19.375
-24.25
36.82374615991697
20.25
19.375
-24.0
36.89787426126335
20.375
19.0
-23.75
36.6087848063822
20.8125
18.75
-23.625
36.64509900723424
21.1875
18.1875
-23.625
36.576439650408844
21.375
18.0
-23.5625
36.55245588534374
21.625
17.5625
-23.75
36.60798452865167
21.75
17.1875
-23.75
36.50390604099786
22.0
16.8125
-24.0
36.64232738582526
21.625
16.4375
-24.0625
36.288234146896706
21.5625
16.375
-24.375
36.43106718516491
21.375
16.1875
-24.5625
36.36264824651802
21.1875
16.0625
-24.5625
36.19710580626578
20.8125
16.0
-24.6875
36.03654828781469
20.75
16.0
-24.8125
36.0863222876757
20.9375
16.0
-24.6875
36.10888481385156
20.75
15.9375
-24.4375
35.80164538816617
21.0
16.1875
-24.5
36.10104093028344
21.0
15.9375
-24.4375
35.94711827810402
21.0
16.0
-24.375
35.9324452966953
21.1875
16.0
-24.0625
35.83174657339494
21.4375
16.0
-23.75
35.77190107123187
21.4375
15.9375
-23.3125
35.45480177282056
21.5625
15.9375
-23.3125
35.53052165040643
21.75
16.0
-23.1875
35.59104741715253
21.4375
15.9375
-23.125
35.33179782433948
21.5625
16.1875
-23.125
35.52101050786703
21.5625
16.125
-23.1875
35.53332502735988
21.1875
16.0
-23.1875
35.25011081542865
21.3125
16.1875
-23.375
35.53376475269683
21.375
16.375
-23.5
35.73907175627257
21.125
16.375
-23.5
35.590114498270445
20.8125
16.375
-23.625
35.48860952826977
20.8125
16.625
-23.625
35.60465427791709
20.5
16.5625
-23.75
35.47716034648207
20.125
16.625
-23.5625
35.16529050427424
19.9375
16.9375
-23.9375
35.459649162816035
19.5625
16.9375
-23.9375
35.250166223012336
19.375
17.0
-24.0625
35.261799886704594
19.4375
17.125
-24.0
35.314048638608405
19.5625
17.1875
-24.0625
35.45568316574932
19.75
17.0
-24.0625
35.46923182492116
19.8125
17.1875
-24.0
35.55200855788601
19.9375
17.25
-24.0625
35.69412153982781
20.1875
17.1875
-24.0625
35.80431843716621
20.4375
17.25
-24.0625
35.97579481401349
20.5625
17.25
-24.1875
36.13051428501952
20.375
17.5625
-24.1875
36.174814270428534
20.25
17.4375
-24.0
35.91836447069939
20.0
17.5625
-24.0
35.83910442868237
20.1875
17.625
-23.8125
35.84983873743367
20.375
17.4375
-23.625
35.7400007869334
20.1875
17.625
-23.5
35.64303271678772
20.0
17.625
-23.5625
35.57853329256281
20.125
17.625
-23.375
35.525299083892314
20.125
17.625
-23.5
35.60767122404946
20.125
17.8125
-23.5
35.70085126786195
20.25
17.8125
-23.375
35.68947017328781
20.25
17.625
-23.625
35.76092490414643
20.25
17.8125
-24.0
36.10190654591527
20.4375
18.0
-24.0625
36.34137191273879
20.4375
17.9375
-23.8125
36.14526896773629
20.25
17.8125
-24.0
36.10190654591527
20.5625
17.5625
-23.875
36.07316783289208
20.625
17.5625
-24.0
36.191601667375814
20.625
17.625
-24.0625
36.263413466605705
20.625
18.0
-24.1875
36.52979306333393
20.625
17.9375
-23.875
36.29270114292955
20.625
17.625
-23.8125
36.098011112109766
20.9375
17.75
-23.875
36.37934896682457
21.0625
17.75
-23.625
36.28818032431497
21.0
18.0
-23.625
36.375
21.0625
18.0
-23.625
36.41111823674192
21.0
17.8125
-23.625
36.28258233987763
21.0
17.5625
-23.5625
36.11970116847591
21.1875
17.625
-23.5625
36.25937378802894
21.3125
17.625
-23.375
36.2112400540219
21.1875
17.4375
-23.1875
35.92543275661408
21.375
17.5625
-23.3125
36.17740575967271
21.5625
17.5625
-23.3125
36.28850325860795
21.8125
17.625
-23.1875
36.38799166620769
21.9375
17.625
-22.9375
36.304592512518305
21.9375
17.625
-22.75
36.186420536576975
21.8125
17.75
-22.875
36.25070042426767
21.9375
17.75
-22.875
36.326051688148
22.0
17.625
-23.0
36.38187220306289
21.9375
17.625
-23.125
36.42334630769117
21.75
17.4375
-23.3125
36.340082037606905
21.5625
17.4375
-23.3125
36.22817230761166
21.625
17.4375
-23.5625
36.42661715696367
21.625
17.375
-23.375
36.27563748578376
21.5625
17.3125
-23.3125
36.16817273169879
21.375
17.1875
-23.5625
36.15926143465876
21.25
17.4375
-23.5625
36.20525255401487
21.25
17.5625
-23.5625
36.26562163399381
21.375
17.625
-23.625
36.40977718965058
21.375
17.5625
-23.5625
36.33900710668909
21.625
17.8125
-23.4375
36.52728004519362
21.75
17.75
-23.75
36.772102197182036
21.8125
17.5625
-23.75
36.71905584979004
22.0
17.625
-23.5625
36.74006030547582
22.1875
17.625
-23.875
37.05322396566863
22.0
17.4375
-23.875
36.8521645395491
22.125
17.4375
-23.8125
36.88654480294949
22.1875
17.625
-24.0
37.133889928877636
22.0
17.4375
-24.0625
36.973913946186435
22.125
17.625
-24.0
37.09658003104868
22.3125
17.8125
-24.0625
37.33814026903322
22.3125
17.8125
-24.0625
37.33814026903322
22.375
17.9375
-23.9375
37.35503229151328
22.5625
18.125
-24.0
37.597633319798206
22.375
18.125
-23.9375
37.445429043476054
22.3125
17.9375
-23.75
37.19763517348919
22.375
17.75
-23.5625
37.02559292232874
22.5625
17.8125
-23.625
37.208764928441255
22.5
17.625
-23.75
37.1611776589494
22.75
17.8125
-23.9375
37.52134809012064
22.75
17.8125
-23.8125
37.441725554520055
22.9375
17.5625
-23.75
37.398299593698106
23.125
17.4375
-23.9375
37.5744053512494
23.1875
17.25
-24.0
37.56624357385231
23.1875
17.1875
-24.25
37.69791522750297
23.125
17.0625
-24.5625
37.80490626228294
23.125
17.0
-24.4375
37.69558371016424
22.9375
16.625
-24.625
37.53545199208343
22.75
16.375
-24.8125
37.434787046943384
22.75
16.1875
-25.125
37.561460052159845
22.75
15.8125
-25.125
37.40138073988713
22.625
15.8125
-25.3125
37.45194838055826
22.75
15.75
-25.5
37.62811448903599
22.75
15.5625
-25.4375
37.50760339584495
22.9375
15.4375
-25.4375
37.57009074716216
23.125
15.625
-25.25
37.63600337442859
23.3125
15.625
-25.125
37.66800905609427
23.375
15.9375
-24.875
37.671742145141096
23.5625
16.125
-25.125
38.03252103463561
23.9375
16.125
-25.125
38.26597909697333
23.9375
16.125
-24.875
38.10229856911522
24.0
16.1875
-25.125
38.331459419776856
24.125
16.1875
-25.3125
38.53275797941279
24.0
16.0
-25.5625
38.54142454878906
24.3125
15.8125
-25.6875
38.7424891914549
24.3125
15.75
-25.75
38.7585172091245
24.3125
15.75
-25.5
38.592877014418086
24.3125
15.75
-25.5
38.592877014418086
24.125
15.75
-25.6875
38.59955674939804
24.1875
15.625
-25.5625
38.504768373540436
24.125
16.0
-25.5625
38.619386728041135
24.1875
16.125
-25.5
38.66911921999259
24.1875
16.375
-25.375
38.69194239437974
24.125
16.4375
-25.5625
38.80268595728909
24.125
16.8125
-25.4375
38.88112893808512
23.9375
17.125
-25.3125
38.81999726300866
24.1875
17.375
-25.4375
39.16621232005975
24.0
17.5625
-25.5
39.175137603459675
24.125
17.4375
-25.4375
39.15543943694158
24.0
17.625
-25.4375
39.16257181608481
23.5625
17.4375
-25.3125
38.729581313900105
23.5
17.5625
-25.25
38.70728492480453
23.6875
17.375
-25.25
38.73694336482939
23.6875
17.4375
-25.3125
38.805756257931634
23.75
17.4375
-25.25
38.80323963601493
24.125
17.5625
-25.0
38.92887143560676
24.1875
17.5625
-24.875
38.887558260965676
24.375
17.375
-24.8125
38.880475900508216
24.5
17.625
-24.8125
39.07109905352036
24.5
17.625
-24.625
38.952294540886804
24.375
17.8125
-24.8125
39.077946945815874
24.5625
17.625
-24.8125
39.11032072867723
24.375
17.75
-24.8125
39.04949783607979
24.3125
17.8125
-24.875
39.07874662140535
24.125
18.0
-25.0625
39.16815710816632
24.0
18.125
-25.0625
39.14900421785974
24.375
18.125
-25.25
39.499604428399024
24.75
18.125
-25.5
39.89145428534788
24.75
17.9375
-25.375
39.72665391459492
24.75
17.9375
-25.5
39.80661259451751
24.9375
17.9375
-25.5
39.92346193029858
24.9375
17.75
-25.25
39.68001897996018
25.125
17.5625
-25.3125
39.75461844238981
25.25
17.75
-25.4375
39.99614239211077
25.125
17.625
-25.3125
39.78226874186539
25.25
17.25
-25.0625
39.538005845641734
25.3125
17.25
-25.0
39.53840103304634
25.4375
17.125
-25.125
39.643380989138656
25.4375
16.8125
-25.3125
39.62889373613652
25.6875
16.8125
-25.875
40.15001167496717
25.6875
16.8125
-25.9375
40.19031871918908
25.6875
16.5625
-26.125
40.2079555249953
25.875
16.375
-26.1875
40.291952127565125
25.75
16.4375
-26.625
40.52338252478438
25.9375
16.375
-27.0625
40.9056651027703
25.9375
16.4375
-26.8125
40.76586156025652
25.9375
16.25
-26.625
40.56731481439214
25.875
16.25
-26.375
40.36358197682659
26.0625
16.1875
-26.1875
40.33700805401908
26.3125
16.1875
-26.0
40.37799911461686
26.25
16.4375
-26.1875
40.559081134808764
26.3125
16.5625
-25.9375
40.48972670628934
26.3125
16.5625
-25.6875
40.33003494605478
26.4375
16.5625
-25.875
40.53114157657048
26.75
17.0625
-26.0625
41.06026439880776
26.625
17.0625
-26.125
41.018717145347196
26.6875
17.25
-26.1875
41.177303366053486
26.6875
17.25
-26.3125
41.25691229963774
26.875
17.25
-26.125
41.25946861024752
27.0
17.4375
-26.1875
41.45903475118541
26.875
17.5625
-26.3125
41.50969389793184
26.875
17.75
-26.3125
41.58937101291627
26.625
17.5625
-26.3125
41.34827308969505
26.75
17.5625
-26.3125
41.42887353646005
26.5625
17.5625
-26.375
41.34789520036056
26.5625
17.625
-26.3125
41.33466689716998
26.3125
17.5625
-26.5
41.267893846185075
26.3125
17.4375
-26.5625
41.255065976798534
26.25
17.375
-26.5625
41.188827747946405
26.25
17.25
-26.5625
41.13625415919636
26.4375
17.375
-26.375
41.18825871835322
26.625
17.375
-26.5
41.388781692627774
26.875
17.375
-26.3125
41.43071211372066
27.0625
17.4375
-26.125
41.46035380336256
27.5
17.4375
-25.9375
41.63016109144907
27.6875
17.375
-25.5625
41.4961406337987
28.0625
17.3125
-25.3125
41.56860857365808
28.25
17.1875
-25.125
41.52996847157484
28.375
17.0
-24.9375
41.42486609815414
28.375
17.0
-24.8125
41.349737378247035
28.4375
16.8125
-24.625
41.20366716082441
28.375
16.75
-24.6875
41.172512447627
28.25
16.4375
-24.4375
40.80986783242504
28.1875
16.375
-24.625
40.85420916197008
28.25
16.375
-24.6875
40.935019008790015
28.375
16.25
-24.8125
41.04708614810557
28.625
16.25
-24.8125
41.22030180930266
28.5
16.375
-24.5625
41.032999296298094
28.4375
16.375
-24.6875
41.064640355176614
28.5
16.25
-24.625
41.020764558940144
28.5
16.625
-25.0
41.39614263430833
28.4375
16.75
-24.625
41.1782045656437
28.375
16.625
-24.8125
41.19698297509176
28.0625
16.9375
-24.5625
40.95972679047066
27.8125
16.8125
-24.5625
40.73710493825009
27.6875
16.625
-24.625
40.61254616802547
27.625
16.9375
-24.5625
40.66123384133836
27.25
17.0
-24.5625
40.433635827736296
26.9375
16.9375
-24.25
40.00712827109689
26.9375
16.9375
-24.4375
40.12105704926031
26.75
17.0625
-24.0625
39.82078995323925
26.875
16.875
-24.0625
39.825056889476
26.75
17.0625
-24.0625
39.82078995323925
26.875
17.1875
-23.9375
39.88332593327693
26.875
17.0
-23.9375
39.802883453966
27.125
17.0625
-24.0
40.036165291521115
27.3125
17.0
-23.875
40.06230499172508
27.25
17.0625
-24.0
40.12095968754985
27.3125
17.25
-24.0
40.24344861278665
27.5
17.625
-24.0
40.532587198450585
27.4375
17.75
-24.0
40.544776559379386
27.4375
17.625
-24.0
40.49020907886251
27.4375
17.75
-23.875
40.47090969140674
27.125
17.5625
-23.8125
40.14028135800744
27.25
17.9375
-23.9375
40.46381485352067
27.25
18.0
-23.8125
40.41778885899129
27.0625
17.9375
-24.0625
40.41208629543889
26.6875
17.8125
-24.1875
40.181375894187596
26.5625
17.75
-24.375
40.1841950429519
26.25
18.125
-24.6875
40.33671753192121
26.125
18.25
-25.125
40.58132267435353
25.9375
18.75
-25.25
40.76614902403709
25.5625
18.75
-25.5
40.68481173914905
25.5
19.0
-25.6875
40.87906134257488
25.5625
19.1875
-25.9375
41.16254934707033
25.5
19.0625
-26.125
41.18427529106224
25.4375
19.0625
-25.9375
41.026810974654126
25.5
19.1875
-25.9375
41.123765179029995
25.3125
19.0625
-25.6875
40.791533665087904
25.6875
18.875
-25.6875
40.93850189613684
25.5
18.875
-25.5625
40.742570258269176
25.625
18.8125
-25.5625
40.792060348798266
25.5
19.0625
-25.4375
40.75162956864425
25.875
19.1875
-25.25
40.9296748246306
25.9375
19.4375
-25.5
41.241002806672874
25.9375
19.375
-25.25
41.05736269233571
26.125
19.625
-25.25
41.29429440007421
25.9375
20.0625
-25.25
41.38623336932222
26.25
20.0
-25.125
41.47683841615704
26.25
20.0625
-24.875
41.356160741176154
26.25
20.0
-24.6875
41.21328858814836
25.875
20.1875
-24.6875
41.06730375249877
25.875
20.25
-24.6875
41.09806298659342
25.9375
20.25
-25.0
41.32573539878026
25.9375
20.1875
-25.0
41.2951457498336
25.6875
19.8125
-25.0625
40.99404491813414
25.75
20.0
-25.0625
41.12409763447704
25.5
20.0625
-25.125
41.0368070303965
25.5
20.0
-25.3125
41.121437915642005
25.5
19.8125
-25.4375
41.10780415565881
25.375
19.8125
-25.5
41.06915851645855
25.3125
20.0
-25.5
41.121437915642005
25.25
19.75
-25.75
41.117970523847596
25.5
19.75
-25.75
41.27196384956742
25.3125
19.4375
-25.875
41.08594269941971
25.5
19.25
-26.125
41.271395966213696
25.5
19.125
-26.125
41.21324119745983
25.5
19.125
-26.125
41.21324119745983
25.3125
18.9375
-26.125
41.0105740937627
25.3125
18.625
-26.125
40.86721064924789
25.3125
18.625
-25.9375
40.74760345713598
25.375
18.5625
-26.125
40.877532413906785
25.5625
18.4375
-26.125
40.93773854892329
25.5625
18.375
-26.125
40.909627916298625
25.5625
18.375
-26.3125
41.02961963630665
25.6875
18.375
-26.3125
41.10761410614827
25.9375
18.375
-26.375
41.304178435722456
26.125
18.1875
-26.4375
41.379248271325565
26.0625
18.0625
-26.75
41.485784462873546
25.9375
18.0
-26.75
41.38014507284865
26.0625
18.0
-26.8125
41.49896459551732
26.0625
17.625
-26.9375
41.41887779141294
26.125
17.625
-26.9375
41.45823387760265
26.25
17.375
-27.375
41.71742741349232
26.0625
17.1875
-27.375
41.52173752987704
26.125
17.5625
-27.4375
41.7585133535666
26.25
17.4375
-27.375
41.74349687376466
26.125
17.375
-27.4375
41.6800030740162
26.0625
17.375
-27.625
41.76464002299074
26.0625
17.875
-27.6875
42.0162728892033
26.0625
18.0
-27.625
42.02849665703022
26.0625
18.0625
-27.4375
41.93237673624046
26.25
18.0625
-27.5625
42.13084158309682
26.125
17.625
-27.5625
41.86702349403406
26.4375
17.625
-27.625
42.10371309338406
26.6875
17.75
-27.5625
42.27264555832767
26.6875
18.0
-27.8125
42.541248365556925
26.75
17.5625
-27.625
42.27463224263459
26.75
17.5625
-27.5625
42.23381716705228
26.75
17.5625
-27.5625
42.23381716705228
26.6875
17.625
-27.375
42.09814611416992
26.875
17.75
-27.25
42.18874998148203
26.8125
18.1875
-27.1875
42.294863384931276
26.5
18.25
-27.25
42.1648550335466
26.625
18.25
-27.0
42.082693889531356
26.625
18.625
-26.9375
42.20675486518716
26.5
18.625
-27.0
42.1680047547901
26.625
18.8125
-27.0
42.32966786132393
26.8125
18.8125
-27.0
42.44785403880861
26.6875
18.9375
-27.0625
42.464461244080326
26.6875
18.75
-27.0625
42.38117580365132
26.875
18.625
-27.1875
42.52430371270058
26.875
18.5625
-27.1875
42.49696680352611
26.75
18.5625
-27.25
42.458113550298016
26.9375
18.75
-27.375
42.73853099078161
26.9375
18.75
-27.0625
42.53904456496408
27.0625
18.9375
-27.375
42.899865238716075
26.9375
19.25
-27.25
42.8806938639057
26.75
19.5625
-27.1875
42.86506809162911
26.75
19.75
-26.8125
42.7145777955255
26.75
19.8125
-26.8125
42.74351193456148
26.6875
19.75
-26.9375
42.75411164437872
26.625
19.375
-27.0
42.58264024223956
26.5
19.25
-27.375
42.68727122925522
26.5
19.25
-27.25
42.60721769841349
26.4375
19.0
-27.4375
42.57649366140899
26.625
18.625
-27.5625
42.60836368895196
26.625
18.5625
-27.6875
42.66209895797439
26.6875
18.25
-27.5625
42.4850157408468
26.9375
17.9375
-27.25
42.30774530154024
27.125
18.0
-27.0
42.29380125975909
27.4375
17.8125
-26.625
42.17810080480154
27.5
17.25
-26.3125
41.787081212379505
27.6875
17.0
-25.9375
41.57344780626211
27.6875
16.8125
-25.75
41.380192272390424
27.875
16.625
-25.6875
41.391471419242876
28.0
16.4375
-25.6875
41.40095485009977
28.0
16.5625
-25.75
41.489503567167446
28.0
16.25
-25.5625
41.249289766612954
28.0
16.375
-25.875
41.49284576887924
28.0
16.625
-26.0625
41.70904615607986
28.1875
16.625
-26.1875
41.91313561999388
28.0625
16.5625
-26.1875
41.80437140718659
28.0
16.4375
-26.1875
41.713026292754165
27.6875
16.8125
-26.3125
41.7325468759097
27.8125
17.25
-26.375
42.032585945311524
27.6875
17.5625
-26.625
42.236591807341654
27.125
17.8125
-26.625
41.97548577741537
26.875
17.9375
-26.625
41.86776989821646
26.625
18.1875
-26.625
41.81586309344816
26.625
18.4375
-26.75
42.00469653800632
26.5
18.625
-26.8125
42.048195933357235
26.6875
18.4375
-27.0
42.203839428421674
26.4375
17.9375
-27.0
41.82935945600889
26.25
17.75
-27.0625
41.67137994175379
26.25
17.375
-27.1875
41.59463043771395
26.25
17.25
-27.1875
41.5425704097616
26.25
17.25
-27.4375
41.70661106167702
26.125
17.5625
-27.4375
41.7585133535666
25.9375
17.4375
-27.4375
41.58890138907254
25.75
17.625
-27.25
41.42783635431616
25.6875
18.0
-27.25
41.550092132870176
25.875
18.375
-27.1875
41.788950767517484
26.0625
18.75
-27.1875
42.0710893904591
25.9375
18.75
-27.1875
41.99376813885603
25.6875
18.5625
-26.75
41.47260014153923
25.875
18.25
-26.75
41.450459888884225
25.9375
18.25
-26.5
41.32876003765416
25.9375
18.1875
-26.625
41.38151383770294
26.125
18.125
-26.5
41.39180172449612
25.9375
17.9375
-26.375
41.11141492943292
25.9375
17.625
-26.3125
40.935830118613694
26.0625
17.75
-26.1875
40.98904198075383
26.3125
17.8125
-26.1875
41.17545347351987
26.0625
17.625
-26.3125
41.01514583053436
26.125
17.625
-26.5625
41.21556327711657
26.0625
17.5625
-26.375
41.028477153070156
26.125
17.3125
-26.5
41.042517969174355
26.3125
16.9375
-26.5
41.005811325957204
26.4375
16.9375
-26.1875
40.885272027345
26.4375
16.75
-26.1875
40.80795342209653
26.4375
16.4375
-26.3125
40.76126186405421
26.5625
16.4375
-26.3125
40.84244689964106
26.6875
16.25
-26.1875
40.76849656904213
26.6875
16.125
-26.1875
40.71883394081908
26.5
16.25
-26.3125
40.72665167000597
26.5
16.375
-26.1875
40.69613963571975
26.5625
16.4375
-26.5
40.963493655937114
26.75
16.375
-26.5
41.06035953325299
26.875
16.4375
-26.5625
41.20707994386402
26.875
16.3125
-26.375
41.036616652082806
26.875
16.3125
-26.1875
40.9163590450079
26.9375
16.375
-26.125
40.94246153139794
26.875
16.125
-26.0625
40.761932685411274
26.8125
16.125
-26.125
40.760782699182805
26.875
15.8125
-26.0625
40.63932439768161
26.8125
15.625
-25.9375
40.44508236485618
26.5
15.375
-25.75
40.02128340021094
26.625
15.1875
-25.6875
39.99247976182522
26.4375
14.9375
-25.875
39.89468557966086
26.5
14.75
-25.875
39.8663783782776
26.6875
14.625
-25.9375
39.98583733648703
26.6875
14.4375
-25.875
39.877057156966835
26.625
14.4375
-25.875
39.835256447649485
26.6875
14.5625
-25.875
39.92248348362111
27.0625
14.8125
-25.9375
40.30561956787167
26.8125
15.0
-26.1875
40.36948491744724
26.8125
15.25
-26.125
40.422620910203236
26.6875
15.375
-26.0
40.30649180032914
26.6875
15.375
-25.875
40.22597303049362
26.8125
15.4375
-26.0
40.41319787519914
26.875
15.4375
-26.125
40.53514100444206
27.0
15.8125
-26.1875
40.802209652174476
27.0625
15.75
-26.0
40.699403020806095
27.125
15.75
-25.875
40.66132990938688
27.25
15.8125
-25.6875
40.65028059558753
27.4375
16.0
-25.6875
40.849284724459984
27.625
16.125
-25.6875
41.02443060238618
27.625
16.375
-25.3125
40.89014436572705
27.5
16.25
-25.0625
40.601002527647026
27.5
16.0
-25.0625
40.50159140391893
27.4375
16.0625
-25.0625
40.483937787102676
27.8125
16.1875
-24.625
40.52111717981132
27.875
16.1875
-24.6875
40.602012727203565
28.0625
16.0625
-24.5
40.56794069829032
28.0625
16.0
-24.5
40.54323502447726
28.1875
15.75
-24.625
40.607736716665215
28.25
15.75
-24.625
40.65114543281653
28.25
15.75
-24.5
40.5755468231791
28.375
15.75
-24.6875
40.7759215867649
28.5625
15.5625
-24.875
40.94842411497663
28.6875
15.375
-24.8125
40.92705019299583
28.4375
15.0625
-24.8125
40.6353352237926
28.625
15.4375
-24.625
40.79335308907567
28.6875
15.625
-24.5625
40.87089046619855
29.0625
15.875
-24.4375
41.15623813591325
29.25
15.8125
-24.1875
41.11730551118349
29.5
15.75
-24.0
41.16202740390711
29.4375
15.9375
-23.9375
41.15305843737498
29.8125
16.0625
-23.8125
41.398360097351684
30.1875
16.375
-23.75
41.755098865288296
30.0625
16.4375
-23.625
41.618336553735546
30.25
16.4375
-23.75
41.8248300205751
30.0
16.25
-23.75
41.57072287078972
30.0
16.375
-23.75
41.61974441295862
29.8125
16.375
-23.4375
41.306684537735535
30.0
16.375
-23.4375
41.442213155790796
29.625
16.3125
-23.5625
41.218074767024234
29.625
16.0
-23.5625
41.095401582780525
29.8125
15.5625
-23.8125
41.20693775021386
29.6875
15.375
-23.8125
41.04599173488198
29.8125
15.4375
-23.625
41.05170139592268
29.6875
15.375
-23.625
40.9375
29.8125
15.375
-23.625
41.028239131724874
29.8125
15.25
-23.5625
40.94556218322079
30.0
15.0
-23.1875
40.775729990399924
29.875
15.0
-23.1875
40.68385160293946
30.0
15.0
-22.8125
40.563655607575605
30.1875
14.75
-22.6875
40.54097078882054
30.25
14.4375
-22.75
40.5100778356448
30.4375
14.4375
-22.875
40.720368828143
30.25
14.1875
-22.9375
40.527479103689636
29.875
14.0625
-22.875
40.16883314523836
29.8125
14.1875
-23.125
40.30925374526301
29.5
14.1875
-23.125
40.07868237916511
29.4375
14.1875
-23.5625
40.28700744346743
29.25
14.625
-23.5625
40.3068794531405
29.1875
14.625
-23.375
40.15210338512791
29.25
14.5
-23.1875
40.04338467524942
29.1875
14.25
-23.0
39.799153963997774
29.375
14.1875
-23.3125
40.095491485951385
29.375
14.25
-23.125
40.008983366239136
29.4375
14.0625
-23.1875
40.024748203455324
29.0
14.0
-22.9375
39.53642505652225
28.875
13.8125
-22.9375
39.37867046384375
28.625
13.75
-23.125
39.2838230064234
28.3125
13.8125
-23.1875
39.11576368614065
28.3125
14.125
-23.3125
39.301220559926634
28.1875
14.25
-23.125
39.145412007667005
28.0625
14.375
-23.125
39.10128074948441
28.0
14.625
-22.9375
39.03869274514709
28.1875
15.0
-22.75
39.20583701759217
28.0625
15.375
-22.75
39.26139364885052
28.25
15.4375
-22.6875
39.38402674308456
28.0625
15.4375
-22.6875
39.24975119347892
28.1875
15.75
-22.6875
39.46289792323924
28.0625
16.0
-22.75
39.51033290482377
28.1875
15.8125
-22.75
39.52382588388933
28.1875
15.9375
-22.6875
39.538104642863196
28.0
15.8125
-22.75
39.39032439889268
27.8125
15.625
-22.6875
39.14586105196819
27.8125
15.75
-22.6875
39.1959221412126
27.875
15.8125
-22.5625
39.193330905907956
27.625
15.8125
-22.5625
39.015922230545826
27.625
15.75
-22.375
38.88243498033527
27.3125
16.1875
-22.3125
38.80535360939261
27.6875
16.0
-22.3125
38.992887973321494
28.0625
15.9375
-22.4375
39.30584204351816
28.0625
15.625
-22.3125
39.10872265237002
28.0625
15.8125
-22.0625
39.04219472250504
27.875
15.625
-22.125
38.86736259382671
28.125
15.375
-22.3125
39.054499180632185
28.3125
15.1875
-22.5625
39.25970222441836
28.3125
14.8125
-22.75
39.22461360549011
27.9375
14.875
-22.75
38.97860991941606
27.625
15.25
-22.75
38.900714967722635
27.6875
15.375
-23.0
39.1406218812374
27.8125
15.0625
-23.5
39.40385847223594
28.0
15.0625
-23.625
39.610851180579296
27.875
15.375
-23.5625
39.60552557724743
27.8125
15.1875
-23.4375
39.41461301027831
27.875
15.0
-23.625
39.4988132733124
28.0
15.125
-23.75
39.70929519646502
28.1875
14.375
-23.625
39.48818058925987
28.25
14.375
-23.4375
39.42105441575605
28.0625
14.625
-23.1875
39.23078749528232
27.875
14.9375
-22.9375
39.067549673610195
27.6875
14.9375
-22.9375
38.9339886057157
27.625
15.25
-23.0
39.04744709965045
27.5
15.375
-23.125
39.08204511025492
27.5
15.4375
-23.3125
39.2178411249268
27.25
15.8125
-23.3125
39.19273290420049
27.125
15.8125
-23.625
39.29301981586551
26.9375
15.625
-24.0
39.31627565334743
26.8125
15.5625
-24.25
39.35942152140959
26.4375
15.4375
-24.625
39.28929163907132
26.25
15.375
-24.8125
39.25701569465004
25.875
15.75
-24.8125
39.15658669049181
25.5625
15.5625
-25.0625
39.03539059302469
25.5625
15.625
-25.5
39.342496505051635
25.1875
15.625
-25.5
39.09988211299364
25.0625
15.5625
-25.6875
39.11736147479786
24.875
15.5625
-25.9375
39.16262168828844
24.875
15.375
-26.125
39.21315946209894
24.6875
15.375
-26.375
39.26199060478213
24.5625
15.25
-26.625
39.303556216327294
24.1875
15.625
-26.8125
39.345723242812554
24.125
15.75
-26.8125
39.357188431721084
24.0
15.9375
-26.75
39.313692350757385
23.9375
16.125
-26.8125
39.39453880298638
24.0
16.0
-26.8125
39.38159666963745
24.125
16.5625
-26.5625
39.520860788955495
24.0
16.625
-26.625
39.51305164119825
24.125
16.5625
-26.75
39.64712513222113
24.375
16.1875
-26.75
39.64515457467659
24.125
16.125
-26.9375
39.59368833854709
24.125
16.0
-27.5625
39.97132761430373
24.0
15.9375
-27.6875
39.95749694988414
23.8125
16.125
-27.8125
40.0073235483205
23.625
15.75
-28.25
40.053284821597344
23.5625
15.625
-28.25
39.967418371093224
23.375
15.5625
-28.0625
39.69994883497962
23.0625
15.75
-28.1875
39.67967442532763
23.1875
15.75
-28.3125
39.84118864316174
23.0
15.8125
-28.0625
39.5795283258909
22.9375
15.75
-28.0
39.47393325031089
22.9375
15.625
-28.0625
39.4686386578002
22.9375
15.8125
-27.75
39.32208746366347
22.9375
15.75
-27.875
39.38536569907661
23.1875
15.875
-28.1875
39.80214739809901
23.3125
15.75
-28.1875
39.82549827058037
23.3125
15.625
-27.875
39.555390356435616
23.3125
15.625
-27.875
39.555390356435616
23.3125
15.75
-27.8125
39.56096955965564
23.3125
15.75
-27.6875
39.473191060515994
23.5
15.75
-28.0
39.803423219617684
