-31.375
-20.4375
-14.0625
39.99794916617601
-31.4375
-20.3125
-13.8125
39.89610530803728
-31.4375
-20.3125
-13.875
39.91778660572252
-31.4375
-20.3125
-13.75
39.87451018507939
-31.8125
-20.1875
-13.875
40.15078999845458
-31.5
-19.75
-14.1875
39.79444252970507
-31.8125
-19.625
-14.375
40.04767666482039
-31.8125
-19.625
-14.6875
40.16090683114613
-32.0
-19.375
-14.8125
40.23432342229704
-31.8125
-19.375
-15.3125
40.272800219254684
-31.8125
-19.5625
-15.25
40.33967107575371
-31.625
-19.625
-15.4375
40.293891053731706
-31.5625
-19.625
-15.3125
40.19707312106193
-31.4375
-20.1875
-15.4375
40.42484345980823
-31.1875
-20.375
-15.5625
40.373161722857425
-31.0
-20.625
-15.6875
40.40406268248281
-30.625
-20.75
-15.875
40.25504626751781
-30.25
-21.125
-15.75
40.11721108202812
-30.0625
-21.125
-15.75
39.976018201541784
-29.9375
-21.3125
-15.9375
40.05596670597278
-29.8125
-21.5
-16.0
40.08784299822079
-30.0
-21.5
-15.9375
40.202660437463585
-29.8125
-21.75
-16.125
40.27236374053552
-29.6875
-21.75
-16.0
40.129915976114376
-29.875
-22.125
-16.125
40.52217756981972
-30.0
-21.8125
-15.9375
40.370646050069595
-29.8125
-21.5625
-16.125
40.17141007607276
-29.8125
-21.1875
-15.9375
39.89610530803728
-29.6875
-20.9375
-16.1875
39.771368077424746
-29.625
-20.5625
-16.375
39.60552557724743
-29.625
-20.3125
-16.375
39.47630816388483
-29.8125
-20.3125
-16.5625
39.69507801667607
-29.875
-19.75
-16.375
39.37916644623144
-30.0625
-19.8125
-16.5625
39.63086510221547
-30.25
-19.9375
-16.5625
39.83569771574235
-30.4375
-20.1875
-16.625
40.12938060199783
-30.4375
-20.25
-16.4375
40.08360403581494
-30.5625
-20.4375
-16.625
40.350321405163555
-30.5625
-20.375
-16.5625
40.29297007543624
-30.4375
-20.375
-16.5625
40.198239233827145
-30.1875
-20.75
-16.75
40.27915287403646
-29.875
-20.75
-16.75
40.045481954897234
-29.8125
-20.8125
-17.0
40.13658321905341
-29.625
-20.9375
-17.1875
40.14261684917913
-29.5625
-21.0
-17.375
40.20984992822032
-29.4375
-21.1875
-17.25
40.16265756271614
-29.4375
-21.125
-17.5625
40.26503989194597
-29.25
-21.1875
-17.625
40.188471994466276
-29.4375
-21.125
-17.5625
40.26503989194597
-29.625
-21.0
-17.625
40.364356182156556
-30.0
-20.75
-17.625
40.51176526640131
-30.0625
-20.5625
-17.5625
40.43527814606943
-30.1875
-20.4375
-17.5625
40.465021546392386
-30.25
-20.375
-17.6875
40.53456279830831
-30.25
-20.375
-17.8125
40.58926312770411
-30.5
-20.0
-17.875
40.61730696390395
-30.5
-19.8125
-18.0625
40.60836197755334
-30.6875
-19.625
-18.125
40.68634790995623
-30.625
-19.625
-18.125
40.63922827761374
-31.0
-19.4375
-18.3125
40.91654998286146
-31.0625
-19.125
-18.5625
40.92934078995165
-31.0625
-18.75
-18.6875
40.81254785602095
-31.1875
-18.75
-18.5
40.82245284460502
-31.0
-18.6875
-18.625
40.707656297679435
-31.0625
-18.6875
-18.75
40.81254785602095
-31.0
-18.75
-18.9375
40.88020800155009
-30.8125
-18.75
-18.9375
40.73820764957634
-30.4375
-18.6875
-18.9375
40.42638950920549
-30.625
-19.125
-18.75
40.684379680658765
-30.6875
-19.375
-18.75
40.84942816307225
-30.5625
-19.625
-19.125
41.04841843786433
-30.875
-20.0
-19.3125
41.54802379476068
-30.6875
-20.3125
-19.375
41.58979366984164
-30.625
-20.5625
-19.375
41.66650520802051
-30.6875
-20.625
-19.5625
41.83066683068775
-30.8125
-21.0
-19.5625
42.108212530336644
-30.5625
-20.9375
-19.9375
42.07076441841769
-30.375
-20.9375
-19.8125
41.875466415312914
-30.625
-21.0
-19.5625
41.97120478673444
-30.25
-21.0
-19.375
41.610733290822935
-30.25
-20.8125
-19.5
41.5749041640507
-30.25
-20.625
-19.5
41.481358765112795
-30.25
-21.0
-19.375
41.610733290822935
-30.0625
-21.125
-19.5625
41.62584458602612
-30.25
-21.1875
-19.3125
41.67667588112084
-30.625
-21.3125
-19.125
41.92706651138379
-30.25
-21.1875
-19.375
41.705674449048296
-30.0625
-21.125
-19.375
41.53805672211929
-30.0625
-21.375
-19.125
41.550092132870176
-30.1875
-21.5625
-19.125
41.73717991791012
-29.875
-21.375
-19.125
41.414633585243756
-30.0625
-21.4375
-18.9375
41.49637597128212
-30.0
-21.5625
-18.9375
41.515904331954516
-29.5625
-21.625
-19.1875
41.34902885800342
-29.8125
-21.75
-19.0
41.50720005312331
-29.8125
-21.9375
-19.0
41.605757564308334
-30.0
-21.9375
-19.125
41.79736273079918
-30.0
-22.125
-19.1875
41.92464408018272
-30.0
-22.1875
-19.375
42.043736528167905
-29.875
-22.0
-19.5625
41.94290203657825
-29.75
-22.1875
-19.75
42.04057749662818
-29.8125
-22.125
-19.75
42.05191174310628
-29.375
-21.8125
-20.0
41.6974313507439
-29.375
-21.75
-20.25
41.78535179940454
-29.0
-21.625
-20.25
41.45724454181681
-28.8125
-21.5
-20.25
41.26103072209903
-28.5
-21.5625
-20.25
41.07619634593739
-28.25
-21.75
-20.1875
40.97145538359603
-28.125
-21.5625
-20.1875
40.78593124473193
-27.875
-21.625
-20.1875
40.64715741906191
-28.1875
-21.9375
-20.3125
41.08998319237914
-28.0625
-22.375
-20.125
41.14802736766369
-28.0625
-22.5625
-20.3125
41.34208471702897
-27.8125
-22.8125
-20.3125
41.31032520750714
-27.8125
-22.625
-20.3125
41.20707994386402
-27.6875
-22.5625
-20.375
41.11939551476894
-27.6875
-22.75
-20.1875
41.13022383235958
-27.875
-22.75
-19.9375
41.13492471428628
-27.6875
-22.75
-19.6875
40.88713504881456
-27.625
-22.375
-19.5625
40.57675019330651
-27.6875
-22.5
-19.1875
40.50935462951737
-28.0
-22.3125
-19.125
40.5908029145766
-28.0625
-22.3125
-19.125
40.63394132372591
-28.0625
-22.1875
-19.0625
40.536008298178544
-28.0
-22.125
-19.3125
40.57694272921508
-27.875
-22.3125
-19.6875
40.77328705782746
-27.8125
-22.375
-19.8125
40.82537124754654
-27.6875
-22.4375
-20.25
40.98904198075383
-27.4375
-22.3125
-20.5625
40.9081956183599
-27.0625
-22.3125
-20.6875
40.720992359592614
-26.875
-22.5625
-20.875
40.83010722800027
-26.8125
-22.9375
-21.1875
41.157614347165456
-26.5
-22.8125
-21.1875
40.88484208725772
-26.125
-22.8125
-21.25
40.67540142702958
-25.9375
-22.8125
-21.1875
40.522514960821475
-26.125
-22.8125
-21.0
40.5453546198575
-26.125
-23.125
-21.0625
40.754265497613865
-26.25
-23.3125
-21.0
40.90886403030522
-26.0625
-23.1875
-21.0
40.717490866948076
-25.9375
-23.125
-20.6875
40.441218917090026
-26.0625
-23.125
-20.6875
40.521502779388626
-26.125
-22.9375
-20.8125
40.5191891268816
-26.25
-22.8125
-21.1875
40.723246585948914
-26.0625
-23.0
-21.25
40.74084444694292
-25.9375
-22.9375
-21.375
40.69119606868296
-25.875
-22.9375
-21.375
40.65138566211489
-26.0
-22.9375
-21.4375
40.763897170167624
-25.875
-22.8125
-21.625
40.71322151648037
-25.6875
-23.1875
-21.5
40.74012533731334
-25.625
-23.1875
-21.3125
40.602012727203565
-25.5
-23.375
-21.3125
40.630816891246475
-25.25
-23.3125
-21.4375
40.504340045234656
-25.25
-23.4375
-21.5
40.609468184771885
-25.25
-23.375
-21.875
40.773382861862224
-25.3125
-23.375
-21.875
40.81211714981226
-25.625
-23.4375
-21.9375
41.075673305497986
-25.625
-23.4375
-22.125
41.17611754706847
-25.5
-23.75
-22.5
41.47966369198284
-25.625
-23.625
-22.375
41.41765173208157
-25.9375
-23.5625
-22.5
41.64367073758028
-26.0625
-23.4375
-22.375
41.58378214520656
-26.25
-23.4375
-22.3125
41.66805206030155
-26.5
-23.5625
-22.3125
41.89617002185283
-26.5625
-23.5625
-22.5
42.03579204083111
-26.75
-23.5
-22.5625
42.1530414827922
-27.0625
-23.375
-22.375
42.183055321420234
-27.125
-23.5
-22.375
42.29250820180803
-27.125
-23.5625
-22.3125
42.2942630565896
-27.0625
-23.5625
-22.25
42.22123651078921
-27.125
-23.75
-21.75
42.10570774847515
-27.0625
-23.9375
-21.5
42.04322552445281
-27.25
-24.125
-21.3125
42.175831719718346
-27.3125
-24.0
-21.1875
42.0818584725057
-27.4375
-24.125
-21.25
42.26576074377462
-27.6875
-24.0
-21.25
42.35752774006056
-27.6875
-24.3125
-21.3125
42.56662975559611
-27.6875
-24.1875
-21.6875
42.68466315610327
-27.5
-24.1875
-22.125
42.787857871714024
-27.625
-23.9375
-22.3125
42.82513499686837
-27.4375
-23.625
-22.5
42.6287113486908
-27.4375
-23.5625
-22.6875
42.69344760908868
-27.25
-23.625
-22.5625
42.541386099303345
-27.0625
-23.8125
-22.5625
42.526232712879704
-26.875
-23.625
-22.4375
42.235620703974504
-26.75
-23.75
-22.5
42.25961429071496
-26.9375
-23.625
-22.5
42.308622422031185
-26.6875
-24.125
-22.6875
42.53188142440915
-26.5
-24.5
-22.5625
42.5625
-26.3125
-24.75
-22.75
42.69042815725792
-26.3125
-24.875
-22.875
42.82964984972443
-26.0625
-24.875
-23.0
42.74364901654982
-25.875
-25.0
-23.0
42.702641897194134
-26.0625
-25.5
-22.875
43.04380944166071
-25.6875
-25.75
-22.875
42.967147697397834
-25.5
-25.9375
-22.6875
42.86871309591647
-25.5625
-26.0
-22.6875
42.943731352783026
-25.5
-26.1875
-22.5
42.92184940388753
-25.3125
-26.3125
-22.3125
42.78922725114348
-25.375
-26.3125
-22.25
42.79370025190624
-25.6875
-26.5
-21.9375
42.93427025698702
-25.5625
-26.5
-21.8125
42.79575402420198
-25.75
-26.375
-21.8125
42.830926691469095
-26.25
-26.1875
-21.9375
43.08249717112508
-26.125
-26.0
-21.9375
42.89253467970854
-26.125
-25.75
-21.875
42.70941055552043
-26.4375
-25.75
-21.9375
42.93317845792459
-26.625
-25.9375
-21.875
43.129574032791005
-26.875
-25.5625
-22.125
43.18822358293983
-26.875
-25.125
-22.25
42.99527590328965
-27.0625
-24.875
-22.0625
42.870717716175456
-26.8125
-24.75
-21.9375
42.57612667328957
-26.6875
-24.9375
-21.875
42.57484218996002
-26.9375
-24.875
-21.875
42.69555194923706
-26.9375
-24.5625
-21.875
42.51424393659141
-26.6875
-24.5
-21.875
42.32006948541082
-26.5
-24.5
-21.9375
42.234510844213645
-26.5625
-24.5
-22.125
42.37135861935513
-26.375
-24.6875
-22.125
42.363060633646384
-26.5625
-24.6875
-21.9375
42.3826965724221
-26.75
-24.375
-21.875
42.28733557461383
-26.75
-24.5
-22.125
42.48915302756693
-26.9375
-24.5
-22.3125
42.70511166710608
-27.25
-24.5
-22.25
42.87044436438699
-27.4375
-24.5
-22.25
42.989869809642364
-27.625
-24.375
-21.6875
42.75077667423131
-27.8125
-24.3125
-21.9375
42.96378380392025
-27.875
-24.375
-22.125
43.13550596666278
-28.0625
-24.375
-22.125
43.25690876900475
-28.0
-24.5
-21.875
43.15976859298483
-28.0
-24.5
-21.5
42.970920399730794
-27.875
-24.5625
-21.5
42.925307584803626
-27.625
-24.5
-21.5
42.72751601719904
-27.625
-24.5
-21.8125
42.88561275357973
-27.625
-24.6875
-21.375
42.77270047881008
-27.5
-24.3125
-21.25
42.41356099468659
-27.3125
-24.375
-21.375
42.391082862437
-27.5
-24.375
-21.1875
42.41816569878995
-27.4375
-24.75
-20.9375
42.47067002650182
-27.625
-24.4375
-20.75
42.31896184040908
-27.5
-24.625
-20.5625
42.254668750920295
-27.3125
-24.75
-20.4375
42.14530297079379
-26.9375
-24.75
-20.5625
41.96436360175143
-26.875
-24.9375
-20.1875
41.85307261719264
-26.75
-24.9375
-20.0625
41.71265170784519
-26.6875
-25.1875
-20.0
41.792736360520834
-26.4375
-24.9375
-20.25
41.60387977701118
-26.0625
-25.3125
-20.25
41.593738260704576
-26.25
-25.375
-20.25
41.74943861898026
-25.875
-25.625
-20.1875
41.63762008388568
-25.9375
-25.5625
-20.0
41.547506694144715
-25.75
-25.6875
-20.25
41.62898817230609
-25.875
-25.6875
-20.0
41.585613873670304
-25.875
-25.5
-20.1875
41.56080823624584
-25.9375
-25.75
-20.0625
41.69316865506866
-26.0625
-25.5625
-20.1875
41.71606967045194
-25.9375
-25.375
-20.0625
41.46261493803786
-26.25
-25.5625
-20.0625
41.77329065922387
-26.0625
-25.75
-20.375
41.92203515157631
-26.125
-25.5625
-20.25
41.785398541236866
-26.0625
-25.5
-20.4375
41.79946545710842
-26.125
-25.5
-20.125
41.68670351562954
-25.875
-25.375
-20.25
41.51468113812269
-25.6875
-25.5
-20.125
41.41392617526138
-25.75
-25.6875
-20.0
41.50795292772218
-25.9375
-25.5625
-19.9375
41.51745679530479
-26.125
-25.5625
-19.75
41.5453912155127
-26.0625
-25.875
-19.5625
41.61082716673631
-26.0625
-25.9375
-19.5
41.62040139763191
-25.6875
-25.75
-19.6875
41.35828589895863
-25.9375
-25.75
-19.375
41.36673822348095
-26.25
-25.75
-19.5
41.621809187011564
-26.0625
-25.75
-19.5
41.50381194842228
-25.75
-25.375
-19.5625
41.10528592833287
-25.5
-25.3125
-19.75
41.00042873251449
-25.5
-25.1875
-19.9375
41.01419342739779
-25.5625
-25.3125
-19.8125
41.06944385732536
-25.75
-25.375
-19.9375
41.28507031906328
-25.75
-25.0
-20.125
41.14703057329897
-25.6875
-24.625
-20.125
40.880972422998944
-25.6875
-24.5625
-20.1875
40.87418768305983
-25.8125
-24.625
-20.125
40.95963142229188
-25.9375
-24.625
-19.9375
40.946897776266276
-25.9375
-24.375
-19.75
40.70573708029373
-25.8125
-24.25
-19.9375
40.642976791814846
-25.6875
-24.25
-19.9375
40.56370375717681
-25.625
-24.375
-19.8125
40.537839190687016
-25.5
-24.5625
-19.8125
40.572177196941254
-25.5
-24.3125
-19.8125
40.42131631330182
-25.5625
-24.1875
-20.125
40.540007245929296
-25.9375
-24.0
-20.1875
40.69753140547962
-26.25
-24.0
-20.4375
41.021383524327895
-26.3125
-23.75
-20.375
40.884603229700055
-26.3125
-23.5625
-20.3125
40.74477535525261
-26.4375
-23.5
-20.375
40.82073041054018
-26.625
-23.375
-20.1875
40.777645913539445
-26.6875
-23.375
-20.125
40.787607263113635
-26.8125
-23.375
-19.75
40.68615589177724
-26.8125
-23.5
-19.6875
40.72785057549686
-26.8125
-23.5625
-19.5
40.673720785047436
-26.875
-23.8125
-19.75
40.980035154328505
-27.0625
-23.8125
-19.9375
41.193664182128785
-27.0625
-24.0
-19.8125
41.24213940255767
-27.25
-24.125
-20.125
41.58838479671938
-27.25
-24.3125
-20.125
41.6974313507439
-27.3125
-24.1875
-20.3125
41.75650211344336
-27.125
-24.3125
-20.3125
41.70684521154771
-26.875
-24.3125
-20.5625
41.66748957520719
-26.9375
-24.125
-20.375
41.506447164868256
-26.9375
-24.1875
-20.1875
41.45116667537839
-26.9375
-24.0
-20.125
41.311554452114244
-26.9375
-24.0
-20.0
41.25080491638921
-27.25
-24.125
-20.0
41.528040225852216
-27.125
-24.125
-20.125
41.50658833245633
-27.125
-24.0
-20.1875
41.464452019169386
-27.25
-24.0
-20.0
41.455548482682026
-27.125
-23.875
-20.0
41.3011047067751
-27.4375
-23.5
-20.1875
41.383590497925624
-27.8125
-23.3125
-20.375
41.61908741791439
-27.8125
-23.1875
-20.4375
41.579883582689355
-27.8125
-22.6875
-20.8125
41.489974316092315
-28.0
-22.5625
-20.8125
41.54788276795823
-28.25
-22.375
-20.875
41.646953670106534
-28.6875
-22.1875
-20.875
41.84523195658019
-29.0
-22.125
-21.0
42.08937662878841
-28.875
-22.4375
-21.0
42.16879214834117
-28.8125
-22.375
-21.125
42.155265462928824
-29.0
-22.125
-21.0625
42.12059509610471
-29.0625
-22.3125
-20.875
42.16920899779838
-29.0625
-22.1875
-20.6875
42.01055484934709
-29.0625
-21.9375
-20.8125
41.940946207137486
-29.0625
-21.75
-21.0625
41.96808683392656
-29.0
-21.8125
-21.0625
41.957288550381804
-29.0
-21.5
-21.0
41.76421913552317
-29.0
-21.375
-21.1875
41.79474585698542
-29.0
-21.375
-21.3125
41.85825224791403
-29.0625
-21.1875
-21.25
41.77441277265307
-29.25
-20.9375
-21.625
41.97120478673444
-29.25
-21.125
-21.4375
41.968971053029165
-29.1875
-21.125
-21.25
41.82987307236301
-29.375
-21.0
-21.1875
41.866463682164515
-29.375
-21.0
-21.3125
41.9298614504031
-29.4375
-21.125
-21.0625
41.91015315529162
-29.25
-21.1875
-21.0
41.778854175886636
-28.8125
-21.375
-21.0625
41.60143852681058
-28.4375
-21.8125
-21.0
41.53885605670912
-28.25
-21.75
-21.1875
41.47330655072007
-28.0
-21.625
-21.25
41.269881572400955
-27.625
-21.625
-21.25
41.01638392155018
-27.4375
-21.75
-21.3125
40.98904198075383
-27.25
-21.8125
-21.4375
40.96234932837715
-26.9375
-21.75
-21.4375
40.72171180709377
-27.25
-21.8125
-21.375
40.9296748246306
-27.25
-21.75
-21.0625
40.73394047044798
-27.125
-21.8125
-20.875
40.587145825371856
-26.9375
-22.3125
-20.8125
40.70180240173646
-26.75
-22.6875
-20.875
40.81728532435738
-26.5
-22.9375
-20.625
40.66656527480529
-26.25
-23.125
-20.4375
40.51567019376577
-25.9375
-23.6875
-20.4375
40.63918021749455
-25.4375
-23.875
-20.5625
40.495659489629254
-24.875
-24.0625
-20.625
40.28846182531669
-24.5
-24.3125
-20.8125
40.30518344456455
-24.3125
-24.3125
-20.875
40.223885161679746
-24.0625
-24.5
-20.8125
40.15487594925428
-23.875
-24.5
-21.0
40.14057330183514
-24.0625
-24.5
-21.0625
40.285019703358714
-24.0625
-24.375
-20.8125
40.07873111140122
-23.9375
-24.375
-20.625
39.906580362767244
-24.0625
-24.3125
-20.625
39.94361259951333
-23.9375
-24.375
-20.4375
39.80999795905546
-24.125
-24.375
-20.375
39.89106259552383
-24.3125
-24.1875
-20.375
39.890768825631824
-24.5
-24.125
-20.1875
39.872305943474096
-24.125
-24.0
-20.1875
39.56704160346083
-23.9375
-23.8125
-20.4375
39.468094313635156
-24.0625
-23.8125
-20.5625
39.60878019770364
-24.125
-23.9375
-20.625
39.754372794071344
-24.3125
-23.9375
-20.6875
39.90080473812527
-24.1875
-23.8125
-20.5625
39.68484243070646
-24.1875
-23.625
-20.1875
39.379067250253655
-24.1875
-23.625
-20.125
39.34706350224881
-24.125
-23.75
-19.9375
39.28844653648194
-24.5
-23.9375
-19.75
39.538796216501076
-24.3125
-23.9375
-19.75
39.42288754644946
-24.3125
-23.75
-19.5
39.184310077504236
-24.375
-23.5625
-19.25
38.98582474759255
-24.5625
-23.625
-19.375
39.202648587180946
-24.5625
-23.9375
-19.6875
39.546402728313986
-24.5
-24.0
-19.75
39.576666105168584
-24.5625
-24.0
-19.8125
39.64658323866005
-24.5
-23.75
-19.75
39.42556277340883
-24.9375
-23.75
-19.3125
39.48308577733002
-24.875
-23.8125
-19.1875
39.4203112303797
-24.875
-23.9375
-19.125
39.46561992734942
-24.75
-24.0
-18.875
39.304301609365865
-24.875
-23.9375
-18.9375
39.37509920622423
-24.875
-23.9375
-18.5625
39.19612145990978
-25.0625
-24.125
-18.3125
39.31274840939005
-25.0625
-24.5625
-18.3125
39.58273574110309
-25.0625
-24.5625
-18.5
39.66982874301325
-25.0625
-24.6875
-18.5
39.7473466095537
-24.9375
-24.5625
-18.5
39.59097513954411
-24.9375
-24.5
-18.625
39.610851180579296
-24.6875
-24.375
-18.4375
39.28809854777907
-24.875
-24.375
-18.5
39.43546944059371
-24.9375
-24.5
-18.5625
39.581502150625866
-24.875
-24.125
-18.4375
39.25204015398435
-24.75
-24.1875
-18.5
39.24089265358269
-24.875
-24.125
-18.6875
39.37008897945241
-24.875
-24.1875
-18.6875
39.40841835826452
-24.6875
-24.3125
-18.5
39.27875141218213
-24.5625
-24.3125
-18.4375
39.17084973229455
-24.4375
-24.375
-18.3125
39.07274865555276
-24.125
-24.125
-18.4375
38.7810863211695
-23.9375
-23.9375
-18.625
38.63804391399751
-23.6875
-23.9375
-18.5
38.42332055536065
-23.375
-24.0
-18.4375
38.24045019674847
-23.25
-24.0
-18.25
38.07394121968463
-23.125
-23.8125
-18.0625
37.78961084081179
-23.125
-23.8125
-18.25
37.879589243417094
-22.9375
-23.6875
-18.5
37.808419201283726
-22.6875
-23.6875
-18.3125
37.565515685931956
-22.5
-23.9375
-18.3125
37.61118932578442
-22.375
-23.75
-18.25
37.386703853107996
-22.3125
-23.8125
-18.3125
37.419653509218925
-22.3125
-23.8125
-18.4375
37.48098476227646
-22.1875
-23.8125
-18.8125
37.592957701542986
-22.1875
-23.9375
-18.625
37.578979330205335
-22.125
-24.125
-18.4375
37.56957088189856
-22.0
-24.1875
-18.4375
37.536336562056775
-21.9375
-24.0
-18.3125
37.31757712526364
-21.9375
-24.0
-18.5
37.409943948768486
-21.8125
-23.9375
-18.4375
37.26567413518773
-21.5625
-23.8125
-18.3125
36.97734737308776
-21.5
-23.8125
-18.4375
37.00306152874381
-21.1875
-23.9375
-18.5
36.93459167907505
-21.3125
-23.75
-18.5
36.88543284617926
-21.375
-23.8125
-18.3125
36.868325667163134
-21.5625
-24.125
-18.25
37.14861412287139
-21.5625
-24.125
-18.0625
37.056860869480026
-21.5625
-24.1875
-17.875
37.00665058472598
-21.5625
-24.3125
-18.125
37.209604774842745
-21.625
-24.4375
-17.875
37.20682271102976
-22.0
-24.5625
-17.8125
37.47801438843846
-21.9375
-24.5625
-17.6875
37.38205410019626
-22.0
-24.375
-17.8125
37.35539828793156
-22.125
-24.1875
-17.8125
37.3073174792828
-22.1875
-24.1875
-17.625
37.25534777048793
-22.375
-24.125
-17.625
37.32689211547085
-22.5625
-23.9375
-17.375
37.20162546851952
-22.5625
-23.9375
-17.375
37.20162546851952
-22.5625
-23.5
-17.125
36.80464687033419
-22.75
-23.5
-16.9375
36.83329209085172
-22.875
-23.5
-16.8125
36.85343649173032
-22.9375
-23.5
-16.8125
36.89226290836603
-22.875
-23.5
-16.8125
36.85343649173032
-22.875
-23.1875
-16.75
36.62633316686234
-23.0625
-23.3125
-16.8125
36.85121054660213
-22.9375
-22.9375
-16.75
36.50781166408088
-22.9375
-22.8125
-16.8125
36.45818452350583
-23.0625
-22.5625
-16.9375
36.439322424408495
-22.9375
-22.1875
-17.0625
36.187607944571305
-23.0625
-22.1875
-17.25
36.355557518761835
-23.3125
-22.125
-17.5
36.59560467118968
-23.3125
-22.125
-17.5
36.59560467118968
-23.1875
-22.125
-17.375
36.45636304199858
-23.375
-22.1875
-17.375
36.61374613789198
-23.375
-22.4375
-17.25
36.70687307916598
-23.1875
-22.625
-17.375
36.761955963332525
-23.125
-23.125
-17.25
36.97423089125722
-22.9375
-23.3125
-16.9375
36.830428571359306
-22.6875
-23.5625
-16.75
36.74883076371274
-22.5625
-23.75
-16.75
36.792545525554495
-22.5
-23.75
-16.8125
36.78277662507277
-22.1875
-23.5625
-16.8125
36.47103945255742
-22.0
-23.3125
-16.9375
36.25398684972454
-21.8125
-23.5
-16.8125
36.203526244000045
-22.125
-23.375
-16.625
36.22563836566583
-22.0
-23.3125
-16.75
36.16676867305123
-21.8125
-23.1875
-16.8125
36.00146481394889
-21.8125
-23.125
-16.9375
36.019851297583116
-21.6875
-23.0
-16.9375
35.86400092711353
-21.6875
-23.1875
-16.9375
35.984534438422294
-21.6875
-23.375
-16.8125
36.0471696184319
-21.75
-23.4375
-16.8125
36.12532439300718
-21.5625
-23.3125
-17.0
36.019634402642126
-21.5625
-23.1875
-17.1875
36.02792970391166
-21.625
-23.0
-17.4375
36.06531618120102
-21.625
-22.9375
-17.375
35.99527963844704
-21.9375
-23.0
-17.4375
36.253555860080816
-21.9375
-22.8125
-17.625
36.225746196593384
-21.625
-22.625
-18.0
36.104449171812604
-21.625
-22.1875
-18.125
35.894866015211704
-21.5625
-22.1875
-18.25
35.92059384948974
-21.5625
-21.9375
-18.25
35.766713750357326
-21.625
-22.0
-18.0
35.71611156047086
-21.8125
-22.125
-18.0625
35.93820651479425
-21.5625
-21.9375
-18.0625
35.671406178478584
-21.75
-22.125
-17.8125
35.775176886355155
-22.125
-22.1875
-17.625
35.95054111206117
-22.125
-22.1875
-17.5625
35.919941362702694
-22.0
-22.0
-17.5625
35.72732016608578
-22.125
-22.0
-17.4375
35.74327952566748
-22.0
-21.75
-17.75
35.66686137018507
-22.0
-21.5625
-17.75
35.552832605152574
-22.1875
-21.5625
-17.75
35.66916122506948
-22.1875
-21.5
-17.8125
35.66258981762261
-22.1875
-21.3125
-17.8125
35.549865945598164
-22.5
-21.125
-17.875
35.665547100808645
-22.75
-21.375
-17.75
35.90982630144568
-22.875
-21.375
-17.75
35.989147669818465
-22.9375
-21.5625
-17.5625
36.048740876069445
-22.9375
-21.625
-17.4375
36.02549010770013
-23.125
-21.5625
-17.25
36.017628062519606
-23.125
-21.4375
-17.1875
35.91298076601272
-23.375
-21.375
-17.0
35.9483135904871
-23.3125
-21.4375
-16.8125
35.8566481806373
-23.3125
-21.1875
-17.0625
35.82613178603015
-23.1875
-21.1875
-16.875
35.65579809091363
-23.125
-21.0
-16.8125
35.474297473663945
-23.0
-20.9375
-17.0625
35.47545366165174
-22.9375
-20.8125
-17.4375
35.54371208455864
-23.3125
-20.8125
-17.625
35.87859302564692
-23.125
-20.75
-17.8125
35.813590733826175
-23.375
-20.8125
-17.6875
35.94994349786937
-23.5
-21.0
-17.5625
36.07896071466028
-23.5625
-21.0
-17.875
36.272676097167135
-23.875
-21.125
-17.875
36.54855503299686
-23.9375
-21.1875
-17.8125
36.59507096249439
-23.875
-21.375
-17.5625
36.542409009943505
-23.375
-21.6875
-17.375
36.31293029004958
-23.125
-22.1875
-17.375
36.45464862332375
-22.5625
-22.3125
-17.6875
36.328524863390754
-22.1875
-22.5625
-17.6875
36.251885726814265
-21.9375
-22.75
-17.625
36.186420536576975
-21.75
-22.8125
-17.625
36.112508653512286
-21.6875
-22.9375
-17.4375
36.06304159038724
-21.5625
-23.0
-17.4375
36.02787549245723
-21.5625
-22.8125
-17.4375
35.90846653297798
-21.75
-22.75
-17.375
35.951573331357835
-22.125
-22.9375
-17.0
36.11986338913812
-21.9375
-22.75
-17.0
35.8861589787762
-22.0
-22.5625
-17.0625
35.83567095088356
-21.8125
-22.375
-17.0
35.57282363335809
-21.625
-22.1875
-17.25
35.461081219415746
-21.75
-22.1875
-17.375
35.59829042594602
-21.9375
-22.25
-17.375
35.75202135893857
-22.0
-22.25
-17.4375
35.8207887441078
-21.8125
-22.0
-17.625
35.64303271678772
-22.1875
-22.0
-17.625
35.87374780044594
-22.3125
-21.8125
-17.375
35.71447098166232
-22.375
-22.0
-17.4375
35.898565866201395
-22.5625
-22.125
-17.1875
35.97210290628003
-22.5625
-22.3125
-17.1875
36.0877294762361
-22.5
-22.3125
-17.375
36.13845986272796
-22.5625
-22.1875
-17.25
36.04045036483312
-22.5625
-22.375
-17.0625
36.06710325906421
-22.5
-22.3125
-16.9375
35.93016229437323
-22.6875
-22.625
-17.0
36.27138377908954
-22.875
-22.625
-17.0
36.388957803157815
-23.0625
-22.5625
-17.125
36.526852280206136
-23.25
-22.375
-17.0
36.471949838197574
-23.4375
-22.375
-16.8125
36.50502961921823
-23.3125
-22.375
-16.8125
36.424901338232885
-23.5625
-22.4375
-17.0625
36.73910340155295
-23.6875
-22.5625
-17.0625
36.8957039335205
-23.5625
-22.5625
-17.0
36.78665264059779
-23.75
-22.5625
-17.0625
36.935860792730956
-23.5625
-22.75
-17.0
36.90194989766801
-23.5
-22.75
-17.25
36.9780340202126
-23.6875
-22.8125
-17.375
37.19406454664507
-23.875
-23.125
-17.25
37.447880447363104
-23.6875
-23.0
-17.25
37.25131079908464
-23.875
-23.1875
-17.1875
37.45778874279687
-23.875
-23.5625
-17.1875
37.691075701019734
-23.5625
-23.8125
-17.0
37.566295565306945
-23.875
-24.0
-16.9375
37.85359337302074
-23.875
-24.1875
-16.625
37.83439448768805
-23.375
-24.5625
-16.625
37.76370818987458
-23.125
-24.5625
-16.75
37.664897865917546
-23.125
-24.6875
-16.75
37.74653336731732
-23.0
-24.6875
-17.0
37.781909113357415
-23.0
-24.5
-17.1875
37.74467056751191
-23.3125
-24.5
-17.4375
38.04982342271774
-23.0
-24.5625
-17.625
37.986274248075446
-23.0
-24.5625
-17.875
38.102913684520246
-23.1875
-24.3125
-17.6875
37.96847993731116
-23.1875
-24.1875
-17.625
37.85942336459973
-23.375
-24.6875
-17.4375
38.2090262568938
-23.375
-24.75
-17.1875
38.13611518298632
-23.125
-24.8125
-17.1875
38.02414939877025
-22.75
-25.0
-16.9375
37.807954272216314
-22.9375
-25.125
-17.0625
38.05947237548098
-22.6875
-25.3125
-16.9375
37.97794384573762
-22.375
-25.5
-17.0625
37.97393225951192
-22.375
-25.625
-17.25
38.14241405574639
-22.125
-25.5
-17.4375
37.99778982059351
-22.125
-25.5
-17.5625
38.05531541388141
-22.375
-25.5
-17.1875
38.03026138813669
-22.75
-25.5
-17.125
38.224051655992724
-22.875
-25.5625
-16.75
38.174199811521916
-23.1875
-25.5
-16.5625
38.23907115111454
-23.5
-25.375
-16.625
38.37357489210511
-23.5625
-25.1875
-16.625
38.288277416201424
-23.5625
-25.0
-16.5
38.11090928133308
-23.75
-24.9375
-16.625
38.24045019674847
-23.9375
-25.0
-17.0
38.561689618713544
-23.875
-24.9375
-17.0
38.48239248344625
-23.9375
-24.5625
-17.0625
38.30729981021894
