13.9375
-26.375
-14.6875
33.25082235825153
13.6875
-26.375
-14.5
33.06415402289918
13.875
-26.3125
-14.625
33.14745701030473
13.5625
-26.3125
-14.4375
32.935246602234514
13.6875
-26.3125
-14.3125
32.93239998466556
13.5
-26.5
-14.25
32.978212504621894
13.4375
-26.5
-14.1875
32.925697600810224
13.125
-26.5
-14.3125
32.85366465479917
13.0625
-26.75
-14.3125
33.030880437856936
12.875
-26.9375
-14.3125
33.10954828293494
12.75
-27.0
-14.625
33.248355222476796
13.0625
-26.9375
-14.8125
33.401616259546486
12.875
-26.9375
-14.9375
33.38447899099221
13.125
-26.875
-14.9375
33.43142468172722
13.0625
-26.6875
-15.0625
33.31261726058161
13.125
-26.9375
-14.9375
33.48168809214972
13.3125
-26.75
-15.0625
33.46138165856276
13.5
-26.5625
-14.9375
33.33084626138376
13.6875
-26.3125
-14.8125
33.1527595947909
13.5
-26.125
-14.625
32.84290258183646
13.6875
-26.1875
-14.625
32.970038481930835
13.625
-26.1875
-14.6875
32.97193408794819
13.5
-26.3125
-14.8125
33.07578891727301
13.6875
-26.0
-14.875
32.933467495087726
13.5625
-26.1875
-14.8125
33.00207143119959
13.5
-26.3125
-15.0625
33.18850045573014
13.1875
-26.3125
-15.125
33.091138353039476
13.3125
-26.375
-15.4375
33.33436196329547
13.3125
-26.125
-15.4375
33.13690823688897
13.1875
-25.9375
-15.5625
32.99781005991155
13.5625
-25.8125
-15.5
33.02236458068986
13.75
-25.5625
-15.3125
32.81732107439606
14.0625
-25.375
-15.25
32.77509773059418
14.3125
-25.375
-15.0625
32.79660329210938
14.875
-25.3125
-15.0625
32.997987628035744
15.0
-25.0
-14.8125
32.701837199918906
15.125
-25.0
-14.8125
32.75936173447218
15.3125
-25.0
-14.4375
32.67895442788829
15.25
-25.0
-14.375
32.6221263102208
15.3125
-25.0
-14.4375
32.67895442788829
15.3125
-24.75
-14.5
32.51592158081945
15.3125
-24.625
-14.5
32.420877243683584
15.0625
-24.625
-14.25
32.192111320166624
15.25
-24.8125
-14.1875
32.396107983830404
15.0625
-24.8125
-14.0
32.2263721585288
15.4375
-24.9375
-14.0625
32.52613132160048
15.5
-24.625
-14.1875
32.3716817797593
15.3125
-24.625
-14.0625
32.22758426410518
15.1875
-25.0
-14.0
32.429310141444574
15.1875
-24.75
-14.0625
32.26416839932497
15.25
-24.6875
-14.0625
32.24576038024224
15.0
-24.75
-14.25
32.25871975140985
15.0
-24.75
-14.1875
32.23115970997631
14.5
-24.5
-14.1875
31.80857048422642
14.25
-24.6875
-14.0625
31.78504463580317
14.3125
-24.5625
-14.0625
31.716209873659242
14.3125
-24.125
-14.1875
31.434828415310303
14.125
-23.9375
-13.875
31.065014988729686
13.9375
-23.9375
-14.0625
31.06463775340057
13.75
-23.625
-14.25
30.826378720180546
13.875
-23.625
-14.5
30.998487866345997
13.9375
-23.75
-14.5
31.121799534249302
14.0625
-23.6875
-14.625
31.18881510253315
14.0625
-23.9375
-14.5
31.321044243447567
14.25
-24.1875
-14.25
31.482696140102107
14.4375
-24.5
-14.1875
31.780128421704024
14.4375
-24.3125
-13.8125
31.469417197495094
14.8125
-24.125
-13.5625
31.39055889116981
15.0
-23.8125
-13.25
31.10623179123437
15.125
-23.5625
-13.1875
30.949429518167214
15.125
-23.5625
-12.9375
30.843734169195532
15.3125
-23.3125
-12.9375
30.746125264006846
15.4375
-23.1875
-13.0
30.74047108454911
15.5
-23.3125
-13.0
30.866205731349616
15.5
-23.5
-13.125
31.0606765058329
15.5
-23.8125
-12.9375
31.219610223383636
15.25
-23.9375
-12.8125
31.14043292088278
15.0625
-24.125
-12.8125
31.193824509027422
15.0625
-24.1875
-12.8125
31.242186523193283
15.0625
-24.375
-12.75
31.362111396556195
15.0625
-24.375
-12.5625
31.286353854356374
14.875
-24.5
-12.75
31.37001952501783
15.125
-24.5
-12.5
31.388941125816906
15.125
-24.125
-12.5
31.097126072999092
15.3125
-23.9375
-12.5625
31.069164275049307
15.5
-24.125
-12.375
31.231494520755806
15.5
-24.0
-12.3125
31.11025001908535
15.4375
-23.875
-12.3125
30.982732085792563
15.5
-23.875
-12.75
31.190192769522923
15.8125
-23.5
-12.9375
31.139429386229928
15.5
-23.5625
-13.4375
31.241123739391963
15.4375
-23.75
-13.75
31.487162562701645
15.25
-23.8125
-13.8125
31.470348147105078
15.1875
-23.75
-14.1875
31.559591450143966
15.625
-23.5
-14.5
31.727600366242637
15.5
-23.5
-14.6875
31.752522045500573
15.3125
-23.375
-14.4375
31.453214263410345
15.3125
-23.5
-14.4375
31.546221049437918
15.625
-23.3125
-14.3125
31.503348036359565
15.875
-23.3125
-14.25
31.59985413336587
16.1875
-23.3125
-14.4375
31.84256928625578
16.3125
-23.1875
-14.625
31.900602462962983
16.1875
-23.375
-14.625
31.97368302604503
16.25
-23.375
-14.8125
32.09148300172493
16.1875
-23.3125
-15.125
32.16012185144826
16.25
-23.125
-14.9375
31.968062675895766
16.0625
-23.125
-15.0625
31.931934446569315
16.0625
-23.125
-15.125
31.96146361245054
16.0625
-23.1875
-15.25
32.06597203422968
15.8125
-23.1875
-15.25
31.94147480158047
15.875
-23.375
-15.25
32.10870209148916
16.0625
-23.5625
-15.125
32.27941972062075
16.25
-23.625
-15.0625
32.389535829492836
16.1875
-23.8125
-15.0625
32.49537226667822
16.1875
-23.75
-15.0625
32.44960034422612
16.0625
-23.8125
-15.125
32.4623580089309
16.1875
-23.9375
-15.0625
32.587082851185066
16.375
-23.9375
-15.125
32.70948113697312
16.1875
-23.75
-15.4375
32.625359193424984
16.0625
-23.75
-15.6875
32.68277929583101
16.0
-23.625
-15.75
32.59145785324738
16.0
-23.625
-16.1875
32.805118217284324
16.0625
-23.75
-16.1875
32.925697600810224
15.9375
-23.75
-16.125
32.83415951794716
15.75
-23.8125
-16.375
32.91258545374398
15.875
-24.1875
-16.1875
33.15246502901406
16.125
-24.1875
-16.0625
33.212267123760164
16.0625
-23.9375
-16.0625
33.00017755634051
16.0625
-24.1875
-16.0625
33.181967523792196
15.875
-24.5625
-15.6875
33.18779425481603
15.625
-24.8125
-15.9375
33.37371252198353
15.4375
-25.0
-16.0625
33.48612119221932
15.25
-25.1875
-15.75
33.392142133292374
14.875
-25.1875
-15.9375
33.31185505942291
14.4375
-25.5
-16.125
33.44707806744858
14.25
-25.75
-16.125
33.55801878836115
13.9375
-25.875
-16.375
33.64387249188179
13.6875
-25.6875
-16.5625
33.48897906401448
13.5625
-25.8125
-16.4375
33.47264508146914
13.5
-26.125
-16.75
33.84269677493211
13.6875
-25.9375
-17.0
33.89840058911334
13.75
-26.125
-16.9375
34.03611363316911
13.5625
-26.1875
-17.0
34.04007289210762
13.5625
-26.5625
-16.9375
34.29849440937605
13.6875
-26.8125
-16.75
34.45025852588047
13.6875
-27.0
-17.0
34.718117118444084
13.875
-27.0
-17.1875
34.88446332179986
13.9375
-26.9375
-17.25
34.891908983315886
13.75
-27.125
-17.0
34.840036237064965
13.5625
-27.1875
-17.0
34.815248993795805
13.6875
-27.6875
-16.9375
35.225334899046736
13.6875
-27.75
-16.8125
35.21463207957738
13.5625
-27.75
-16.5625
35.047400937872695
13.875
-27.625
-16.5
35.041493261560646
14.0625
-27.625
-16.375
35.057597696505105
14.25
-27.5625
-16.125
34.968121643148066
14.4375
-27.5
-16.3125
35.08260341679335
14.6875
-27.1875
-16.375
34.97175199357333
14.8125
-26.9375
-16.5
34.889669853697384
14.8125
-26.6875
-16.3125
34.60824278622074
15.0
-26.6875
-16.1875
34.63030194064152
15.0
-26.875
-16.125
34.74595300175259
14.875
-26.875
-15.9375
34.60542090843572
14.875
-26.9375
-16.1875
34.76966619770745
14.6875
-26.8125
-16.125
34.563686688488545
14.6875
-26.9375
-15.875
34.54514709043804
14.5
-26.75
-15.5625
34.17607213022
14.4375
-26.9375
-15.75
34.3821583455722
14.4375
-26.8125
-15.875
34.34191589734038
14.3125
-26.8125
-15.75
34.23186107269075
14.25
-26.625
-15.5625
33.972702736903344
14.25
-26.5625
-15.25
33.781524628855934
14.3125
-26.9375
-15.25
34.1033585222922
14.3125
-26.9375
-15.5625
34.24423993535263
14.625
-26.9375
-15.875
34.51862042796612
14.8125
-26.75
-16.125
34.568602535393296
14.875
-26.75
-16.5
34.77180071552234
14.6875
-26.5625
-16.5625
34.57752837826903
14.875
-26.6875
-16.9375
34.933754271477895
14.875
-26.875
-17.125
35.16812299512159
14.625
-26.6875
-17.125
34.919606330112025
14.4375
-26.5
-17.0
34.63656169786487
14.4375
-26.6875
-16.75
34.658715534479924
14.0625
-26.75
-16.625
34.492129990042656
13.875
-26.875
-16.5625
34.48329532179313
14.125
-27.1875
-16.4375
34.768767414160656
14.0625
-27.3125
-16.3125
34.782527492262545
13.6875
-27.375
-16.1875
34.62330772037819
13.8125
-27.5625
-16.1875
34.82113896399714
13.8125
-28.0
-15.9375
35.05408767176804
13.625
-28.125
-16.0
35.10920463354304
13.625
-28.0
-16.125
35.06645476805433
13.4375
-28.0
-16.0
34.93660553416717
13.4375
-28.0
-16.125
34.99402850844698
13.25
-28.4375
-16.1875
35.30281946955512
13.25
-28.5625
-16.1875
35.40358827152976
13.0625
-28.75
-16.375
35.57150588954592
12.875
-28.625
-16.5625
35.48904980765194
12.75
-28.75
-16.8125
35.662096913249506
12.6875
-29.0
-16.375
35.63864870123445
12.5
-29.375
-16.1875
35.79351591070651
12.3125
-29.4375
-16.1875
35.779871698344586
11.9375
-29.25
-16.125
35.4694520855623
11.75
-29.25
-16.125
35.40678783792735
11.5625
-29.25
-16.0
35.28815532512291
11.5625
-29.4375
-16.1875
35.528762555850435
11.6875
-29.375
-16.0
35.43287006791857
11.6875
-29.4375
-16.0
35.484701809371316
11.9375
-29.375
-16.125
35.57260401277927
11.875
-29.375
-15.875
35.43898806399528
12.3125
-29.1875
-15.75
35.37753966148579
12.5625
-29.1875
-15.5625
35.38245283682294
13.25
-29.0
-15.125
35.289206919396754
13.6875
-28.8125
-14.8125
35.169844593770954
13.875
-28.75
-14.6875
35.139732230766924
14.25
-28.75
-14.6875
35.28948364952369
14.3125
-28.3125
-14.625
34.933306993469714
14.6875
-28.0
-14.6875
34.86323726362772
14.8125
-27.9375
-14.5
34.78741241455018
15.0
-27.9375
-14.625
34.91983005757617
14.8125
-27.9375
-14.6875
34.86598225706541
14.625
-27.8125
-14.5
34.60745268363449
14.6875
-27.8125
-14.25
34.529991492903676
14.8125
-27.75
-14.375
34.58487069876075
15.0
-28.0
-14.25
34.8146879922828
14.8125
-28.375
-13.875
34.88647884567888
14.8125
-28.5625
-13.75
34.98984227600919
14.6875
-28.5625
-13.25
34.74336717274248
15.0
-28.625
-13.375
34.97543780998316
15.0
-28.75
-13.375
35.077815282597065
15.0
-28.8125
-13.5625
35.200874456467695
15.0
-28.8125
-13.4375
35.152902618418295
14.8125
-28.5625
-13.5625
34.91658586903937
15.0
-28.375
-13.75
34.917089297362686
14.875
-28.25
-14.0625
34.88670278558867
15.0625
-28.1875
-14.375
35.04361122230413
14.9375
-28.125
-14.375
34.93973606440095
14.9375
-28.1875
-14.25
34.93889755702089
14.9375
-28.1875
-14.0625
34.86284510406458
15.125
-28.1875
-14.0625
34.94359293919273
15.25
-28.4375
-13.875
35.1250556049382
15.125
-28.4375
-13.8125
35.04628635818637
15.125
-28.625
-13.75
35.1741204580868
15.0
-28.625
-13.5625
35.04756812176845
14.875
-28.8125
-13.25
35.028392501655
14.6875
-28.8125
-13.375
34.9967632431915
14.25
-29.0
-13.375
34.97074670349491
13.875
-29.25
-13.4375
35.052026064836824
13.625
-29.375
-13.5625
35.106589926251736
13.25
-29.5625
-13.6875
35.16890050172169
12.9375
-29.4375
-13.8125
34.99614934174902
12.75
-29.5625
-14.0
35.10703499656444
12.5
-29.4375
-14.0625
34.93666143895263
12.375
-29.625
-14.0625
35.05046584925798
12.375
-29.5625
-13.875
34.922738384181734
12.25
-29.375
-13.875
34.71986103082787
12.0625
-29.25
-14.0625
34.62398464215232
12.0625
-29.0625
-14.0
34.440278925990135
12.0625
-29.1875
-14.0
34.54582554376143
12.0625
-29.0625
-14.1875
34.51692293281659
12.25
-29.0625
-14.375
34.66023703395578
12.4375
-28.75
-14.875
34.67736338376953
12.5
-28.4375
-15.3125
34.63255783940886
12.75
-28.25
-15.5
34.65364338709568
13.125
-28.0
-15.75
34.703431026340894
13.25
-28.125
-16.0625
34.99402850844698
13.3125
-27.9375
-15.9375
34.80991911438463
13.5625
-28.0
-15.9375
34.95633436875211
13.6875
-27.9375
-15.9375
34.95504925972784
13.6875
-28.0
-15.5625
34.835887565842214
13.875
-28.1875
-15.3125
34.95029953376652
14.0625
-28.1875
-15.0625
34.91658586903937
14.25
-28.1875
-14.4375
34.72807311815615
14.6875
-27.9375
-14.4375
34.70832708083177
15.125
-27.8125
-14.4375
34.79572082167576
15.3125
-27.375
-14.25
34.45178923147534
15.4375
-27.4375
-14.0625
34.480236639994224
15.875
-27.375
-14.0625
34.62889192928356
16.125
-27.125
-14.1875
34.598647462726056
16.25
-27.0
-14.0
34.48278556033431
16.4375
-26.9375
-14.0625
34.54814349208941
16.625
-26.9375
-13.875
34.562047917477344
16.625
-26.9375
-13.8125
34.5370046109966
16.6875
-27.1875
-13.75
34.73752024108802
16.8125
-26.9375
-13.75
34.60276813348897
16.8125
-26.75
-13.4375
34.3334976735549
16.875
-26.6875
-13.125
34.19435488863623
16.875
-26.6875
-13.375
34.29109077078185
16.875
-26.6875
-13.5625
34.36465753503154
16.8125
-26.3125
-13.375
33.96908061016665
17.0
-26.375
-13.4375
34.1351289912606
16.875
-26.0
-13.625
33.858621501768205
17.0
-25.9375
-13.625
33.873212591220216
16.875
-25.75
-13.875
33.768976146753396
16.6875
-26.0
-14.0625
33.94446291370656
17.0
-25.75
-14.0
33.88307099422955
16.8125
-25.8125
-13.75
33.73437138142639
16.875
-26.3125
-13.75
34.1493159704554
16.6875
-26.1875
-13.4375
33.83525112585985
16.8125
-26.375
-13.375
34.0175161681449
16.8125
-26.5625
-13.25
34.11435273458959
16.875
-26.8125
-13.0
34.24435400544154
17.0
-26.6875
-12.8125
34.137703679363085
16.8125
-26.875
-12.75
34.16852764240801
17.0
-26.6875
-12.75
34.11429548224615
16.8125
-26.5625
-12.75
33.92328201250581
16.8125
-26.375
-12.8125
33.80030972491228
16.8125
-26.3125
-12.6875
33.70430934984427
16.875
-26.1875
-12.8125
33.685470718100404
16.625
-25.9375
-13.125
33.48746267261824
16.5
-25.9375
-13.3125
33.49965018474074
16.4375
-26.0
-13.3125
33.51736956415285
16.3125
-26.125
-13.3125
33.553478768974166
16.3125
-25.9375
-13.1875
33.35808325953396
16.25
-26.0
-13.1875
33.37622890995925
16.3125
-26.1875
-13.5625
33.701991317279756
16.0625
-26.125
-13.75
33.609255142743045
16.125
-26.125
-13.75
33.6391698767969
16.3125
-26.1875
-13.875
33.82895856363302
16.125
-26.0
-14.0625
33.67149434239591
16.0625
-25.9375
-14.5
33.77880715034206
15.9375
-25.9375
-14.875
33.88249455839992
15.9375
-25.75
-15.125
33.85014078626557
15.8125
-25.4375
-15.125
33.55394444025918
15.8125
-25.4375
-15.0625
33.52581794304204
15.6875
-25.625
-14.875
33.5261674852644
15.5
-25.5625
-14.8125
33.36317674472861
15.8125
-25.5
-15.0
33.54527025155707
16.125
-25.3125
-14.8125
33.46861869722143
16.3125
-25.1875
-14.8125
33.465175462710484
16.5
-25.1875
-14.9375
33.61233497542234
16.6875
-24.9375
-14.8125
33.46284086490566
17.0
-24.625
-14.6875
33.333365885400774
17.25
-24.4375
-14.875
33.40687850203907
17.4375
-24.125
-15.0625
33.36106919000049
17.4375
-23.9375
-14.875
33.141151722594074
17.4375
-24.0
-14.9375
33.21438412043794
17.625
-23.8125
-15.125
33.263214009623304
17.8125
-23.5625
-15.0625
33.15652980560541
17.8125
-23.8125
-15.125
33.362942578555625
17.875
-23.9375
-15.25
33.542242489881325
17.875
-23.75
-15.125
33.35181779153874
18.0625
-23.8125
-15.125
33.497084761214666
18.25
-23.9375
-15.0625
33.65925299973248
18.1875
-23.6875
-15.0625
33.44789558029025
18.0625
-23.75
-14.8125
33.3125586303424
17.875
-23.875
-14.9375
33.3565609176066
17.6875
-23.75
-15.0625
33.22332106367453
17.5
-23.875
-15.125
33.24201031827047
17.5
-23.9375
-15.25
33.343911082085135
17.375
-23.875
-15.25
33.23354856165679
17.0625
-23.75
-15.5
33.0974531686352
17.0
-24.1875
-15.5
33.380910057246794
16.875
-24.3125
-15.6875
33.49568535647539
16.8125
-24.5
-15.6875
33.60071148800275
16.8125
-24.3125
-15.75
33.49358613973726
16.8125
-24.3125
-15.75
33.49358613973726
16.875
-24.1875
-16.125
33.612741724679346
16.875
-24.3125
-16.1875
33.73275022140946
16.875
-24.4375
-16.3125
33.882955707848154
16.6875
-24.4375
-16.75
34.00333163823804
16.5
-24.375
-16.9375
33.95982230886964
16.4375
-24.375
-16.8125
33.86727310398639
16.125
-24.75
-16.8125
33.988796407787085
15.8125
-24.8125
-16.9375
33.9495834841902
15.4375
-25.125
-16.8125
33.94469306828388
15.0625
-25.375
-17.0625
34.08663136040286
15.125
-25.6875
-17.25
34.44090273570076
15.0625
-25.6875
-17.0625
34.31989902010203
15.0625
-25.75
-17.0625
34.36670354427378
15.0
-25.9375
-17.1875
34.54220697205088
15.0
-26.0
-17.4375
34.714066403260794
15.0
-26.1875
-17.6875
34.9804632973893
15.0
-26.375
-18.0
35.27946463596068
15.1875
-26.3125
-18.1875
35.408939107942786
15.0
-26.0
-18.0625
35.03218386355609
14.6875
-26.1875
-18.1875
35.104030662446725
14.5
-26.375
-18.25
35.19876595848213
14.5
-26.375
-18.25
35.19876595848213
14.5
-26.3125
-18.5
35.28239867483502
14.625
-26.125
-18.6875
35.29346832276477
14.8125
-26.125
-18.6875
35.37157668948333
14.6875
-26.1875
-18.625
35.332682285668604
14.6875
-26.6875
-18.625
35.70484473429341
15.0625
-26.6875
-18.75
35.92581331716792
15.4375
-26.75
-18.75
36.13089268548454
15.6875
-26.75
-18.9375
36.335782123135864
16.1875
-26.8125
-18.5
36.37575171044579
16.4375
-26.8125
-18.3125
36.39298309770717
16.625
-26.6875
-18.3125
36.38627402606648
17.0
-26.375
-18.0625
36.20627751164154
17.25
-25.9375
-18.125
36.03931230267858
17.4375
-25.6875
-17.875
35.82498691555937
17.6875
-25.375
-17.8125
35.693464913062165
17.875
-25.125
-17.6875
35.54755837255212
17.6875
-25.0
-18.0625
35.55420597482104
17.875
-24.9375
-18.125
35.63579880190705
18.0625
-24.75
-18.0625
35.56782692968464
18.1875
-24.9375
-18.1875
35.82525950708522
18.25
-24.9375
-18.1875
35.85702947122084
18.375
-24.9375
-18.1875
35.92081134245161
18.25
-24.8125
-18.4375
35.89796738674768
18.25
-24.8125
-18.4375
35.89796738674768
18.4375
-24.6875
-18.0625
35.716494351349766
18.5
-24.875
-18.1875
35.94163019744653
18.1875
-24.9375
-18.1875
35.82525950708522
18.0
-25.0
-18.3125
35.837796475927476
17.875
-25.125
-18.3125
35.862639421130176
17.8125
-25.1875
-18.5
35.97145135381668
17.625
-25.375
-18.4375
35.97878063873205
17.375
-25.375
-18.4375
35.85697500138571
17.1875
-25.6875
-18.5
36.020935752698044
16.6875
-25.875
-18.125
35.72819483615146
16.875
-25.9375
-17.875
35.735628667339824
17.0625
-26.125
-17.5
35.775613639041886
16.8125
-26.375
-17.375
35.779762523666925
16.5
-26.5
-17.0
35.54574517435244
16.4375
-26.6875
-16.75
35.53838154024463
16.4375
-27.0
-16.5625
35.68624122123259
16.3125
-26.9375
-16.375
35.49460786513918
16.3125
-27.125
-16.4375
35.665875672693076
16.0
-27.375
-16.625
35.80197271101133
15.5
-27.3125
-16.9375
35.68054879762922
15.6875
-27.0
-17.0625
35.58407737317352
15.6875
-27.0
-17.375
35.73497280326375
15.3125
-26.9375
-17.625
35.647470983226846
15.0
-27.125
-17.8125
35.74983610102289
14.8125
-27.5
-18.125
36.11337399426977
14.625
-27.3125
-18.25
35.95727716679893
14.3125
-27.5
-18.3125
36.0061843646338
14.25
-27.75
-18.3125
36.17281653742213
13.9375
-27.9375
-18.125
36.1008786250418
14.0625
-28.125
-18.25
36.357008007397965
14.3125
-28.375
-18.125
36.58556964501168
14.4375
-28.3125
-18.125
36.5862636449802
14.4375
-28.3125
-18.125
36.5862636449802
14.3125
-28.1875
-18.125
36.440340798351485
14.5
-27.9375
-18.3125
36.41567742744874
14.625
-27.5625
-18.6875
36.37038200926683
14.6875
-27.625
-19.125
36.66918196865046
14.625
-27.5
-19.375
36.68148374861627
14.4375
-27.3125
-19.625
36.59992742479143
14.625
-27.1875
-19.5625
36.54780687674707
14.6875
-27.125
-19.5
36.49298948085783
14.875
-27.125
-19.1875
36.403178518503026
15.0625
-27.0
-18.875
36.223535598419986
15.25
-26.9375
-18.5625
36.09373647185894
15.5
-26.6875
-18.4375
35.950160813270365
15.625
-26.6875
-18.0
35.78216428962899
15.8125
-26.5
-17.625
35.537667076638556
16.0625
-26.3125
-17.5
35.44857631132737
16.4375
-26.125
-17.375
35.420300058723384
16.9375
-26.125
-17.5
35.71616624513331
17.25
-25.9375
-17.4375
35.69849874294436
17.4375
-25.8125
-17.1875
35.577545147887875
17.25
-26.125
-17.1875
35.71397879332405
17.25
-25.9375
-17.25
35.607287263283624
17.3125
-26.0
-17.1875
35.65294956241349
17.3125
-25.9375
-17.1875
35.607396966782055
17.3125
-25.8125
-17.0
35.4260894327895
17.0625
-25.75
-16.875
35.19882144688938
17.125
-25.9375
-17.0625
35.456289110678235
17.0625
-26.3125
-17.0625
35.70161717275563
17.25
-26.125
-16.8125
35.53502893273059
17.4375
-26.375
-16.5625
35.693464913062165
17.5
-26.1875
-16.75
35.673486740855594
17.4375
-26.3125
-16.9375
35.823078716799316
17.25
-26.5
-17.0625
35.92967306071682
17.25
-26.3125
-17.25
35.881369208128056
16.875
-26.0
-17.4375
35.56447709794142
16.6875
-25.9375
-17.4375
35.430113868713434
16.375
-26.0
-17.6875
35.45403053603356
16.375
-26.0
-17.625
35.42289160980509
16.375
-26.125
-17.5
35.45287364939548
16.0625
-26.125
-17.25
35.18638985815396
16.0625
-25.9375
-17.1875
35.01668129263537
15.6875
-26.1875
-16.9375
34.9107679484425
15.625
-26.75
-16.75
35.217405142911936
15.5625
-26.75
-16.625
35.13039326921918
15.5625
-26.8125
-16.375
35.06055030229845
15.25
-27.125
-16.1875
35.07653462430404
14.875
-27.3125
-16.125
35.03218386355609
14.8125
-27.5625
-16.3125
35.287380446131166
14.625
-27.8125
-16.5
35.49191149050724
14.625
-28.0
-16.625
35.69707621080472
14.5
-27.8125
-16.75
35.557666631121904
14.1875
-27.9375
-17.0
35.64812845718552
14.0
-27.9375
-17.1875
35.66390419597944
13.8125
-27.75
-17.6875
35.68886818743346
13.625
-27.75
-17.6875
35.61672052912789
13.4375
-27.8125
-17.625
35.5632139647136
13.25
-27.9375
-17.625
35.59082790902735
13.125
-27.8125
-17.5
35.38432960012101
12.6875
-27.9375
-17.4375
35.29225083145024
12.75
-28.0
-17.5
35.395091467603244
12.5625
-28.125
-17.375
35.36555748535572
12.5
-28.25
-17.4375
35.473636777894654
12.375
-28.375
-17.6875
35.65289478078884
12.1875
-28.375
-18.125
35.807700376455344
12.375
-28.3125
-18.25
35.885941275797684
12.3125
-28.375
-18.125
35.850438020336654
12.5
-28.4375
-17.875
35.83932241616741
12.5625
-28.5625
-17.625
35.8367609794747
12.9375
-28.1875
-17.625
35.67288448527817
13.4375
-27.9375
-17.375
35.53816170681877
14.0625
-27.8125
-17.0
35.500550171793115
14.625
-27.75
-16.375
35.38493676693516
14.8125
-27.5625
-16.0
35.14401175876198
15.25
-27.3125
-15.9375
35.107535693921896
16.0
-27.125
-15.875
35.26728299713489
16.5
-26.75
-15.6875
35.12705732409135
16.625
-26.9375
-15.5625
35.27337434241301
16.6875
-26.9375
-15.25
35.16623469323948
16.8125
-26.75
-15.0
34.97460015854363
17.0
-26.5625
-15.125
34.9761637583369
17.0625
-26.5625
-15.25
35.06077313038034
17.0
-26.5625
-15.0625
34.949181857376864
17.0625
-26.3125
-15.25
34.87175164083387
17.1875
-26.1875
-15.25
34.83902714629098
17.375
-26.125
-14.875
34.72278610653241
17.375
-25.9375
-14.875
34.58193395763169
17.1875
-26.125
-14.8125
34.602542356017715
17.0625
-26.125
-14.625
34.46063197693855
17.1875
-26.0
-14.1875
34.24463917900143
17.4375
-26.125
-14.1875
34.465449184654474
17.1875
-26.375
-14.0625
34.47904707934951
17.0625
-26.5625
-13.75
34.43483428884187
17.0625
-26.75
-13.8125
34.604574300227995
17.0
-26.8125
-13.75
34.59729261445178
17.0
-26.8125
-13.8125
34.62217948801028
17.125
-26.8125
-13.5625
34.5849271721078
17.125
-26.9375
-13.5625
34.68192522770326
17.0
-27.125
-13.1875
34.62189742417362
17.0625
-27.125
-12.75
34.488505784536386
16.875
-27.1875
-12.75
34.44543919374523
16.6875
-27.1875
-12.5625
34.28482490475925
16.8125
-27.5
-12.5
34.571088444681635
16.6875
-27.5625
-12.375
34.515281941482094
16.3125
-27.5625
-12.375
34.33554553957167
15.6875
-28.0
-12.375
34.39823078662622
15.3125
-28.0
-12.3125
34.206290539899236
15.0625
-28.3125
-12.5
34.419857095868366
15.0625
-28.375
-12.75
34.56272603904385
14.8125
-28.375
-12.6875
34.43143095341813
14.625
-28.5
-12.8125
34.50073595229528
14.4375
-28.625
-13.125
34.64242566925705
14.3125
-29.0
-13.125
34.90147964270283
14.6875
-28.9375
-13.0
34.95856922844526
14.6875
-28.9375
-13.375
35.09974625976661
14.6875
-28.9375
-13.3125
35.07597780176627
14.25
-28.9375
-13.0
34.777024114348826
14.3125
-29.125
-12.9375
34.935543326245835
14.25
-29.0
-12.5625
34.66812521971732
14.3125
-28.8125
-12.25
34.424850217539074
14.25
-28.5625
-12.0625
34.12305397381659
13.875
-28.25
-12.125
33.728233721913156
14.25
-28.1875
-12.125
33.832133855995544
14.5
-28.1875
-12.3125
34.005629129601466
14.875
-28.0
-12.5
34.08101560986703
15.125
-27.625
-12.6875
33.95407054021653
15.3125
-27.375
-12.9375
33.92996002797528
15.5
-27.375
-12.6875
33.92069104912222
15.875
-27.5
-12.5
34.125
16.4375
-27.5
-12.5
34.390280694550896
16.4375
-27.375
-12.1875
34.17772940819796
16.5
-26.8125
-11.9375
33.669928162976525
16.875
-26.5625
-11.75
33.59158423251276
17.1875
-26.375
-11.6875
33.58047702907152
17.4375
-26.75
-11.5
33.93934157066103
17.6875
-26.5625
-11.75
34.00700754991536
17.875
-26.1875
-11.9375
33.87926633650735
18.0625
-26.125
-12.0625
33.974599887268724
18.625
-25.75
-12.1875
34.03657270128707
18.875
-25.75
-12.375
34.24133101969022
19.0
-25.5625
-12.375
34.1698994913652
19.0625
-25.3125
-12.5625
34.08691785348156
19.375
-24.5
-12.6875
33.713695751875086
19.5625
-24.0
-12.5625
33.414185797352594
19.9375
-23.8125
-12.8125
33.59611910250945
19.9375
-23.375
-12.9375
33.33576814024239
19.75
-23.25
-13.0
33.16059408394246
19.75
-23.375
-12.8125
33.17549217796173
19.75
-23.25
-12.8125
33.08753777859574
19.75
-23.4375
-12.5625
33.123938662242445
19.8125
-23.625
-12.6875
33.3413922549734
19.5625
-23.75
-12.6875
33.28252638397512
19.25
-23.75
-12.5
33.028396872994
19.0625
-24.0
-12.3125
33.02993433992868
19.0
-24.1875
-12.1875
33.08429102308224
18.8125
-23.9375
-12.1875
32.79404242770324
18.875
-24.125
-12.0625
32.92089239753382
19.0
-24.125
-11.875
32.92462983846591
18.8125
-24.0
-11.3125
32.52511049174161
18.9375
-24.3125
-11.0
32.72195841480152
19.0
-24.1875
-10.625
32.54113982714804
19.375
-23.9375
-10.1875
32.437319363658894
19.5625
-23.75
-9.8125
32.29611528496887
19.75
-23.9375
-9.5625
32.47318605403541
19.4375
-23.8125
-9.3125
32.11812912904486
19.4375
-23.625
-9.375
31.99761954036581
19.375
-23.9375
-9.5
32.22800849028683
19.375
-23.5625
-9.625
31.98785169794933
19.375
-23.75
-9.625
32.12621593029593
19.0625
-23.9375
-9.5625
32.05969773329125
18.875
-23.9375
-9.625
31.9673295138959
18.625
-23.8125
-9.9375
31.822628544794977
18.625
-23.8125
-10.0625
31.86188455662973
18.4375
-24.125
-10.0625
31.987668522416573
18.25
-24.125
-10.1875
31.91963786213747
18.125
-24.3125
-10.375
32.05080195954541
18.125
-24.125
-10.4375
31.929181891335706
18.125
-24.1875
-10.6875
32.05890574395826
18.25
-24.125
-10.5
32.02074522867949
18.25
-24.125
-10.25
31.93964033923989
18.25
-24.375
-10.25
32.1288908149659
18.25
-24.375
-10.0625
32.06956549830384
18.1875
-24.1875
-10.25
31.95125682191547
18.0625
-24.125
-10.25
31.832876578311296
17.8125
-24.5
-10.25
31.978080871903494
17.6875
-24.375
-10.125
31.77269120250911
17.4375
-24.5
-10.125
31.73061662259339
17.375
-24.5
-10.0
31.656604761092115
17.4375
-24.375
-9.5
31.439736500963235
17.5625
-24.375
-8.9375
31.34423292250107
17.5625
-24.5625
-8.25
31.302081600110878
17.5625
-24.75
-7.6875
31.306573790499655
17.75
-24.5625
-7.4375
31.204091278228244
17.75
-24.5625
-7.1875
31.14545010912509
17.875
-24.6875
-7.0
31.27280417951035
18.1875
-24.5625
-6.625
31.272866633872884
18.1875
-24.375
-6.75
31.152660901598757
18.0
-24.3125
-7.0625
31.064071891817402
18.1875
-24.3125
-7.0
31.158992482106992
18.375
-24.125
-6.75
31.06796984033556
18.375
-24.3125
-6.5625
31.173782053193353
18.4375
-24.125
-6.5625
31.064826371637746
18.5
-23.9375
-6.375
30.917544068861613
18.625
-24.125
-6.125
31.087326597827612
18.5
-24.125
-6.0
30.988152978194748
18.625
-24.125
-5.5625
30.98140823542403
18.8125
-23.75
-5.5
30.79322419380601
18.8125
-23.9375
-5.375
30.916091077301477
18.875
-23.8125
-4.9375
30.78440656403823
18.8125
-24.0
-4.875
30.881641492155172
18.75
-24.1875
-4.6875
30.96078669058653
18.4375
-24.1875
-4.875
30.801658843315565
18.4375
-24.1875
-4.6875
30.77254001134778
18.25
-24.1875
-4.8125
30.679925236219205
18.0
-24.5
-4.9375
30.799819906129322
17.6875
-24.1875
-5.0625
30.389335608894118
17.4375
-24.125
-5.0625
30.194551453863326
17.625
-24.1875
-4.625
30.283104303390033
17.625
-24.1875
-4.5
30.264265747742833
17.4375
-24.1875
-4.3125
30.12804704507081
17.25
-24.5625
-4.25
30.31404635231001
17.1875
-24.5
-4.0625
30.202053945054796
16.875
-24.75
-3.8125
30.19707405113946
16.625
-25.1875
-3.5625
30.389014256800106
16.125
-25.5
-3.375
30.35879197201364
15.625
-25.5625
-3.375
30.14917339248292
15.25
-25.875
-3.1875
30.203282623748034
15.0625
-26.125
-3.0
30.30502485149946
14.875
-26.0
-2.75
30.080361118178086
14.625
-26.3125
-2.5
30.20742096323352
14.5
-26.3125
-2.3125
30.132130898759883
14.625
-26.3125
-2.0625
30.174363083584712
15.0
-26.3125
-1.9375
30.34965506393771
15.25
-26.3125
-1.6875
30.459117066980127
15.375
-26.125
-1.5
30.350556008086574
15.375
-25.8125
-1.4375
30.078932619027558
15.25
-26.0
-1.0625
30.161090932690083
15.6875
-25.9375
-1.0625
30.33117981137562
15.8125
-25.625
-0.6875
30.118904985075403
16.0
-25.4375
-0.4375
30.05424782788616
16.0
-25.25
-0.5
29.896697141992124
16.0625
-25.1875
-0.4375
29.876503623248823
16.0
-25.125
-0.1875
29.78759441865019
16.125
-25.0
0.0
29.749212174442537
16.5
-24.8125
0.0
29.797821333949905
16.3125
-24.625
-0.0625
29.537978730779802
16.3125
-24.5625
-0.0625
29.485894403087045
16.25
-24.5625
-0.375
29.453684510600706
16.25
-24.5
-0.0625
29.39925860034569
16.125
-24.5625
0.1875
29.383110582441745
16.25
-24.5
0.125
29.399457903165494
16.5
-24.5625
0.1875
29.590565430555735
16.4375
-24.3125
0.1875
29.3483256549671
13.625
-25.375
-16.5
33.19309039544224
13.5
-25.1875
-16.375
32.936314020393965
13.6875
-24.9375
-16.5625
32.917213866759745
13.4375
-24.75
-16.5625
32.67178159360154
13.4375
-24.5625
-16.625
32.561840204447904
13.6875
-24.5
-16.9375
32.779209302544196
13.6875
-24.1875
-16.9375
32.54630115312645
13.6875
-24.1875
-16.75
32.4491188247077
13.9375
-24.3125
-16.9375
32.744930428235755
13.875
-24.125
-17.0
32.61182684242022
13.5625
-24.125
-17.0625
32.512858033399645
13.5
-24.125
-17.375
32.65204817465514
13.6875
-24.3125
-17.375
32.86846417920984
13.3125
-24.125
-17.4375
32.608353032620336
13.4375
-24.125
-17.5625
32.726494427298505
13.625
-24.0
-17.8125
32.847005666422625
13.6875
-23.625
-18.0
32.703031682857784
13.875
-23.5625
-18.0625
32.771343236126285
14.25
-23.625
-18.125
33.01088835520789
14.4375
-23.5625
-18.0625
33.01343239879792
14.3125
-23.25
-18.25
32.84010743359406
14.5
-23.125
-18.25
32.83410003334947
14.6875
-22.9375
-18.25
32.78588206072852
14.8125
-22.625
-18.125
32.55482155149986
14.8125
-22.75
-18.0
32.572575216737164
15.0
-22.8125
-17.6875
32.53087475768213
14.875
-22.375
-17.25
31.929120720746447
15.25
-22.375
-16.9375
31.93872306855739
15.4375
-22.375
-16.5625
31.83195623112095
15.6875
-22.5625
-16.25
31.925327915308873
15.875
-22.75
-16.0625
32.05592037752153
16.0
-22.9375
-15.875
32.158117657132856
16.25
-23.125
-15.4375
32.20472839894788
16.4375
-23.125
-15.25
32.21054999918505
16.5
-23.625
-15.125
32.54468082498275
16.375
-23.5625
-14.9375
32.34904847905113
16.375
-23.75
-14.6875
32.3716817797593
16.4375
-23.75
-14.3125
32.23509830138571
16.375
-23.8125
-14.1875
32.194113398259624
16.0625
-23.9375
-13.6875
31.911682324032995
16.0
-23.9375
-13.6875
31.880269172326635
15.8125
-23.9375
-13.5625
31.732955562789925
15.8125
-23.625
-13.5625
31.497891794531267
15.8125
-23.8125
-13.375
31.558848798712543
15.6875
-23.8125
-13.4375
31.52299507898956
15.3125
-23.9375
-13.875
31.622653074971428
15.0625
-24.0
-13.8125
31.522437445413384
15.0
-24.125
-14.0625
31.698099805035632
14.8125
-23.9375
-14.1875
31.52299507898956
14.625
-23.9375
-14.5
31.577595400061735
14.5
-24.125
-14.5
31.662527141717543
14.4375
-23.9375
-14.75
31.60708484659729
14.3125
-23.625
-15.125
31.492124511534627
14.25
-23.625
-15.125
31.46376884608708
14.25
-23.5625
-15.3125
31.507563576068524
14.3125
-23.3125
-15.5
31.441538011045196
14.25
-23.1875
-15.875
31.50774954277122
14.4375
-23.125
-16.125
31.67369028468265
14.8125
-22.75
-16.5625
31.80077141359939
15.0
-22.625
-17.0
32.029527392704374
14.875
-22.625
-17.125
32.03781944827082
15.0625
-22.625
-17.125
32.12530398688859
15.125
-22.5
-17.125
32.06682475706006
15.0625
-22.5625
-16.9375
31.98162314126661
15.125
-22.75
-16.625
31.979974202616237
15.0625
-22.6875
-16.1875
31.680225989566427
15.0625
-22.6875
-15.875
31.521693918633243
15.0625
-22.6875
-15.5
31.33451072699237
15.25
-22.375
-15.4375
31.169208062605634
15.4375
-22.3125
-15.3125
31.155043231393535
15.625
-22.125
-15.3125
31.11476990514312
16.1875
-21.9375
-15.4375
31.330583600533203
16.5
-21.375
-15.4375
31.103971309946903
16.875
-21.375
-15.625
31.397402360704938
16.875
-21.1875
-15.4375
31.17678924296086
17.0625
-21.0
-15.5
31.182990655964993
17.3125
-20.9375
-15.3125
31.186122214055406
17.625
-20.75
-15.3125
31.235809277974536
17.8125
-20.625
-15.125
31.16795479735557
17.8125
-20.625
-15.125
31.16795479735557
17.8125
-20.75
-15.0
31.190505867170543
17.6875
-20.5625
-14.875
30.934280135474303
17.6875
-20.5625
-15.0625
31.024876611358184
17.8125
-20.5625
-15.0
31.06608379728607
17.8125
-20.625
-15.0
31.107487543194484
17.6875
-20.4375
-15.0
30.911794876713323
17.6875
-20.4375
-15.3125
31.06463775340057
17.6875
-20.25
-15.5
31.034821672598667
17.625
-20.1875
-15.75
31.08437358625713
17.8125
-20.375
-16.0625
31.471092886965334
17.875
-20.5
-16.3125
31.71534772393328
17.8125
-20.375
-16.625
31.761870320401474
17.625
-20.6875
-16.9375
32.02330694197587
17.625
-21.0
-17.1875
32.35816405870395
17.5
-21.375
-17.25
32.56843755847063
17.3125
-21.625
-17.4375
32.73270058366709
17.3125
-22.0
-17.5625
33.0479055690372
17.0625
-22.375
-17.25
33.00503039310826
16.875
-22.375
-17.0
32.77813676827894
16.625
-22.625
-17.0
32.82196292119044
16.4375
-22.9375
-16.9375
32.911992020386734
16.0625
-23.125
-17.0
32.8902649920915
15.6875
-23.3125
-17.0
32.84159424418979
15.5625
-23.625
-16.8125
32.908846644937285
15.25
-23.9375
-16.8125
32.98827916851681
15.0625
-23.9375
-17.0625
33.030466523347805
14.625
-24.1875
-17.25
33.11326443058733
14.5
-24.375
-17.0625
33.0986333743555
14.25
-24.5625
-17.1875
33.19320807785834
14.0625
-24.625
-16.9375
33.03064391591541
13.875
-24.625
-17.0
32.98342386714879
13.75
-24.625
-17.0
32.93103589321174
13.875
-24.625
-17.1875
33.080453537549936
13.875
-24.5
-17.375
33.085589763520915
14.0625
-24.5625
-17.625
33.34232951519734
14.0625
-24.5
-18.0
33.496326757571495
14.3125
-24.1875
-18.125
33.44246458471624
14.5
-24.3125
-18.4375
33.78297000709085
14.625
-24.5
-18.5
34.00574400009504
14.5
-24.5625
-18.6875
34.09969299715175
14.3125
-24.9375
-18.5
34.19029924554624
14.3125
-25.5
-18.0625
34.37079519737651
14.125
-25.5625
-17.8125
34.208802777940065
14.3125
-25.75
-17.4375
34.23414322719352
14.25
-25.9375
-17.1875
34.22318749766012
14.5
-25.8125
-16.875
34.077863507708344
14.6875
-25.8125
-16.5625
34.004767588530875
14.9375
-25.8125
-16.375
34.02285536958942
15.125
-25.5625
-16.3125
33.886644677512706
15.3125
-25.3125
-16.4375
33.843562441770224
15.875
-25.3125
-16.625
34.192527052705536
15.875
-25.625
-16.75
34.48505110914003
16.25
-25.75
-16.4375
34.60226013210698
16.125
-25.6875
-16.375
34.467432545085224
16.3125
-25.5625
-16.3125
34.43307594087406
16.25
-25.5625
-16.0
34.25644328079026
16.25
-25.6875
-15.9375
34.32075265054658
16.25
-25.5625
-15.9375
34.22729630718734
16.25
-25.8125
-15.5625
34.24235772402362
16.1875
-25.5625
-15.3125
33.910901178677044
16.0625
-25.375
-15.5
33.795628877859336
16.0
-25.5625
-15.5625
33.93571588312231
16.0
-25.8125
-15.6875
34.18161512421553
16.0625
-25.75
-15.875
34.25028512655041
16.1875
-25.75
-15.9375
34.33804832106799
16.1875
-25.8125
-15.75
34.29843746440937
16.1875
-25.625
-15.875
34.215367983553826
16.3125
-25.8125
-15.9375
34.443964910416454
16.25
-25.8125
-15.9375
34.414409227822
16.3125
-25.9375
-16.0
34.56662497988486
16.3125
-25.875
-15.9375
34.49082758502614
16.3125
-26.125
-16.0
34.70753925662262
16.4375
-26.125
-15.75
34.652121598107094
16.25
-26.1875
-15.6875
34.582442257596554
16.0625
-26.3125
-15.5
34.5050947325174
15.875
-26.1875
-15.3125
34.238478901668515
15.875
-26.5625
-15.125
34.44339786156412
15.875
-26.6875
-14.9375
34.45819478005196
15.4375
-26.875
-14.9375
34.40510045763564
15.3125
-26.9375
-14.8125
34.34402013087577
15.0625
-27.1875
-15.125
34.565946934808544
15.125
-27.5625
-15.3125
34.97041160038011
15.0
-27.8125
-15.3125
35.114210976469344
14.875
-28.125
-15.3125
35.30940251901751
15.0
-27.9375
-15.5
35.29523914425287
14.6875
-27.9375
-15.5
35.16356868265791
15.0
-27.9375
-15.5
35.29523914425287
15.0625
-28.0
-15.375
35.31670328966168
15.125
-27.8125
-15.3125
35.167789772745174
15.125
-27.5625
-15.25
34.94308989270983
15.25
-27.5
-15.5625
35.08566525306311
15.4375
-27.5
-16.0625
35.3916701004629
15.25
-27.5
-16.375
35.453534732096884
15.3125
-27.625
-16.375
35.577435352340956
15.0625
-27.75
-16.375
35.56799166736857
15.0625
-27.75
-16.375
35.56799166736857
14.875
-27.9375
-16.1875
35.550030766512705
14.5
-28.3125
-16.1875
35.6914949602843
14.4375
-28.375
-15.9375
35.603173138078574
14.3125
-28.4375
-15.5625
35.43628745720974
14.5
-28.625
-15.0
35.420906608950595
14.625
-28.25
-15.0
35.17034439694897
14.8125
-28.25
-14.875
35.19571396136183
14.8125
-28.125
-14.6875
35.01640240658654
15.125
-27.9375
-14.875
35.078984538466905
15.6875
-27.625
-14.6875
34.999441959837014
16.0
-27.5625
-14.625
35.06539649355187
16.1875
-27.375
-14.5
34.95247889992926
16.1875
-27.3125
-14.625
34.955663882981824
16.375
-27.4375
-14.3125
35.011493648514914
16.625
-27.1875
-14.1875
34.88317556501988
16.8125
-27.125
-14.3125
34.975326124283676
16.6875
-27.1875
-14.0
34.83723313496639
16.625
-27.0
-14.0
34.66108228258316
16.6875
-26.9375
-13.875
34.59215499936366
16.6875
-26.9375
-13.875
34.59215499936366
16.8125
-27.125
-13.875
34.79858339429926
16.6875
-27.1875
-14.0625
34.86239691630511
16.625
-27.125
-14.3125
34.885583071664435
16.5
-27.3125
-14.4375
35.023764253717786
16.4375
-27.125
-14.6875
34.95253477932609
16.3125
-27.0
-15.0625
34.95678135212108
16.125
-27.125
-15.0625
34.966557683735466
16.0625
-27.375
-14.9375
35.078817504300225
15.875
-27.375
-14.9375
34.99335874491044
15.6875
-27.5
-14.9375
35.00680737370947
15.9375
-27.75
-15.0625
35.36870527033751
15.8125
-27.625
-15.0625
35.21441022507689
15.8125
-27.75
-15.125
35.339259772241974
15.875
-28.125
-14.9375
35.58314427155082
16.0
-28.125
-15.125
35.71808015557387
16.0
-27.9375
-14.9375
35.491306153761094
15.875
-27.8125
-15.25
35.469892602741275
16.0625
-27.625
-15.3125
35.43468904195436
15.625
-27.5625
-15.3125
35.189553670087946
15.4375
-27.75
-15.3125
35.25409993887236
15.125
-27.8125
-15.3125
35.167789772745174
14.875
-27.625
-15.25
34.8850791886732
14.4375
-27.75
-15.125
34.74578436659619
14.3125
-27.75
-15.5
34.85914738271721
14.4375
-27.9375
-15.0625
34.86867102070281
14.25
-27.9375
-14.9375
34.73752024108802
14.3125
-28.0
-14.6875
34.706920239341315
14.3125
-28.0
-14.3125
34.549895983924465
14.5
-28.3125
-14.0625
34.77932665391899
14.6875
-28.1875
-13.8125
34.65606683901103
15.0625
-28.0
-13.625
34.59074343303422
15.0625
-27.9375
-13.375
34.44232044302474
15.0
-27.9375
-13.4375
34.4393715462405
15.125
-28.125
-13.4375
34.64603377372365
15.25
-28.125
-13.4375
34.70078574398568
15.625
-28.1875
-13.3125
34.869735265699966
15.5
-27.9375
-12.9375
34.469302466107436
15.5
-28.1875
-12.6875
34.57973123811115
15.5
-28.1875
-12.5
34.51137720013503
15.6875
-28.3125
-12.5
34.69791510307211
16.0
-27.9375
-12.5
34.536269431570055
16.0625
-27.8125
-12.375
34.41917615951898
16.1875
-27.9375
-12.25
34.534063799385095
16.25
-27.625
-12.375
34.356131184986474
16.625
-27.625
-12.6875
34.648288648214645
16.8125
-27.5625
-12.8125
34.73487755484392
17.0625
-27.5
-12.8125
34.80716969964665
17.0
-27.375
-12.9375
34.72419230522144
17.0
-27.1875
-12.8125
34.529991492903676
17.0
-27.125
-12.8125
34.48080308301998
17.0
-26.8125
-13.0
34.306124179947815
17.0
-26.8125
-12.9375
34.28248915262718
16.875
-26.5625
-12.75
33.95430062966987
17.0
-26.375
-12.75
33.870387139801046
16.875
-26.625
-12.75
34.00321675959496
17.0625
-26.75
-12.5
34.101926723427226
17.0
-26.8125
-12.25
34.02899728540352
17.0625
-26.8125
-12.125
34.01550657420818
17.0
-26.75
-11.9375
33.86836881590254
16.8125
-26.5625
-12.125
33.693355242540036
16.875
-26.75
-12.5
34.0085007755414
16.8125
-26.9375
-12.75
34.21770831747796
16.6875
-26.6875
-12.9375
34.03048954614083
16.8125
-26.5
-13.125
34.01728650627501
16.8125
-26.5
-13.3125
34.09006911843976
16.6875
-26.1875
-13.3125
33.78580276906263
16.875
-26.3125
-13.3125
33.97551967961638
17.0625
-26.5
-13.3125
34.214055043212866
17.1875
-26.5
-13.375
34.30088601260906
17.1875
-26.5625
-13.3125
34.324906682320346
17.1875
-26.5
-13.3125
34.27656360401375
16.875
-26.375
-13.375
34.04844893677244
17.0625
-26.375
-13.5625
34.215653398700425
16.8125
-26.8125
-13.75
34.50554756122557
16.4375
-26.75
-13.8125
34.3007151893368
16.25
-26.8125
-13.75
34.2349989959106
16.0625
-26.75
-13.625
34.04712955962661
15.6875
-26.5
-13.75
33.72551194941301
15.625
-26.5625
-13.625
33.6949203330413
15.5
-26.875
-13.6875
33.909634047715706
15.6875
-26.875
-13.875
34.07167307676569
16.0
-26.5
-13.75
33.872001712328725
16.1875
-26.6875
-13.625
34.057281710377296
16.1875
-26.375
-13.8125
33.8889500796351
16.25
-26.3125
-13.375
33.69422474623804
16.625
-26.3125
-13.1875
33.80308325434235
16.625
-26.125
-13.3125
33.70651133312375
16.875
-25.9375
-13.0
33.563663853190995
16.625
-25.9375
-12.6875
33.31842114356561
16.4375
-25.9375
-12.75
33.249177621408926
16.4375
-25.875
-12.9375
33.27290094806884
16.5
-25.9375
-13.0
33.37669705423232
16.5
-26.0625
-13.25
33.57180969578494
16.5
-25.875
-13.25
33.42645845733586
16.625
-25.875
-13.25
33.488337522188225
16.5
-25.6875
-13.4375
33.3566194705039
16.5
-25.75
-13.5625
33.45525229691147
16.875
-25.5625
-13.375
33.42301087948242
17.0625
-25.375
-13.0
33.22678936114653
17.5625
-25.1875
-12.9375
33.320121079461885
17.6875
-25.125
-13.125
33.41225682664971
17.8125
-25.0
-13.1875
33.40950931246971
18.0
-25.0
-13.1875
33.50985162978195
18.25
-25.125
-13.125
33.71340608719326
18.5
-24.625
-13.1875
33.50448897162886
18.5
-24.625
-13.1875
33.50448897162886
18.5
-24.625
-13.4375
33.60367585919731
18.3125
-24.5625
-13.375
33.42984725511022
18.4375
-24.375
-13.5
33.41155535514622
18.375
-24.5625
-13.5625
33.5395056239653
18.4375
-24.375
-13.4375
33.38635106596706
18.4375
-24.0
-13.375
33.088246119279276
18.25
-24.1875
-13.4375
33.146101769288045
18.0625
-24.1875
-13.4375
33.04323635405588
18.25
-24.125
-13.4375
33.10052161598062
18.1875
-24.125
-13.75
33.19432604000268
18.0
-24.1875
-13.5625
33.0601960444883
18.25
-23.9375
-13.8125
33.11874941026608
18.25
-23.9375
-13.875
33.144864326920995
18.375
-24.3125
-14.25
33.64224697088469
18.5625
-24.375
-14.4375
33.86957982467453
18.625
-24.125
-14.5625
33.77828675717583
18.625
-24.1875
-14.6875
33.8769602753848
18.625
-24.125
-14.4375
33.72458533844412
18.625
-23.9375
-14.375
33.5638966189863
18.4375
-24.0
-14.0
33.345785434594276
18.25
-23.9375
-14.25
33.30358698774052
18.0625
-23.625
-14.0
32.86935550402533
17.5
-23.5625
-14.0625
32.54528095592355
17.625
-23.9375
-14.25
32.96523974203737
17.25
-23.75
-14.25
32.62954949122038
17.3125
-23.9375
-14.5
32.90860924591011
17.1875
-24.125
-14.6875
33.06279536730069
17.1875
-24.3125
-14.9375
33.31121010635909
17.0625
-24.375
-15.0625
33.34888959920555
16.8125
-24.375
-15.3125
33.33576814024239
17.0625
-24.5625
-15.125
33.5143392818656
17.0
-24.5
-15.3125
33.52197273804153
16.875
-24.625
-15.3125
33.550393533459484
16.625
-24.5625
-15.4375
33.436857470462144
16.625
-24.5625
-15.5625
33.49475238750094
16.625
-24.5
-15.5
33.419913599529245
16.6875
-24.5625
-15.5
33.4968515311514
16.8125
-24.75
-15.375
33.639460180716334
16.6875
-24.5
-15.5
33.451048656955436
16.875
-24.375
-15.5625
33.4827964221927
17.0
-24.375
-15.75
33.63336327220339
17.0625
-24.375
-16.0
33.78268093639106
17.1875
-24.125
-16.1875
33.75590226167862
17.25
-23.8125
-16.625
33.77851804401727
17.1875
-23.9375
-17.0
34.02078868133424
17.375
-23.625
-17.25
34.02342942738136
17.5
-23.8125
-17.1875
34.18618598937296
17.3125
-23.9375
-17.25
34.2094879017503
17.4375
-23.75
-17.4375
34.237337987933586
17.5
-23.5625
-17.375
34.107653558255805
17.6875
-23.5625
-17.4375
34.23602589013509
17.8125
-23.5625
-17.375
34.2690412398713
18.0625
-23.375
-17.1875
34.1768150578722
18.1875
-23.5625
-17.1875
34.371306619766436
18.25
-23.375
-17.1875
34.27627869606034
18.375
-23.125
-16.9375
34.04827684700064
18.5
-23.1875
-16.8125
34.096485339401184
18.625
-23.3125
-16.8125
34.24942973977815
18.6875
-23.375
-16.75
34.29541924587014
18.8125
-23.375
-16.5625
34.272688652920124
18.875
-23.375
-16.5
34.27690549043189
18.875
-23.125
-16.5
34.106909124105634
18.8125
-23.125
-16.8125
34.22478542664658
18.875
-23.5
-16.9375
34.574478032936376
19.0625
-23.5
-16.9375
34.6771944150619
19.0625
-23.375
-16.8125
34.53157522471282
19.0625
-23.5625
-16.75
34.62849711581489
19.1875
-23.75
-16.875
34.885359124566854
19.1875
-23.9375
-17.0
35.07369473693925
19.25
-24.0
-17.0
35.15056898543749
19.5625
-24.1875
-16.625
35.27204541134523
19.375
-24.1875
-16.625
35.168400678023445
19.1875
-24.25
-16.5625
35.07904021634572
19.1875
-24.4375
-16.375
35.121107435557896
19.0
-24.5625
-16.375
35.10636738897945
18.8125
-24.75
-16.3125
35.10798075224492
18.625
-24.9375
-16.0
34.99670743441445
18.4375
-25.1875
-15.9375
35.04790248716748
17.8125
-25.0
-16.0
34.616255664788476
17.8125
-24.9375
-16.125
34.62917393614811
17.6875
-25.0
-16.1875
34.63932465421345
17.625
-25.1875
-16.1875
34.743142308950695
17.625
-25.375
-15.9375
34.76399223693964
17.3125
-25.375
-15.875
34.57786728891763
17.125
-25.375
-15.875
34.48437146012669
17.0
-25.75
-16.0
34.75719350005118
17.0
-26.3125
-15.9375
35.14756837250623
17.0625
-26.6875
-15.9375
35.45920851838066
17.0
-26.9375
-16.0625
35.673979487856414
16.6875
-27.125
-16.3125
35.78178220128226
16.5
-27.0
-16.5
35.68613176011096
16.625
-27.0
-16.5625
35.77299304293673
16.625
-27.1875
-16.75
36.00157331631494
16.8125
-27.1875
-16.5625
36.00189882145107
17.0
-27.125
-16.375
35.95700557610436
16.6875
-27.0
-16.1875
35.63015313607282
16.625
-26.9375
-16.0
35.468571034790784
16.8125
-27.0
-15.75
35.49257184609196
16.8125
-27.125
-15.75
35.587754653110665
16.4375
-27.5
-15.6875
35.67266548072908
16.3125
-27.375
-15.75
35.546459475593345
16.3125
-27.3125
-15.875
35.55398623923905
16.4375
-27.3125
-16.125
35.72365725258263
16.4375
-27.3125
-16.1875
35.751912099215055
16.3125
-27.3125
-16.3125
35.75147505698192
16.25
-27.3125
-16.4375
35.780253807093096
16.4375
-27.3125
-16.4375
35.86579803587256
16.625
-27.125
-16.375
35.78123635370919
16.8125
-26.8125
-16.3125
35.60432514105555
16.8125
-26.625
-16.1875
35.406015555269704
16.8125
-26.5625
-16.0
35.273595826056635
17.0
-26.75
-15.75
35.392442696146304
17.4375
-26.8125
-15.5625
35.56919972040417
17.625
-26.75
-15.3125
35.50599641257797
17.5
-26.5625
-15.25
35.2757552187051
17.6875
-26.5625
-15.375
35.42322243246653
18.0
-26.6875
-15.25
35.620010615523405
18.0
-26.5625
-15.25
35.5264536120621
18.0
-26.5625
-15.5
35.63448338688243
18.0
-26.375
-15.5625
35.522275141803625
17.8125
-26.125
-15.5625
35.24190953254378
18.0625
-26.0
-15.5
35.249168873180544
18.1875
-26.125
-15.375
35.35097461527758
18.1875
-26.1875
-15.3125
35.37008578940684
17.875
-26.3125
-15.375
35.33063693524361
17.6875
-26.5
-15.5
35.43088562610311
17.8125
-26.5
-15.25
35.38499196340166
17.8125
-26.5625
-15.3125
35.45876786846943
18.0
-26.6875
-15.5625
35.75491661995592
17.6875
-26.6875
-15.9375
35.764147113415135
17.625
-26.75
-16.1875
35.89203646005615
17.6875
-26.5
-16.0
35.65245652476138
18.0
-26.6875
-15.8125
35.864436598112064
18.1875
-26.75
-15.75
35.977912060735264
18.1875
-26.75
-15.75
35.977912060735264
18.25
-26.75
-15.9375
36.09195071272818
18.0625
-26.75
-15.5625
35.83305474697908
18.0
-26.8125
-15.3125
35.74049261691842
17.875
-26.8125
-15.0625
35.57112153840528
17.8125
-26.8125
-14.9375
35.48695843193666
17.625
-26.6875
-14.875
35.27221153046687
17.4375
-26.5625
-14.6875
35.00507775666267
17.4375
-26.5
-14.75
34.9839807090331
17.3125
-26.3125
-14.5
34.67449080375947
17.3125
-26.5
-14.6875
34.89549129185603
17.4375
-26.5
-14.6875
34.95767530171307
17.6875
-26.375
-14.625
34.962535752573785
17.6875
-26.375
-14.6875
34.988725862768995
17.625
-26.5625
-14.875
35.177729549389625
17.8125
-26.6875
-14.9375
35.39260825016998
17.6875
-27.0
-14.875
35.540305024718066
17.8125
-27.3125
-14.875
35.84024884818742
18.0
-27.1875
-14.8125
35.81299083433273
17.875
-27.1875
-14.6875
35.698717589011515
17.6875
-27.3125
-14.625
35.675074456824895
17.5625
-27.4375
-14.5
35.65820820652659
17.375
-27.4375
-14.4375
35.5407996181853
17.1875
-27.375
-14.4375
35.40116082136291
17.1875
-27.1875
-14.625
35.33356672485811
16.875
-27.3125
-14.5
35.22766357921002
16.625
-27.5625
-14.375
35.2522716466613
16.625
-27.625
-14.375
35.30115968350049
16.625
-27.625
-14.4375
35.326656454439615
16.625
-27.75
-14.375
35.39906425316918
16.875
-27.5625
-14.375
35.370858856550264
17.0
-27.75
-14.25
35.526398635380986
17.0625
-27.75
-14.25
35.556348325580345
17.375
-27.6875
-14.25
35.658810709977416
17.375
-27.3125
-14.3125
35.393656741003745
17.4375
-27.3125
-14.25
35.399174601959295
17.6875
-27.125
-14.1875
35.353902719501846
18.0
-26.9375
-14.4375
35.46928689020967
17.875
-26.9375
-14.25
35.329973552919625
18.0
-26.75
-14.0625
35.175508613949
18.1875
-26.5625
-13.8125
35.03051125447643
18.25
-26.5
-13.9375
35.065173694849996
18.4375
-26.375
-13.8125
35.01952580347141
18.4375
-26.1875
-14.0
34.95320532512004
18.1875
-26.375
-14.0625
34.98827928749855
18.0625
-26.375
-13.875
34.84838814421694
18.0625
-26.1875
-14.0
34.75685633799467
18.1875
-26.1875
-14.0
34.821980306984265
18.0
-26.5
-14.0
34.96069221282668
17.8125
-26.3125
-13.875
34.6720123082004
17.875
-26.5
-13.8125
34.82169986158057
18.0
-26.375
-13.8125
34.79117389870598
18.0625
-26.5
-13.875
34.94308989270983
18.25
-26.3125
-14.0625
34.973762487041625
18.25
-26.375
-14.25
35.09651870200234
18.25
-26.375
-14.4375
35.17306542299093
18.1875
-26.125
-14.4375
34.95342883752608
18.1875
-26.3125
-14.5
35.11955028897722
18.0
-26.1875
-14.8125
35.05988180955549
17.6875
-26.375
-14.875
35.06784718584818
17.375
-26.375
-15.0
34.96471435604759
17.0
-26.75
-14.6875
34.93258015449188
16.875
-26.9375
-14.625
34.98978645619319
16.6875
-27.125
-14.5
34.99268896855456
16.5
-27.375
-14.5
35.098299460230265
16.1875
-27.6875
-14.5
35.19776715219305
15.875
-27.75
-14.375
35.053084743000866
15.8125
-27.8125
-14.1875
34.99793520695185
15.8125
-27.9375
-14.1875
35.0973534436715
15.5
-27.9375
-14.0625
34.90713125566179
15.25
-28.1875
-13.8125
34.89817778194157
14.8125
-28.3125
-13.5625
34.712378465757716
14.875
-28.4375
-13.25
34.720592322856476
14.8125
-28.375
-12.9375
34.5243347148066
15.0
-28.625
-12.6875
34.718342144319045
14.875
-28.9375
-12.3125
34.788535288223905
15.1875
-28.9375
-11.9375
34.792858013534904
15.3125
-29.0
-12.125
34.964099891889106
15.5
-28.9375
-11.9375
34.930399546813085
15.6875
-29.0
-12.125
35.129948494838416
15.6875
-29.125
-12.3125
35.298171871925604
15.875
-29.125
-12.5625
35.469672344835665
15.5
-29.125
-12.875
35.41583332352918
15.625
-28.75
-13.3125
35.32599299736668
15.4375
-28.75
-13.3125
35.24346127297942
15.25
-28.625
-13.125
34.98883750569601
15.25
-28.75
-13.4375
35.20925171386066
15.25
-28.5625
-13.4375
35.05631629963422
15.125
-28.3125
-13.5625
34.846874859878035
15.3125
-28.1875
-13.4375
34.778933548198395
15.8125
-27.75
-13.25
34.57831916461527
16.0625
-27.6875
-13.125
34.59576834672125
16.25
-27.375
-12.9375
34.36323662360692
16.625
-27.1875
-12.9375
34.393744889150994
16.875
-26.75
-12.6875
34.077863507708344
17.25
-26.5625
-12.5625
34.072647571035624
17.625
-26.3125
-12.125
33.91170751009155
17.6875
-25.9375
-11.875
33.565118612929105
17.8125
-25.9375
-11.5
33.50058301731479
17.875
-25.9375
-11.125
33.40711236024449
18.25
-26.0
-11.25
33.699035594509226
18.3125
-26.125
-11.25
33.82936270830416
18.3125
-26.3125
-11.0
33.892407888788306
18.1875
-26.1875
-10.875
33.68732606634133
18.0625
-26.375
-10.875
33.76625765834881
18.1875
-26.5625
-10.8125
33.959707283043535
18.1875
-26.5625
-11.0
34.01987011292077
18.0625
-26.5
-11.125
33.94509583503926
18.0
-26.1875
-11.125
33.66824588911635
18.0625
-26.125
-11.0625
33.63255026756074
18.1875
-25.8125
-11.5
33.60536136541311
18.25
-26.125
-11.5
33.87961223213749
18.25
-25.9375
-11.75
33.821278897315516
18.0625
-25.9375
-11.9375
33.78626523825917
17.875
-26.0
-12.0625
33.77898061294923
17.875
-26.125
-12.0625
33.87528828290617
17.625
-26.3125
-12.125
33.91170751009155
17.375
-26.375
-12.125
33.83115243381461
17.25
-26.5625
-12.1875
33.93617630936049
17.0625
-26.5
-12.1875
33.79221896383841
16.6875
-26.6875
-12.1875
33.75248833419545
16.5
-26.75
-12.1875
33.709756098939664
16.4375
-26.75
-12.0625
33.63417625719411
16.25
-26.75
-11.9375
33.4981925818394
16.125
-26.8125
-11.875
33.46552563833414
16.0625
-26.75
-11.9375
33.40763853522125
15.875
-26.6875
-11.5
33.11326443058733
16.0
-26.6875
-11.25
33.08753777859574
16.125
-26.6875
-10.875
33.022778596750456
16.25
-26.5625
-10.5625
32.88153452167341
16.3125
-26.75
-10.5625
33.06397681011769
16.3125
-26.9375
-10.375
33.15670652371855
16.4375
-26.75
-10.0
32.95078005525818
16.625
-26.75
-9.625
32.93317096788586
16.6875
-26.875
-9.5
33.03011173535445
17.0
-26.75
-9.3125
33.03460543505855
17.0
-26.6875
-9.1875
32.94894250958595
17.0625
-26.6875
-9.125
32.96387700953879
17.0
-26.3125
-8.75
32.52553083732839
17.0
-26.125
-8.875
32.40804298318552
16.875
-25.9375
-9.1875
32.278935662440915
16.625
-25.9375
-9.1875
32.14894535595219
16.625
-25.75
-9.375
32.05220351239521
16.5
-25.5625
-9.5
31.8738357630518
16.8125
-25.5625
-9.625
32.0740110915364
16.6875
-25.6875
-9.5625
32.089900572454255
16.8125
-25.75
-9.75
32.261202027357875
17.0625
-25.5
-9.8125
32.21279346005248
17.0625
-25.5625
-9.625
32.205759383998384
17.375
-25.3125
-9.75
32.21297535543713
17.625
-25.375
-9.9375
32.45435496585936
17.5625
-25.3125
-9.8125
32.3334071627164
17.4375
-25.125
-9.625
32.0620126668617
17.625
-24.9375
-9.9375
32.1134463659695
17.625
-24.8125
-10.0
32.03592953622542
17.8125
-24.8125
-9.8125
32.08162197816688
17.875
-24.6875
-9.8125
32.01989127870362
18.1875
-24.5625
-9.5
32.00549269266136
17.8125
-24.1875
-9.125
31.39404302570792
18.0625
-24.375
-9.3125
31.735109697305287
18.25
-24.375
-9.1875
31.805868660516097
18.25
-24.125
-8.9375
31.542939483345556
18.375
-24.3125
-8.6875
31.689287424932736
18.1875
-24.375
-8.5
31.578090209035757
18.0625
-24.5625
-8.25
31.58532590460323
17.875
-24.75
-8.25
31.625
18.1875
-24.8125
-8.25
31.85133925755713
18.0
-24.75
-7.8125
31.58476937148663
17.8125
-24.75
-7.875
31.493861008933155
17.875
-24.9375
-7.8125
31.661170027337903
17.8125
-24.4375
-7.8125
31.233182975002723
17.6875
-24.25
-7.875
31.03104544242749
17.875
-24.125
-7.6875
30.99401403900437
17.6875
-24.0
-7.5625
30.757748007615902
17.4375
-24.3125
-7.0625
30.741551176705446
17.3125
-24.3125
-7.25
30.71453747820403
17.1875
-24.1875
-6.9375
30.472515792923957
17.0
-24.3125
-6.8125
30.438590842875758
16.875
-24.5625
-6.8125
30.56946495279235
16.6875
-25.0
-6.75
30.80641420629801
16.5
-25.1875
-6.75
30.858105195393964
16.4375
-25.375
-6.625
30.951133359701064
16.3125
-25.375
-6.75
30.911984427564658
16.3125
-25.5
-6.625
30.987711778219442
16.0625
-25.625
-6.75
30.98720754198416
16.0
-25.75
-6.75
31.05841270895858
16.0
-25.75
-6.625
31.031486026292715
15.8125
-25.5625
-6.5625
30.76593845066326
15.875
-25.75
-6.5625
30.95390978939494
16.0625
-25.875
-6.625
31.16745347714503
16.0625
-25.75
-6.625
31.063757519817205
16.0
-25.6875
-6.375
30.927144731610774
16.25
-25.75
-6.1875
31.07105013111079
16.1875
-25.375
-5.9375
30.6786519830973
16.3125
-25.5
-5.8125
30.824224442798233
16.4375
-25.5
-5.6875
30.867281423863684
16.4375
-25.125
-5.5625
30.5351999747832
16.625
-24.9375
-5.5625
30.482961429296857
16.625
-25.0
-5.375
30.500512290779643
16.6875
-25.0
-5.375
30.53462430176602
16.875
-24.9375
-5.3125
30.575597909117
17.0625
-25.0
-5.5
30.763272034196884
17.0625
-25.0
-5.3125
30.730303651282068
17.25
-25.0
-5.125
30.80305382587902
17.25
-25.3125
-5.0
31.036835474158767
17.0625
-25.3125
-4.6875
30.88404472782022
17.25
-24.8125
-4.6875
30.58096323695511
17.4375
-24.6875
-4.5
30.557962342080337
17.375
-24.5
-4.4375
30.361686897305294
17.4375
-24.375
-4.1875
30.261232418723466
17.4375
-24.1875
-4.0625
30.093279461534266
17.5
-23.8125
-4.1875
29.8466130825593
17.625
-23.6875
-4.0625
29.803392214645633
17.875
-23.5
-4.1875
29.82114654485974
18.0625
-23.5
-4.25
29.942718751810098
17.875
-23.5
-4.3125
29.838955766748942
18.0
-23.3125
-4.5
29.794674964664406
18.0625
-23.1875
-4.625
29.754070099735934
18.375
-22.9375
-4.75
29.77132901383477
18.5625
-22.9375
-4.625
29.86780771164834
18.4375
-22.625
-4.5
29.531035052127788
18.375
-22.75
-4.3125
29.560121468796435
18.1875
-23.125
-4.3125
29.734633636552513
18.375
-22.8125
-4.25
29.599210821405357
18.375
-22.8125
-4.1875
29.59030140941454
18.25
-22.75
-4.1875
29.464557628615434
17.875
-22.8125
-3.8125
29.23116380680044
18.0
-23.0
-4.0
29.478805945967352
18.1875
-23.0
-4.1875
29.619593388498767
18.0625
-22.9375
-4.25
29.50331019563737
18.375
-22.5625
-4.1875
29.39799631777649
18.25
-22.75
-4.375
29.49178911154764
18.375
-22.6875
-4.1875
29.49404071164207
18.375
-22.75
-4.0
29.51615024016513
18.4375
-22.9375
-4.0625
29.70815071238868
18.25
-22.75
-4.0
29.43849520610726
18.25
-22.9375
-4.0
29.583634094715276
