-19.375
23.4375
-17.4375
35.05386480118847
-19.25
23.4375
-17.8125
35.17334306687381
-19.375
23.4375
-17.875
35.273540455276105
-19.75
23.5625
-18.0
35.6265898768041
-19.8125
23.4375
-18.0625
35.610468527527125
-19.625
23.375
-18.1875
35.52909239271389
-19.625
23.375
-18.25
35.561126950646546
-19.9375
23.4375
-18.0
35.64856676642134
-20.0
23.625
-18.0625
35.83845045827177
-20.0
23.8125
-17.6875
35.7754498574092
-20.125
23.8125
-17.625
35.81468143443412
-20.0
23.9375
-17.375
35.70566525427022
-19.9375
24.0
-17.25
35.652018263346605
-20.0
24.25
-17.375
35.91591743224723
-19.8125
24.25
-17.375
35.81184554375828
-19.5625
24.4375
-17.375
35.80186360372878
-19.375
24.25
-17.375
35.57167061019204
-19.0
24.25
-17.75
35.554535575647726
-18.8125
24.375
-17.8125
35.57156079651271
-18.5
24.4375
-18.0
35.544920962776104
-18.4375
24.25
-18.1875
35.47941744871243
-18.3125
24.0625
-18.3125
35.351085114180016
-18.25
24.0625
-18.3125
35.31874944700053
-18.1875
24.0625
-18.6875
35.482555132769114
-18.0
24.0625
-19.125
35.61979128588487
-18.0
24.0625
-19.0625
35.58627280989118
-17.6875
24.0
-19.3125
35.5221101921043
-17.5
23.9375
-19.75
35.62746701984299
-17.5
24.25
-19.9375
35.941847563112276
-17.375
24.375
-20.0
36.00043402516142
-17.25
24.4375
-20.1875
36.087242378713285
-17.25
24.4375
-20.1875
36.087242378713285
-17.4375
24.8125
-20.125
36.397007947082685
-17.6875
24.9375
-20.25
36.671365702684156
-17.8125
24.9375
-20.4375
36.83551911877991
-18.1875
24.9375
-20.375
36.98384360095635
-18.0625
24.625
-20.625
36.85152854699517
-18.375
24.5625
-20.625
36.964140139464895
-18.625
24.25
-21.0
37.09384214394621
-18.6875
24.125
-21.0
37.043734709799445
-19.0
23.625
-21.0625
36.91570846198133
-19.1875
23.25
-21.1875
36.846069159409666
-19.25
23.1875
-21.3125
36.91131686217656
-19.25
23.0
-21.4375
36.86636551451743
-19.375
22.8125
-21.3125
36.7426650843403
-19.375
22.6875
-21.3125
36.66518699665938
-19.4375
22.5625
-21.25
36.58476885945844
-19.625
22.5625
-21.3125
36.720970677529756
-19.4375
22.5625
-21.4375
36.69399431446514
-19.375
22.4375
-21.4375
36.58412821839548
-19.4375
22.4375
-21.1875
36.47146787216001
-19.5625
22.375
-21.25
36.536208495819594
-19.75
22.375
-21.25
36.63694344510743
-19.75
22.25
-21.625
36.77996227567397
-19.5625
22.375
-21.875
36.903220133885334
-19.25
22.25
-21.9375
36.6998488586806
-19.1875
22.1875
-22.0625
36.70421254774443
-19.25
22.4375
-22.3125
37.03851458279611
-19.1875
22.4375
-22.6875
37.233375065255636
-19.1875
22.5625
-22.6875
37.30883566596524
-19.0625
22.625
-22.875
37.396993946706466
-19.0625
22.8125
-22.75
37.43463052442217
-19.25
23.0
-22.375
37.41928814127816
-19.625
23.0
-22.3125
37.576432524256475
-19.9375
23.1875
-22.0625
37.70832757826844
-20.0
23.375
-21.6875
37.63958396754672
-20.375
23.0625
-21.5
37.54023882782314
-20.375
22.9375
-21.5
37.46357606062187
-20.625
22.8125
-21.5
37.52400273491622
-20.8125
22.625
-21.6875
37.62178142379757
-20.9375
22.375
-21.875
37.65016807731408
-20.75
22.25
-21.875
37.47186444520742
-20.75
22.25
-22.125
37.618354894917985
-20.5625
22.1875
-22.375
37.62634964356761
-20.5625
22.375
-22.375
37.73721844876752
-20.5625
22.5625
-22.5
37.92272158614147
-20.1875
22.4375
-22.5625
37.6834574946355
-19.9375
22.625
-22.6875
37.73747722755192
-19.75
22.75
-22.875
37.82711494417728
-19.625
23.0625
-23.3125
38.21638637417201
-19.375
23.1875
-23.625
38.35611302321965
-19.375
23.0
-23.9375
38.43689023906591
-19.0
23.1875
-23.9375
38.3622739485031
-18.8125
23.3125
-24.1875
38.50218135054168
-18.6875
23.4375
-24.375
38.63521305104969
-18.625
23.4375
-24.4375
38.64451367917573
-18.375
23.75
-24.5
38.75503999481874
-18.1875
23.5625
-24.5
38.55160907796197
-18.0
23.625
-24.375
38.42240557279047
-17.8125
24.0
-24.375
38.567159361949386
-17.8125
24.1875
-24.5
38.763001850991884
-17.75
24.25
-24.375
38.694516730410264
-17.75
24.5625
-24.0625
38.6960309657205
-17.75
24.75
-24.0
38.776603770830675
-17.75
24.8125
-24.0625
38.855199941577965
-17.875
24.9375
-24.1875
39.069549363922796
-18.0625
24.8125
-24.25
39.11491483436976
-18.0625
24.4375
-24.0625
38.76143984361262
-18.1875
24.375
-24.1875
38.85821583011757
-18.1875
24.4375
-24.4375
39.053398939785
-18.25
24.375
-24.625
39.16112549455136
-18.25
24.25
-24.5
39.0048073960121
-18.5
24.1875
-24.625
39.16217283616934
-18.4375
24.25
-24.625
39.17134834608071
-18.4375
24.4375
-24.6875
39.32690515092689
-18.4375
24.5625
-24.9375
39.561808840724154
-18.375
24.375
-25.0625
39.49569794610547
-18.4375
24.25
-25.25
39.56723905265567
-18.4375
24.25
-25.25
39.56723905265567
-18.5625
24.25
-25.375
39.70540934494946
-18.4375
24.375
-25.3125
39.683808883472864
-18.4375
24.25
-25.375
39.64712513222113
-18.25
24.0
-25.6875
39.609470537360124
-18.375
24.0
-25.9375
39.829568554655474
-18.1875
23.875
-26.1875
39.83197129819211
-18.0
23.875
-26.1875
39.746707803917545
-17.8125
23.8125
-26.625
39.91504650504619
-17.6875
23.8125
-26.75
39.94302583055019
-17.5
23.8125
-26.9375
39.986423477225365
-17.25
23.8125
-26.9375
39.87764489660842
-17.375
24.0
-27.0
40.08604027588657
-17.1875
23.8125
-27.0
39.89292308793629
-17.0
23.8125
-27.125
39.897378125009666
-16.8125
23.75
-27.4375
39.994237866222676
-16.625
23.875
-27.375
39.94742638769111
-16.375
23.5625
-27.625
39.83054928380978
-16.1875
23.375
-27.6875
39.686564949614876
-16.375
23.25
-28.0
39.9086848317506
-16.1875
23.0
-28.0625
39.73083264292356
-15.875
23.0625
-28.0
39.596647979974264
-16.25
23.25
-28.0
39.857558881597356
-16.375
23.1875
-28.0
39.872305943474096
-16.375
22.75
-28.25
39.796552928614304
-16.4375
22.9375
-28.3125
39.97396613734995
-16.625
23.0625
-28.75
40.43305617004483
-16.4375
23.0625
-28.875
40.44546868933527
-16.5625
23.1875
-28.9375
40.61225761700524
-16.625
23.4375
-29.375
41.09254988741876
-16.375
23.375
-29.375
40.95634108413495
-16.4375
23.4375
-29.5
41.106663845415625
-16.4375
23.5625
-29.5
41.1780622722828
-16.1875
23.625
-29.5625
41.159654851565506
-16.25
23.5625
-29.5
41.10357534631264
-16.375
23.4375
-29.5625
41.126614709941784
-16.25
23.25
-29.5625
40.970311278412325
-16.3125
22.9375
-29.6875
40.909341460722636
-16.3125
22.9375
-29.75
40.954719660864484
-16.5
22.75
-29.625
40.83446001846969
-16.5
22.625
-29.5625
40.719553426455946
-16.6875
22.625
-29.5
40.750623078058574
-16.4375
22.375
-29.3125
40.37393574448743
-16.1875
22.375
-29.375
40.31831353429853
-16.1875
22.5625
-29.5
40.5135972545021
-16.25
22.5625
-29.75
40.72089643229874
-16.4375
22.1875
-30.0
40.77347866567188
-16.5
22.0625
-30.1875
40.869170073540765
-16.625
22.0625
-30.375
41.05831409410279
-16.5
21.75
-30.4375
40.8870872800937
-16.5
22.0625
-30.5625
41.14693563924293
-16.6875
22.0625
-30.4375
41.12989142643097
-16.8125
22.0
-30.375
41.1011043799312
-16.5
22.0
-30.125
40.78928321262829
-16.4375
22.25
-30.1875
40.94556218322079
-16.0625
22.375
-30.375
41.00347736777943
-16.0625
22.375
-30.375
41.00347736777943
-16.25
22.375
-30.625
41.26249810663431
-16.4375
22.1875
-30.8125
41.374952794535005
-16.6875
21.6875
-31.0625
41.39685034818471
-16.625
21.4375
-31.0625
41.24119224149564
-16.6875
21.375
-31.0625
41.233993106416456
-16.8125
21.0625
-30.875
40.98237044754732
-17.0
21.0
-30.8125
40.98060707517642
-16.875
20.875
-31.0
41.0064781467514
-16.6875
20.875
-30.875
40.83508180780345
-16.875
20.75
-31.0625
40.99032850868605
-16.8125
20.875
-31.0625
41.02809631825488
-16.875
20.875
-31.3125
41.24322861088836
-17.1875
20.6875
-31.25
41.2303930674933
-16.8125
20.6875
-31.5
41.26600068458294
-16.8125
20.4375
-31.5
41.14123919499752
-16.6875
20.25
-31.625
41.0935004745276
-16.8125
20.1875
-31.8125
41.258095796461575
-16.4375
19.875
-31.8125
40.95414737850124
-16.25
19.8125
-31.875
40.897595054599485
-16.0625
20.0625
-31.875
40.94537138065791
-16.0625
20.1875
-32.125
41.20139181508314
-16.4375
20.1875
-31.8125
41.106711358973975
-16.4375
20.375
-31.8125
41.19911634367902
-16.75
20.5625
-31.625
41.27371477405444
-16.875
20.5625
-31.5
41.22901928557118
-17.0625
20.875
-31.4375
41.41510518518575
-17.25
21.0625
-31.1875
41.39869034764264
-17.25
21.0
-31.25
41.41406765822454
-17.0
21.0625
-31.0625
41.20082295901381
-17.0625
21.0625
-31.3125
41.41534098314295
-17.0
21.0
-31.3125
41.35786087613817
-16.875
21.0625
-31.3125
41.338446844311896
-16.6875
21.1875
-31.25
41.2788724712776
-16.5625
21.0
-31.25
41.13245563116795
-16.4375
20.8125
-31.3125
41.034427237991274
-16.5
20.75
-31.25
40.980178135288774
-16.6875
20.8125
-31.5
41.27811541846357
-16.4375
20.75
-31.5
41.146128690923035
-16.25
20.9375
-31.4375
41.118825524326446
-16.25
20.75
-31.4375
41.023668854089586
-16.25
20.4375
-31.6875
41.05912276827161
-16.3125
20.5625
-31.8125
41.24256561793895
-16.5
20.8125
-31.875
41.490068465236355
-16.625
20.625
-31.6875
41.30228693728714
-16.5
20.4375
-31.625
41.110607283887205
-16.625
20.5625
-31.375
41.03166650588299
-16.6875
20.375
-31.4375
41.011336085282565
-16.8125
20.5625
-31.4375
41.15571611271027
-16.875
20.75
-31.25
41.13259808229964
-16.8125
20.625
-31.1875
40.99647469600283
-16.4375
20.5625
-31.1875
40.81259571198578
-16.5
20.6875
-31.3125
40.99628413039406
-16.625
20.6875
-31.25
40.999094883302
-16.4375
20.8125
-31.6875
41.32129255904273
-16.5
20.875
-31.625
41.32984696318146
-16.375
20.4375
-31.625
41.060597368401744
-16.4375
20.4375
-31.75
41.18185659365056
-16.6875
20.25
-31.5
40.997379870547825
-17.0
20.0
-31.5
41.00304866714181
-16.875
19.8125
-31.6875
41.0048587060119
-17.0625
19.625
-31.875
41.13739364920923
-17.25
19.375
-31.6875
40.951810475850756
-17.375
19.0625
-31.9375
41.052082011756724
-17.5
19.25
-32.25
41.4351903579554
-17.6875
19.1875
-32.3125
41.53438898972754
-17.875
19.1875
-32.6875
41.90642477592189
-18.1875
19.25
-32.6875
42.069232373553
-18.1875
19.25
-32.5
41.92371233860379
-18.1875
19.375
-32.375
41.88456047578869
-18.375
19.4375
-32.3125
41.947046230932635
-18.4375
19.75
-32.25
42.0721571380646
-18.6875
19.75
-32.0625
42.03913727111916
-18.625
19.625
-31.875
41.809650500811415
-18.5625
19.4375
-31.875
41.69410554862642
-18.25
19.25
-32.0
41.56470858793551
-18.375
19.1875
-32.0
41.59087377358163
-18.4375
19.0
-32.0625
41.580588169240706
-18.5625
18.8125
-32.0625
41.55093824151267
-18.6875
18.4375
-31.9375
41.34208471702897
-18.625
18.3125
-31.8125
41.16155290437911
-18.8125
18.125
-31.625
41.0190980672418
-18.6875
18.1875
-31.25
40.700986628090476
-18.875
18.375
-31.1875
40.82360109360761
-19.0
18.4375
-31.1875
40.90967565869962
-18.8125
18.5625
-30.875
40.641631211111594
-18.875
18.625
-30.8125
40.65177002603946
-18.625
18.8125
-30.8125
40.62278840133946
-18.5625
18.9375
-31.0
40.79455003428767
-18.4375
19.25
-31.1875
41.02638251783844
-18.5
19.4375
-31.3125
41.23759283105647
-18.375
19.5625
-31.3125
41.240813370979964
-18.1875
19.5625
-31.625
41.395859545369994
-18.0625
19.5625
-31.8125
41.48470162300797
-17.8125
19.4375
-31.9375
41.41383185301741
-17.625
19.4375
-31.9375
41.33353284562064
-17.4375
19.5625
-32.125
41.45809254536441
-17.1875
19.4375
-32.0625
41.24597518243447
-16.8125
19.625
-32.0625
41.18014919229895
-16.8125
19.625
-32.0625
41.18014919229895
-16.5
19.8125
-31.875
40.99757043106335
-16.625
19.75
-31.75
40.92084584902907
-16.375
19.8125
-31.6875
40.801635230711035
-16.25
19.8125
-31.625
40.70305002392327
-16.1875
19.875
-31.4375
40.563125958190156
-16.0625
19.8125
-31.3125
40.385786097957784
-16.0625
19.8125
-31.3125
40.385786097957784
-16.25
19.875
-31.0625
40.29835022987914
-16.6875
19.8125
-30.8125
40.25441551867323
-16.5
20.0
-30.5625
40.07887730775402
-17.0
20.1875
-30.4375
40.28618327044646
-17.375
20.0625
-30.25
40.24247794619511
-17.5
20.1875
-30.1875
40.31216085128655
-17.625
20.375
-30.1875
40.46067728362935
-17.875
20.0
-30.0
40.24320594833369
-17.625
19.875
-29.9375
40.02386983101459
-17.4375
19.875
-29.9375
39.94165666944725
-17.4375
19.875
-30.0
39.988523744319444
-17.375
19.8125
-29.9375
39.88332593327693
-17.1875
19.875
-30.0
39.880142693450836
-17.1875
19.4375
-30.125
39.75854860907274
-17.1875
19.25
-29.9375
39.525011859580765
-17.0
19.375
-30.0
39.5523782470789
-17.25
19.1875
-30.375
39.854275570508115
-17.0625
19.0
-30.375
39.683365926418084
-17.25
18.75
-30.375
39.64549942931732
-17.25
18.75
-30.3125
39.5976344779584
-17.375
18.5625
-30.1875
39.46824277187927
-17.0625
18.8125
-30.0
39.30698490726553
-17.25
18.625
-30.1875
39.44284829027944
-17.25
18.5625
-30.125
39.36552465355949
-17.0625
18.625
-30.0
39.217592114381524
-17.4375
18.625
-30.0
39.38219180352968
-17.25
18.75
-29.9375
39.31130761307744
-17.3125
18.75
-29.9375
39.33877301721547
-17.4375
18.8125
-29.8125
39.32889165422794
-17.6875
18.625
-29.75
39.303953761040376
-17.6875
18.9375
-29.375
39.17099931709683
-17.8125
18.9375
-29.5
39.32129273688748
-18.0625
19.0
-29.25
39.278701687428516
-18.0625
19.0
-29.125
39.18570570054851
-18.1875
19.0625
-29.0625
39.227451723888464
-17.875
19.0625
-29.125
39.13004160807908
-17.6875
19.0
-29.3125
39.15444179783438
-17.6875
19.0625
-29.25
39.13807688811498
-17.4375
19.1875
-29.3125
39.13373504727092
-17.5
19.25
-29.125
39.052248654847006
-17.0
19.1875
-29.375
38.98782862958644
-17.0
19.1875
-29.5
39.08209508521773
-17.0625
19.0
-29.6875
39.15962924364836
-17.1875
19.0
-29.875
39.35639441374171
-17.375
19.0625
-29.875
39.468787113996804
-17.25
19.4375
-29.75
39.5024227896214
-17.375
19.375
-29.875
39.62066222313807
-17.1875
19.25
-29.875
39.4776934641577
-17.3125
19.375
-29.875
39.5932937029745
-17.0625
19.75
-29.875
39.66997644630004
-17.0
20.25
-29.6875
39.754372794071344
-17.0
20.25
-29.3125
39.47512072495789
-16.6875
20.25
-29.0625
39.15563896171278
-16.875
20.1875
-29.0625
39.203694819493734
-17.0625
20.375
-28.875
39.24328167024262
-17.25
20.75
-28.625
39.33847512296327
-17.4375
21.0
-28.1875
39.237756848474405
-17.4375
20.8125
-27.75
38.8238208127433
-17.75
20.875
-27.5625
38.86540275424918
-17.625
21.1875
-27.625
39.02167867032376
-17.8125
21.625
-27.5625
39.3016181282654
-17.6875
21.75
-27.5625
39.31413947296824
-17.625
21.875
-27.4375
39.26795966497368
-17.5
21.875
-27.5
39.255771868605514
-17.5
21.75
-27.6875
39.31806399417449
-17.625
21.9375
-28.0
39.69753810061778
-17.375
21.8125
-28.3125
39.74007344608211
-17.375
21.8125
-28.3125
39.74007344608211
-17.5
21.625
-28.5
39.82638101811411
-17.4375
21.75
-28.5
39.86701526638281
-17.5
21.75
-28.625
39.98378577623685
-17.5
21.75
-28.8125
40.118233463725694
-17.625
21.75
-28.8125
40.172917260886095
-17.625
21.75
-28.625
40.03865319912747
-17.8125
21.625
-28.1875
39.742432455751874
-17.875
21.625
-28.0625
39.68198780618229
-17.6875
21.8125
-28.0
39.656434692241305
-17.5
21.8125
-27.875
39.48481709784154
-17.25
21.9375
-27.6875
39.31175476241172
-17.25
22.0625
-27.375
39.16257181608481
-17.0
22.375
-27.375
39.230488781048855
-17.0
22.625
-27.375
39.37361108661485
-16.6875
22.75
-27.6875
39.530150676414074
-16.6875
23.0
-27.875
39.80563127561225
-16.6875
23.0625
-28.0625
39.97318437090045
-16.875
23.25
-28.0625
40.1600800702638
-17.0625
23.1875
-28.25
40.33424800960097
-17.0625
23.0625
-28.4375
40.394296859210215
-17.1875
23.0625
-28.4375
40.447255392053485
-17.0625
23.0625
-28.4375
40.394296859210215
-17.0625
23.0625
-28.25
40.26251746351686
-17.0
23.1875
-28.0625
40.176660668851014
-16.875
23.25
-28.0
40.11643210705558
-16.875
23.25
-28.1875
40.24752515683418
-16.8125
23.375
-28.1875
40.29374563750558
-16.4375
23.375
-28.25
40.182639674989
-16.125
23.4375
-28.3125
40.136388570722204
-15.9375
23.25
-28.4375
40.04070194814272
-15.875
23.375
-28.625
40.221845743327094
-15.625
23.0
-28.6875
39.951386474689464
-15.5
22.625
-28.875
39.82343845023933
-15.4375
22.4375
-29.0625
39.829470480411864
-15.375
22.5625
-29.25
40.012742111107556
-15.4375
22.75
-29.5
40.32528866914656
-15.375
22.75
-29.375
40.20999564784856
-15.25
22.75
-29.375
40.16236577942091
-15.1875
22.8125
-29.5
40.265621968373964
-15.375
23.125
-29.5625
40.559803454282175
-15.375
23.4375
-29.5
40.69345194561405
-15.375
23.75
-29.3125
40.739118562506974
-15.25
23.8125
-29.25
40.683659572978435
-15.1875
23.75
-29.0625
40.48890665972595
-15.25
23.625
-29.0625
40.43923875705377
-15.375
24.0
-29.1875
40.79584269567182
-15.375
24.0
-29.125
40.75115029051327
-15.25
23.9375
-28.875
40.48866546639936
-15.0
24.0
-28.6875
40.29854409590997
-14.875
24.0
-28.6875
40.25218355878349
-14.875
24.0625
-28.5
40.15618920228861
-14.8125
24.0
-28.3125
39.962580153188306
-14.8125
24.0625
-28.0625
39.82358558379695
-14.875
24.0625
-27.875
39.71504949323367
-14.875
24.1875
-27.875
39.79090858789228
-14.625
24.4375
-28.25
40.1141437805919
-14.6875
24.4375
-28.3125
40.18098703055961
-14.625
24.1875
-28.6875
40.272800219254684
-14.6875
24.0625
-28.9375
40.39932510265487
-15.0
24.0625
-29.375
40.82761971080362
-14.875
23.875
-30.125
41.21646364015234
-14.8125
23.625
-30.375
41.23337733256882
-14.875
23.4375
-30.75
41.426374826310834
-15.1875
23.0
-30.625
41.201344410710675
-15.375
23.0
-30.625
41.27082807504594
-15.5625
23.0
-30.4375
41.202339891079
-15.1875
23.0
-30.5625
41.15490933655425
-15.0
23.25
-30.3125
41.04156620123067
-15.0
23.625
-30.0
41.02609687747544
-15.1875
23.75
-30.0
41.1670093187494
-15.1875
23.75
-29.5
40.80407646608363
-15.25
24.0625
-29.5
41.00995496522765
-15.0625
24.0
-29.5625
40.9489964773253
-15.0625
24.0625
-29.6875
41.0759110519779
-15.3125
23.9375
-29.5625
41.00509686307301
-15.5
24.0
-29.75
41.24696958565562
-15.8125
23.75
-29.75
41.220870396560045
-15.875
23.8125
-29.6875
41.2358877375036
-16.0625
23.75
-29.75
41.31741650018791
-16.0
23.625
-29.5625
41.08627546091274
-16.1875
23.5625
-29.9375
41.39420815464405
-16.1875
23.8125
-29.6875
41.35719972084667
-16.375
23.75
-29.5625
41.305502433089956
-16.1875
23.5625
-29.5625
41.123812672829835
-16.0625
23.625
-29.5
41.0657342714093
-15.8125
23.5625
-29.5625
40.97765206487556
-15.6875
23.625
-29.6875
41.05588797602604
-15.6875
23.625
-29.8125
41.14636603030698
-15.625
23.625
-29.5625
40.941698258010746
-15.3125
23.4375
-29.8125
40.89711748705525
-14.9375
23.5625
-30.125
41.05893249342949
-15.0625
23.5625
-30.1875
41.15040059039523
-14.875
23.625
-30.4375
41.30190862720511
-14.625
23.375
-30.5625
41.16245444880565
-14.5
23.25
-30.8125
41.233756271409476
-14.5
23.0625
-30.875
41.17516886729185
-14.3125
23.0
-31.0625
41.215610665135124
-14.4375
22.8125
-31.0625
41.15495679441299
-14.625
22.875
-31.0625
41.25572876886312
-14.5
22.6875
-31.0625
41.10780415565881
-14.5
22.25
-31.1875
40.963064536848314
-14.8125
22.4375
-31.25
41.223950107916636
-14.6875
22.5625
-31.0625
41.105571018415496
-14.625
22.375
-31.375
41.21797999659857
-14.8125
22.375
-31.25
41.18996578354976
-15.0625
22.5625
-31.25
41.382457787086544
-14.9375
22.25
-31.0625
41.02523994445371
-15.25
22.1875
-31.0625
41.10628373497171
-15.4375
22.4375
-30.8125
41.123812672829835
-15.3125
22.25
-31.0
41.116117961816386
-15.3125
22.125
-31.1875
41.190392538794775
-15.3125
22.125
-31.0625
41.09582932001738
-15.3125
22.1875
-31.3125
41.31864553382649
-15.125
21.8125
-31.4375
41.144467276901274
-15.25
21.75
-31.875
41.49265748298125
-15.0625
21.625
-32.0625
41.503294296959126
-14.875
21.375
-32.25
41.45140226819836
-14.875
21.25
-32.125
41.289753571558165
-14.875
21.25
-32.125
41.289753571558165
-14.875
21.1875
-32.3125
41.40378530400331
-14.8125
20.8125
-32.125
41.04370764806708
-14.8125
20.875
-32.0625
41.02657294364227
-14.6875
21.1875
-31.9375
41.04432626746357
-14.5
21.0625
-31.8125
40.815610524650985
-14.4375
21.0625
-31.875
40.84220779414355
-14.4375
21.25
-31.8125
40.890574250064034
-14.25
21.375
-31.6875
40.792778542898986
-14.0625
21.375
-31.625
40.67905058196418
-14.0625
21.375
-31.5
40.58194834221245
-13.9375
21.1875
-31.6875
40.58647211510259
-13.875
20.875
-31.6875
40.402709144932345
-14.0625
20.875
-31.6875
40.467483088277184
-13.9375
21.0
-31.6875
40.48890665972595
-13.6875
20.625
-31.6875
40.20989850148841
-13.75
20.4375
-31.6875
40.13541531490611
-13.875
20.5625
-31.5
40.094663376190105
-13.5625
20.8125
-31.625
40.214949801037925
-13.3125
21.1875
-31.375
40.13132738273181
-13.3125
21.1875
-31.25
40.03367722930283
-13.125
21.4375
-31.3125
40.15351401185206
-13.125
21.5625
-31.25
40.17175041307013
-13.3125
21.875
-31.0625
40.25688993824535
-13.3125
21.875
-31.0625
40.25688993824535
-13.3125
21.8125
-30.875
40.078341251853224
-13.3125
21.6875
-31.0
40.10698583164783
-13.375
21.625
-31.0
40.0940301042437
-13.25
21.6875
-30.8125
39.94146107117265
-13.0625
21.4375
-30.9375
39.84123766589085
-12.9375
21.25
-30.8125
39.60241864457271
-12.875
21.0625
-31.0
39.62820373484016
-12.75
21.1875
-31.0
39.654415343691554
-12.5
21.375
-31.1875
39.82211422375763
-12.5
21.1875
-31.0625
39.62371843353423
-12.5
21.1875
-31.1875
39.72178637095769
-12.875
21.1875
-30.875
39.597239881713975
-12.75
21.375
-30.5625
39.4147121167972
-13.125
21.375
-30.5625
39.53761065428714
-13.4375
21.4375
-30.125
39.34016316056658
-13.6875
21.4375
-30.125
39.42625632113706
-14.3125
21.375
-29.9375
39.471409748069554
-14.625
21.375
-29.5625
39.30295989171808
-14.875
21.375
-29.3125
39.209423691888155
-14.8125
21.1875
-29.5625
39.27164013318008
-15.3125
21.1875
-29.75
39.60360226671306
-15.125
21.25
-29.75
39.56501769240095
-15.0625
21.0625
-29.9375
39.5823409963332
-14.875
20.875
-29.8125
39.31687177599459
-14.6875
20.875
-29.8125
39.246317502410335
-14.875
20.6875
-30.1875
39.50346108254313
-14.875
20.4375
-30.375
39.51705525782507
-14.875
20.375
-30.375
39.484767632594725
-14.8125
20.1875
-30.375
39.36478041981182
-14.875
19.8125
-30.4375
39.24591937386612
-14.8125
19.625
-30.5625
39.22521112116543
-14.875
19.4375
-30.5625
39.15543943694158
-14.8125
19.25
-30.625
39.08789174731735
-14.6875
19.1875
-30.5
38.91185953536531
-14.5
19.1875
-30.5625
38.89057164018035
-14.4375
19.1875
-30.5625
38.86731234276432
-14.6875
19.0
-30.5625
38.868870095489015
-14.75
19.1875
-30.125
38.64244145043116
-14.875
19.4375
-30.0
38.71798072278563
-14.75
19.625
-29.875
38.668058523799715
-14.75
19.6875
-29.6875
38.55525661307418
-14.5625
20.1875
-29.75
38.789999516627994
-14.75
20.1875
-29.5625
38.717425824814335
-15.0625
20.0625
-29.1875
38.48756901585238
-14.8125
20.0625
-28.875
38.15337059160042
-14.625
19.875
-29.3125
38.316170297277885
-14.5
19.5625
-29.5
38.25168501190503
-14.625
19.375
-29.5625
38.25209348846152
-14.6875
19.1875
-29.5625
38.18146433480518
-14.875
18.8125
-29.3125
37.87345293870101
-15.0
18.5625
-28.875
37.46107354641615
-15.0625
18.625
-29.3125
37.85488327151465
-15.3125
18.75
-29.3125
38.01654656199061
-15.8125
18.625
-28.75
37.72914365911318
-16.0625
18.625
-28.4375
37.59768526784595
-16.1875
18.75
-28.25
37.572066169562724
-16.25
18.625
-28.0625
37.39594939629157
-16.4375
18.5625
-28.1875
37.54055099156111
-16.4375
18.5
-28.4375
37.69791522750297
-16.5625
18.3125
-28.0
37.33181032979783
-16.25
18.1875
-28.0625
37.17998873722261
-16.0625
18.125
-28.25
37.20997220168271
-16.0625
18.0
-28.25
37.14924502934077
-16.0625
17.9375
-28.3125
37.166590760385866
-16.0625
17.9375
-28.4375
37.261900364178956
-16.1875
17.9375
-28.0
36.983632359464096
-16.0625
17.9375
-27.875
36.834405621646724
-15.875
18.125
-28.0625
36.9869592728302
-15.875
17.9375
-28.0
36.84792438184273
-15.6875
18.0
-28.0
36.79806593083392
-15.6875
18.1875
-28.0
36.89014519488911
-16.0
18.3125
-28.0
37.08567993511782
-15.875
18.375
-28.0
37.06286888517941
-15.625
18.375
-28.25
37.14624812817574
-15.8125
18.625
-28.5
37.53899014691258
-15.875
18.625
-28.5
37.56535970811407
-16.1875
18.9375
-28.4375
37.806817754870615
-16.5
18.9375
-28.3125
37.848072110742976
-16.8125
18.75
-28.3125
37.89221968293755
-16.875
18.4375
-28.0
37.532746119222345
-17.1875
18.375
-27.75
37.458153735201634
-17.4375
18.375
-27.75
37.57352167750582
-17.4375
17.9375
-27.4375
37.1299975592512
-17.375
17.625
-27.5625
37.04352380983753
-17.25
17.5
-27.8125
37.11263472525226
-17.375
17.375
-27.875
37.159075271055926
-17.25
17.375
-28.0
37.194799703722026
-17.0
17.125
-28.25
37.15276739356033
-17.0625
17.0
-28.5
37.31459374360117
-17.1875
16.75
-28.6875
37.40247735779008
-17.1875
16.8125
-28.75
37.47843129721414
-17.1875
16.75
-28.6875
37.40247735779008
-17.0625
16.625
-28.6875
37.28930392887483
-16.875
16.4375
-28.6875
37.120475313497806
-16.6875
16.4375
-28.75
37.08404727777161
-16.8125
16.8125
-28.9375
37.45262632646742
-16.5625
16.9375
-29.0625
37.49432248687793
-16.375
17.0
-28.9375
37.343266210255365
-16.25
17.0
-29.1875
37.48296488072948
-16.25
17.1875
-29.3125
37.66557197893057
-16.5625
17.375
-29.0625
37.69397746988238
-16.5625
17.625
-28.9375
37.71386929897276
-16.6875
17.5625
-28.875
37.69190480063325
-16.8125
17.375
-28.75
37.56478778390742
-16.8125
17.375
-28.75
37.56478778390742
-16.75
17.5625
-28.875
37.71961732639927
-16.875
17.9375
-28.6875
37.80862583458965
-17.0
18.1875
-28.5
37.84224037038505
-16.875
18.25
-28.625
37.910668023657934
-17.0
18.625
-28.75
38.24203348411274
-16.875
19.0
-28.75
38.37092812273375
-16.8125
19.375
-28.6875
38.48406732012613
-17.0
19.5625
-28.5
38.52196005202747
-17.0625
20.0
-28.3125
38.63581968199976
-17.0
20.0
-28.4375
38.70001816860039
-17.1875
20.0
-28.4375
38.78274825872968
-17.1875
20.0625
-28.25
38.67785622937238
-17.0
19.9375
-28.0
38.347149910390996
-17.0625
20.0
-28.0
38.407406919108716
-17.0
20.1875
-28.0
38.47772285686875
-16.875
20.0625
-28.25
38.540005594836124
-17.0
19.875
-28.625
38.77378302410019
-17.0
19.8125
-28.5
38.649516895428334
-17.0
19.4375
-28.75
38.64426097430251
-17.0
19.0625
-29.25
38.83222123765263
-17.25
18.875
-29.6875
39.181319289299076
-17.25
18.5625
-29.9375
39.22222345176265
-17.0
18.375
-30.3125
39.31269872763761
-16.8125
18.25
-30.5625
39.367360369981625
-16.625
18.0
-30.5625
39.172146114937334
-16.625
17.9375
-30.75
39.290037302731086
-16.4375
17.9375
-30.625
39.11311720510141
-16.3125
17.75
-30.625
38.97500200449001
-16.0625
17.8125
-30.5625
38.85042430591975
-16.0625
17.8125
-30.3125
38.654064711877325
-16.6875
17.4375
-30.375
38.79664531244937
-16.875
17.5625
-30.1875
38.78778399831576
-17.0
17.4375
-30.125
38.73734672444668
-17.0625
17.4375
-30.3125
38.91070506621539
-17.25
17.375
-30.625
39.2089753755438
-17.4375
17.5625
-30.9375
39.61864105127787
-17.625
17.25
-30.8125
39.46660970047972
-17.625
17.1875
-30.875
39.48818058925987
-17.4375
17.0625
-30.75
39.25248797847087
-17.6875
16.9375
-30.75
39.31016487500402
-17.8125
17.0
-30.75
39.39349763920437
-17.875
16.8125
-30.625
39.24367982554643
-17.625
17.0
-30.4375
39.06509991347776
-17.5625
17.125
-30.3125
38.99429044744884
-17.625
17.375
-30.375
39.181269440894845
-17.75
17.625
-30.75
39.63919304173585
-17.4375
18.0
-30.5625
39.52382588388933
-17.25
18.125
-30.375
39.353764114757816
-17.25
18.375
-30.4375
39.51764835171749
-17.25
18.4375
-30.0
39.21101766404438
-17.5625
18.625
-29.9375
39.39017564698081
-17.5625
18.8125
-29.875
39.4318042638173
-17.1875
19.0
-29.875
39.35639441374171
-17.0
19.0625
-29.5625
39.06814959145109
-16.875
19.0625
-29.9375
39.298835065431646
