18.437988
11.407043
-30.302841
37.26046544470761
19.872375
8.557037
-27.509094
34.998350268039424
20.589554
9.2695465
-28.90596
36.67981313210647
19.155182
12.119537
-29.6044
37.28571752622326
18.437988
11.407043
-26.810654
34.480302135444845
19.155182
10.694534
-28.20752
35.734552634014115
19.155182
11.407043
-28.20752
35.954218258041365
19.155182
11.407043
-27.509094
35.408923594444204
19.872375
12.8320465
-27.509094
36.281165885992074
19.155182
13.54454
-26.112213
35.103036115573396
22.023926
12.8320465
-26.810654
36.99359240336426
20.589554
13.54454
-26.112213
35.905876031559934
20.589554
12.8320465
-27.509094
36.67889459340003
20.589554
11.407043
-27.509094
36.20497945185683
19.872375
14.257034
-27.509094
36.80929991927142
22.023926
12.8320465
-27.509094
37.50286610141033
20.589554
14.969543
-26.810654
36.97063868801836
19.872375
14.257034
-26.810654
36.290294482586006
21.306747
14.257034
-25.413773
36.09848115637104
19.872375
12.8320465
-25.413773
34.71934067904372
20.589554
13.54454
-25.413773
35.40118840695888
19.872375
13.54454
-26.112213
35.49948764485024
21.306747
13.54454
-25.413773
35.82306508644256
20.589554
12.8320465
-25.413773
35.13475384479554
21.306747
12.8320465
-26.810654
36.57116450486896
17.72081
13.54454
-25.413773
33.81333394881929
19.872375
11.407043
-26.810654
35.268160423368236
19.872375
12.8320465
-26.112213
35.23379641986157
19.155182
13.54454
-25.413773
34.586635447272116
20.589554
13.54454
-25.413773
35.40118840695888
20.589554
12.8320465
-24.715332
34.63291383500852
19.155182
13.54454
-26.112213
35.103036115573396
20.589554
12.8320465
-25.413773
35.13475384479554
21.306747
12.8320465
-26.112213
36.062259666660175
20.589554
12.8320465
-24.016907
34.137998683308346
20.589554
13.54454
-25.413773
35.40118840695888
19.155182
12.119537
-26.112213
34.57819913570905
20.589554
11.407043
-25.413773
34.63971934427298
20.589554
12.119537
-26.112213
35.392944529396495
20.589554
12.119537
-26.810654
35.91133558415086
21.306747
11.407043
-26.810654
36.09583496413142
20.589554
12.119537
-26.112213
35.392944529396495
21.306747
11.407043
-27.509094
36.617596708029254
19.872375
10.694534
-25.413773
33.98741365725517
20.589554
12.8320465
-26.112213
35.64321423080591
20.589554
12.119537
-25.413773
34.88083613522169
20.589554
12.119537
-26.810654
35.91133558415086
18.437988
10.694534
-24.715332
32.63709815196887
19.872375
11.407043
-24.715332
33.702813512700615
19.872375
12.119537
-26.810654
35.50500968723463
20.589554
12.8320465
-26.810654
36.1580190794518
20.589554
10.694534
-25.413773
34.41166368625978
19.872375
13.54454
-26.810654
36.016343539470036
22.74112
12.8320465
-25.413773
36.43734086854188
20.589554
12.119537
-26.112213
35.392944529396495
20.589554
9.98204
-26.810654
35.24744075926825
20.589554
11.407043
-25.413773
34.63971934427298
19.872375
10.694534
-27.509094
35.5813809171138
20.589554
13.54454
-26.112213
35.905876031559934
19.155182
12.8320465
-25.413773
34.31387854414286
21.306747
12.8320465
-25.413773
35.559791609300454
20.589554
13.54454
-24.715332
34.903179419556466
20.589554
14.257034
-25.413773
35.679862840328965
19.872375
12.8320465
-26.112213
35.23379641986157
20.589554
12.119537
-24.715332
34.37528941639528
21.306747
11.407043
-26.112213
35.58013210741706
21.306747
13.54454
-24.715332
35.33100317223175
20.589554
11.407043
-26.112213
35.15534026600724
22.023926
11.407043
-25.413773
35.51103791043797
20.589554
12.119537
-24.016907
33.87661074929685
20.589554
11.407043
-24.715332
34.1306013603445
20.589554
12.8320465
-25.413773
35.13475384479554
21.306747
12.8320465
-24.715332
35.06403531063738
19.872375
12.8320465
-24.715332
34.21140760267326
20.589554
12.8320465
-24.715332
34.63291383500852
19.872375
12.8320465
-26.810654
35.75449497801378
19.155182
14.257034
-26.810654
35.9025781412352
18.437988
12.119537
-25.413773
33.65564429004628
20.589554
12.119537
-26.112213
35.392944529396495
20.589554
12.8320465
-25.413773
35.13475384479554
19.872375
12.8320465
-24.715332
34.21140760267326
19.872375
12.119537
-24.715332
33.950583056020555
19.155182
11.407043
-25.413773
33.80682607488926
19.872375
12.119537
-26.112213
34.980595904640474
21.306747
12.8320465
-25.413773
35.559791609300454
22.023926
12.119537
-26.810654
36.752519378459795
19.872375
14.257034
-26.112213
35.777394715885194
21.306747
14.969543
-25.413773
36.385774150715484
20.589554
13.54454
-25.413773
35.40118840695888
20.589554
15.682037
-25.413773
36.272797249626336
22.023926
12.119537
-24.715332
35.253144252498956
20.589554
12.119537
-24.016907
33.87661074929685
19.872375
12.119537
-26.112213
34.980595904640474
22.023926
14.257034
-26.112213
37.01572723181324
21.306747
12.119537
-26.112213
35.814916612399436
21.306747
13.54454
-26.112213
36.32189126623571
22.74112
11.407043
-24.715332
35.47008360653648
22.74112
12.8320465
-26.112213
36.92787026811948
24.175491
14.969543
-24.715332
37.674783107890114
20.589554
12.8320465
-24.016907
34.137998683308346
22.74112
14.257034
-24.715332
36.48656143073861
21.306747
14.257034
-25.413773
36.09848115637104
21.306747
12.119537
-25.413773
35.308928884693955
21.306747
13.54454
-25.413773
35.82306508644256
21.306747
12.8320465
-25.413773
35.559791609300454
22.023926
11.407043
-24.715332
35.01459133626027
23.458313
12.119537
-24.016907
35.69296046502465
22.023926
12.119537
-26.810654
36.752519378459795
24.892685
12.119537
-25.413773
37.581761453467195
22.023926
11.407043
-26.112213
36.01418618329883
22.023926
11.407043
-24.715332
35.01459133626027
24.175491
11.407043
-26.112213
37.368740004075434
22.023926
12.119537
-26.112213
36.24616089584523
20.589554
11.407043
-27.509094
36.20497945185683
22.74112
10.694534
-24.715332
35.24739920037541
20.589554
11.407043
-25.413773
34.63971934427298
21.306747
12.8320465
-27.509094
37.08623949871772
21.306747
13.54454
-27.509094
37.33875162678682
22.023926
11.407043
-27.509094
37.039495060488306
20.589554
12.8320465
-26.810654
36.1580190794518
20.589554
12.8320465
-25.413773
35.13475384479554
20.589554
12.8320465
-27.509094
36.67889459340003
21.306747
12.8320465
-25.413773
35.559791609300454
21.306747
11.407043
-28.20752
37.14515216150773
20.589554
13.54454
-27.509094
36.934191767038506
22.023926
11.407043
-26.810654
36.52376086086802
20.589554
13.54454
-26.112213
35.905876031559934
19.155182
12.8320465
-27.509094
35.8933509386009
19.872375
12.8320465
-26.810654
35.75449497801378
22.023926
12.8320465
-26.810654
36.99359240336426
22.023926
15.682037
-27.509094
38.57110133763926
21.306747
14.257034
-26.810654
37.09516997861295
22.023926
12.8320465
-28.20752
38.018139173952214
19.872375
13.54454
-26.810654
36.016343539470036
22.023926
14.969543
-26.810654
37.78824764601092
21.306747
15.682037
-27.509094
38.1661375139583
22.023926
14.257034
-26.810654
37.51169739436287
22.023926
14.257034
-27.509094
38.01403228270615
22.023926
13.54454
-28.20752
38.26450207621452
21.306747
14.257034
-25.413773
36.09848115637104
22.023926
14.969543
-26.810654
37.78824764601092
21.306747
14.257034
-26.810654
37.09516997861295
22.023926
14.257034
-27.509094
38.01403228270615
22.023926
14.257034
-27.509094
38.01403228270615
21.306747
13.54454
-26.810654
36.827206845788616
21.306747
15.682037
-26.112213
37.171917691232316
24.175491
14.969543
-27.509094
39.563769665151824
23.458313
14.257034
-27.509094
38.86265127423115
22.023926
14.257034
-27.509094
38.01403228270615
22.74112
13.54454
-28.90596
39.193974059019105
24.892685
12.8320465
-26.810654
38.77007103685941
24.175491
13.54454
-28.20752
39.542043980900885
21.306747
13.54454
-26.810654
36.827206845788616
22.023926
10.694534
-27.509094
36.82630358510324
22.74112
12.119537
-28.20752
38.20609651020207
22.74112
13.54454
-27.509094
38.17542771535114
24.175491
12.8320465
-27.509094
38.8054904474507
22.023926
11.407043
-26.810654
36.52376086086802
23.458313
12.119537
-26.810654
37.629600269020266
24.175491
11.407043
-26.112213
37.368740004075434
24.175491
12.119537
-28.90596
39.58398779612471
23.458313
12.8320465
-28.20752
38.866670065651206
23.458313
10.694534
-28.90596
38.73267316753551
24.175491
10.694534
-28.90596
39.171187855460964
22.74112
11.407043
-28.90596
38.507580295759624
24.892685
10.694534
-27.509094
38.610478408959786
25.609863
11.407043
-29.6044
40.77261642328096
23.458313
12.119537
-28.20752
38.6372856674741
24.175491
12.119537
-28.20752
39.07686923212216
24.175491
10.694534
-28.20752
38.65865620037445
23.458313
10.694534
-28.20752
38.214258985930236
23.458313
10.694534
-28.90596
38.73267316753551
22.74112
12.119537
-27.509094
37.6933945431756
23.458313
10.694534
-28.20752
38.214258985930236
23.458313
12.119537
-28.90596
39.15009709488678
23.458313
11.407043
-29.6044
39.45673096144766
24.175491
11.407043
-28.90596
39.371685748414116
23.458313
11.407043
-28.90596
38.935427688634356
23.458313
12.119537
-28.90596
39.15009709488678
22.74112
12.119537
-29.6044
39.24872173973472
24.175491
9.98204
-31.001282
40.56075749820416
24.175491
12.119537
-28.20752
39.07686923212216
22.74112
11.407043
-29.6044
39.03459628369749
22.74112
11.407043
-29.6044
39.03459628369749
24.175491
10.694534
-30.302841
40.21305260247442
23.458313
9.2695465
-28.20752
37.840204855624464
22.74112
11.407043
-29.6044
39.03459628369749
23.458313
12.119537
-28.20752
38.6372856674741
24.892685
10.694534
-28.90596
39.61783994853202
25.609863
11.407043
-28.90596
40.26835337089319
24.175491
10.694534
-28.20752
38.65865620037445
24.892685
10.694534
-28.90596
39.61783994853202
24.892685
12.119537
-27.509094
39.029209251593706
24.892685
9.98204
-27.509094
38.4192283807861
24.892685
11.407043
-26.810654
38.32202388507733
26.327057
10.694534
-27.509094
39.550440006243925
27.04425
11.407043
-27.509094
40.22763141301713
27.04425
10.694534
-26.810654
39.55471758960933
27.761429
9.98204
-25.413773
38.938387203977456
27.761429
11.407043
-28.20752
41.1883698575634
29.912994
10.694534
-26.810654
41.56887580326024
27.761429
9.2695465
-26.112213
39.22332362524799
28.478622
9.2695465
-26.810654
40.19661152541343
27.761429
9.98204
-27.509094
40.33718357677256
28.478622
8.557037
-28.20752
40.98681428596885
28.478622
9.98204
-26.810654
40.36686922290822
27.761429
8.557037
-26.810654
39.53139204519935
27.04425
9.2695465
-26.810654
39.193458603007024
28.478622
11.407043
-26.810654
40.7426526519468
28.478622
8.557037
-26.810654
40.038305633090296
27.04425
9.2695465
-28.20752
40.161925061049736
27.761429
8.557037
-27.509094
40.00837619818661
29.1958
8.557037
-27.509094
41.016678557897336
27.761429
9.98204
-27.509094
40.33718357677256
27.761429
8.557037
-27.509094
40.00837619818661
27.761429
8.557037
-27.509094
40.00837619818661
27.761429
9.2695465
-26.810654
39.69171975598311
27.761429
8.557037
-27.509094
40.00837619818661
28.478622
9.2695465
-27.509094
40.66579232031589
29.1958
7.8445435
-26.112213
39.94720637134717
28.478622
9.98204
-27.509094
40.83409531070512
27.761429
9.2695465
-26.810654
39.69171975598311
27.761429
8.557037
-28.20752
40.491776750039016
27.04425
9.98204
-28.20752
40.33232918322162
27.761429
7.8445435
-27.509094
39.86206380582138
28.478622
8.557037
-27.509094
40.50932148226041
28.478622
8.557037
-26.810654
40.038305633090296
26.327057
8.557037
-27.509094
39.026749265127435
28.478622
9.98204
-28.90596
41.78788746829038
27.04425
9.98204
-28.20752
40.33232918322162
27.04425
10.694534
-29.6044
41.49921756604274
25.609863
11.407043
-28.90596
40.26835337089319
27.04425
9.98204
-27.509094
39.846992821467246
27.04425
9.98204
-27.509094
39.846992821467246
27.04425
11.407043
-28.90596
41.19546880896763
25.609863
11.407043
-28.20752
39.76996231257643
24.892685
12.119537
-28.90596
40.026035228257996
25.609863
10.694534
-28.20752
39.571483972047346
24.892685
11.407043
-28.20752
39.31196436191134
24.892685
11.407043
-28.90596
39.81608721084042
27.04425
12.119537
-28.20752
40.9137977065615
23.458313
12.8320465
-27.509094
38.362795799609025
26.327057
14.257034
-28.20752
41.134427645164976
27.761429
13.54454
-28.90596
42.304917618256866
25.609863
13.54454
-28.20752
40.43493398929631
24.175491
12.8320465
-28.90596
39.80791893777229
24.892685
13.54454
-28.90596
40.48030119893193
24.892685
12.8320465
-28.20752
39.74885451867607
25.609863
13.54454
-28.90596
40.9252277645235
26.327057
14.257034
-28.20752
41.134427645164976
25.609863
13.54454
-26.810654
39.47316632061583
26.327057
14.257034
-27.509094
40.658666939111825
26.327057
13.54454
-28.20752
40.892941518257466
24.892685
14.257034
-27.509094
39.7449249290672
25.609863
14.969543
-28.20752
40.93429436399417
24.892685
13.54454
-26.810654
39.01168413467224
25.609863
15.682037
-28.20752
41.2001889122641
24.85167
12.080475
-28.21045
39.48889467602727
24.134476
13.505478
-28.21045
39.50569980879737
25.568848
14.217972
-28.21045
40.64168077011964
24.134476
14.217972
-28.21045
39.754913218368365
25.568848
13.505478
-28.21045
40.39793816772244
24.134476
12.080475
-27.512024
38.5398788999784
24.134476
13.505478
-26.813583
38.520632281001376
24.85167
12.792984
-27.512024
39.21960438561387
24.134476
12.792984
-28.90889
39.77256969073896
24.85167
13.505478
-29.60733
40.94627470368184
25.568848
14.217972
-30.30577
42.123110584482006
24.134476
12.080475
-29.60733
40.06251066448766
24.134476
12.792984
-31.004211
41.32063081863586
24.134476
10.655472
-30.30577
40.1802396727079
24.870712
12.096588
-28.214355
39.5086027024495
24.153519
10.671585
-28.912796
39.15641678685548
24.870712
12.096588
-30.309677
41.03116223572106
26.305084
10.671585
-28.214355
40.02361973533566
25.58789
11.384094
-28.912796
40.25279614705356
24.153519
12.809097
-28.912796
39.792151025084394
22.719147
11.384094
-29.611237
39.02028343735153
25.58789
12.809097
-31.008118
42.19379582651933
24.870712
12.809097
-28.912796
40.23151688877608
22.719147
12.809097
-29.611237
39.45957249297216
23.43634
13.521591
-28.912796
39.59855004940995
22.719147
14.234085
-29.611237
39.94488848665042
22.719147
12.809097
-30.309677
39.986360894899995
23.43634
13.521591
-31.706543
41.68213514954578
21.284775
14.234085
-29.611237
39.14685267321946
22.719147
12.809097
-31.706543
41.05529629068124
22.719147
11.384094
-31.706543
40.63326238094537
24.153519
11.384094
-30.309677
40.393891913335736
22.001953
12.096588
-28.912796
38.29312156484096
22.001953
14.234085
-30.309677
40.06708851453085
22.719147
14.234085
-28.912796
39.42991891773777
24.870712
14.234085
-29.611237
41.20663558707808
22.719147
12.809097
-29.611237
39.45957249297216
22.719147
13.521591
-29.611237
39.69657868601525
23.43634
13.521591
-30.309677
40.62969323852015
23.43634
14.946594
-30.309677
41.12589492519813
23.407043
12.781265
-29.608307
39.84849236483107
21.972656
14.918762
-29.608307
39.77460145492897
23.407043
13.493759
-30.306747
40.601357302973874
24.124222
15.631256
-28.909866
40.76879599108244
24.841415
10.643753
-31.005188
41.130366291220895
24.096878
14.183792
-30.299423
41.22977723987846
25.53125
13.471298
-29.600983
41.346569608123175
24.814072
14.896301
-29.600983
41.3987463719842
24.770615
13.429794
-29.600494
40.8672494802149
24.053421
14.142288
-30.997375
41.706218857698545
24.053421
14.854797
-28.902054
40.4297018417849
24.053421
13.429794
-29.600494
40.43656417966603
24.053421
14.142288
-30.997375
41.706218857698545
24.770615
15.567291
-30.298935
42.11827943886864
23.336243
15.567291
-30.298935
41.29099525395943
24.770615
14.142288
-29.600494
41.10689695828502
24.770615
12.7173
-30.298935
41.15019590532802
23.336243
12.7173
-31.6958
41.363434526406444
24.053421
12.004791
-31.6958
41.560869916342284
25.487793
11.292297
-31.6958
42.210985939496545
23.336243
12.7173
-30.997375
40.83071413527903
23.336243
10.579788
-32.39424
41.30252929036247
24.023636
12.692886
-31.682129
41.737293982532876
22.589264
12.692886
-30.285263
39.857010660963084
24.023636
12.692886
-30.983704
41.20963934566766
24.023636
12.692886
-30.983704
41.20963934566766
24.023636
11.267883
-31.682129
41.32623312068634
25.458008
11.267883
-31.682129
42.17620942666093
24.74083
11.267883
-32.38057
42.27972413867181
25.458008
9.130386
-30.983704
41.12741165278715
23.306458
12.692886
-30.983704
40.795714029823344
23.306458
12.692886
-32.38057
41.86647242928254
21.87207
11.267883
-31.682129
40.113711661740425
24.74083
12.692886
-33.77745
43.75081890974656
23.306458
9.84288
-30.983704
40.00078887161555
23.306458
11.980377
-33.77745
42.750865191354606
24.023636
11.267883
-32.38057
41.864084398204625
24.023636
12.692886
-31.682129
41.737293982532876
22.589264
10.555374
-30.983704
39.77034905633216
22.589264
10.555374
-31.682129
40.316845090444204
24.023636
10.555374
-30.285263
40.07178769340485
24.74083
11.267883
-30.983704
41.21970063820363
23.306458
11.980377
-30.285263
40.04893856856571
25.458008
9.84288
-30.983704
41.29143131213409
24.023636
10.555374
-32.38057
41.677958756322866
23.306458
11.267883
-32.38057
41.45669391911426
21.87207
10.555374
-33.07901
41.03686503611341
21.154892
10.555374
-33.07901
40.6591473074095
24.74083
11.980377
-32.38057
42.47516076751873
23.306458
13.40538
-31.682129
41.55300790340348
24.023636
11.980377
-32.38057
42.061452322576486
23.306458
11.980377
-31.682129
41.11541877608463
23.306458
11.267883
-30.983704
40.37506651503809
24.74083
9.130386
-31.682129
41.221715859464624
23.306458
11.980377
-31.682129
41.11541877608463
21.87207
10.555374
-33.07901
41.03686503611341
23.306458
11.267883
-29.586823
39.3133088773104
24.023636
11.267883
-29.586823
39.742676642114674
26.175201
12.692886
-31.682129
43.011717153585025
23.306458
11.267883
-28.888382
38.790396030702624
23.306458
11.980377
-29.586823
39.52341665224791
23.306458
11.267883
-29.586823
39.3133088773104
23.306458
11.267883
-30.983704
40.37506651503809
24.023636
11.267883
-30.285263
40.26533699450745
23.306458
11.267883
-30.983704
40.37506651503809
24.74083
9.84288
-30.285263
40.326022744024264
23.306458
11.980377
-30.285263
40.04893856856571
24.023636
11.980377
-30.983704
40.99578389145645
23.306458
11.980377
-30.983704
40.579677242163044
24.023636
10.555374
-30.285263
40.07178769340485
24.74083
10.555374
-30.285263
40.50582278744008
24.023636
9.84288
-30.285263
39.890029801180425
24.74083
9.84288
-30.285263
40.326022744024264
26.892395
11.980377
-28.888382
41.2464427916972
26.175201
7.7053833
-29.586823
40.247908828149846
26.892395
8.417877
-30.285263
41.367363815724346
25.458008
8.417877
-29.586823
39.929322935383276
26.175201
9.84288
-29.586823
40.71122160354716
24.74083
9.84288
-28.189941
38.777104306012525
26.969055
9.197769
-29.59024
41.079328505572605
24.81749
9.910263
-30.288681
40.392143648916274
24.81749
9.197769
-31.685547
41.2853556460437
24.81749
8.48526
-29.59024
39.540988178012825
24.81749
9.910263
-29.59024
39.871084373774245
24.81749
9.197769
-28.19336
38.67004414857998
25.534668
8.48526
-29.59024
39.99501616901004
26.251862
8.48526
-29.59024
40.45667049449324
24.100296
5.635269
-29.59024
38.57671372469245
25.603516
8.535065
-31.015442
41.11380511097367
26.32071
7.1100616
-30.317001
40.77319275051087
26.32071
8.535065
-28.92012
40.02499829208303
24.886337
7.822571
-30.317001
39.99553655516997
25.603516
7.822571
-30.317001
40.44568297710369
24.886337
7.822571
-28.92012
38.94734589099911
27.037903
7.822571
-29.61856
40.85951541562871
27.037903
8.535065
-28.92012
40.5002335906651
24.169144
8.535065
-27.523254
37.61016370693566
27.755081
8.535065
-29.61856
41.478320238465386
27.755081
7.1100616
-28.92012
40.70959191669007
25.603516
7.822571
-29.61856
39.9248271291068
26.32071
8.535065
-29.61856
40.53253298856056
26.32071
7.822571
-28.92012
39.879138695877074
26.32071
9.247574
-29.61856
40.68853055290505
26.32071
9.247574
-28.92012
40.18296472756677
25.603516
7.1100616
-29.61856
39.791358017182105
24.169144
8.535065
-29.61856
39.16955486497533
27.755081
9.247574
-28.22168
40.64880612580307
26.32071
7.822571
-30.317001
40.90345823408838
26.32071
10.672562
-29.61856
41.03586702888706
26.299713
7.8045044
-27.520813
38.858465572892705
27.016907
9.229507
-29.61612
41.136498974166024
25.58252
9.229507
-28.219238
39.19151195571561
27.016907
9.229507
-27.520813
39.654661611215396
27.016907
10.654495
-26.822372
39.533164479333045
27.016907
9.229507
-28.219238
40.14252714206671
26.299713
8.516998
-27.520813
39.00781171765471
27.734085
7.8045044
-27.520813
39.84325367337926
27.016907
9.229507
-26.822372
39.17316200019792
27.734085
9.942001
-28.219238
40.796426175240825
28.451279
9.942001
-28.219238
41.28733514007352
27.016907
9.229507
-26.822372
39.17316200019792
28.451279
10.654495
-26.123932
40.06810912859034
27.016907
9.229507
-26.123932
38.69828012671397
29.168457
9.942001
-26.123932
40.39928280033261
29.88565
9.229507
-28.219238
42.12672995798659
28.451279
10.654495
-26.123932
40.06810912859034
29.88565
7.8045044
-26.123932
40.45395180692333
29.88565
7.8045044
-26.123932
40.45395180692333
30.602844
9.229507
-25.425491
40.843280769110294
30.588196
8.504303
-26.825302
41.563899471269686
30.588196
9.929306
-26.126862
41.43478821961912
30.588196
7.791809
-26.825302
41.423987945920295
31.305374
5.654312
-24.72998
40.29354265981244
30.588196
8.504303
-26.126862
41.11658704791474
29.153809
9.216812
-26.126862
40.21824312520532
31.305374
7.0793
-26.825302
41.82989058190028
30.588196
8.504303
-28.222168
42.478837791967074
30.588196
7.0793
-26.126862
40.84564928397745
30.588196
7.791809
-25.428421
40.53337624530863
31.305374
6.366806
-26.126862
41.26954733346823
29.871002
5.654312
-26.825302
40.54435806253596
29.871002
7.791809
-25.428421
39.99492155261715
29.153809
6.366806
-26.126862
39.66224590211704
30.588196
7.0793
-27.523743
41.75297051558128
30.588196
7.0793
-26.126862
40.84564928397745
30.588196
6.366806
-26.126862
40.72820724306896
32.022568
6.366806
-26.825302
42.25609874159439
29.153809
5.654312
-25.428421
39.09629787860354
29.153809
7.791809
-25.428421
39.462152432544464
29.871002
5.654312
-26.126862
40.08567028146171
29.153809
6.366806
-26.825302
40.12577272425729
31.305374
4.941803
-27.523743
41.9762346150883
29.086914
7.032913
-26.122467
39.72271137306875
29.804108
5.6079254
-24.725586
39.12912443316679
29.086914
4.8954163
-24.725586
38.488547467172786
31.23848
5.6079254
-26.122467
41.10565416931715
27.652542
4.1829224
-27.519348
39.236135962074236
31.23848
5.6079254
-26.122467
41.10565416931715
29.086914
4.8954163
-26.820908
39.86696321340986
30.521301
3.4704132
-26.820908
40.77934023306103
29.804108
4.1829224
-25.424026
39.39749791289892
30.521301
7.032913
-27.519348
41.69323892281577
26.935364
6.3204193
-27.519348
39.02276260052026
29.086914
4.8954163
-28.916214
41.305703393266405
29.086914
6.3204193
-28.916214
41.49872044808279
27.652542
4.1829224
-26.122467
38.26935082922919
29.804108
4.8954163
-28.217773
41.33391677280596
27.652542
6.3204193
-26.122467
38.56156299509915
29.804108
4.1829224
-26.122467
39.85178840481942
28.369736
4.8954163
-27.519348
39.82614194258904
29.086914
7.7454224
-26.820908
40.316265267472225
28.369736
5.6079254
-26.820908
39.44175269265744
29.804108
6.3204193
-26.122467
40.13247867658516
29.086914
5.6079254
-26.820908
39.9607122122193
29.804108
5.6079254
-25.424026
39.57416766141456
29.086914
7.032913
-26.820908
40.18546481044172
29.086914
5.6079254
-26.820908
39.9607122122193
29.086914
4.8954163
-24.725586
38.488547467172786
29.086914
5.6079254
-25.424026
39.03688691531463
29.804108
5.6079254
-24.725586
39.12912443316679
29.804108
4.8954163
-25.424026
39.47950232102255
29.804108
7.7454224
-24.02716
39.05868418862667
28.369736
7.7454224
-25.424026
38.87434371933982
29.804108
7.032913
-25.424026
39.801103095482006
29.804108
6.3204193
-25.424026
39.68140178296298
30.521301
7.7454224
-24.725586
40.03618358552361
30.521301
5.6079254
-23.32872
38.8230316075796
29.086914
4.1829224
-24.725586
38.40442714602136
29.804108
4.1829224
-24.02716
38.51085797071554
31.955673
4.8954163
-25.424026
41.12798597632457
31.23848
6.3204193
-23.32872
39.49708256631115
31.23848
4.8954163
-24.02716
39.712870212902956
29.804108
3.4704132
-24.02716
38.439992932369606
30.521301
5.6079254
-23.32872
38.8230316075796
30.521301
5.6079254
-26.122467
40.56330802594646
29.804108
7.032913
-24.725586
39.35862444699224
28.369736
5.6079254
-24.02716
37.59780864417167
29.804108
4.1829224
-25.424026
39.39749791289892
29.086914
6.3204193
-25.424026
39.14559287335229
30.521301
4.8954163
-24.02716
39.15123671019218
27.652542
7.032913
-25.424026
38.216568442439005
29.804108
7.7454224
-24.725586
39.492165090250815
30.521301
6.3204193
-24.725586
39.785073215733185
28.369736
4.8954163
-25.424026
38.40817764944807
28.369736
4.1829224
-23.32872
36.96711878269322
30.521301
6.3204193
-24.02716
39.35482183866578
30.521301
7.032913
-25.424026
40.340957131253404
29.804108
6.3204193
-25.424026
39.68140178296298
29.804108
6.3204193
-26.122467
40.13247867658516
29.086914
6.3204193
-26.122467
39.60277311845567
30.521301
6.3204193
-24.725586
39.785073215733185
28.369736
4.8954163
-25.424026
38.40817764944807
26.935364
7.7454224
-26.122467
38.31303527358541
28.369736
6.3204193
-25.424026
38.6156788661921
27.652542
6.3204193
-26.122467
38.56156299509915
28.369736
7.7454224
-24.725586
38.42119350503785
27.652542
7.032913
-26.820908
39.15975081616806
28.369736
7.032913
-26.820908
39.669444096456346
28.369736
7.7454224
-27.519348
40.27589786980236
27.652542
7.7454224
-26.122467
38.820586856295556
26.935364
8.457916
-28.217773
39.9160740648426
26.935364
7.032913
-26.122467
38.17537015824143
26.935364
8.457916
-28.916214
40.41283993777148
26.935364
9.170425
-26.122467
38.62633524441663
28.369736
8.457916
-28.916214
41.38267459741984
27.652542
7.032913
-28.217773
40.12938668583473
27.652542
8.457916
-27.519348
39.91884161665547
27.652542
7.032913
-28.916214
40.6235456470444
26.935364
9.170425
-26.820908
39.10206589960673
25.500977
7.7454224
-28.217773
38.81409769255882
26.935364
10.595413
-28.916214
40.91361719850281
26.21817
8.457916
-27.519348
38.938970302296454
26.21817
9.882919
-28.916214
40.26427741972793
26.935364
11.307922
-28.217773
40.61558484648319
26.935364
9.882919
-27.519348
39.755508904820346
26.935364
9.170425
-27.519348
39.58440411106532
27.652542
9.170425
-26.122467
39.129823235049884
27.652542
8.457916
-26.122467
38.968997468139655
27.652542
7.7454224
-25.424026
38.354084092852
29.086914
5.6079254
-24.725586
38.58564565717736
29.804108
7.7454224
-25.424026
39.9331625432187
29.086914
8.457916
-25.424026
39.547010815649834
