20.080872
-31.559174
-13.537994
39.78065163041733
19.363678
-32.271667
-12.839554
39.76514458206851
20.79805
-32.271667
-14.236435
40.94747314109413
19.363678
-32.271667
-12.839554
39.76514458206851
20.080872
-32.271667
-14.236435
40.58790373605787
20.080872
-30.13417
-13.537994
38.65988766231092
20.79805
-30.846664
-14.236435
39.83405212860443
21.515244
-31.559174
-14.236435
40.7622770760157
21.515244
-31.559174
-14.9348755
41.011434309721785
20.080872
-29.421677
-17.030182
39.482952833509366
21.515244
-32.271667
-16.331741
42.08434436955891
22.232422
-30.846664
-17.030182
41.663226746024186
20.79805
-29.421677
-15.633301
39.27587193444516
20.79805
-29.421677
-17.030182
39.852491381793655
20.79805
-30.13417
-15.633301
39.812400350640594
22.232422
-31.559174
-17.030182
42.19347179955686
21.515244
-30.846664
-17.030182
41.28497865920031
20.79805
-30.846664
-14.9348755
40.088977270975775
22.232422
-32.271667
-15.633301
42.191721432312704
22.232422
-31.559174
-14.9348755
41.3921792129866
21.515244
-30.846664
-14.236435
40.213161883541005
20.79805
-31.559174
-16.331741
41.173609427414185
20.79805
-30.846664
-14.9348755
40.088977270975775
22.232422
-31.559174
-15.633301
41.64927501619926
21.515244
-30.846664
-16.331741
41.001807196261176
21.515244
-30.13417
-16.331741
40.46850265368426
21.515244
-30.846664
-15.633301
40.72864483094945
20.79805
-31.559174
-15.633301
40.901594463877565
22.232422
-30.846664
-14.9348755
40.85153485966745
21.515244
-30.846664
-14.236435
40.213161883541005
21.515244
-30.846664
-15.633301
40.72864483094945
22.232422
-30.846664
-14.236435
40.601396388201664
20.79805
-30.13417
-14.9348755
39.54336369486905
21.515244
-30.846664
-14.9348755
40.46570029531955
21.515244
-32.271667
-16.331741
42.08434436955891
20.080872
-30.846664
-15.633301
39.989476154670996
21.515244
-32.984177
-17.030182
42.905578563573755
21.515244
-31.559174
-15.633301
41.270902019650904
20.79805
-28.709167
-17.030182
39.329406887134084
20.79805
-29.421677
-14.236435
38.74106499810634
20.080872
-29.421677
-16.331741
39.18676173048591
21.515244
-30.13417
-17.030182
40.755379725411714
20.79805
-30.846664
-12.839554
39.35644404033474
22.232422
-32.984177
-15.633301
42.739170777519774
22.232422
-31.559174
-14.9348755
41.3921792129866
22.232422
-31.559174
-13.537994
40.90891475755162
20.79805
-32.984177
-13.537994
41.27701678001709
20.080872
-30.846664
-14.236435
39.464339371529455
21.515244
-31.559174
-14.9348755
41.011434309721785
22.949615
-31.559174
-15.633301
42.03648898576093
22.949615
-30.846664
-15.633301
41.50423841778843
20.79805
-30.13417
-14.9348755
39.54336369486905
22.232422
-30.13417
-15.633301
40.580155537374424
21.515244
-30.13417
-17.030182
40.755379725411714
22.232422
-32.271667
-15.633301
42.191721432312704
22.232422
-28.709167
-16.331741
39.81485471843392
20.79805
-29.421677
-15.633301
39.27587193444516
20.79805
-29.421677
-17.030182
39.852491381793655
21.515244
-27.284164
-16.331741
38.39345164095369
20.79805
-30.13417
-14.9348755
39.54336369486905
22.232422
-28.709167
-16.331741
39.81485471843392
20.080872
-30.13417
-16.331741
39.72449370842409
22.232422
-30.13417
-14.9348755
40.31624255883105
20.79805
-29.421677
-15.633301
39.27587193444516
21.515244
-30.13417
-15.633301
40.19171585585144
21.515244
-30.13417
-13.537994
39.42399295737464
22.232422
-28.709167
-14.9348755
39.262544024569394
20.080872
-30.13417
-15.633301
39.44248618934758
21.515244
-29.421677
-14.236435
39.1307653499775
20.080872
-30.846664
-14.236435
39.464339371529455
22.949615
-30.13417
-14.9348755
40.71613575644796
20.79805
-28.709167
-15.633301
38.74500345810734
20.79805
-30.846664
-15.633301
40.354376565718525
20.080872
-30.13417
-16.331741
39.72449370842409
20.79805
-31.559174
-15.633301
40.901594463877565
21.515244
-30.13417
-15.633301
40.19171585585144
20.080872
-30.846664
-15.633301
39.989476154670996
19.363678
-30.846664
-15.633301
39.6341884802045
21.515244
-32.271667
-14.9348755
41.56220335890381
20.080872
-30.846664
-14.9348755
39.72163886032398
19.363678
-31.559174
-15.633301
40.19121319597186
19.363678
-30.846664
-15.633301
39.6341884802045
20.080872
-30.846664
-14.9348755
39.72163886032398
19.363678
-30.846664
-14.9348755
39.36393383681787
19.363678
-32.271667
-15.633301
40.753070364582655
18.646484
-31.559174
-14.9348755
39.58185681182573
20.080872
-30.13417
-14.236435
38.9099678193535
18.646484
-32.271667
-15.633301
40.41722558542877
17.929306
-31.559174
-14.9348755
39.24910117899994
19.363678
-32.271667
-15.633301
40.753070364582655
19.363678
-31.559174
-14.9348755
39.924729288863844
19.363678
-31.559174
-15.633301
40.19121319597186
18.646484
-30.846664
-14.9348755
39.016133419294476
19.363678
-32.271667
-14.9348755
40.49028444905796
17.929306
-31.559174
-14.236435
38.98868337916305
19.363678
-31.559174
-16.331741
40.46800192358773
19.363678
-32.271667
-17.030182
41.30907524098821
17.929306
-31.559174
-17.030182
40.09324763422608
20.080872
-31.559174
-14.9348755
40.27745569794597
20.080872
-33.69667
-16.331741
42.49038551635093
20.080872
-32.271667
-14.9348755
40.83812485173934
20.79805
-30.846664
-15.633301
40.354376565718525
20.080872
-30.846664
-16.331741
40.26765310666553
20.080872
-31.559174
-14.236435
40.02372953363105
19.363678
-29.421677
-14.9348755
38.2575181541158
20.080872
-30.846664
-15.633301
39.989476154670996
20.080872
-31.559174
-16.331741
40.8160352125087
20.080872
-31.559174
-17.030182
41.100486615124154
19.363678
-31.559174
-17.728622
41.05164489795902
20.080872
-31.559174
-17.030182
41.100486615124154
20.080872
-32.271667
-17.030182
41.65007807803306
20.79805
-30.846664
-16.331741
40.630053772192454
19.363678
-32.271667
-17.728622
41.60188306801373
19.363678
-31.559174
-15.633301
40.19121319597186
20.080872
-30.846664
-15.633301
39.989476154670996
19.363678
-31.559174
-17.030182
40.754884017612696
20.79805
-31.559174
-17.030182
41.45560737478707
19.363678
-30.13417
-15.633301
39.08222626919109
19.363678
-30.846664
-16.331741
39.914841601566266
18.646484
-29.421677
-16.331741
38.47144715361966
20.080872
-31.559174
-17.728622
41.3947699297757
19.363678
-30.846664
-17.728622
40.50645414188259
20.080872
-29.421677
-15.633301
38.90085617731472
19.363678
-30.846664
-16.331741
39.914841601566266
20.080872
-30.13417
-16.331741
39.72449370842409
20.79805
-29.421677
-17.728622
40.155921691264915
20.79805
-30.13417
-17.728622
40.68084502986326
20.79805
-30.846664
-15.633301
40.354376565718525
20.080872
-28.709167
-17.728622
39.26527525461031
20.080872
-30.13417
-17.030182
40.016704885858296
19.363678
-30.13417
-15.633301
39.08222626919109
20.79805
-30.846664
-17.030182
40.91579965163595
22.232422
-29.421677
-17.030182
40.61948730626025
20.080872
-30.13417
-17.030182
40.016704885858296
20.080872
-32.271667
-16.331741
41.369405777397866
20.080872
-30.13417
-17.728622
40.3188993830553
21.515244
-31.559174
-16.331741
41.54049875855338
21.515244
-30.13417
-17.728622
41.05213702234711
20.080872
-30.846664
-17.030182
40.55595093509706
20.080872
-31.559174
-17.728622
41.3947699297757
20.79805
-30.13417
-16.331741
40.091804439350504
20.79805
-29.421677
-15.633301
39.27587193444516
20.79805
-30.846664
-17.030182
40.91579965163595
21.515244
-30.846664
-17.030182
41.28497865920031
20.080872
-32.271667
-14.9348755
40.83812485173934
20.79805
-30.846664
-14.9348755
40.088977270975775
19.363678
-30.846664
-14.9348755
39.36393383681787
18.646484
-30.846664
-15.633301
39.288780540596925
19.363678
-31.559174
-15.633301
40.19121319597186
18.646484
-30.846664
-14.9348755
39.016133419294476
20.79805
-31.559174
-14.9348755
40.63976895003834
20.080872
-32.271667
-16.331741
41.369405777397866
18.646484
-31.559174
-16.331741
40.12977300758908
20.080872
-30.13417
-14.236435
38.9099678193535
18.646484
-31.559174
-14.9348755
39.58185681182573
20.79805
-30.846664
-15.633301
40.354376565718525
20.080872
-32.271667
-16.331741
41.369405777397866
20.79805
-31.559174
-14.9348755
40.63976895003834
19.363678
-32.271667
-14.236435
40.23790033099236
19.363678
-32.984177
-14.9348755
41.06042493805623
19.363678
-32.984177
-15.633301
41.31958501084867
20.080872
-32.271667
-15.633301
41.09868672818208
20.080872
-30.13417
-15.633301
39.44248618934758
20.79805
-32.271667
-17.030182
42.000553672410824
17.929306
-31.559174
-14.9348755
39.24910117899994
20.080872
-32.271667
-15.633301
41.09868672818208
20.79805
-31.559174
-14.9348755
40.63976895003834
18.646484
-31.559174
-14.9348755
39.58185681182573
20.080872
-31.559174
-14.236435
40.02372953363105
19.363678
-31.559174
-14.9348755
39.924729288863844
18.646484
-32.271667
-14.9348755
40.15224171386247
19.363678
-31.559174
-15.633301
40.19121319597186
21.515244
-31.559174
-16.331741
41.54049875855338
19.363678
-31.559174
-15.633301
40.19121319597186
20.080872
-32.271667
-14.236435
40.58790373605787
19.363678
-32.984177
-14.236435
40.81156679637527
19.363678
-32.271667
-14.236435
40.23790033099236
19.363678
-32.271667
-14.236435
40.23790033099236
20.79805
-32.271667
-13.537994
40.709909763222115
19.363678
-31.559174
-12.839554
39.18912601291652
19.363678
-31.559174
-14.9348755
39.924729288863844
21.515244
-32.984177
-14.236435
41.875262359252744
17.929306
-32.271667
-15.633301
40.091405572532004
19.363678
-30.846664
-13.537994
38.85545127456378
18.646484
-32.984177
-10.744247
39.38383147486574
19.363678
-31.559174
-14.236435
39.66874864601384
20.080872
-32.984177
-13.537994
40.92034468788111
18.646484
-32.271667
-11.442688
38.98829357810896
17.929306
-32.271667
-12.839554
39.08675965430542
20.080872
-32.271667
-11.442688
39.69429383287508
20.79805
-31.559174
-13.537994
40.14744857339162
19.363678
-32.984177
-13.537994
40.57320917470511
21.515244
-30.846664
-13.537994
39.971235995791396
20.79805
-32.271667
-13.537994
40.709909763222115
21.515244
-32.271667
-12.141113
40.642008158412125
20.080872
-32.984177
-13.537994
40.92034468788111
19.363678
-30.846664
-13.537994
38.85545127456378
18.646484
-29.421677
-13.537994
37.371162140956024
20.79805
-32.271667
-14.236435
40.94747314109413
20.79805
-32.271667
-14.9348755
41.195508812115214
20.79805
-32.984177
-12.839554
41.05324465233382
17.929306
-31.559174
-12.839554
38.50059132307662
21.515244
-30.846664
-14.236435
40.213161883541005
20.080872
-32.271667
-14.236435
40.58790373605787
20.080872
-31.559174
-14.236435
40.02372953363105
19.363678
-31.559174
-14.236435
39.66874864601384
20.79805
-32.271667
-14.236435
40.94747314109413
19.363678
-31.559174
-13.537994
39.42348050882478
20.080872
-31.559174
-14.236435
40.02372953363105
20.080872
-30.846664
-14.9348755
39.72163886032398
20.080872
-30.846664
-14.236435
39.464339371529455
20.79805
-31.559174
-15.633301
40.901594463877565
18.646484
-31.559174
-14.236435
39.32364272232578
18.646484
-32.271667
-14.9348755
40.15224171386247
20.79805
-32.984177
-12.839554
41.05324465233382
20.79805
-32.984177
-12.839554
41.05324465233382
18.646484
-33.69667
-12.141113
40.380237723827385
18.646484
-32.271667
-12.141113
39.19896164122208
20.79805
-32.984177
-12.141113
40.84019327474773
17.929306
-32.984177
-12.839554
39.67707324893764
18.646484
-31.559174
-12.839554
38.839760266240866
17.929306
-33.69667
-12.839554
40.271325569019176
19.363678
-32.984177
-13.537994
40.57320917470511
17.929306
-34.409164
-12.839554
40.86936272527763
20.080872
-32.984177
-12.839554
40.69461133370808
18.646484
-33.69667
-10.744247
39.98244396226064
18.646484
-33.69667
-11.442688
40.17576434886616
17.212112
-32.984177
-12.141113
39.13590914704327
17.929306
-33.69667
-11.442688
39.84796852667806
19.363678
-32.984177
-12.141113
40.12872506316781
18.646484
-31.559174
-11.442688
38.400623825092346
19.363678
-33.69667
-11.442688
40.51361081331572
19.363678
-31.559174
-12.839554
39.18912601291652
19.363678
-32.271667
-14.236435
40.23790033099236
17.929306
-33.69667
-12.141113
40.054115310668294
17.929306
-31.559174
-12.141113
38.27333304614242
19.363678
-32.271667
-14.236435
40.23790033099236
17.212112
-32.271667
-12.839554
38.76301759671356
16.494934
-32.984177
-12.839554
39.04987764815579
17.212112
-31.559174
-12.839554
38.1718797968683
18.646484
-31.559174
-14.236435
39.32364272232578
17.929306
-31.559174
-13.537994
38.739111373391104
17.929306
-32.984177
-14.9348755
40.403793791355476
17.935165
-32.989548
-12.844437
39.68576521799095
17.935165
-32.27704
-12.145996
38.871617994969995
16.500793
-33.70204
-14.241318
40.13625474944691
17.935165
-31.564545
-12.844437
38.50935230361256
17.935165
-32.989548
-14.241318
40.15962716830019
16.500793
-31.564545
-12.145996
37.63139577855421
15.7836
-32.989548
-13.542877
38.99797326714957
17.217972
-32.989548
-12.145996
39.1445279366454
17.217972
-33.70204
-14.939758
40.68762150759507
16.500793
-32.27704
-14.241318
38.94738350185575
17.217972
-32.27704
-14.241318
39.25660523641213
17.217972
-32.989548
-12.145996
39.1445279366454
17.935165
-31.564545
-12.145996
38.282058346057326
17.217972
-32.989548
-13.542877
39.60023162465799
18.652344
-32.989548
-12.844437
40.01499352781717
16.500793
-32.27704
-13.542877
38.69745523922972
18.652344
-32.27704
-11.447571
38.99697472991895
17.217972
-30.852036
-12.844437
37.59369804651439
17.935165
-32.989548
-13.542877
39.91728967062315
17.935165
-32.27704
-12.844437
39.09548607256342
17.217972
-32.989548
-12.844437
39.366842532969606
16.500793
-30.852036
-12.844437
37.27068230882854
18.652344
-32.27704
-12.844437
39.42964338342093
17.935165
-31.564545
-14.939758
39.257956311925646
19.369537
-31.564545
-12.844437
39.19794642460559
19.369537
-32.989548
-16.336624
41.59777051379977
17.935165
-32.27704
-13.542877
39.330483888335586
16.500793
-32.989548
-15.638184
40.06418800071018
16.500793
-31.564545
-13.542877
38.10519945605767
18.652344
-32.27704
-12.844437
39.42964338342093
17.217972
-33.70204
-14.241318
40.43638606947182
17.935165
-32.27704
-14.939758
39.83307455024028
17.935165
-32.27704
-13.542877
39.330483888335586
17.935165
-32.27704
-12.145996
38.871617994969995
17.935165
-32.27704
-14.241318
39.57641318347015
19.369537
-32.989548
-14.241318
40.82039249394076
17.217972
-32.989548
-12.844437
39.366842532969606
16.500793
-32.27704
-12.145996
38.23099220067977
16.500793
-34.414536
-12.844437
40.269293100287655
17.935165
-33.70204
-11.447571
39.8565512523898
17.217972
-35.127045
-12.844437
41.1745966842345
16.500793
-33.70204
-12.145996
39.441463313628624
17.935165
-32.27704
-12.145996
38.871617994969995
17.935165
-33.70204
-13.542877
40.508114602296814
16.500793
-32.989548
-12.145996
38.83441378900855
17.217972
-34.414536
-10.74913
39.95450751665496
15.7836
-35.83954
-12.145996
41.001461840364605
15.7836
-33.70204
-12.145996
39.146838641018476
16.500793
-35.127045
-11.447571
40.462728799167756
16.500793
-34.414536
-10.74913
39.65072884388839
17.217972
-35.127045
-10.05069
40.39039833108544
15.7836
-34.414536
-10.74913
39.35766917700888
16.500793
-35.83954
-10.74913
40.89367435850027
15.7836
-35.127045
-10.05069
39.80009710405475
17.217972
-34.414536
-12.145996
40.35274608017325
15.066406
-35.127045
-11.447571
39.899282685144385
15.7836
-35.127045
-11.447571
40.175592678519536
15.7836
-35.83954
-11.447571
40.800018131027684
17.217972
-34.414536
-11.447571
40.14804755721317
15.7836
-35.83954
-12.145996
41.001461840364605
17.217972
-35.83954
-12.844437
41.78409559307524
17.217972
-35.83954
-11.447571
41.37605620819546
16.500793
-35.83954
-12.145996
41.282854163097326
15.7836
-35.83954
-9.352249
40.26237951365471
15.066406
-35.127045
-10.74913
39.70453005679894
15.7836
-36.552048
-10.74913
41.23976405907819
16.500793
-37.26454
-8.653809
41.6630626696553
17.217972
-33.70204
-10.05069
39.157406582080675
15.7836
-35.83954
-11.447571
40.800018131027684
15.066406
-36.552048
-10.05069
40.79295509701246
17.217972
-37.26454
-10.05069
42.26252587990926
15.7836
-35.83954
-11.447571
40.800018131027684
17.217972
-35.127045
-10.05069
40.39039833108544
17.935165
-35.127045
-10.74913
40.87937488533338
16.500793
-34.414536
-10.05069
39.46711076366308
18.652344
-35.127045
-10.74913
41.19906597374963
17.217972
-34.414536
-10.74913
39.95450751665496
17.217972
-36.552048
-10.05069
41.63564698199579
17.217972
-35.127045
-10.74913
40.56983784986159
16.500793
-35.83954
-8.653809
40.393529271793646
18.652344
-35.127045
-10.05069
41.022378908213774
16.500793
-35.127045
-8.653809
39.76272091556833
18.652344
-35.127045
-10.05069
41.022378908213774
20.086731
-33.70204
-11.447571
40.86993171464047
17.935165
-35.83954
-10.05069
41.317781373364994
18.652344
-35.127045
-8.653809
40.70267364193122
19.369537
-35.83954
-8.653809
41.64780806947933
18.652344
-35.127045
-8.653809
40.70267364193122
18.652344
-34.414536
-10.05069
40.41393941480386
17.935165
-35.83954
-11.447571
41.679606226490584
20.086731
-33.70204
-11.447571
40.86993171464047
18.652344
-35.127045
-11.447571
41.38678640420379
20.80391
-35.127045
-10.74913
42.216770806217376
19.369537
-35.127045
-10.74913
41.52868984302449
20.086731
-32.27704
-11.447571
39.70303276258471
20.80391
-34.414536
-10.74913
41.62579326618368
20.086731
-34.414536
-11.447571
41.45942340484851
20.086731
-31.564545
-9.352249
38.565033914419324
18.652344
-32.27704
-11.447571
38.99697472991895
19.369537
-34.414536
-11.447571
41.11673697620365
20.80391
-33.70204
-11.447571
41.22714062390742
21.521103
-32.989548
-9.352249
40.483734255350164
22.238281
-35.127045
-11.447571
43.12188904087024
21.521103
-33.70204
-9.352249
41.066410522983226
20.80391
-33.70204
-8.653809
40.540333949756906
19.369537
-33.70204
-10.74913
40.330514688496876
20.80391
-33.70204
-12.145996
41.42650742674459
21.521103
-33.70204
-10.74913
41.40687499528309
20.086731
-32.989548
-11.447571
40.284413665523296
21.521103
-32.989548
-11.447571
41.01847162740754
20.80391
-33.70204
-10.05069
40.86130940688652
20.80391
-33.70204
-10.74913
41.03868994334036
22.238281
-33.70204
-10.05069
41.60991626807169
20.086731
-32.989548
-10.74913
40.091531931533716
21.521103
-32.27704
-10.05069
40.07469831842156
20.80391
-32.989548
-10.74913
40.45561442224367
20.086731
-32.27704
-9.352249
39.15033250377639
21.521103
-35.83954
-9.352249
42.83800848199091
21.521103
-32.27704
-9.352249
39.905258895288476
22.238281
-35.127045
-10.05069
42.772266679181264
21.521103
-32.27704
-10.05069
40.07469831842156
20.086731
-32.27704
-8.653809
38.98938782901381
20.086731
-33.70204
-12.145996
41.07103251580197
20.086731
-32.989548
-11.447571
40.284413665523296
20.086731
-32.989548
-12.145996
40.48842276416417
20.80391
-32.989548
-11.447571
40.64676850672218
21.521103
-32.27704
-10.74913
40.2555450979466
20.086731
-31.564545
-12.145996
39.336020512573775
21.521103
-32.989548
-11.447571
41.01847162740754
19.369537
-32.27704
-11.447571
39.34505154469476
20.80391
-31.564545
-10.05069
39.11699792120029
20.086731
-30.852036
-10.74913
38.351905459100074
20.086731
-31.564545
-11.447571
39.12600306970976
20.086731
-31.564545
-10.74913
38.92738193679514
20.086731
-31.564545
-12.145996
39.336020512573775
20.80391
-30.139542
-11.447571
38.36979873648186
20.086731
-30.852036
-12.145996
38.76661060314984
20.086731
-32.989548
-10.05069
39.90994195431603
20.80391
-30.852036
-12.145996
39.14302013629793
20.086731
-32.989548
-10.05069
39.90994195431603
19.369537
-31.564545
-10.74913
38.56220085732838
20.086731
-31.564545
-12.145996
39.336020512573775
19.369537
-30.139542
-11.447571
37.6114051565687
20.80391
-30.852036
-12.145996
39.14302013629793
20.086731
-31.564545
-10.74913
38.92738193679514
21.521103
-30.852036
-11.447571
39.31987864230143
18.652344
-30.852036
-12.145996
38.043177117524145
18.652344
-30.139542
-12.145996
37.467681385929126
19.369537
-30.139542
-12.145996
37.82983202984452
19.369537
-30.139542
-11.447571
37.6114051565687
19.369537
-30.852036
-12.145996
38.399900627007646
20.086731
-30.852036
-10.05069
38.16203855303641
19.369537
-30.139542
-11.447571
37.6114051565687
19.369537
-30.139542
-12.844437
38.05982839043517
20.80391
-27.289536
-11.447571
36.174137685709766
18.652344
-29.427048
-13.542877
37.38008333167293
20.086731
-28.714539
-12.844437
37.32266010122068
20.80391
-29.427048
-12.844437
38.258768909068415
20.086731
-29.427048
-12.145996
37.64243781956743
20.086731
-29.427048
-11.447571
37.4229171958215
20.086731
-29.427048
-11.447571
37.4229171958215
18.652344
-30.139542
-12.145996
37.467681385929126
19.369537
-28.714539
-12.145996
36.704618291248444
20.086731
-29.427048
-12.844437
37.873572193590675
17.217972
-27.289536
-13.542877
34.99409653058909
17.935165
-30.139542
-10.74913
36.68250205522042
18.652344
-28.714539
-12.145996
36.33125154556594
19.369537
-28.002045
-12.844437
36.39056126550881
18.652344
-28.002045
-12.844437
36.01394044325058
19.369537
-29.427048
-12.844437
37.49812820849362
19.369537
-28.714539
-11.447571
36.47945463341746
20.086731
-28.714539
-13.542877
37.56875045489519
18.652344
-28.714539
-12.145996
36.33125154556594
18.652344
-29.427048
-12.145996
36.89696942214987
20.086731
-29.427048
-12.145996
37.64243781956743
20.086731
-29.427048
-10.74913
37.21520763998906
16.500793
-28.714539
-12.145996
35.27500775159376
17.935165
-28.002045
-10.74913
34.9475105152132
17.217972
-30.852036
-13.542877
37.83802566894099
17.217972
-28.714539
-12.145996
35.61612759582202
18.652344
-28.714539
-11.447571
36.10375943461428
17.935165
-28.714539
-10.74913
35.52096067761875
17.935165
-30.139542
-12.844437
37.350257670421435
18.652344
-29.427048
-10.74913
36.46100529643365
18.652344
-28.714539
-11.447571
36.10375943461428
17.935165
-30.852036
-11.447571
37.47752907472523
17.217972
-31.564545
-10.74913
37.52762816881134
17.217972
-30.139542
-10.74913
36.33723172146838
15.7836
-29.427048
-10.74913
35.080150275609924
18.652344
-30.139542
-12.145996
37.467681385929126
16.500793
-28.714539
-12.844437
35.52155004469998
17.217972
-29.427048
-12.145996
36.19302331283527
17.217972
-29.427048
-12.145996
36.19302331283527
17.217972
-30.139542
-12.844437
37.011215572107325
15.7836
-30.852036
-10.74913
36.28379687981434
15.7836
-30.852036
-10.74913
36.28379687981434
16.500793
-30.852036
-11.447571
36.81264921977397
17.935165
-30.852036
-10.74913
37.27012387676036
17.217972
-28.714539
-11.447571
35.384038087352145
17.217972
-31.564545
-10.05069
37.333569480512445
16.500793
-30.852036
-10.74913
36.60147662076371
17.217972
-30.852036
-12.145996
37.3608338929913
15.7836
-30.139542
-10.74913
35.6799363974787
15.7836
-28.714539
-10.74913
34.48464225938574
18.652344
-28.002045
-11.447571
35.539714251278106
17.935165
-29.427048
-11.447571
36.31347150701272
17.935165
-30.852036
-10.05069
37.074717368696824
17.217972
-30.139542
-11.447571
36.54993106611146
16.500793
-30.139542
-11.447571
36.21760742913072
17.217972
-30.139542
-10.74913
36.33723172146838
16.500793
-30.139542
-11.447571
36.21760742913072
17.935165
-30.852036
-12.145996
37.69673167665285
18.652344
-30.139542
-10.74913
37.03843548430468
17.935165
-30.139542
-10.74913
36.68250205522042
17.217972
-30.139542
-12.145996
36.77466321385129
17.935165
-30.139542
-12.145996
37.11586456414224
18.652344
-28.002045
-11.447571
35.539714251278106
17.217972
-29.427048
-12.145996
36.19302331283527
17.217972
-28.714539
-10.05069
34.95711134789404
16.500793
-28.714539
-9.352249
34.413158862994365
18.652344
-30.852036
-10.05069
37.426920980258316
20.086731
-29.427048
-12.145996
37.64243781956743
17.935165
-29.427048
-11.447571
36.31347150701272
18.652344
-29.427048
-11.447571
36.67298677479617
19.369537
-28.714539
-12.145996
36.704618291248444
17.935165
-28.714539
-11.447571
35.73851842506555
19.369537
-29.427048
-11.447571
37.04290757963155
20.80391
-27.289536
-12.145996
36.4011899648813
20.086731
-30.852036
-12.844437
38.99108158745247
19.369537
-27.289536
-12.145996
35.60088445014832
19.369537
-29.427048
-10.74913
36.833055129805786
18.652344
-28.002045
-11.447571
35.539714251278106
18.652344
-27.289536
-11.447571
34.98107398450446
20.086731
-28.714539
-11.447571
36.86527281661903
20.086731
-28.714539
-13.542877
37.56875045489519
20.086731
-28.002045
-12.844437
36.777313669995664
20.086731
-29.427048
-11.447571
37.4229171958215
20.086731
-28.002045
-13.542877
37.027028701911625
20.086731
-26.577042
-12.145996
35.45900712828036
19.369537
-26.577042
-12.844437
35.305772312665106
18.652344
-28.002045
-11.447571
35.539714251278106
18.652344
-28.002045
-10.74913
35.32093199937804
18.652344
-26.577042
-11.447571
34.42812656008892
20.80391
-28.002045
-11.447571
36.714629090565694
20.80391
-28.002045
-12.145996
36.938359232815145
17.217972
-26.577042
-12.844437
34.172755547068306
20.086731
-27.289536
-12.145996
35.99612236332287
20.086731
-28.002045
-13.542877
37.027028701911625
19.369537
-28.002045
-10.74913
35.704863538087324
17.935165
-27.289536
-12.844437
35.090859325515595
18.652344
-28.002045
-11.447571
35.539714251278106
20.086731
-27.289536
-13.542877
36.49116471886123
19.369537
-26.577042
-12.844437
35.305772312665106
18.652344
-28.002045
-11.447571
35.539714251278106
20.086731
-28.002045
-11.447571
36.31305803142652
17.935165
-28.714539
-11.447571
35.73851842506555
19.369537
-29.427048
-12.145996
37.264666850889895
18.652344
-27.289536
-12.145996
35.215819324048994
18.652344
-28.002045
-13.542877
36.26891175595068
18.652344
-28.714539
-12.145996
36.33125154556594
19.369537
-26.577042
-12.844437
35.305772312665106
19.369537
-28.002045
-11.447571
35.921307493342304
17.217972
-27.289536
-12.844437
34.72976732259014
17.217972
-28.002045
-11.447571
34.80833051220462
17.217972
-25.864548
-12.844437
33.62161453391534
17.935165
-27.289536
-12.145996
34.84127128235008
17.935165
-27.289536
-14.939758
35.9107968046998
18.652344
-28.714539
-11.447571
36.10375943461428
17.935165
-26.577042
-12.844437
34.53966950524064
16.500793
-27.289536
-14.939758
35.216349671419486
17.935165
-27.289536
-13.542877
35.35248876548952
17.935165
-26.577042
-13.542877
34.80544243709865
16.500793
-29.427048
-12.844437
36.09995550010242
17.935165
-28.714539
-12.844437
36.210141071338704
17.935165
-28.002045
-14.241318
36.17457468327202
18.652344
-27.289536
-15.638184
36.567490978796656
17.935165
-27.289536
-14.241318
35.62589088798342
15.7836
-26.577042
-14.241318
34.033457730844624
17.935165
-27.289536
-13.542877
35.35248876548952
18.652344
-28.002045
-15.638184
37.10225260597394
18.652344
-29.427048
-12.844437
37.13274264273883
17.217972
-27.289536
-14.241318
35.27027688636176
16.500793
-28.714539
-14.241318
36.05018677894575
16.500793
-28.002045
-11.447571
34.45921502298043
16.500793
-29.427048
-14.241318
36.62024686520764
16.500793
-28.002045
-14.241318
35.48529005865494
16.500793
-29.427048
-13.542877
36.35432355058078
17.217972
-29.427048
-12.844437
36.43335230467065
16.500793
-27.289536
-13.542877
34.64685294431967
15.7836
-28.002045
-14.241318
35.15752775455777
17.217972
-28.002045
-13.542877
35.552532173465686
15.7836
-30.852036
-14.241318
37.467121002954045
14.349228
-29.427048
-13.542877
35.42966252066374
15.7836
-30.852036
-13.542877
37.207252500982584
16.500793
-28.002045
-14.939758
35.77131582892657
17.217972
-27.289536
-14.939758
35.55803224626698
16.500793
-28.002045
-13.542877
35.2107962264195
15.7836
-30.852036
-14.939758
37.73813063608544
16.500793
-28.714539
-14.241318
36.05018677894575
17.935165
-28.714539
-14.241318
36.72887161029624
17.935165
-28.714539
-14.939758
37.005286586534666
16.500793
-27.289536
-13.542877
34.64685294431967
17.935165
-29.427048
-13.542877
37.02743420477663
17.217972
-28.002045
-14.939758
36.107747218286654
17.217972
-27.289536
-13.542877
34.99409653058909
17.217972
-30.139542
-14.939758
37.78950908744797
17.217972
-27.289536
-13.542877
34.99409653058909
17.935165
-29.427048
-13.542877
37.02743420477663
17.217972
-29.427048
-13.542877
36.685408732453666
17.935165
-28.714539
-13.542877
36.46374048444821
17.935165
-26.577042
-14.241318
35.08310794229361
17.217972
-29.427048
-12.844437
36.43335230467065
16.500793
-29.427048
-13.542877
36.35432355058078
17.935165
-29.427048
-14.241318
37.288557540316575
17.935165
-28.714539
-14.241318
36.72887161029624
17.935165
-28.714539
-14.241318
36.72887161029624
17.935165
-28.714539
-14.939758
37.005286586534666
17.935165
-29.427048
-12.844437
36.77772192616238
17.217972
-30.139542
-12.844437
37.011215572107325
17.217972
-27.289536
-14.939758
35.55803224626698
17.935165
-30.139542
-12.844437
37.350257670421435
18.652344
-28.714539
-14.939758
37.3581447805604
16.500793
-29.427048
-13.542877
36.35432355058078
17.935165
-30.139542
-14.241318
37.85336441144466
18.652344
-29.427048
-14.939758
37.908541189515425
17.935165
-31.564545
-12.844437
38.50935230361256
16.500793
-29.427048
-12.145996
35.85739203395253
17.217972
-30.852036
-12.844437
37.59369804651439
18.652344
-30.852036
-11.447571
37.825982229687376
16.500793
-30.139542
-12.145996
36.444388888350325
15.7836
-30.852036
-12.844437
36.958756838281914
17.217972
-30.139542
-12.844437
37.011215572107325
16.500793
-30.852036
-13.542877
37.51711360801311
17.217972
-30.139542
-13.542877
37.25936300899329
16.500793
-30.852036
-14.241318
37.77485212578601
16.500793
-28.714539
-13.542877
35.780028636360115
17.217972
-30.139542
-14.939758
37.78950908744797
17.935165
-30.852036
-14.939758
38.687397452913366
17.935165
-29.427048
-12.844437
36.77772192616238
16.500793
-30.139542
-14.939758
37.46818148807649
14.349228
-30.139542
-13.542877
36.02362980457237
15.066406
-30.139542
-13.542877
36.315259818747336
15.7836
-29.427048
-14.241318
36.302729698932424
17.217972
-30.139542
-15.638184
38.071029935010955
15.7836
-28.714539
-12.844437
35.194121962383505
13.632034
-30.139542
-13.542877
35.74400524749308
17.217972
-30.139542
-14.241318
37.51887220432372
17.217972
-30.139542
-14.241318
37.51887220432372
15.066406
-30.852036
-15.638184
37.7279400569061
15.066406
-30.852036
-14.241318
37.1706861936846
15.7836
-29.427048
-14.241318
36.302729698932424
17.217972
-29.427048
-14.939758
37.22373005357688
17.217972
-30.139542
-14.241318
37.51887220432372
17.217972
-30.852036
-13.542877
37.83802566894099
17.217972
-30.852036
-14.241318
38.093592980603376
17.217972
-30.852036
-14.241318
38.093592980603376
16.500793
-30.852036
-14.939758
38.04366805016227
17.935165
-30.852036
-14.939758
38.687397452913366
16.500793
-30.852036
-14.241318
37.77485212578601
17.935165
-31.564545
-16.336624
39.81050083285188
18.652344
-29.427048
-14.939758
37.908541189515425
17.217972
-31.564545
-12.145996
37.95134149524971
17.217972
-32.27704
-13.542877
39.008658206083716
17.935165
-30.852036
-13.542877
38.16972434332363
17.217972
-30.852036
-14.939758
38.3601753353372
17.217972
-30.139542
-15.638184
38.071029935010955
18.652344
-30.852036
-13.542877
38.511915072339136
17.217972
-30.139542
-14.939758
37.78950908744797
18.652344
-30.139542
-14.241318
38.1983892770281
17.935165
-30.852036
-15.638184
38.96243119880836
15.7836
-30.852036
-14.241318
37.467121002954045
18.652344
-30.852036
-14.241318
38.76303964071316
16.500793
-29.427048
-14.241318
36.62024686520764
17.217972
-30.852036
-13.542877
37.83802566894099
17.935165
-29.427048
-14.241318
37.288557540316575
17.935165
-28.714539
-13.542877
36.46374048444821
17.935165
-30.852036
-14.241318
38.42308545775248
18.652344
-30.139542
-15.638184
38.74086491365174
18.652344
-30.139542
-15.638184
38.74086491365174
17.935165
-31.564545
-13.542877
38.747906634483975
17.935165
-28.714539
-15.638184
37.29272795859469
17.935165
-31.564545
-14.241318
38.99751156424119
17.217972
-29.427048
-14.241318
36.94894928838471
19.369537
-30.139542
-14.241318
38.55367669014364
17.935165
-30.139542
-13.542877
37.596165757793706
15.7836
-30.139542
-14.241318
36.882639568806624
18.652344
-30.852036
-14.939758
39.02504923473432
20.086731
-31.564545
-12.844437
39.55726046465743
19.369537
-30.139542
-14.241318
38.55367669014364
18.652344
-31.564545
-12.844437
38.8485515938175
20.086731
-29.427048
-13.542877
38.11610423880896
19.369537
-30.852036
-14.241318
39.113198349869705
19.369537
-30.139542
-13.542877
38.30118103596807
18.652344
-31.564545
-12.844437
38.8485515938175
17.935165
-30.852036
-14.241318
38.42308545775248
19.369537
-28.714539
-13.542877
37.19023099215707
17.935165
-30.852036
-11.447571
37.47752907472523
18.652344
-28.714539
-12.145996
36.33125154556594
17.217972
-30.139542
-12.145996
36.77466321385129
16.500793
-32.27704
-13.542877
38.69745523922972
17.935165
-28.002045
-12.145996
35.402117684164566
17.935165
-30.852036
-12.145996
37.69673167665285
17.217972
-32.27704
-12.145996
38.54596136685804
17.217972
-30.139542
-10.05069
36.13678103206448
16.500793
-32.27704
-13.542877
38.69745523922972
17.217972
-31.564545
-11.447571
37.73361800482926
16.500793
-29.427048
-12.844437
36.09995550010242
17.217972
-32.27704
-13.542877
39.008658206083716
17.217972
-29.427048
-13.542877
36.685408732453666
16.500793
-31.564545
-13.542877
38.10519945605767
15.7836
-32.27704
-12.844437
38.15637476945202
18.652344
-28.714539
-12.145996
36.33125154556594
18.652344
-30.139542
-14.241318
38.1983892770281
17.935165
-31.564545
-12.145996
38.282058346057326
17.217972
-32.27704
-13.542877
39.008658206083716
17.935165
-30.139542
-13.542877
37.596165757793706
16.500793
-30.139542
-14.241318
37.195206659427235
17.935165
-29.427048
-14.939758
37.56085394427871
17.217972
-30.852036
-14.939758
38.3601753353372
17.217972
-30.852036
-12.844437
37.59369804651439
16.500793
-30.139542
-13.542877
36.933423328863825
17.935165
-30.852036
-14.241318
38.42308545775248
17.217972
-30.852036
-15.638184
38.63753841796861
17.935165
-31.564545
-14.939758
39.257956311925646
19.369537
-30.139542
-13.542877
38.30118103596807
18.652344
-30.852036
-14.241318
38.76303964071316
17.935165
-30.139542
-13.542877
37.596165757793706
17.217972
-32.27704
-14.241318
39.25660523641213
18.652344
-30.139542
-13.542877
37.94352943231889
20.086731
-30.852036
-13.542877
39.226704870534306
17.935165
-31.564545
-13.542877
38.747906634483975
16.500793
-31.564545
-12.844437
37.862595947385856
17.217972
-30.139542
-12.844437
37.011215572107325
19.369537
-30.852036
-14.939758
39.372877856999324
17.217972
-30.852036
-12.844437
37.59369804651439
17.935165
-31.564545
-12.844437
38.50935230361256
18.652344
-28.714539
-14.241318
37.08435998988489
18.652344
-30.139542
-14.241318
38.1983892770281
19.369537
-30.852036
-12.844437
38.62650115913782
17.935165
-31.564545
-14.241318
38.99751156424119
18.652344
-29.427048
-13.542877
37.38008333167293
20.086731
-29.427048
-12.145996
37.64243781956743
18.652344
-31.564545
-14.939758
39.5907423507417
19.369537
-30.139542
-13.542877
38.30118103596807
17.935165
-29.427048
-14.241318
37.288557540316575
18.652344
-30.852036
-13.542877
38.511915072339136
18.652344
-31.564545
-13.542877
39.08503568692803
20.086731
-31.564545
-13.542877
39.78953112452288
19.369537
-32.27704
-14.241318
40.246754770183024
20.086731
-31.564545
-14.241318
40.03264049107303
17.935165
-32.27704
-13.542877
39.330483888335586
15.7836
-28.714539
-14.241318
35.727607169561466
17.217972
-30.852036
-11.447571
37.13964883551001
18.652344
-29.427048
-13.542877
37.38008333167293
19.369537
-31.564545
-11.447571
38.762693233555765
17.935165
-30.852036
-12.844437
37.92753357040733
18.652344
-30.852036
-12.844437
38.271889799539885
20.086731
-31.564545
-13.542877
39.78953112452288
17.217972
-31.564545
-14.241318
38.6729134961571
19.369537
-32.27704
-12.145996
39.55390593366697
18.652344
-32.27704
-12.844437
39.42964338342093
16.500793
-33.70204
-11.447571
39.23201033296184
18.652344
-30.852036
-12.844437
38.271889799539885
19.369537
-32.27704
-10.05069
38.96155237508591
17.217972
-32.27704
-11.447571
38.33161546479127
18.652344
-30.139542
-12.145996
37.467681385929126
18.652344
-32.989548
-10.74913
39.39243630553888
16.500793
-32.989548
-10.74913
38.42044051053342
18.652344
-33.70204
-9.352249
39.63839235435135
16.500793
-32.27704
-10.05069
37.617812981560014
15.7836
-35.127045
-10.05069
39.80009710405475
16.500793
-32.989548
-9.352249
38.053265633722226
16.500793
-32.989548
-10.05069
38.230913972897966
17.217972
-32.989548
-10.74913
38.73386918538235
18.652344
-32.989548
-10.05069
39.20760860171945
17.217972
-33.70204
-11.447571
39.53900615610488
17.217972
-32.989548
-10.05069
38.54588377829726
17.935165
-32.27704
-10.74913
38.45804519517828
15.7836
-33.70204
-11.447571
38.93580077552342
16.500793
-32.989548
-11.447571
38.62166879850287
17.217972
-32.989548
-10.05069
38.54588377829726
17.935165
-30.852036
-10.74913
37.27012387676036
17.217972
-34.414536
-11.447571
40.14804755721317
15.7836
-32.989548
-11.447571
38.320741747086196
15.7836
-32.27704
-12.844437
38.15637476945202
17.217972
-32.27704
-10.74913
38.128856426370994
17.217972
-33.70204
-12.145996
39.74684140113762
16.500793
-32.989548
-10.74913
38.42044051053342
17.935165
-32.27704
-12.145996
38.871617994969995
17.217972
-33.70204
-10.74913
39.34247013158538
17.217972
-34.414536
-10.74913
39.95450751665496
17.217972
-32.27704
-11.447571
38.33161546479127
18.652344
-33.70204
-11.447571
40.1843803464496
17.935165
-32.989548
-11.447571
39.25592112981174
16.500793
-34.414536
-10.74913
39.65072884388839
17.217972
-33.70204
-10.74913
39.34247013158538
19.369537
-32.27704
-10.74913
39.1475418040121
17.935165
-33.70204
-10.05069
39.47802122898575
18.652344
-32.989548
-10.05069
39.20760860171945
18.652344
-33.70204
-10.74913
39.9910161420076
18.652344
-32.27704
-10.74913
38.797693054202654
19.369537
-30.852036
-10.74913
37.981191698675836
19.369537
-33.70204
-10.05069
40.150005594255525
19.369537
-32.989548
-10.05069
39.55383186537526
18.652344
-34.414536
-10.74913
40.59327487212322
19.369537
-35.127045
-7.2569427
40.76458591527393
18.652344
-35.127045
-8.653809
40.70267364193122
19.369537
-32.27704
-7.9553833
38.47433289859861
17.935165
-31.564545
-9.352249
37.4894027995329
20.086731
-32.27704
-11.447571
39.70303276258471
18.652344
-32.27704
-12.145996
39.20768332407087
17.935165
-31.564545
-10.05069
37.669710379536035
20.086731
-31.564545
-11.447571
39.12600306970976
19.369537
-31.564545
-10.05069
38.37337448206276
17.217972
-32.989548
-11.447571
38.933477546041594
21.521103
-32.27704
-10.74913
40.2555450979466
18.652344
-32.27704
-10.74913
38.797693054202654
18.652344
-32.27704
-12.844437
39.42964338342093
20.086731
-30.852036
-11.447571
38.5534914644778
20.086731
-32.27704
-10.74913
39.507312725482386
20.80391
-32.27704
-10.74913
39.87673114139921
19.369537
-31.564545
-10.74913
38.56220085732838
17.935165
-31.564545
-11.447571
38.06622646988075
19.369537
-32.27704
-11.447571
39.34505154469476
18.652344
-30.852036
-12.145996
38.043177117524145
21.521103
-31.564545
-10.05069
39.50309799213933
20.80391
-32.27704
-10.74913
39.87673114139921
20.086731
-32.27704
-9.352249
39.15033250377639
20.086731
-31.564545
-10.74913
38.92738193679514
20.80391
-31.564545
-7.9553833
38.63173895753092
19.369537
-32.989548
-10.05069
39.55383186537526
20.80391
-32.989548
-9.352249
40.10707561825516
20.086731
-32.989548
-10.05069
39.90994195431603
20.086731
-33.70204
-7.2569427
39.899469311849096
19.369537
-33.70204
-6.558502
39.42106680206029
19.369537
-33.70204
-7.9553833
39.6773824455996
19.369537
-33.70204
-5.161621
39.21286683961337
19.40274
-33.01201
-5.8600616
38.73757046117341
18.685547
-33.724503
-5.8600616
38.99784649503098
20.119934
-33.01201
-5.8600616
39.101724056859055
17.968369
-33.01201
-3.7647552
37.77338175409537
20.837112
-33.01201
-4.463196
39.292469932028645
18.685547
-33.724503
-5.161621
38.89902355076699
18.685547
-33.724503
-4.463196
38.812522015895524
18.685547
-33.01201
-3.7647552
38.11975501831367
17.968369
-33.724503
-3.0663147
38.33544951416541
17.251175
-34.436996
-1.6694336
38.552519410924205
17.251175
-33.724503
-3.7647552
38.06728790186037
18.685547
-33.724503
-2.3678741
38.62769098382904
18.685547
-32.2995
-2.3678741
37.3900275495519
18.685547
-34.436996
-2.3678741
39.25128288359264
17.251175
-34.436996
-3.0663147
38.638220836045235
17.968369
-33.01201
-2.3678741
37.659817323246706
17.251175
-34.436996
-4.463196
38.77408840502411
17.968369
-32.2995
-2.3678741
37.036830407590564
17.968369
-33.724503
-1.6694336
38.249069701207276
17.251175
-34.436996
-1.6694336
38.552519410924205
15.816803
-35.149506
-2.3678741
38.616911698640855
17.968369
-33.724503
-4.463196
38.47238635331515
