21.062012
-33.41005
-12.387604
41.39193885938496
18.910461
-33.41005
-10.990723
39.93285685548462
21.062012
-33.41005
-10.292297
40.813860883704386
19.62764
-32.697556
-12.387604
40.097719990511926
18.910461
-32.697556
-13.784485
40.20880255285371
21.062012
-34.122543
-13.086044
42.180573794865126
19.62764
-33.41005
-14.48291
41.36702003625216
19.62764
-33.41005
-13.086044
40.89890236722436
21.779205
-32.697556
-15.181351
42.11813452492139
19.62764
-31.985046
-13.086044
39.74332626268057
18.910461
-33.41005
-13.086044
40.55960481770933
20.344833
-33.41005
-11.689163
40.826220415775694
19.62764
-33.41005
-12.387604
40.68081202233892
18.193268
-33.41005
-13.086044
40.23022430046376
18.910461
-32.697556
-13.086044
39.97474483482509
20.344833
-33.41005
-12.387604
41.031651630745685
18.910461
-31.985046
-14.48291
39.879862617401436
18.193268
-33.41005
-13.784485
40.462804220550815
20.344833
-32.697556
-13.086044
40.67292545704544
18.910461
-34.835052
-12.387604
41.527571378185755
19.62764
-32.697556
-12.387604
40.097719990511926
19.62764
-31.985046
-13.086044
39.74332626268057
21.062012
-32.697556
-13.784485
41.2643973454266
21.062012
-33.41005
-13.784485
41.831230039775605
21.062012
-34.122543
-12.387604
41.96914411346969
19.62764
-31.272552
-13.086044
39.17220064932448
21.779205
-32.697556
-12.387604
41.19364788382503
19.62764
-32.697556
-12.387604
40.097719990511926
18.910461
-31.985046
-12.387604
39.16760858796462
20.344833
-32.697556
-13.086044
40.67292545704544
21.062012
-33.41005
-14.48291
42.06654825894175
21.062012
-32.697556
-15.181351
41.7517893516254
22.496399
-33.41005
-13.086044
42.35048810549221
20.344833
-31.985046
-13.086044
40.1023683985357
20.344833
-31.272552
-13.784485
39.77306536483736
20.344833
-31.985046
-13.784485
40.33568555630207
19.62764
-31.272552
-12.387604
38.944441909777865
21.062012
-33.41005
-15.181351
42.31209321721008
19.62764
-30.560043
-12.387604
38.37464372798789
21.062012
-31.272552
-13.784485
40.144648129451824
21.779205
-31.272552
-13.784485
40.525527255977806
21.779205
-31.985046
-12.387604
40.63040378723872
21.062012
-31.985046
-14.48291
40.94394033309447
20.344833
-32.697556
-13.086044
40.67292545704544
21.062012
-31.272552
-12.387604
39.68669259759419
21.062012
-32.697556
-13.086044
41.03636231717624
21.062012
-31.272552
-13.784485
40.144648129451824
20.344833
-31.272552
-14.48291
40.02048730708904
21.062012
-31.985046
-13.784485
40.70213230555311
21.779205
-32.697556
-13.784485
41.63503128470213
21.779205
-31.272552
-15.181351
41.0216974671446
21.062012
-31.272552
-15.181351
40.645469602635295
21.779205
-30.560043
-13.784485
39.9782686329789
21.779205
-31.985046
-14.48291
41.31744899914411
20.344833
-29.84755
-14.48291
38.917131071294456
21.062012
-29.84755
-14.48291
39.296809766347444
22.496399
-31.272552
-14.48291
41.15598602326124
22.496399
-31.272552
-14.48291
41.15598602326124
21.779205
-31.272552
-13.784485
40.525527255977806
22.496399
-30.560043
-13.784485
40.37345802976567
21.062012
-31.985046
-15.181351
41.19617700709618
21.779205
-31.985046
-14.48291
41.31744899914411
22.496399
-31.272552
-13.784485
40.915431193690544
21.062012
-32.697556
-14.48291
41.50292958409683
19.62764
-31.985046
-13.086044
39.74332626268057
19.62764
-31.985046
-13.086044
39.74332626268057
20.344833
-33.41005
-14.48291
41.71208836092587
20.344833
-31.985046
-15.181351
40.83416257262799
19.62764
-31.985046
-12.387604
39.5188592241097
21.779205
-31.272552
-12.387604
40.07192325310984
21.062012
-33.41005
-13.086044
41.60630181337843
21.062012
-31.272552
-13.086044
39.91021570203314
20.344833
-33.41005
-13.784485
41.4747605384136
21.062012
-30.560043
-13.086044
39.354404645974036
21.779205
-30.560043
-11.689163
39.30504388255247
20.344833
-34.122543
-12.387604
41.61385601810186
21.062012
-32.697556
-10.292297
40.23269717375408
21.062012
-33.41005
-12.387604
41.39193885938496
19.62764
-32.697556
-13.086044
40.31896447683614
20.344833
-33.41005
-12.387604
41.031651630745685
21.062012
-33.41005
-12.387604
41.39193885938496
20.344833
-32.697556
-12.387604
40.45361686162932
21.062012
-33.41005
-13.086044
41.60630181337843
18.910461
-32.697556
-14.48291
40.45355801960209
19.62764
-32.697556
-13.784485
40.551035432025344
19.62764
-32.697556
-13.086044
40.31896447683614
18.910461
-33.41005
-11.689163
40.13070685662664
19.62764
-31.985046
-13.784485
39.97873885638309
19.62764
-34.122543
-13.086044
41.48296990322881
18.910461
-33.41005
-13.086044
40.55960481770933
19.62764
-34.835052
-13.784485
42.29346356763507
21.062012
-34.122543
-15.181351
42.876913222619
19.62764
-32.697556
-13.086044
40.31896447683614
19.62764
-34.835052
-13.784485
42.29346356763507
21.062012
-34.122543
-13.784485
42.40245584537233
20.344833
-33.41005
-13.086044
41.24788701974624
20.344833
-33.41005
-13.784485
41.4747605384136
20.344833
-34.122543
-13.784485
42.05082896682151
20.344833
-34.122543
-10.990723
41.21961031370945
20.344833
-34.122543
-13.784485
42.05082896682151
19.62764
-34.122543
-12.387604
41.26796631705169
19.62764
-33.41005
-12.387604
40.68081202233892
20.344833
-34.122543
-12.387604
41.61385601810186
20.344833
-31.985046
-15.181351
40.83416257262799
19.62764
-33.41005
-12.387604
40.68081202233892
20.344833
-33.41005
-12.387604
41.031651630745685
20.344833
-34.835052
-11.689163
42.000351677285096
18.910461
-33.41005
-11.689163
40.13070685662664
21.062012
-34.122543
-11.689163
41.76832260741985
20.344833
-31.985046
-11.689163
39.668527084019956
21.779205
-32.697556
-11.689163
40.98902709014786
23.213577
-33.41005
-13.784485
42.95478466237056
23.213577
-32.697556
-12.387604
41.969667653314666
21.062012
-32.697556
-13.086044
41.03636231717624
21.779205
-32.697556
-11.689163
40.98902709014786
20.344833
-31.272552
-12.387604
39.31078127453158
21.062012
-31.985046
-10.990723
39.84278644668238
19.62764
-30.560043
-13.784485
38.84807083269226
21.779205
-30.560043
-11.689163
39.30504388255247
21.062012
-32.697556
-13.086044
41.03636231717624
22.496399
-32.697556
-11.689163
41.37456334739377
21.779205
-31.985046
-12.387604
40.63040378723872
21.062012
-31.985046
-11.689163
40.04107997965964
19.62764
-32.697556
-11.689163
39.887479067097296
20.344833
-31.272552
-11.689163
39.09630724549795
22.496399
-31.272552
-13.784485
40.915431193690544
22.496399
-31.985046
-10.990723
40.619294972013456
23.213577
-32.697556
-12.387604
41.969667653314666
22.496399
-32.697556
-11.689163
41.37456334739377
22.496399
-32.697556
-11.689163
41.37456334739377
20.344833
-32.697556
-11.689163
40.245235184778394
21.779205
-30.560043
-12.387604
39.51838507314112
21.779205
-31.985046
-12.387604
40.63040378723872
23.213577
-32.697556
-12.387604
41.969667653314666
20.344833
-34.122543
-10.292297
41.03890410806099
21.062012
-31.985046
-11.689163
40.04107997965964
20.344833
-31.272552
-10.292297
38.70162996708763
20.344833
-33.41005
-10.990723
40.63175725052542
19.62764
-33.41005
-10.292297
40.09248189489131
20.344833
-33.41005
-9.593857
40.27636764922608
21.779205
-33.41005
-8.895416
40.86188448316628
20.344833
-34.835052
-9.593857
41.46607264576744
20.344833
-33.41005
-8.895416
40.11573375530557
20.344833
-34.122543
-9.593857
40.869332856850775
18.910461
-33.41005
-8.196976
39.25592268461299
18.193268
-34.835052
-10.292297
40.62520432640924
19.62764
-34.122543
-9.593857
40.51708774596297
21.062012
-33.41005
-10.292297
40.813860883704386
17.476074
-35.547546
-9.593857
40.75639059121204
18.910461
-34.122543
-9.593857
40.1745656795324
18.910461
-33.41005
-9.593857
39.57119091448506
17.476074
-33.41005
-10.990723
39.27391849342417
16.758896
-34.122543
-9.593857
39.20778918049161
18.193268
-35.547546
-10.292297
41.23777932138653
17.476074
-34.122543
-10.292297
39.694994986183396
16.041702
-34.835052
-10.292297
39.708291490392
16.758896
-34.835052
-10.292297
40.00341019398768
17.476074
-35.547546
-10.990723
41.10763043856259
16.041702
-34.835052
-11.689163
40.09306190952806
16.758896
-34.835052
-9.593857
39.82943063768141
17.476074
-34.835052
-10.990723
40.493086613353675
16.758896
-36.260056
-10.990723
41.43004033533518
16.758896
-36.260056
-11.689163
41.62077387987127
16.758896
-33.41005
-10.990723
38.9600829250072
16.041702
-34.122543
-9.593857
38.90663591676071
17.476074
-34.835052
-10.292297
40.30912352623318
16.758896
-35.547546
-11.689163
41.001527339120244
16.758896
-34.122543
-10.292297
39.384514909396025
15.324524
-36.97255
-9.593857
41.156439824922906
16.758896
-34.122543
-10.292297
39.384514909396025
16.758896
-34.122543
-10.990723
39.57277648424324
16.758896
-34.122543
-9.593857
39.20778918049161
16.758896
-34.835052
-9.593857
39.82943063768141
17.476074
-36.260056
-9.593857
41.379305797006644
17.476074
-34.835052
-10.990723
40.493086613353675
17.476074
-32.697556
-11.689163
38.87389781898163
16.041702
-34.122543
-9.593857
38.90663591676071
17.476074
-34.835052
-8.196976
39.8256760476988
18.910461
-35.547546
-10.292297
41.5591751489668
17.476074
-34.122543
-9.593857
39.519657700017625
18.910461
-34.122543
-10.292297
40.347057014925205
18.193268
-34.835052
-10.990723
40.80774253234228
18.193268
-33.41005
-11.689163
39.79777678601375
17.476074
-34.835052
-10.990723
40.493086613353675
18.193268
-33.41005
-11.689163
39.79777678601375
18.193268
-34.122543
-10.990723
40.20123179811705
19.62764
-35.547546
-10.990723
42.06742605580876
18.910461
-33.41005
-10.990723
39.93285685548462
18.910461
-34.835052
-10.990723
41.132498663332655
18.910461
-34.122543
-9.593857
40.1745656795324
19.62764
-34.122543
-8.895416
40.35741199736425
18.193268
-32.697556
-9.593857
38.62858056320637
18.193268
-31.985046
-10.292297
38.20954860361723
18.910461
-33.41005
-10.990723
39.93285685548462
20.344833
-34.835052
-9.593857
41.46607264576744
19.62764
-32.697556
-10.292297
39.500706147267955
18.910461
-32.697556
-11.689163
39.5395032145464
20.344833
-35.547546
-10.990723
42.40679548976718
18.910461
-31.985046
-9.593857
38.37565527738582
18.193268
-32.697556
-8.196976
38.30555510311543
17.476074
-34.122543
-9.593857
39.519657700017625
18.910461
-32.697556
-10.292297
39.149292640580526
18.193268
-33.41005
-9.593857
39.23351315759908
18.193268
-34.122543
-8.895416
39.67960982100095
18.193268
-32.697556
-8.895416
38.46106524836594
18.910461
-35.547546
-8.895416
41.23544665147784
18.193268
-32.697556
-8.895416
38.46106524836594
19.62764
-33.41005
-9.593857
39.9188905440222
18.910461
-34.122543
-7.498535
39.72633434668998
18.193268
-34.835052
-7.498535
40.00879725037826
20.344833
-34.122543
-8.895416
40.711038698060754
19.62764
-33.41005
-9.593857
39.9188905440222
20.344833
-33.41005
-7.498535
39.829281993296874
19.62764
-34.122543
-8.196976
40.20923668566403
18.910461
-35.547546
-8.895416
41.23544665147784
21.062012
-32.697556
-8.196976
39.74832015416658
18.910461
-33.41005
-8.895416
39.407682678654965
17.476074
-34.835052
-10.292297
40.30912352623318
18.193268
-36.260056
-9.593857
41.68727306206971
18.193268
-35.547546
-8.196976
40.765346515913485
18.193268
-33.41005
-10.292297
39.410123533351964
18.910461
-34.835052
-8.196976
40.47563286063295
18.193268
-34.835052
-9.593857
40.453899000416975
18.910461
-36.260056
-9.593857
42.00522980599782
17.476074
-33.41005
-9.593857
38.90612763534974
17.476074
-34.835052
-9.593857
40.136469167411356
17.476074
-34.122543
-8.895416
39.355935364789644
18.193268
-33.41005
-8.895416
39.068591712505295
18.910461
-34.835052
-8.196976
40.47563286063295
17.476074
-36.260056
-9.593857
41.379305797006644
17.476074
-31.985046
-8.895416
37.517793630052225
17.476074
-34.122543
-10.292297
39.694994986183396
16.758896
-34.835052
-8.895416
39.66698688623592
17.476074
-34.835052
-9.593857
40.136469167411356
17.476074
-34.835052
-9.593857
40.136469167411356
16.758896
-34.835052
-9.593857
39.82943063768141
17.476074
-34.122543
-8.196976
39.203975055550806
16.041702
-35.547546
-7.498535
39.713879950745024
17.476074
-35.547546
-8.196976
40.45036080745294
14.60733
-36.260056
-9.593857
40.251805993547514
18.193268
-34.122543
-9.593857
39.84200210626893
17.476074
-35.547546
-8.895416
40.59765606207303
16.041702
-34.122543
-9.593857
38.90663591676071
16.758896
-36.97255
-8.895416
41.55668867972324
18.193268
-35.547546
-8.895416
40.91150773124537
16.041702
-35.547546
-9.593857
40.162250281280926
16.041702
-35.547546
-8.196976
39.85165822253746
16.041702
-34.835052
-8.196976
39.217438038314825
16.041702
-35.547546
-9.593857
40.162250281280926
16.041702
-33.41005
-9.593857
38.28328279041568
16.758896
-35.547546
-9.593857
40.45405741972924
16.758896
-33.41005
-9.593857
38.58930104670772
17.476074
-34.122543
-8.895416
39.355935364789644
17.476074
-34.122543
-10.292297
39.694994986183396
17.476074
-33.41005
-9.593857
38.90612763534974
18.910461
-34.122543
-10.292297
40.347057014925205
16.758896
-34.122543
-8.895416
39.042759074286906
18.193268
-33.41005
-8.895416
39.068591712505295
18.910461
-33.41005
-10.292297
39.746300867089346
18.193268
-33.41005
-9.593857
39.23351315759908
18.910461
-34.122543
-10.292297
40.347057014925205
18.910461
-34.122543
-10.292297
40.347057014925205
18.193268
-34.122543
-10.292297
40.01592700491268
17.476074
-33.41005
-9.593857
38.90612763534974
16.758896
-34.835052
-9.593857
39.82943063768141
17.476074
-34.122543
-8.196976
39.203975055550806
17.476074
-34.122543
-10.292297
39.694994986183396
18.910461
-34.122543
-8.895416
40.013523104695494
16.758896
-32.697556
-7.498535
37.49958333101849
16.041702
-34.835052
-10.292297
39.708291490392
18.910461
-33.41005
-10.292297
39.746300867089346
18.193268
-34.122543
-10.292297
40.01592700491268
16.758896
-34.122543
-8.895416
39.042759074286906
16.758896
-35.547546
-10.292297
40.62536207771338
18.193268
-34.122543
-9.593857
39.84200210626893
16.041702
-35.547546
-8.895416
40.00115812532417
16.758896
-34.122543
-8.196976
38.88957505362539
17.476074
-34.835052
-6.80011
39.561793412923976
18.910461
-34.835052
-8.196976
40.47563286063295
16.758896
-34.122543
-7.498535
38.74837603703944
17.476074
-33.41005
-8.895416
38.73981248391714
16.758896
-35.547546
-8.895416
40.29413189820185
16.758896
-35.547546
-6.80011
39.88395795979961
17.476074
-35.547546
-8.895416
40.59765606207303
17.476074
-34.122543
-8.196976
39.203975055550806
16.041702
-34.835052
-8.196976
39.217438038314825
17.476074
-35.547546
-8.895416
40.59765606207303
16.758896
-34.835052
-8.196976
39.516222749037674
16.041702
-36.260056
-8.895416
40.635652149140384
17.476074
-34.835052
-7.498535
39.6878075775483
16.758896
-33.41005
-8.895416
38.421614476546594
16.758896
-33.41005
-7.498535
38.122435236476896
16.041702
-34.835052
-8.895416
39.36934638231009
14.60733
-36.260056
-7.498535
39.80444446073987
16.758896
-34.835052
-8.196976
39.516222749037674
14.60733
-35.547546
-7.498535
39.15648381314868
17.476074
-33.41005
-9.593857
38.90612763534974
15.324524
-33.41005
-8.196976
37.65983190951766
16.041702
-34.835052
-8.196976
39.217438038314825
16.041702
-34.122543
-7.498535
38.44362406752663
17.476074
-32.697556
-8.196976
37.97016940505319
18.193268
-36.260056
-8.196976
41.38812693009011
15.324524
-35.547546
-8.895416
39.71898203856296
16.041702
-35.547546
-7.498535
39.713879950745024
17.476074
-34.835052
-7.498535
39.6878075775483
16.758896
-34.835052
-7.498535
39.3772708298558
15.324524
-35.547546
-8.895416
39.71898203856296
16.758896
-34.835052
-8.196976
39.516222749037674
16.758896
-34.122543
-7.498535
38.74837603703944
17.476074
-35.547546
-8.196976
40.45036080745294
18.193268
-36.260056
-6.80011
41.13426887853819
16.041702
-33.41005
-8.196976
37.957318881088334
18.193268
-35.547546
-6.80011
40.507585733453986
17.476074
-34.835052
-8.895416
39.97527311898569
18.193268
-31.985046
-7.498535
37.553511624767694
16.041702
-32.697556
-7.498535
37.18459810106195
17.476074
-34.122543
-8.895416
39.355935364789644
17.476074
-32.697556
-8.895416
38.127047524424015
17.476074
-32.697556
-8.895416
38.127047524424015
17.476074
-33.41005
-8.895416
38.73981248391714
16.758896
-34.122543
-8.895416
39.042759074286906
16.758896
-33.41005
-8.196976
38.26594400642855
17.476074
-34.122543
-8.895416
39.355935364789644
17.476074
-32.697556
-9.593857
38.2960239348519
16.758896
-33.41005
-8.895416
38.421614476546594
16.758896
-32.697556
-8.895416
37.803692155991854
18.193268
-31.985046
-10.292297
38.20954860361723
17.476074
-33.41005
-10.292297
39.084217400437836
18.193268
-32.697556
-9.593857
38.62858056320637
17.476074
-32.697556
-10.990723
38.669617989692505
18.910461
-33.41005
-10.292297
39.746300867089346
18.193268
-31.985046
-8.895416
37.857187243330195
18.910461
-31.985046
-9.593857
38.37565527738582
18.910461
-32.697556
-9.593857
38.971500253791234
18.910461
-32.697556
-9.593857
38.971500253791234
17.476074
-32.697556
-9.593857
38.2960239348519
19.62764
-31.272552
-10.292297
38.32946899396566
18.910461
-31.985046
-8.196976
38.05048269599792
18.193268
-32.697556
-8.196976
38.30555510311543
20.344833
-31.985046
-9.593857
39.10239837393289
19.62764
-32.697556
-9.593857
39.32450258943207
18.910461
-32.697556
-8.196976
38.651340823585116
18.193268
-31.985046
-9.593857
38.027362809766664
17.476074
-31.985046
-7.498535
37.211348379791175
20.344833
-31.985046
-8.196976
38.78331953331789
19.62764
-32.697556
-8.196976
39.0072406014055
18.193268
-31.272552
-7.498535
36.948552835539104
18.193268
-33.41005
-8.196976
38.91550937758861
18.910461
-31.985046
-8.196976
38.05048269599792
18.910461
-33.41005
-7.498535
39.11604611251708
18.910461
-30.560043
-8.196976
36.860714592550124
17.476074
-32.697556
-8.895416
38.127047524424015
18.193268
-32.697556
-8.196976
38.30555510311543
18.910461
-31.985046
-9.593857
38.37565527738582
16.758896
-31.985046
-8.895416
37.18914124529498
16.758896
-33.41005
-9.593857
38.58930104670772
18.193268
-31.272552
-10.292297
37.61514224060903
18.193268
-31.985046
-10.292297
38.20954860361723
18.193268
-31.985046
-10.292297
38.20954860361723
16.041702
-30.560043
-10.292297
36.016438439837785
17.476074
-31.272552
-9.593857
37.08676120188055
18.193268
-32.697556
-8.895416
38.46106524836594
18.193268
-33.41005
-9.593857
39.23351315759908
16.041702
-31.272552
-9.593857
36.43282627079767
17.476074
-32.697556
-8.196976
37.97016940505319
18.910461
-33.41005
-8.196976
39.25592268461299
17.476074
-32.697556
-8.196976
37.97016940505319
15.324524
-32.697556
-9.593857
37.36326144308153
15.324524
-32.697556
-8.196976
37.02919957403549
16.758896
-32.697556
-8.895416
37.803692155991854
16.041702
-31.272552
-10.292297
36.622945161533465
16.758896
-33.41005
-8.895416
38.421614476546594
18.193268
-33.41005
-8.196976
38.91550937758861
15.324524
-31.272552
-8.895416
35.943594931525176
16.758896
-31.985046
-6.80011
36.7443228767639
18.910461
-30.560043
-9.593857
37.19628966501565
18.910461
-32.697556
-9.593857
38.971500253791234
17.476074
-32.697556
-8.196976
37.97016940505319
16.758896
-31.985046
-8.196976
37.02828970235123
16.041702
-32.697556
-9.593857
37.66309098907792
17.476074
-31.985046
-8.895416
37.517793630052225
18.193268
-31.985046
-8.196976
37.69918616754627
18.193268
-31.272552
-8.196976
37.09660306529932
17.476074
-31.272552
-8.895416
36.912249459444354
17.476074
-31.272552
-8.196976
36.75018601143401
16.041702
-29.84755
-6.80011
34.56087176883528
17.476074
-30.560043
-10.292297
36.677797974494226
18.193268
-32.697556
-8.895416
38.46106524836594
18.193268
-31.272552
-8.895416
37.25715967791459
16.041702
-31.985046
-10.292297
37.233194746296284
16.758896
-30.560043
-8.196976
35.804570729953596
18.193268
-31.985046
-8.895416
37.857187243330195
17.476074
-31.985046
-9.593857
37.68950165704304
17.476074
-31.985046
-10.990723
38.06904833859457
16.041702
-30.560043
-8.895416
35.642402547737994
18.193268
-30.560043
-8.895416
36.661146638526766
16.041702
-31.985046
-8.196976
36.709260741926556
18.193268
-30.560043
-10.990723
37.22508932683204
18.193268
-31.985046
-8.895416
37.857187243330195
18.910461
-31.272552
-8.196976
37.45355196356549
18.193268
-30.560043
-9.593857
36.83684798052929
18.193268
-31.985046
-8.196976
37.69918616754627
17.476074
-31.985046
-8.196976
37.35835717193594
17.476074
-28.422546
-8.895416
34.5308947238511
18.193268
-31.272552
-9.593857
37.4300633656248
17.476074
-31.272552
-8.895416
36.912249459444354
18.910461
-30.560043
-6.80011
36.57544675959629
18.193268
-29.84755
-9.593857
36.24794242544154
18.193268
-30.560043
-8.895416
36.661146638526766
16.758896
-29.135056
-8.196976
34.596278207638356
18.193268
-31.272552
-10.292297
37.61514224060903
15.324524
-30.560043
-8.895416
35.325426284582896
17.476074
-31.985046
-9.593857
37.68950165704304
16.041702
-29.84755
-8.196976
34.86262801383811
17.476074
-29.84755
-10.292297
36.08629691718607
16.041702
-29.84755
-7.498535
34.705049051795044
17.476074
-31.985046
-8.895416
37.517793630052225
16.041702
-29.84755
-10.990723
35.623144482927984
16.758896
-31.272552
-8.196976
36.414606404165795
17.476074
-30.560043
-10.990723
36.87987917932013
16.758896
-30.560043
-9.593857
36.14995117184203
17.476074
-30.560043
-10.292297
36.677797974494226
16.041702
-31.272552
-9.593857
36.43282627079767
17.476074
-31.985046
-8.895416
37.517793630052225
18.193268
-30.560043
-9.593857
36.83684798052929
15.324524
-31.272552
-11.689163
36.73486348569299
15.324524
-31.985046
-9.593857
36.741344444665636
17.476074
-29.84755
-10.292297
36.08629691718607
16.758896
-30.560043
-8.895416
35.97089481007527
16.041702
-31.272552
-10.292297
36.622945161533465
14.60733
-31.272552
-8.895416
35.643724519980374
14.60733
-29.84755
-9.593857
34.5874613186448
15.324524
-31.985046
-8.196976
36.40157561193265
15.324524
-31.272552
-8.895416
35.943594931525176
16.041702
-32.697556
-10.990723
38.04290116567824
16.758896
-30.560043
-9.593857
36.14995117184203
17.476074
-30.560043
-10.990723
36.87987917932013
16.758896
-30.560043
-10.292297
36.34154993878391
16.041702
-31.272552
-10.990723
36.82532737570876
14.60733
-29.135056
-10.292297
34.17831157944867
15.324524
-29.84755
-8.895416
34.710887386020545
14.60733
-30.560043
-10.990723
35.61020114772241
15.324524
-29.84755
-10.990723
35.305995321815566
13.890137
-31.272552
-9.593857
35.53801572293306
14.60733
-30.560043
-10.292297
35.400872895421834
16.041702
-31.272552
-8.895416
36.255166994361815
14.60733
-31.272552
-9.593857
35.82441617033434
16.041702
-30.560043
-10.292297
36.016438439837785
14.60733
-29.84755
-10.292297
34.78766681879244
14.60733
-30.560043
-8.895416
35.02026303787834
16.041702
-30.560043
-10.292297
36.016438439837785
16.041702
-31.272552
-10.990723
36.82532737570876
14.60733
-29.84755
-10.292297
34.78766681879244
17.476074
-30.560043
-9.593857
36.48796489297875
14.60733
-29.84755
-8.895416
34.400273024784084
18.193268
-29.135056
-10.990723
36.06442091666921
16.041702
-30.560043
-9.593857
35.823100866117976
15.324524
-30.560043
-10.292297
35.70278309464299
15.324524
-29.84755
-11.689163
35.52961806388615
18.193268
-29.84755
-12.387604
37.085360650927676
18.193268
-29.135056
-10.292297
35.85774438013705
17.476074
-29.84755
-8.895416
35.71299268725162
17.476074
-29.135056
-12.387604
36.16237557498902
14.60733
-29.135056
-11.689163
34.624587514465425
16.758896
-29.84755
-10.292297
35.74448506959675
17.476074
-28.422546
-11.689163
35.35379568222661
17.476074
-29.84755
-8.895416
35.71299268725162
16.041702
-30.560043
-8.895416
35.642402547737994
16.758896
-29.135056
-10.292297
35.15172019428334
17.476074
-29.135056
-10.292297
35.49924006118828
16.758896
-29.135056
-9.593857
34.95359996324592
16.758896
-30.560043
-10.990723
36.54549050124464
16.041702
-30.560043
-10.292297
36.016438439837785
18.193268
-28.422546
-11.689163
35.7137600407742
17.476074
-30.560043
-10.292297
36.677797974494226
14.60733
-28.422546
-10.990723
33.793656660218794
17.476074
-29.84755
-8.895416
35.71299268725162
16.041702
-29.84755
-9.593857
35.217247430791105
16.758896
-29.135056
-10.292297
35.15172019428334
16.041702
-29.135056
-9.593857
34.61545516569333
16.758896
-29.84755
-10.990723
35.95181270692846
16.758896
-29.135056
-10.292297
35.15172019428334
17.476074
-30.560043
-9.593857
36.48796489297875
14.60733
-29.84755
-10.292297
34.78766681879244
16.758896
-29.135056
-10.292297
35.15172019428334
13.890137
-28.422546
-10.990723
33.48989396888074
14.60733
-31.272552
-10.292297
36.01774668370962
15.324524
-31.272552
-10.990723
36.518620170272385
15.324524
-30.560043
-10.990723
35.91035149823185
12.455765
-29.84755
-10.292297
33.940443947473085
15.324524
-29.84755
-10.990723
35.305995321815566
15.324524
-31.272552
-9.593857
36.122786615800074
13.890137
-29.84755
-10.990723
34.70746539718616
12.455765
-32.697556
-10.292297
36.472011756983775
14.60733
-29.135056
-10.990723
34.395081137356144
14.60733
-31.272552
-12.387604
36.67150717487028
13.172958
-29.84755
-13.086044
35.15177922961813
13.890137
-31.272552
-10.990723
35.940290312870836
13.890137
-29.84755
-11.689163
34.934921360563415
15.324524
-29.135056
-10.990723
34.705741965712605
12.455765
-30.560043
-10.990723
34.78301882294721
14.60733
-30.560043
-10.990723
35.61020114772241
13.890137
-29.84755
-10.990723
34.70746539718616
15.324524
-31.272552
-10.990723
36.518620170272385
13.172958
-30.560043
-9.593857
34.63358528209558
16.041702
-31.272552
-10.990723
36.82532737570876
15.324524
-31.272552
-10.990723
36.518620170272385
13.172958
-30.560043
-10.292297
34.833525686021936
13.890137
-29.84755
-9.593857
34.29073122648269
14.60733
-30.560043
-10.292297
35.400872895421834
13.172958
-29.84755
-10.292297
34.21015160235701
11.738586
-30.560043
-11.689163
34.76128835311991
14.60733
-31.985046
-10.990723
36.840377019056824
12.455765
-31.985046
-10.292297
35.834630283275736
15.324524
-30.560043
-10.990723
35.91035149823185
15.324524
-31.272552
-11.689163
36.73486348569299
16.041702
-30.560043
-10.990723
36.22220951176312
13.172958
-31.272552
-10.292297
35.46027053101559
14.60733
-29.135056
-10.990723
34.395081137356144
15.324524
-31.272552
-10.990723
36.518620170272385
16.041702
-27.710052
-10.990723
33.85231525386225
14.60733
-29.84755
-9.593857
34.5874613186448
15.324524
-30.560043
-12.387604
36.362206795075195
14.60733
-30.560043
-12.387604
36.06581711347325
14.60733
-31.272552
-10.292297
36.01774668370962
17.476074
-30.560043
-13.086044
37.557608744559005
15.324524
-30.560043
-11.689163
36.13023386068965
14.60733
-30.560043
-13.784485
36.56914669819867
13.172958
-29.84755
-11.689163
34.65601752627168
15.324524
-31.272552
-10.990723
36.518620170272385
14.60733
-29.84755
-11.689163
35.226225498776124
15.324524
-29.84755
-13.784485
36.27298234287987
14.60733
-30.560043
-10.990723
35.61020114772241
15.324524
-31.272552
-12.387604
36.96304042448179
15.324524
-31.272552
-12.387604
36.96304042448179
14.60733
-29.135056
-11.689163
34.624587514465425
15.324524
-30.560043
-10.292297
35.70278309464299
16.758896
-30.560043
-10.990723
36.54549050124464
13.172958
-31.272552
-10.990723
35.66925020457046
14.60733
-31.985046
-10.990723
36.840377019056824
14.60733
-29.135056
-11.689163
34.624587514465425
16.041702
-29.84755
-10.990723
35.623144482927984
15.324524
-29.84755
-9.593857
34.896409549036164
15.324524
-30.560043
-11.689163
36.13023386068965
16.041702
-31.272552
-10.990723
36.82532737570876
15.324524
-31.272552
-10.292297
36.31452870570108
13.890137
-30.560043
-11.689163
35.54558720194745
15.324524
-29.135056
-9.593857
34.288986849141885
15.324524
-31.272552
-10.990723
36.518620170272385
14.60733
-29.84755
-9.593857
34.5874613186448
13.890137
-31.272552
-8.895416
35.355860408627805
16.041702
-31.272552
-10.990723
36.82532737570876
13.890137
-31.272552
-9.593857
35.53801572293306
13.890137
-30.560043
-10.292297
35.11101777698757
14.60733
-31.985046
-8.895416
36.27045321425123
13.890137
-30.560043
-10.990723
35.32206383210606
16.041702
-31.985046
-8.895416
36.87150407157267
14.60733
-31.985046
-12.387604
37.280961859741495
15.324524
-30.560043
-10.990723
35.91035149823185
14.60733
-30.560043
-10.990723
35.61020114772241
15.324524
-30.560043
-10.292297
35.70278309464299
16.041702
-32.697556
-10.292297
37.84703033367512
13.890137
-31.272552
-10.990723
35.940290312870836
15.324524
-29.135056
-10.292297
34.490924913188216
13.172958
-31.985046
-12.387604
36.74265677857873
13.172958
-31.272552
-10.990723
35.66925020457046
13.890137
-31.985046
-10.292297
36.35808744228631
14.60733
-31.272552
-10.990723
36.22351032403282
13.172958
-30.560043
-12.387604
35.50909565200777
14.60733
-31.985046
-9.593857
36.44803798088794
13.172958
-29.84755
-12.387604
34.8977912619257
13.890137
-31.985046
-10.292297
36.35808744228631
14.60733
-31.985046
-11.689163
37.054742679961024
12.455765
-31.272552
-10.292297
35.20014273874646
12.455765
-30.560043
-10.292297
34.568681988384554
13.890137
-30.560043
-9.593857
34.912666571165474
13.890137
-31.985046
-11.689163
36.777924392986755
14.60733
-31.272552
-10.990723
36.22351032403282
13.172958
-30.560043
-10.990723
35.046242819198
13.890137
-32.697556
-10.292297
36.98644936356337
13.172958
-31.985046
-10.292297
36.090185159455054
13.172958
-31.272552
-9.593857
35.26388384602935
13.172958
-31.272552
-9.593857
35.26388384602935
13.890137
-30.560043
-10.990723
35.32206383210606
14.60733
-30.560043
-10.292297
35.400872895421834
13.172958
-31.272552
-10.292297
35.46027053101559
14.60733
-31.272552
-11.689163
36.441503183827024
13.172958
-29.84755
-8.895416
33.816142508284784
14.60733
-30.560043
-13.086044
36.311636042863384
13.890137
-31.272552
-10.990723
35.940290312870836
14.60733
-29.84755
-10.990723
35.000662661137575
14.60733
-29.84755
-10.990723
35.000662661137575
13.890137
-30.560043
-11.689163
35.54558720194745
15.324524
-31.272552
-9.593857
36.122786615800074
15.324524
-29.84755
-10.292297
35.094852637397196
14.60733
-30.560043
-12.387604
36.06581711347325
16.041702
-29.135056
-10.292297
34.81549968842452
16.041702
-30.560043
-10.292297
36.016438439837785
14.60733
-31.272552
-10.990723
36.22351032403282
13.890137
-28.422546
-8.196976
32.67977061159644
13.172958
-29.135056
-11.689163
34.04430778526896
13.890137
-31.272552
-10.292297
35.732895820937884
15.324524
-30.560043
-12.387604
36.362206795075195
16.041702
-29.84755
-9.593857
35.217247430791105
14.60733
-30.560043
-10.292297
35.400872895421834
14.60733
-30.560043
-9.593857
35.204154861766675
16.758896
-29.135056
-10.990723
35.362523335313966
14.60733
-29.84755
-10.292297
34.78766681879244
16.041702
-28.422546
-10.292297
34.22146643042109
14.60733
-29.84755
-11.689163
35.226225498776124
15.324524
-29.84755
-9.593857
34.896409549036164
16.041702
-31.272552
-11.689163
37.03978013568655
16.041702
-31.272552
-10.292297
36.622945161533465
16.758896
-31.272552
-9.593857
36.75425477602049
16.041702
-29.135056
-9.593857
34.61545516569333
16.041702
-29.135056
-10.990723
35.0283262885643
17.476074
-29.84755
-8.196976
35.54546185377871
14.60733
-31.272552
-8.895416
35.643724519980374
16.041702
-29.135056
-8.196976
34.254606285254724
13.890137
-31.272552
-8.895416
35.355860408627805
13.890137
-30.560043
-10.292297
35.11101777698757
14.60733
-31.985046
-9.593857
36.44803798088794
14.60733
-30.560043
-10.292297
35.400872895421834
16.041702
-31.272552
-11.689163
37.03978013568655
13.172958
-31.985046
-9.593857
35.89724477752001
14.60733
-32.697556
-10.292297
37.261718545248456
15.324524
-30.560043
-9.593857
35.50773772681896
14.60733
-31.272552
-10.990723
36.22351032403282
15.324524
-30.560043
-10.990723
35.91035149823185
13.890137
-29.84755
-10.292297
34.49265907803336
15.324524
-30.560043
-10.990723
35.91035149823185
15.324524
-31.272552
-10.990723
36.518620170272385
16.758896
-30.560043
-10.990723
36.54549050124464
15.324524
-30.560043
-10.990723
35.91035149823185
14.60733
-29.84755
-10.990723
35.000662661137575
15.324524
-29.84755
-9.593857
34.896409549036164
14.60733
-31.985046
-9.593857
36.44803798088794
14.60733
-30.560043
-10.292297
35.400872895421834
15.324524
-31.272552
-12.387604
36.96304042448179
15.324524
-29.84755
-12.387604
35.765486770702736
16.041702
-31.272552
-12.387604
37.2660901438476
16.041702
-31.272552
-11.689163
37.03978013568655
13.890137
-30.560043
-10.292297
35.11101777698757
15.324524
-30.560043
-10.990723
35.91035149823185
15.324524
-31.272552
-9.593857
36.122786615800074
13.890137
-29.84755
-9.593857
34.29073122648269
14.60733
-29.84755
-11.689163
35.226225498776124
15.324524
-29.84755
-13.086044
36.01335574467044
14.60733
-31.985046
-11.689163
37.054742679961024
14.60733
-31.272552
-10.990723
36.22351032403282
13.172958
-31.985046
-10.292297
36.090185159455054
13.890137
-31.985046
-9.593857
36.16657628576937
14.60733
-31.985046
-10.292297
36.63807793652408
14.60733
-30.560043
-10.292297
35.400872895421834
13.890137
-29.84755
-10.990723
34.70746539718616
15.324524
-31.272552
-10.990723
36.518620170272385
15.324524
-30.560043
-10.990723
35.91035149823185
15.324524
-30.560043
-11.689163
36.13023386068965
16.758896
-31.985046
-11.689163
37.954450110667196
13.890137
-31.985046
-9.593857
36.16657628576937
13.890137
-31.985046
-10.292297
36.35808744228631
13.172958
-29.84755
-10.292297
34.21015160235701
16.041702
-31.272552
-11.689163
37.03978013568655
14.60733
-31.985046
-10.292297
36.63807793652408
16.758896
-31.272552
-10.990723
37.14335943867524
15.324524
-31.272552
-11.689163
36.73486348569299
13.172958
-32.697556
-10.990723
36.92496449463002
15.324524
-31.272552
-13.086044
37.20293140961812
16.758896
-30.560043
-11.689163
36.761574096849074
15.324524
-29.84755
-10.990723
35.305995321815566
14.60733
-30.560043
-11.689163
35.831927131444175
13.172958
-30.560043
-10.990723
35.046242819198
14.60733
-33.41005
-10.990723
38.08413857931048
15.324524
-32.697556
-10.292297
37.548669588823316
15.324524
-31.272552
-11.689163
36.73486348569299
14.60733
-30.560043
-12.387604
36.06581711347325
15.324524
-32.697556
-11.689163
37.95533778028625
15.324524
-31.272552
-10.990723
36.518620170272385
17.476074
-33.41005
-9.593857
38.90612763534974
15.324524
-31.985046
-9.593857
36.741344444665636
15.324524
-31.985046
-8.895416
36.56518419634311
16.041702
-34.122543
-9.593857
38.90663591676071
15.324524
-31.985046
-10.292297
36.92987508546604
14.60733
-32.697556
-8.895416
36.90030745711596
16.041702
-31.272552
-9.593857
36.43282627079767
16.041702
-34.835052
-8.196976
39.217438038314825
16.758896
-33.41005
-8.196976
38.26594400642855
15.324524
-32.697556
-8.196976
37.02919957403549
15.324524
-33.41005
-8.196976
37.65983190951766
14.60733
-33.41005
-8.895416
37.53310550419539
15.324524
-33.41005
-8.196976
37.65983190951766
15.324524
-33.41005
-9.593857
37.98834852982474
16.041702
-32.697556
-8.196976
37.33171223345174
14.60733
-34.122543
-8.895416
38.168712133598376
12.455765
-31.985046
-8.895416
35.458676639483286
14.60733
-33.41005
-9.593857
37.70474380072254
15.324524
-33.41005
-8.895416
37.81799740512941
15.324524
-33.41005
-8.895416
37.81799740512941
12.455765
-33.41005
-8.895416
36.74923103202722
14.60733
-34.122543
-10.292297
38.51822379670595
13.890137
-34.122543
-9.593857
38.07001510118807
14.60733
-33.41005
-8.196976
37.37373436663525
15.324524
-32.697556
-10.990723
37.74608869689762
16.758896
-34.835052
-7.498535
39.3772708298558
15.324524
-32.697556
-8.196976
37.02919957403549
13.172958
-33.41005
-10.292297
37.35893062261854
14.60733
-31.985046
-8.196976
36.105509109911985
14.60733
-34.835052
-8.196976
38.65288359432256
14.60733
-33.41005
-9.593857
37.70474380072254
15.324524
-32.697556
-8.196976
37.02919957403549
16.041702
-33.41005
-8.895416
38.11424989320759
14.60733
-35.547546
-8.196976
39.29621644577408
16.041702
-31.985046
-9.593857
37.04620775179374
16.041702
-32.697556
-8.196976
37.33171223345174
14.60733
-33.41005
-8.196976
37.37373436663525
14.60733
-32.697556
-9.593857
37.07487541069761
16.041702
-31.985046
-7.498535
36.559641982314325
16.041702
-33.41005
-6.80011
37.68035405926078
13.890137
-34.835052
-8.895416
38.542770606374745
16.041702
-34.122543
-7.498535
38.44362406752663
16.041702
-32.697556
-7.498535
37.18459810106195
15.324524
-32.697556
-8.895416
37.19004718167214
16.041702
-32.697556
-6.1016693
36.928263637401606
15.324524
-34.835052
-8.196976
38.92958167128903
16.758896
-32.697556
-8.196976
37.64546655765804
17.476074
-32.697556
-6.80011
37.69329900710553
15.324524
-33.41005
-8.196976
37.65983190951766
16.758896
-31.985046
-8.895416
37.18914124529498
16.758896
-34.122543
-8.196976
38.88957505362539
16.758896
-30.560043
-8.196976
35.804570729953596
16.758896
-30.560043
-8.196976
35.804570729953596
17.476074
-31.985046
-8.895416
37.517793630052225
15.324524
-32.697556
-8.196976
37.02919957403549
17.476074
-31.985046
-7.498535
37.211348379791175
17.476074
-31.985046
-7.498535
37.211348379791175
19.62764
-30.560043
-8.196976
37.23373406131109
17.476074
-31.272552
-8.196976
36.75018601143401
16.758896
-32.697556
-6.1016693
37.24541675610487
18.193268
-30.560043
-8.196976
36.49796822523567
17.476074
-31.985046
-7.498535
37.211348379791175
17.476074
-33.41005
-5.4032288
38.08988681446904
18.193268
-31.985046
-6.80011
37.42031083630837
18.193268
-33.41005
-5.4032288
38.424227573868514
17.476074
-33.41005
-5.4032288
38.08988681446904
17.476074
-31.985046
-4.0063477
36.667522443552656
17.476074
-32.697556
-4.704788
37.37216002222192
17.476074
-31.272552
-4.0063477
36.04769789372825
16.758896
-32.697556
-4.0063477
36.95999870003042
16.041702
-32.697556
-4.0063477
36.640375132410284
16.758896
-31.272552
-5.4032288
35.88910634303343
16.758896
-31.272552
-1.2126007
35.50075476475377
17.476074
-34.122543
-4.0063477
38.54623213387723
16.758896
-33.41005
-2.6094818
37.46867343872495
13.890137
-33.41005
-1.9110413
36.232850536603
16.758896
-32.697556
-1.9110413
36.791885277403566
17.476074
-31.985046
-3.3079224
36.59779779865091
16.041702
-32.697556
-3.3079224
36.57059872911913
15.324524
-33.41005
-2.6094818
36.8494499010204
17.476074
-32.697556
-1.9110413
37.12405466231177
16.041702
-31.985046
-1.9110413
35.833385189521586
16.041702
-34.835052
-0.51416016
38.35467925688386
16.758896
-34.835052
-1.2126007
38.67572739650073
16.758896
-33.41005
-1.2126007
37.39735953245897
15.324524
-31.985046
-2.6094818
35.56253260927767
14.60733
-34.122543
-2.6094818
37.2092947556244
15.324524
-31.985046
-1.2126007
35.48738841233777
14.60733
-31.985046
-2.6094818
35.25942153014744
13.890137
-33.41005
-1.9110413
36.232850536603
15.324524
-33.41005
-2.6094818
36.8494499010204
13.890137
-34.122543
-4.704788
37.140529685405674
14.60733
-33.41005
-2.6094818
36.55701080589741
15.324524
-31.985046
-1.9110413
35.51811336421355
