22.052246
-32.845596
-11.479691
41.193665663792444
18.466309
-30.7081
-10.78125
37.419611100623094
20.617874
-30.7081
-10.78125
38.526866703740815
19.900696
-30.7081
-10.78125
38.14787511745002
18.466309
-32.133102
-12.178131
39.0108658741382
19.900696
-32.133102
-12.178131
39.70995919634016
19.183502
-31.420593
-10.78125
38.36007986877846
19.900696
-32.845596
-12.178131
40.28868149301132
18.466309
-29.99559
-12.178131
37.26991917082729
20.617874
-30.7081
-12.178131
38.94086531153279
19.900696
-30.7081
-12.178131
38.5659423478759
18.466309
-29.99559
-11.479691
37.04758177573386
18.466309
-32.133102
-12.178131
39.0108658741382
19.183502
-31.420593
-12.178131
38.775859252145366
19.900696
-30.7081
-14.2734375
39.277934053557665
19.900696
-29.99559
-13.575012
38.47147095119236
19.900696
-31.420593
-13.575012
39.59257995755407
19.900696
-30.7081
-12.876572
38.79215197288622
17.74913
-29.99559
-13.575012
37.40385134853261
18.466309
-30.7081
-12.178131
37.84572404017394
19.900696
-30.7081
-13.575012
39.029553293285815
18.466309
-29.283096
-13.575012
37.18582093110642
19.183502
-31.420593
-12.876572
39.00085135288716
17.74913
-32.133102
-13.575012
39.13884102720883
18.466309
-29.283096
-14.2734375
37.44643309532298
18.466309
-29.99559
-12.178131
37.26991917082729
17.74913
-30.7081
-12.876572
37.733608299664375
19.900696
-29.99559
-14.2734375
38.723431542034405
19.900696
-29.99559
-13.575012
38.47147095119236
19.900696
-30.7081
-14.2734375
39.277934053557665
19.900696
-29.283096
-11.479691
37.21989791470753
19.183502
-29.283096
-13.575012
37.54713671621229
19.183502
-31.420593
-12.178131
38.775859252145366
20.617874
-29.99559
-12.178131
38.381493432199036
19.183502
-29.99559
-12.876572
37.862228405678266
18.466309
-28.570602
-13.575012
36.62737800247156
18.466309
-29.99559
-13.575012
37.7494502753848
19.183502
-29.283096
-14.2734375
37.80525821665718
19.183502
-30.7081
-14.2734375
38.9194693907336
18.466309
-32.133102
-12.178131
39.0108658741382
21.335068
-28.570602
-11.479691
37.459947686349786
19.183502
-29.99559
-10.082825
37.00547956152068
19.183502
-30.7081
-11.479691
37.98391061779069
19.900696
-29.283096
-11.479691
37.21989791470753
21.335068
-28.570602
-12.178131
37.6798519136471
19.183502
-28.570602
-10.78125
36.06274202420952
19.900696
-28.570602
-12.178131
36.88663580983209
19.900696
-29.99559
-12.876572
38.23060425317
20.617874
-28.570602
-13.575012
37.75787311835606
20.617874
-29.99559
-13.575012
38.84730568752082
20.617874
-29.283096
-13.575012
38.299836049339035
20.617874
-29.99559
-12.876572
38.60878376216674
20.617874
-29.283096
-12.876572
38.05788470068489
19.900696
-29.283096
-12.178131
37.44121205772541
19.183502
-28.570602
-12.876572
36.743598639975716
19.183502
-29.99559
-12.178131
37.63042747917734
21.335068
-29.283096
-13.575012
38.690642541995864
20.617874
-27.858093
-12.178131
36.73522901495579
18.466309
-28.570602
-14.2734375
36.89193533251034
19.183502
-28.570602
-12.876572
36.743598639975716
21.335068
-27.858093
-11.479691
36.919396935989994
19.183502
-29.99559
-13.575012
38.105422099215424
19.183502
-28.570602
-10.78125
36.06274202420952
19.900696
-29.99559
-11.479691
37.78301730254447
19.900696
-31.420593
-10.78125
38.72372313451326
19.183502
-29.283096
-10.78125
36.62979417481161
19.183502
-28.570602
-12.876572
36.743598639975716
19.183502
-29.283096
-12.178131
37.06498825700863
19.183502
-30.7081
-12.178131
38.20079875330652
20.617874
-29.283096
-12.178131
37.82728275084664
18.466309
-30.7081
-12.178131
37.84572404017394
19.183502
-30.7081
-10.082825
37.58533584661876
20.617874
-27.858093
-10.78125
36.29608129782229
17.74913
-27.858093
-12.876572
35.452942512752024
19.900696
-29.283096
-10.082825
36.813052110142436
20.617874
-27.858093
-9.384384
35.90594402611147
19.183502
-30.7081
-10.082825
37.58533584661876
19.183502
-28.570602
-10.78125
36.06274202420952
20.617874
-29.283096
-10.082825
37.20564158330024
18.466309
-28.570602
-10.78125
35.686400281326534
19.900696
-29.99559
-10.78125
37.57670053173326
18.466309
-30.7081
-9.384384
37.041309287739814
19.183502
-29.283096
-10.78125
36.62979417481161
19.900696
-29.283096
-11.479691
37.21989791470753
19.900696
-28.570602
-11.479691
36.66197405755553
19.183502
-29.283096
-11.479691
36.841414127607464
19.900696
-29.283096
-12.876572
37.67417558300878
18.466309
-28.570602
-12.178131
36.13295861456943
17.74913
-29.283096
-11.479691
36.11529727505541
19.183502
-28.570602
-11.479691
36.27766993534039
20.617874
-29.283096
-11.479691
37.60824059620694
19.183502
-29.283096
-11.479691
36.841414127607464
19.183502
-28.570602
-12.876572
36.743598639975716
19.183502
-29.99559
-13.575012
38.105422099215424
19.183502
-29.283096
-12.876572
37.30030160735969
19.900696
-29.283096
-11.479691
37.21989791470753
19.900696
-28.570602
-12.876572
37.12307970622858
19.900696
-29.99559
-10.082825
37.38230064304747
19.900696
-28.570602
-12.178131
36.88663580983209
19.183502
-29.283096
-11.479691
36.841414127607464
19.900696
-27.858093
-12.178131
36.33755589950981
20.617874
-30.7081
-13.575012
39.400064876909624
19.183502
-27.858093
-12.876572
36.19235044133981
17.031937
-27.858093
-13.575012
35.36157748332751
17.74913
-29.99559
-12.876572
37.15606602141163
19.900696
-27.1456
-12.876572
36.03785918894011
18.466309
-28.570602
-14.971878
37.167740286016176
18.466309
-27.858093
-14.2734375
36.342933809622814
19.900696
-29.283096
-12.876572
37.67417558300878
19.900696
-30.7081
-12.178131
38.5659423478759
19.183502
-29.283096
-13.575012
37.54713671621229
19.900696
-29.283096
-12.178131
37.44121205772541
18.466309
-29.99559
-13.575012
37.7494502753848
19.900696
-28.570602
-13.575012
37.371085379754994
19.183502
-29.99559
-13.575012
38.105422099215424
19.900696
-29.283096
-13.575012
37.91857699657666
19.900696
-28.570602
-14.971878
37.90084591527938
19.900696
-29.283096
-12.876572
37.67417558300878
20.617874
-29.283096
-13.575012
38.299836049339035
20.617874
-27.858093
-12.876572
36.97264283709477
22.052246
-29.283096
-14.2734375
39.33868613162493
19.900696
-29.99559
-12.876572
38.23060425317
19.900696
-29.283096
-13.575012
37.91857699657666
20.617874
-29.99559
-12.876572
38.60878376216674
20.617874
-29.99559
-12.178131
38.381493432199036
20.617874
-29.99559
-12.876572
38.60878376216674
19.900696
-28.570602
-13.575012
37.371085379754994
21.335068
-30.7081
-13.575012
39.78006399204176
19.900696
-29.99559
-12.876572
38.23060425317
19.900696
-28.570602
-12.876572
37.12307970622858
19.900696
-29.283096
-14.971878
38.44079317701607
20.617874
-29.283096
-14.2734375
38.55291678431251
20.617874
-29.99559
-12.178131
38.381493432199036
20.617874
-29.99559
-13.575012
38.84730568752082
20.617874
-29.99559
-12.876572
38.60878376216674
19.900696
-29.99559
-13.575012
38.47147095119236
19.900696
-32.133102
-11.479691
39.501358202024996
20.617874
-32.133102
-14.2734375
40.759833337145466
19.900696
-31.420593
-11.479691
38.92396057740335
21.335068
-29.99559
-14.2734375
39.47976204751144
20.617874
-30.7081
-11.479691
38.728121974098165
19.900696
-30.7081
-10.78125
38.14787511745002
19.183502
-29.99559
-13.575012
38.105422099215424
20.617874
-30.7081
-12.178131
38.94086531153279
19.900696
-31.420593
-12.876572
39.35857482314845
19.183502
-32.133102
-11.479691
39.14493957008125
19.183502
-30.7081
-11.479691
37.98391061779069
19.183502
-33.55809
-12.178131
40.52726223636381
19.900696
-34.2706
-13.575012
41.89024617508681
17.74913
-31.420593
-11.479691
37.86909826647084
19.900696
-32.133102
-11.479691
39.501358202024996
19.183502
-32.845596
-11.479691
39.731892618092395
19.183502
-31.420593
-11.479691
38.56220560564288
20.617874
-32.845596
-11.479691
40.44395204274599
19.183502
-33.55809
-12.178131
40.52726223636381
19.183502
-31.420593
-12.178131
38.775859252145366
18.466309
-32.133102
-12.178131
39.0108658741382
19.900696
-30.7081
-14.2734375
39.277934053557665
19.183502
-30.7081
-12.178131
38.20079875330652
18.466309
-32.845596
-13.575012
40.0514515893502
20.617874
-34.2706
-12.876572
42.01638910145659
22.052246
-32.845596
-11.479691
41.193665663792444
17.74913
-34.2706
-10.78125
40.07169782772967
18.466309
-32.845596
-13.575012
40.0514515893502
18.466309
-32.133102
-14.2734375
39.714880441915284
18.466309
-32.133102
-12.178131
39.0108658741382
18.466309
-32.845596
-12.876572
39.820143129176785
18.466309
-33.55809
-13.575012
40.63780146862186
18.466309
-34.2706
-12.178131
40.789525621054054
18.466309
-32.845596
-11.479691
39.39062190103122
17.74913
-34.2706
-13.575012
40.91193739110567
18.466309
-32.845596
-12.876572
39.820143129176785
17.74913
-32.845596
-14.2734375
39.96993804430556
18.466309
-32.133102
-13.575012
39.469251036012196
19.900696
-32.845596
-12.876572
40.50527128600826
19.183502
-32.845596
-12.178131
39.9392895603557
17.74913
-33.55809
-12.178131
39.868331877804344
17.74913
-33.55809
-12.178131
39.868331877804344
19.183502
-32.845596
-10.78125
39.53574733557989
20.617874
-33.55809
-12.876572
41.43728200357439
19.183502
-33.55809
-11.479691
40.32288958897524
17.74913
-33.55809
-13.575012
40.316969229004556
19.183502
-33.55809
-11.479691
40.32288958897524
17.031937
-32.133102
-10.78125
37.932287018284306
18.466309
-34.2706
-13.575012
41.228139922683575
17.74913
-33.55809
-12.178131
39.868331877804344
18.466309
-33.55809
-12.178131
40.19274545374296
18.466309
-34.983093
-12.178131
41.389952570981826
20.617874
-32.845596
-11.479691
40.44395204274599
21.335068
-32.133102
-11.479691
40.243070965598385
19.183502
-34.2706
-13.575012
41.554322503802176
20.617874
-34.2706
-12.178131
41.807627121697244
19.183502
-33.55809
-12.178131
40.52726223636381
20.617874
-32.845596
-12.876572
40.862404285410996
18.466309
-34.2706
-11.479691
40.58647361893261
19.183502
-32.845596
-11.479691
39.731892618092395
19.900696
-33.55809
-11.479691
40.66898610322198
19.900696
-33.55809
-12.178131
40.87162818183752
20.617874
-34.2706
-12.178131
41.807627121697244
18.466309
-33.55809
-10.78125
39.79177369640929
20.617874
-32.845596
-12.876572
40.862404285410996
19.183502
-33.55809
-12.876572
40.74258523895023
20.617874
-32.845596
-11.479691
40.44395204274599
19.900696
-32.845596
-11.479691
40.08309240658709
19.900696
-32.845596
-12.876572
40.50527128600826
19.900696
-33.55809
-11.479691
40.66898610322198
20.617874
-32.845596
-10.78125
40.25127678972588
22.052246
-32.845596
-10.78125
41.00451337581632
21.335068
-33.55809
-10.082825
41.02430860458681
19.900696
-32.845596
-11.479691
40.08309240658709
21.335068
-32.845596
-10.082825
40.44356117634796
20.617874
-32.845596
-8.685944
39.74135740360727
21.335068
-33.55809
-11.479691
41.389780038091075
20.617874
-33.55809
-10.082825
40.65594074152171
19.183502
-33.55809
-12.178131
40.52726223636381
19.900696
-33.55809
-11.479691
40.66898610322198
19.183502
-33.55809
-11.479691
40.32288958897524
18.466309
-33.55809
-11.479691
39.98666312083396
20.617874
-33.55809
-12.178131
41.22558759151439
19.900696
-33.55809
-10.78125
40.477382042706886
21.335068
-33.55809
-12.178131
41.58891019456839
19.900696
-33.55809
-12.876572
41.085146437763854
19.900696
-33.55809
-12.178131
40.87162818183752
21.335068
-34.983093
-12.178131
42.74703308874927
19.183502
-34.2706
-10.78125
40.72733804771833
18.466309
-34.983093
-12.178131
41.389952570981826
19.900696
-34.2706
-11.479691
41.258878365090254
20.617874
-34.2706
-12.178131
41.807627121697244
20.617874
-34.2706
-10.78125
41.42229052507538
19.900696
-34.983093
-12.178131
42.04951101919171
19.900696
-34.983093
-10.78125
41.66641145755175
19.900696
-33.55809
-10.082825
40.29697799521541
20.617874
-33.55809
-11.479691
41.02469393786275
20.617874
-33.55809
-10.082825
40.65594074152171
20.617874
-34.983093
-10.082825
41.839896083724625
21.335068
-35.695602
-11.479691
43.14098294174215
20.617874
-35.695602
-10.78125
42.60877910291053
19.900696
-34.2706
-8.685944
40.570399004577524
20.617874
-34.2706
-10.082825
41.24601957594666
19.900696
-34.2706
-9.384384
40.7256475595002
19.183502
-34.2706
-10.082825
40.548046105438296
20.617874
-35.695602
-11.479691
42.790840495057324
19.183502
-34.983093
-10.78125
41.32866847468746
19.900696
-34.983093
-8.685944
41.174021528484744
20.617874
-35.695602
-7.987503
41.98896135863047
19.183502
-35.695602
-7.987503
41.303545975572725
19.183502
-35.695602
-8.685944
41.44428088372086
21.335068
-33.55809
-7.2890625
40.42846691998103
19.183502
-34.2706
-7.987503
40.078434148417806
21.335068
-34.983093
-9.384384
42.03651512097102
22.052246
-34.2706
-8.685944
41.66798760926966
21.335068
-34.2706
-10.082825
41.60916377152544
22.052246
-34.983093
-9.384384
42.40501074782834
21.335068
-34.2706
-8.685944
41.292913875483826
20.617874
-34.2706
-9.384384
41.080864781207744
21.335068
-34.2706
-10.78125
41.783902776667475
19.900696
-34.2706
-9.384384
40.7256475595002
19.183502
-33.55809
-10.082825
39.94765862585065
19.900696
-33.55809
-10.082825
40.29697799521541
21.335068
-34.983093
-9.384384
42.03651512097102
22.052246
-34.983093
-11.479691
42.91738122635309
20.617874
-35.695602
-7.987503
41.98896135863047
21.335068
-34.2706
-10.082825
41.60916377152544
20.617874
-34.983093
-10.082825
41.839896083724625
19.183502
-33.55809
-8.685944
39.61814806688975
20.617874
-33.55809
-9.384384
40.48837904745786
19.900696
-34.2706
-8.685944
40.570399004577524
21.335068
-34.2706
-10.082825
41.60916377152544
19.900696
-32.845596
-9.384384
39.53400589454998
18.466309
-34.2706
-10.082825
40.21370221333924
19.900696
-33.55809
-10.082825
40.29697799521541
20.617874
-34.983093
-7.987503
41.38494587548941
20.617874
-34.2706
-9.384384
41.080864781207744
20.617874
-34.2706
-7.2890625
40.653427553836096
19.900696
-34.2706
-9.384384
40.7256475595002
21.335068
-34.983093
-7.987503
41.74688160837211
20.617874
-33.55809
-7.987503
40.187589606723584
19.900696
-33.55809
-6.590637
39.56791160658154
20.617874
-35.695602
-5.193756
41.54813837868521
21.335068
-35.695602
-5.8921967
42.00094167471129
19.900696
-35.695602
-5.193756
41.19695186264923
19.183502
-34.2706
-6.590637
39.823576387965524
20.617874
-34.2706
-7.2890625
40.653427553836096
20.617874
-34.983093
-7.987503
41.38494587548941
20.617874
-36.408096
-6.590637
42.35661416676119
20.617874
-33.55809
-8.685944
40.332217198421226
18.466309
-34.983093
-6.590637
40.10308981238229
19.900696
-34.2706
-7.987503
40.42662352520227
19.183502
-33.55809
-8.685944
39.61814806688975
18.466309
-34.2706
-8.685944
39.88638956167411
18.466309
-32.845596
-7.2890625
38.37926864491753
19.900696
-34.983093
-8.685944
41.174021528484744
20.617874
-34.2706
-8.685944
40.92696369658852
20.617874
-34.983093
-8.685944
41.52540344005552
17.74913
-32.845596
-6.590637
37.91175795978818
18.466309
-32.845596
-7.987503
38.5180209701008
19.183502
-34.2706
-10.082825
40.548046105438296
18.466309
-34.983093
-9.384384
40.65572455944089
19.900696
-34.2706
-8.685944
40.570399004577524
18.466309
-34.983093
-8.685944
40.500207971109546
20.617874
-34.983093
-9.384384
41.677094723713346
19.900696
-34.983093
-7.987503
41.03236116878893
19.900696
-33.55809
-9.384384
40.12791741243713
18.466309
-34.983093
-7.2890625
40.223769840185916
19.183502
-34.2706
-8.685944
40.22345422177526
20.617874
-32.845596
-8.685944
39.74135740360727
19.900696
-34.2706
-7.2890625
40.29444241882185
19.900696
-34.983093
-8.685944
41.174021528484744
19.183502
-32.845596
-8.685944
39.01647914063044
20.617874
-34.983093
-7.987503
41.38494587548941
20.617874
-33.55809
-6.590637
39.93342848964386
20.617874
-34.2706
-6.590637
40.53402674567073
20.617874
-34.2706
-9.384384
41.080864781207744
21.335068
-33.55809
-7.987503
40.5602112581368
22.052246
-34.2706
-7.2890625
41.399347891716545
19.900696
-34.2706
-7.2890625
40.29444241882185
21.335068
-33.55809
-7.987503
40.5602112581368
19.900696
-34.2706
-7.2890625
40.29444241882185
20.617874
-32.133102
-9.384384
39.31538766222775
21.335068
-33.55809
-8.685944
40.70351487337273
22.052246
-32.133102
-8.685944
39.92847915042125
23.486633
-31.420593
-8.685944
40.17861731148174
19.900696
-32.845596
-9.384384
39.53400589454998
22.052246
-31.420593
-10.082825
39.689022485561104
22.76944
-32.133102
-9.384384
40.48518609280128
22.76944
-32.845596
-10.082825
41.21824801864536
22.052246
-31.420593
-10.78125
39.87217735895232
21.335068
-32.133102
-9.384384
39.69619737377246
22.052246
-34.2706
-9.384384
41.81916023888975
22.76944
-32.133102
-10.78125
40.83159308844837
22.76944
-32.845596
-7.987503
40.756359142431684
22.052246
-30.7081
-9.384384
38.953248783898786
22.76944
-31.420593
-8.685944
39.76363575574579
22.76944
-32.133102
-7.987503
40.18437275206075
22.052246
-32.133102
-8.685944
39.92847915042125
23.486633
-31.420593
-8.685944
40.17861731148174
24.203812
-32.133102
-10.78125
41.64848366274875
23.486633
-30.7081
-9.384384
39.78286095029649
22.052246
-31.420593
-8.685944
39.35734661307689
22.76944
-30.7081
-8.685944
39.20306583793862
23.486633
-30.7081
-8.685944
39.62391868102681
23.486633
-31.420593
-9.384384
40.33537232680749
23.486633
-31.420593
-8.685944
40.17861731148174
22.052246
-31.420593
-8.685944
39.35734661307689
22.052246
-32.133102
-10.082825
40.25544806150855
21.335068
-32.845596
-9.384384
40.27511590222305
22.76944
-30.7081
-7.987503
39.0542569427657
22.76944
-32.845596
-7.987503
40.756359142431684
23.486633
-32.133102
-7.987503
40.5950535659634
21.335068
-31.420593
-9.384384
39.12167393010874
22.052246
-30.7081
-10.082825
39.127385173402686
22.052246
-30.7081
-9.384384
38.953248783898786
21.335068
-31.420593
-9.384384
39.12167393010874
20.617874
-33.55809
-9.384384
40.48837904745786
19.900696
-32.845596
-8.685944
39.374060628675636
20.617874
-32.845596
-10.082825
40.06985477536386
21.335068
-32.845596
-7.987503
39.9727217167572
21.335068
-31.420593
-10.082825
39.295063949321296
22.052246
-32.133102
-10.082825
40.25544806150855
20.617874
-32.133102
-10.082825
39.48792710080829
21.335068
-27.858093
-10.082825
36.50920260701403
19.183502
-31.420593
-10.082825
38.16966997571092
19.900696
-32.133102
-10.78125
39.30406246397279
21.335068
-31.420593
-10.78125
39.48004650789592
20.617874
-32.845596
-9.384384
39.8998318546739
22.052246
-32.133102
-10.78125
40.436037393854356
20.617874
-32.845596
-10.78125
40.25127678972588
20.617874
-32.133102
-10.78125
39.672010387716995
22.052246
-31.420593
-11.479691
40.066675691608886
22.76944
-32.845596
-10.082825
41.21824801864536
20.617874
-32.845596
-10.78125
40.25127678972588
22.052246
-33.55809
-10.082825
41.40181432609189
20.617874
-32.133102
-10.082825
39.48792710080829
19.900696
-32.133102
-10.78125
39.30406246397279
21.335068
-30.7081
-9.384384
38.55177214788171
19.183502
-32.133102
-9.384384
38.582504054825485
19.900696
-31.420593
-10.78125
38.72372313451326
20.617874
-31.420593
-9.384384
38.73521643398291
19.900696
-32.133102
-8.685944
38.781690670340815
19.900696
-32.133102
-7.987503
38.63125865808429
19.183502
-33.55809
-10.082825
39.94765862585065
20.617874
-32.133102
-9.384384
39.31538766222775
19.900696
-32.133102
-9.384384
38.94407047292309
19.900696
-31.420593
-10.78125
38.72372313451326
21.335068
-32.133102
-12.178131
40.44784691813027
19.900696
-30.7081
-11.479691
38.35111927453194
22.052246
-30.7081
-10.082825
39.127385173402686
21.335068
-32.133102
-10.78125
40.049429298173216
21.335068
-32.133102
-9.384384
39.69619737377246
21.335068
-32.133102
-12.876572
40.66359044514669
19.900696
-29.99559
-13.575012
38.47147095119236
21.33165
-30.053207
-11.508987
38.60947143098034
22.766022
-31.47821
-11.508987
40.51698681668128
19.180084
-30.765717
-11.508987
38.03763523585473
21.33165
-29.340714
-11.508987
38.05750300737359
22.766022
-30.765717
-12.207428
40.172655938539215
21.33165
-32.19072
-11.508987
40.29563903688121
22.048828
-32.19072
-12.207428
40.88293715942202
20.614456
-30.053207
-14.302734
39.14995990229827
20.614456
-30.053207
-12.207428
38.43400009472407
21.33165
-31.47821
-12.905869
40.155676977915434
21.33165
-31.47821
-10.810547
39.532074472627606
21.33165
-31.47821
-12.207428
39.936677783985424
21.33165
-30.765717
-12.905869
39.59962127196184
22.048828
-30.053207
-12.905869
39.44499297379992
22.048828
-30.765717
-12.207428
39.77060995277323
23.483215
-31.47821
-13.604309
41.56219895332702
23.483215
-30.765717
-13.604309
41.02521167726088
22.048828
-29.340714
-12.207428
38.67879988503877
21.33165
-30.765717
-10.112122
38.77916461707804
23.483215
-30.053207
-12.207428
40.04594834082001
23.483215
-31.47821
-12.207428
41.12615167460359
21.33165
-29.340714
-11.508987
38.05750300737359
23.483215
-30.053207
-12.207428
40.04594834082001
23.483215
-31.47821
-11.508987
40.92427028595012
23.483215
-30.765717
-11.508987
40.37880025168684
23.483215
-30.765717
-12.207428
40.58339516219195
24.917587
-30.053207
-11.508987
40.700592231659385
22.764557
-31.476746
-10.810059
40.32205252615341
23.48175
-30.764252
-12.90538
40.79682114128961
22.764557
-30.051743
-12.90538
39.84822585154357
21.330185
-31.476746
-13.603821
40.383490363579426
23.48175
-32.189255
-12.20694
41.671933586385514
22.764557
-30.764252
-13.603821
40.61684713864894
22.047363
-30.764252
-14.302246
40.46084020190077
22.764557
-32.189255
-12.90538
41.48399540786784
22.764557
-30.051743
-14.302246
40.32228260663544
22.764557
-31.476746
-14.302246
41.39522553707885
21.330185
-30.764252
-12.90538
39.597535829265944
21.330185
-31.476746
-13.603821
40.383490363579426
20.612991
-32.189255
-13.603821
40.57224940615198
21.329697
-31.47821
-12.207428
39.93563547095188
21.329697
-30.053207
-12.905869
39.04756902144326
22.046875
-32.19072
-11.508987
40.678789510205746
21.329697
-31.47821
-10.810547
39.53102149143442
21.329697
-32.903214
-13.604309
41.50487517251362
20.612503
-31.47821
-11.508987
39.34729773271841
21.329697
-31.47821
-13.604309
40.384539253805876
19.895325
-31.47821
-11.508987
38.97638319887602
21.329697
-32.903214
-11.508987
40.86605167724795
22.046875
-32.19072
-12.207428
40.88188314083177
21.329697
-32.903214
-12.207428
41.06821925543522
19.895325
-34.328217
-13.604309
41.94433974589122
22.046875
-32.903214
-13.604309
41.87795873409275
21.329697
-33.615707
-13.604309
42.07194968378946
21.329697
-32.903214
-13.604309
41.50487517251362
20.612503
-32.19072
-10.810547
39.72386682717488
21.329697
-33.615707
-10.810547
41.25335864641054
20.612503
-34.328217
-10.810547
41.47492683132862
21.329697
-32.903214
-12.207428
41.06821925543522
22.046875
-32.903214
-11.508987
41.244914163275176
20.612503
-35.04071
-11.508987
42.25143159325714
22.764069
-32.19072
-12.905869
41.48501794464102
20.612503
-32.903214
-12.207428
40.700344794685094
21.329697
-32.19072
-12.905869
40.715596098117
22.046875
-33.615707
-12.207428
42.01311469815854
22.046875
-32.19072
-10.810547
40.486726822850535
22.764069
-31.47821
-13.604309
41.16014865029113
22.764069
-32.19072
-14.302734
41.940595487006235
21.329697
-32.903214
-12.905869
41.2812159940246
20.612503
-34.328217
-13.604309
42.28922919905256
23.481262
-33.615707
-12.905869
42.98775290026291
22.046875
-31.47821
-13.604309
40.767875261292595
21.329697
-33.615707
-13.604309
42.07194968378946
22.764069
-32.903214
-13.604309
42.259927700574835
21.329697
-32.19072
-13.604309
40.942345252386616
21.329697
-33.615707
-14.302734
42.30295399841703
21.329697
-31.47821
-13.604309
40.384539253805876
21.329697
-32.903214
-12.207428
41.06821925543522
22.046875
-32.903214
-14.302734
42.110027244484776
22.046875
-32.19072
-14.302734
41.55568993785253
22.764069
-33.615707
-13.604309
42.817003355760285
22.764069
-32.19072
-12.905869
41.48501794464102
21.329697
-32.903214
-15.001175
41.983480928794336
22.046875
-32.903214
-13.604309
41.87795873409275
22.764069
-32.19072
-14.302734
41.940595487006235
23.481262
-32.903214
-10.810547
41.84326864454275
23.481262
-30.765717
-12.207428
40.58226418049669
22.046875
-34.328217
-12.207428
42.58535489075881
22.046875
-32.903214
-12.207428
41.4452351848949
21.329697
-32.903214
-12.207428
41.06821925543522
21.329697
-33.615707
-8.7152405
40.754473668830975
22.046387
-33.61229
-10.111633
41.44966032213428
22.046387
-34.3248
-11.508499
42.38726863094846
22.76358
-33.61229
-10.810059
42.00980807632159
19.894836
-33.61229
-11.508499
40.71898983045257
22.76358
-33.61229
-10.111633
41.835531189670284
22.046387
-33.61229
-10.111633
41.44966032213428
21.329208
-34.3248
-10.810059
41.832814571816705
22.046387
-32.899796
-12.20694
41.44211889792799
21.329208
-33.61229
-12.20694
41.63809062409457
21.329208
-33.61229
-11.508499
41.438710743058536
20.612015
-34.3248
-11.508499
41.659241851486264
22.046387
-34.3248
-12.90538
42.78765959335194
20.614944
-32.82802
-11.472855
40.426243059795794
21.332138
-33.540512
-10.774414
41.18390627104461
21.332138
-33.540512
-12.171295
41.571222064142525
20.614944
-33.540512
-12.869736
41.41946428292349
22.049316
-34.965515
-11.472855
42.89972011946144
20.614944
-33.540512
-12.869736
41.41946428292349
21.332138
-34.25302
-12.171295
42.14819059821103
20.614944
-34.965515
-11.472855
42.18044067094739
22.049316
-34.25302
-12.869736
42.72086023728996
20.614944
-33.540512
-12.171295
41.20779386706628
19.897766
-34.965515
-10.774414
41.648485128232004
21.332138
-34.25302
-11.472855
41.95182871600698
22.049316
-32.82802
-10.774414
40.987061482672495
22.76651
-33.540512
-11.472855
42.129636243385725
21.332138
-32.82802
-10.774414
40.605751148909775
22.049316
-34.25302
-11.472855
42.3210126915032
21.332138
-34.25302
-10.075989
41.591526811828665
22.049316
-33.540512
-10.774414
41.55991239595405
21.332138
-32.82802
-12.869736
41.21127443582642
19.897766
-33.540512
-10.774414
40.45954739719585
19.897766
-34.965515
-10.075989
41.47329036231105
21.332138
-35.678024
-10.774414
42.94262984503642
21.332138
-34.25302
-10.075989
41.591526811828665
21.332138
-34.25302
-8.679108
41.2753739430744
20.614944
-34.234467
-9.376572
41.047468293675706
19.897766
-34.94696
-9.376572
41.293234622464944
20.614944
-34.94696
-8.678131
41.49187785259152
20.614944
-34.234467
-10.075012
41.212625113549855
19.897766
-35.65947
-11.471878
42.41606774247673
20.614944
-34.234467
-12.170319
41.77429004296482
22.049316
-35.65947
-10.7734375
43.28784076623741
21.332138
-33.521957
-10.075012
40.99131124587563
20.614944
-33.521957
-11.471878
40.99148247797569
21.332138
-34.234467
-9.376572
41.412303507966534
21.332138
-33.521957
-12.170319
41.55596753175168
21.332138
-32.09697
-11.471878
40.21044191092501
21.332138
-34.234467
-10.075012
41.576011079294574
20.614944
-32.809464
-10.7734375
40.21820366761798
22.049316
-33.521957
-10.7734375
41.54468603203062
21.332138
-32.09697
-11.471878
40.21044191092501
21.332138
-33.521957
-11.471878
41.35681010652901
21.332138
-33.521957
-9.376572
40.825259120139854
22.049316
-34.234467
-10.7734375
42.12170505937972
22.049316
-32.809464
-10.075012
40.79386179508199
21.332138
-34.234467
-10.075012
41.576011079294574
22.049316
-32.809464
-11.471878
41.161113987445724
22.049316
-33.521957
-11.471878
41.731259828514645
22.049316
-33.521957
-12.170319
41.9286386875069
23.483704
-33.521957
-10.075012
42.15106065169061
22.049316
-33.521957
-11.471878
41.731259828514645
23.483704
-33.521957
-10.7734375
42.32343262565963
22.76651
-32.809464
-10.7734375
41.36232339793063
22.76651
-34.234467
-9.376572
42.169096101477265
22.76651
-34.234467
-10.7734375
42.501525133480506
22.049316
-34.234467
-10.075012
41.9485027132413
22.049316
-33.521957
-9.376572
41.2045396396327
20.614944
-32.809464
-9.376572
39.8667396910476
22.049316
-33.521957
-10.075012
41.369069391802256
22.76651
-32.809464
-7.28125
40.592998212822984
22.049316
-33.521957
-7.9796906
40.90928327418867
21.332138
-34.94696
-8.678131
41.852837827077956
22.049316
-34.234467
-9.376572
41.7862544917958
21.332138
-32.09697
-8.678131
39.50424750946488
23.483704
-34.234467
-9.376572
42.56057981397296
20.614944
-32.09697
-10.075012
39.45500304935991
22.049316
-34.234467
-8.678131
41.63509285484122
22.049316
-33.521957
-10.075012
41.369069391802256
22.049316
-34.234467
-9.376572
41.7862544917958
19.897766
-34.234467
-8.678131
40.53676867065026
21.332138
-34.234467
-9.376572
41.412303507966534
21.332138
-34.234467
-10.7734375
41.75075726764576
21.332138
-34.234467
-10.7734375
41.75075726764576
19.897766
-34.234467
-10.7734375
41.03640545010765
21.332138
-34.94696
-10.075012
42.164629217286496
21.332138
-34.234467
-10.075012
41.576011079294574
22.76651
-34.94696
-9.376572
42.7495502649041
21.332138
-34.94696
-10.7734375
42.336945947806626
20.614944
-33.521957
-8.678131
40.29897726195263
22.76651
-33.521957
-10.075012
41.75573617967057
20.614944
-32.809464
-9.376572
39.8667396910476
21.332138
-32.809464
-9.376572
40.24227925999051
20.614944
-33.521957
-9.376572
40.455131637176144
22.049316
-34.234467
-8.678131
41.63509285484122
19.897766
-34.234467
-11.471878
41.22527964296452
19.897766
-34.234467
-10.7734375
41.03640545010765
22.049316
-34.94696
-8.678131
42.22288880296074
21.332138
-34.94696
-10.075012
42.164629217286496
21.332138
-33.521957
-10.075012
40.99131124587563
21.332138
-34.234467
-9.376572
41.412303507966534
22.049316
-34.234467
-9.376572
41.7862544917958
21.332138
-34.234467
-9.376572
41.412303507966534
22.049316
-33.521957
-10.075012
41.369069391802256
21.332138
-36.371964
-7.28125
42.79014299918411
21.332138
-35.65947
-7.28125
42.18618921574779
20.614944
-34.94696
-8.678131
41.49187785259152
21.332138
-34.234467
-9.376572
41.412303507966534
22.049316
-31.38446
-7.9796906
39.17693394486496
22.049316
-34.234467
-7.9796906
41.49513749280601
22.049316
-32.809464
-9.376572
40.62700265496536
21.332138
-34.94696
-8.678131
41.852837827077956
20.614944
-34.234467
-7.9796906
40.75107390504037
22.049316
-34.94696
-10.075012
42.531967527011375
20.614944
-32.809464
-10.075012
40.0367674647122
21.332138
-34.234467
-8.678131
41.25977186575397
21.332138
-33.521957
-8.678131
40.67052587322529
22.049316
-33.521957
-8.678131
41.05123602879927
22.049316
-34.234467
-7.9796906
41.49513749280601
22.049316
-32.809464
-7.9796906
40.32751809646005
21.332138
-33.521957
-7.9796906
40.52723964595063
22.049316
-33.521957
-7.9796906
40.90928327418867
20.614944
-34.234467
-9.376572
41.047468293675706
22.76651
-32.809464
-8.678131
40.86667149239325
22.049316
-34.234467
-7.9796906
41.49513749280601
21.332138
-34.234467
-7.28125
40.9887233206052
23.483704
-32.809464
-7.9796906
41.129317129500976
21.332138
-33.521957
-10.075012
40.99131124587563
22.76651
-35.65947
-7.28125
42.92934130319917
20.614944
-33.521957
-7.28125
40.021422181107425
24.200882
-34.234467
-8.678131
42.8134480392296
22.049316
-32.809464
-7.9796906
40.32751809646005
22.049316
-31.38446
-7.9796906
39.17693394486496
21.332138
-33.521957
-6.5828247
40.27549324893877
22.049316
-34.234467
-8.678131
41.63509285484122
20.614944
-34.234467
-7.28125
40.620083837154986
22.76651
-32.809464
-7.28125
40.592998212822984
22.76651
-34.234467
-6.5828247
41.637077710069605
23.483704
-34.94696
-5.884384
42.51353185310531
20.614944
-33.521957
-5.884384
39.790999087713764
21.332138
-34.234467
-4.487503
40.58566906191304
22.76651
-34.94745
-6.5823364
42.22517415039576
22.76651
-34.234955
-5.883896
41.53271371574159
20.614944
-34.94745
-5.883896
40.999029380660346
22.76651
-33.522446
-7.9792023
41.30055791371801
21.332138
-34.94745
-7.2807617
41.58598079675559
21.332138
-34.94745
-9.376083
42.003513734158304
21.334091
-34.19345
-7.272949
40.95401473899949
21.334091
-32.768448
-5.177643
39.44264867094612
22.055664
-34.926453
-8.654694
42.20441935029213
20.621292
-34.21396
-7.2578125
40.60182932974664
20.621292
-32.788956
-7.2578125
39.40848960229731
19.904114
-34.926453
-5.162506
40.5300166663741
20.621292
-36.351456
-8.654694
42.67985124327916
22.055664
-33.50145
-7.956253
40.89133847772655
20.621292
-34.21396
-5.162506
40.28007113771493
19.904114
-32.788956
-7.2578125
39.037995438939035
19.904114
-35.63896
-5.162506
41.14560505606507
21.338486
-33.50145
-7.2578125
40.377642376768975
20.621292
-34.21396
-5.8609467
40.375529093862966
20.621292
-33.50145
-6.559387
39.8824566891572
20.621292
-32.788956
-5.8609467
39.17529807789837
19.904114
-33.50145
-6.559387
39.5164065511877
19.904114
-33.50145
-5.8609467
39.40649162297057
20.621292
-32.788956
-5.8609467
39.17529807789837
19.904114
-33.50145
-5.162506
39.308680508015655
20.621292
-34.21396
-6.559387
40.482813072918674
20.621292
-34.21396
-6.559387
40.482813072918674
19.18692
-34.21396
-5.8609467
39.66211817545884
22.055664
-34.926453
-5.162506
41.628845953613556
19.904114
-32.07646
-7.2578125
38.44150131612318
19.904114
-32.07646
-7.956253
38.5794650308984
21.338486
-34.21396
-5.162506
40.651905153118285
19.18692
-33.50145
-4.4640656
38.86403175002804
21.338486
-34.21396
-4.4640656
40.56912323141363
19.904114
-33.50145
-5.162506
39.308680508015655
22.772858
-32.788956
-5.162506
40.25382115014052
21.338486
-31.363953
-6.559387
38.49745387786217
20.621292
-30.651459
-5.162506
37.30148955533646
22.772858
-32.788956
-7.2578125
40.57578750005969
21.338486
-31.363953
-7.2578125
38.622588542239434
22.055664
-32.788956
-5.162506
39.85246994041351
22.772858
-32.07646
-7.2578125
40.00222772116886
22.772858
-34.926453
-6.559387
42.207648545057864
22.772858
-32.788956
-5.8609467
40.34934120822173
22.055664
-32.07646
-6.559387
39.47628806430434
21.338486
-32.07646
-6.559387
39.08012102559305
22.055664
-31.363953
-7.2578125
39.023399180411616
22.772858
-31.363953
-5.8609467
39.20014343235478
21.338486
-32.07646
-6.559387
39.08012102559305
22.772858
-30.651459
-7.2578125
38.86889207945571
22.055664
-30.651459
-6.559387
38.32740202640599
21.338486
-31.363953
-5.8609467
38.38462127454985
20.621292
-30.651459
-5.162506
37.30148955533646
23.490051
-30.651459
-5.162506
38.960825489863055
22.772858
-29.93895
-5.162506
37.9683449052464
22.055664
-30.651459
-5.8609467
38.21406732351648
22.055664
-31.363953
-5.162506
38.68851756789813
22.772858
-32.07646
-3.765625
39.51812714498089
21.338486
-31.363953
-5.162506
38.284199503719876
20.621292
-30.651459
-3.0671997
37.06962838541563
23.490051
-31.363953
-4.4640656
39.43865916729501
24.20723
-29.93895
-5.162506
38.845619801135555
23.490051
-31.363953
-4.4640656
39.43865916729501
22.772858
-30.651459
-5.162506
38.532667692390405
22.055664
-30.651459
-5.8609467
38.21406732351648
22.772858
-29.93895
-5.8609467
38.069599861224575
22.772858
-29.93895
-5.8609467
38.069599861224575
24.20723
-29.93895
-6.559387
39.05580880191671
22.772858
-29.93895
-3.765625
37.80375189351663
24.20723
-29.93895
-3.0671997
38.623029442552955
23.490051
-30.651459
-5.8609467
39.05950769789044
23.490051
-31.363953
-5.162506
39.523808896999824
22.772858
-31.363953
-3.765625
38.94201418455393
22.772858
-30.651459
-5.162506
38.532667692390405
23.490051
-31.363953
-3.765625
39.36572001258678
23.490051
-29.93895
-4.4640656
38.315155584454274
21.338486
-29.226456
-5.8609467
36.65879746582838
22.055664
-30.651459
-4.4640656
38.024887768982964
21.338486
-31.363953
-5.162506
38.284199503719876
22.772858
-31.363953
-5.162506
39.101816151774685
22.772858
-29.226456
-5.8609467
37.511858476582944
22.772858
-29.93895
-6.559387
38.18336337046869
21.338486
-29.93895
-5.8609467
37.22932095629985
20.621292
-30.651459
-4.4640656
37.21125488658472
20.621292
-29.93895
-4.4640656
36.62657813099577
19.18692
-29.93895
-3.765625
35.75833566227513
23.490051
-30.651459
-3.0671997
38.73889709887854
21.338486
-29.93895
-3.765625
36.95742905695687
21.338486
-30.651459
-5.8609467
37.804677005836524
20.621292
-30.651459
-4.4640656
37.21125488658472
21.338486
-29.93895
-2.3687592
36.84131638220108
19.904114
-32.07646
-5.162506
38.10150403035292
20.621292
-30.651459
-6.559387
37.52032977579455
22.055664
-32.07646
-4.4640656
39.18264492203069
21.338486
-30.651459
-5.8609467
37.804677005836524
22.055664
-30.651459
-4.4640656
38.024887768982964
20.621292
-31.363953
-4.4640656
37.80030472244073
22.055664
-30.651459
-3.0671997
37.886302910711514
22.055664
-30.651459
-4.4640656
38.024887768982964
21.338486
-31.363953
-3.765625
38.120970266028614
21.338486
-30.651459
-6.559387
37.91923533252121
21.338486
-30.651459
-3.765625
37.536952821831946
20.621292
-29.226456
-3.0671997
35.900294939705056
21.338486
-27.801453
-2.3687592
35.126381409112405
22.055664
-29.93895
-3.0671997
37.312205557883466
21.338486
-29.93895
-2.3687592
36.84131638220108
21.338486
-29.93895
-4.4640656
37.03511154708039
24.20723
-29.93895
-3.0671997
38.623029442552955
20.621292
-32.07646
-3.0671997
38.256304053118974
21.338486
-28.513962
-2.3687592
35.69296730504572
21.338486
-27.801453
-3.0671997
35.18038407732532
19.904114
-27.801453
-4.4640656
34.48220321944623
22.772858
-28.513962
-4.4640656
36.76379882842461
22.055664
-29.93895
-4.4640656
37.45291477569286
23.490051
-29.226456
-4.4640656
37.76103968595227
24.20723
-28.513962
-3.0671997
37.52923827612196
23.490051
-28.513962
-3.765625
37.13500430755159
24.20723
-28.513962
-4.4640656
37.66913679907598
23.490051
-26.37645
-4.4640656
35.600947883931056
23.490051
-29.226456
-3.0671997
37.62148291285845
23.490051
-29.226456
-4.4640656
37.76103968595227
23.490051
-26.37645
-3.765625
35.52012901763854
24.20723
-28.513962
-3.0671997
37.52923827612196
22.772858
-28.513962
-1.6703186
36.52997351277099
23.490051
-27.801453
-2.3687592
36.47347434855484
22.772858
-27.801453
-3.765625
36.13452276357836
24.924423
-28.513962
-2.3687592
37.94580228606074
22.772858
-27.801453
-1.6703186
35.97657183088913
23.490051
-28.513962
-3.765625
37.13500430755159
24.20723
-28.513962
-0.97187805
37.41631450076707
22.055664
-28.513962
-0.97187805
36.06165374873635
22.055664
-29.226456
-0.97187805
36.627621293247564
22.055664
-27.088959
-0.2734375
34.93334892602626
22.055664
-27.801453
-0.2734375
35.48869896046134
24.20723
-27.801453
0.4249878
36.86585724846314
22.772858
-29.226456
1.1234283
37.06819260930202
22.772858
-28.513962
0.4249878
36.49424217481523
21.338486
-30.651459
1.1234283
37.36448822704186
22.055664
-28.513962
-0.97187805
36.06165374873635
22.055664
-28.513962
1.8218689
36.09456337016439
22.055664
-28.513962
1.1234283
36.066055730791554
23.490051
-29.226456
-0.2734375
37.497239481727185
21.338486
-28.513962
1.1234283
35.63199458472592
22.055664
-27.088959
3.21875
35.08025640796312
19.904114
-27.801453
1.8218689
34.240527102967654
22.772858
-29.226456
1.8218689
37.09593013022537
22.055664
-29.226456
3.9171753
36.823664942597546
21.338486
-29.93895
2.5203094
36.851371203393676
21.338486
-29.93895
3.9171753
36.97317769871322
19.18692
-28.513962
0.4249878
34.37098520588896
21.338486
-27.801453
2.5203094
35.13692698138687
21.338486
-29.226456
2.5203094
36.274903891585296
19.904114
-27.088959
2.5203094
33.70960400751913
21.338486
-29.93895
1.1234283
36.7822472915986
20.621292
-29.226456
1.8218689
35.81539718865687
20.621292
-29.226456
2.5203094
35.85771033717853
22.055664
-29.226456
3.21875
36.75593031180053
21.338486
-29.93895
2.5203094
36.851371203393676
19.18692
-28.513962
3.21875
34.518753041259146
19.18692
-27.801453
3.21875
33.93256647209009
22.055664
-28.513962
3.9171753
36.260757428615236
21.338486
-29.93895
1.8218689
36.81020028098954
20.621292
-29.226456
2.5203094
35.85771033717853
19.904114
-29.226456
2.5203094
35.45012589231877
21.338486
-29.226456
3.21875
36.33011251283585
20.621292
-28.513962
4.615616
35.49066985116475
21.338486
-29.226456
3.9171753
36.39863956130864
22.055664
-28.513962
3.21875
36.191969310582216
21.338486
-27.088959
3.21875
34.6338425785793
