17.041122
-32.09111
-11.2421875
38.03453662873389
18.475494
-34.228607
-10.543762
40.3002767321454
17.041122
-32.803604
-11.940628
38.84655623913946
16.323929
-33.516098
-10.543762
38.742360007934145
17.7583
-32.09111
-11.940628
38.57168840593285
16.323929
-32.09111
-10.543762
37.51640917027175
16.323929
-32.09111
-11.2421875
37.71865290998275
16.323929
-32.803604
-11.940628
38.53732907742667
17.041122
-33.516098
-12.639069
39.66704997243462
16.323929
-30.666107
-12.639069
36.96791789004352
15.6067505
-32.803604
-11.940628
38.239059978088015
15.6067505
-33.516098
-12.639069
39.07231282996711
18.475494
-32.803604
-13.337509
39.94132506868278
14.889557
-32.09111
-11.940628
37.33787381853796
15.6067505
-33.516098
-14.03595
39.54626999734773
15.6067505
-32.803604
-12.639069
38.46288065754517
16.323929
-33.516098
-11.940628
39.14560222845122
14.889557
-32.803604
-13.337509
38.414377890458375
15.6067505
-32.09111
-13.337509
38.09592096715785
17.041122
-32.09111
-14.03595
38.951857367560955
15.6067505
-33.516098
-13.337509
39.30380002352269
17.7583
-32.09111
-12.639069
38.7935900240378
15.6067505
-31.378601
-14.734375
38.01695756501301
17.041122
-32.803604
-13.337509
39.29841572526334
15.6067505
-32.09111
-14.03595
38.34602937397821
17.041122
-32.09111
-11.940628
38.24680210283926
15.6067505
-31.378601
-14.734375
38.01695756501301
17.7583
-32.09111
-11.940628
38.57168840593285
17.7583
-31.378601
-12.639069
38.20628182253705
16.323929
-32.09111
-11.940628
37.93268606195717
18.475494
-32.09111
-10.543762
38.5013522616617
17.041122
-32.09111
-10.543762
37.83398150142276
18.475494
-32.09111
-10.543762
38.5013522616617
19.192688
-31.378601
-11.2421875
38.46248235395273
19.909866
-32.09111
-12.639069
39.82446837372723
19.192688
-29.241104
-11.2421875
36.73946556603845
18.475494
-29.953598
-12.639069
37.39395650901944
19.909866
-29.953598
-11.940628
37.89722236379106
19.192688
-30.666107
-13.337509
38.55721163849815
18.475494
-29.241104
-10.543762
36.16015772692284
18.475494
-29.953598
-11.940628
37.163698725095806
19.909866
-30.666107
-11.2421875
38.251793513915786
19.909866
-29.953598
-12.639069
38.12305002697679
19.192688
-30.666107
-12.639069
38.32121478932639
19.192688
-29.241104
-11.2421875
36.73946556603845
19.192688
-29.241104
-10.543762
36.53179967775079
21.344238
-29.953598
-12.639069
38.891395570409436
19.909866
-29.953598
-13.337509
38.36026602834794
19.192688
-29.953598
-11.940628
37.52540317956707
18.475494
-29.953598
-11.2421875
36.945212551408474
19.192688
-29.241104
-13.337509
37.43381692285817
21.344238
-30.666107
-12.639069
39.44277865574303
23.495804
-29.241104
-13.337509
39.81185917361025
19.909866
-29.953598
-9.845322
37.29009613196579
19.909866
-29.241104
-11.940628
37.33662490866458
19.909866
-28.52861
-11.2421875
36.56051343427941
19.192688
-29.241104
-11.940628
36.959168044465805
18.475494
-29.953598
-11.2421875
36.945212551408474
19.909866
-28.52861
-12.639069
37.01392329351382
19.909866
-28.52861
-13.337509
37.25820156669367
20.62706
-28.52861
-12.639069
37.40458890944232
20.62706
-29.241104
-10.543762
37.30534439866659
20.62706
-28.52861
-10.543762
36.74953164561251
21.344238
-29.241104
-9.845322
37.51731696517789
22.061432
-29.241104
-9.845322
37.92992806952545
20.62706
-29.953598
-8.448441
37.33724283002747
19.909866
-30.666107
-8.448441
37.525845585596905
20.62706
-28.52861
-9.146881
36.37337739347025
19.909866
-29.953598
-9.146881
37.11180748606584
21.344238
-27.816101
-9.845322
36.41761155870364
21.344238
-30.666107
-10.543762
38.82212761780886
22.061432
-29.241104
-8.448441
37.591556526304046
22.061432
-29.241104
-8.448441
37.591556526304046
19.909866
-27.816101
-9.845322
35.595907117471036
22.778625
-28.52861
-8.448441
37.47163478000309
21.344238
-29.241104
-8.448441
37.175189992474316
21.344238
-27.103607
-9.845322
35.87634742678664
22.778625
-29.953598
-9.146881
38.726594809094856
21.344238
-29.241104
-9.146881
37.340113251263546
21.344238
-29.241104
-9.845322
37.51731696517789
21.344238
-27.816101
-8.448441
36.06505386591794
21.344238
-28.52861
-11.2421875
37.36100869493656
22.061432
-29.241104
-10.543762
38.11718669937486
19.909866
-27.816101
-8.448441
35.23512852575626
21.344238
-29.241104
-9.146881
37.340113251263546
19.909866
-28.52861
-9.845322
36.15542620064103
20.62706
-27.816101
-9.845322
36.00196324399372
19.192688
-29.241104
-10.543762
36.53179967775079
19.909866
-29.953598
-9.845322
37.29009613196579
20.62706
-29.241104
-9.845322
37.11398984463271
21.344238
-28.52861
-9.146881
36.784827512933234
19.909866
-29.953598
-9.845322
37.29009613196579
22.061432
-29.953598
-9.845322
38.48188177063818
21.344238
-29.241104
-9.146881
37.340113251263546
19.909866
-27.816101
-10.543762
35.79537794228816
19.192688
-29.241104
-11.2421875
36.73946556603845
20.62706
-29.241104
-10.543762
37.30534439866659
19.192688
-30.666107
-10.543762
37.682095318827315
19.192688
-29.241104
-11.2421875
36.73946556603845
19.909866
-29.953598
-10.543762
37.48055159742016
22.061432
-29.953598
-11.940628
39.070492932246836
21.344238
-30.666107
-9.845322
38.63828402229452
19.909866
-28.52861
-9.845322
36.15542620064103
19.909866
-29.241104
-10.543762
36.91362681621196
21.344238
-30.666107
-10.543762
38.82212761780886
20.62706
-29.953598
-10.543762
37.866403340601615
21.344238
-27.816101
-10.543762
36.61260589136275
24.212997
-31.378601
-9.845322
40.83890500624833
21.344238
-29.241104
-9.845322
37.51731696517789
20.62706
-30.666107
-9.146881
38.07297135056493
22.061432
-28.52861
-10.543762
37.57338522603134
20.62706
-28.52861
-11.2421875
36.95597240615345
22.061432
-29.241104
-9.845322
37.92992806952545
22.061432
-29.241104
-10.543762
38.11718669937486
22.061432
-28.52861
-11.2421875
37.77532392523259
21.344238
-30.666107
-11.2421875
39.0176054513376
19.909866
-32.09111
-10.543762
39.20985955008638
21.344238
-29.953598
-11.2421875
38.460127359180376
18.475494
-32.803604
-11.2421875
39.29131111207985
21.344238
-30.666107
-11.2421875
39.0176054513376
20.62706
-29.953598
-11.2421875
38.06678765361775
20.62706
-29.953598
-10.543762
37.866403340601615
20.62706
-31.378601
-11.940628
39.40394366516107
19.909866
-30.666107
-9.146881
37.68923445169307
20.62706
-32.09111
-9.845322
39.39854516765975
21.344238
-32.09111
-10.543762
39.95731212171544
19.909866
-32.09111
-11.940628
39.60834256544005
20.62706
-32.09111
-11.2421875
39.770613022132935
22.061432
-32.09111
-11.2421875
40.533108212029894
20.62706
-30.666107
-9.845322
38.24677976129984
19.192688
-32.09111
-10.543762
38.85060497387315
20.62706
-31.378601
-11.2421875
39.19794642460559
21.344238
-31.378601
-10.543762
39.38735855159464
21.344238
-32.803604
-10.543762
40.53176350146959
19.909866
-30.666107
-10.543762
38.05238345647681
19.909866
-32.803604
-11.940628
40.18778248831509
19.909866
-32.09111
-11.2421875
39.4034123680932
20.62706
-33.516098
-9.845322
40.56765784810913
20.62706
-33.516098
-9.845322
40.56765784810913
20.62706
-34.9411
-10.543762
41.92286938580257
19.909866
-32.09111
-10.543762
39.20985955008638
19.909866
-32.803604
-9.845322
39.61577549371904
19.192688
-32.803604
-9.845322
39.26023391164239
19.192688
-33.516098
-12.639069
40.63784202072697
19.192688
-32.803604
-10.543762
39.44117857497177
19.192688
-33.516098
-9.845322
39.857476189582364
20.62706
-32.803604
-11.2421875
40.34772262102441
19.192688
-33.516098
-9.845322
39.857476189582364
20.62706
-32.803604
-11.2421875
40.34772262102441
19.192688
-32.803604
-9.845322
39.26023391164239
17.7583
-36.366104
-10.543762
41.82130711151464
18.475494
-33.516098
-9.845322
39.51712321695179
17.7583
-34.228607
-8.448441
39.47570053358379
18.475494
-34.228607
-9.845322
40.12320807427884
19.192688
-36.366104
-8.448441
41.97890996483755
17.7583
-34.228607
-10.543762
39.97656479016018
18.475494
-35.65361
-9.146881
41.184817700026
19.192688
-33.516098
-11.2421875
40.22530237514536
19.909866
-33.516098
-11.2421875
40.57238479807571
19.909866
-33.516098
-9.845322
40.20773693426428
18.475494
-34.9411
-10.543762
40.90715418691301
18.475494
-32.803604
-10.543762
39.09720177357246
17.041122
-34.9411
-11.2421875
40.46809845035346
17.7583
-33.516098
-11.2421875
39.56100041589254
19.909866
-33.516098
-9.845322
40.20773693426428
20.62706
-34.228607
-9.845322
41.15827277679118
20.62706
-34.228607
-9.845322
41.15827277679118
22.061432
-32.803604
-9.845322
40.73958300040484
21.338379
-34.925476
-10.554504
42.26716003450921
19.904007
-33.500473
-11.25293
40.559580740482886
20.6212
-32.075485
-9.856064
39.38543698480918
19.904007
-34.212982
-8.459183
40.47536896884403
20.6212
-32.78798
-9.157623
39.80135152237688
23.489944
-33.500473
-11.25293
42.43450980122561
22.055573
-32.78798
-9.856064
40.72642687129728
22.055573
-34.212982
-9.157623
41.723356779824925
19.904007
-34.212982
-8.459183
40.47536896884403
22.055573
-33.500473
-9.157623
41.14112347780047
22.772766
-34.925476
-9.157623
42.6878174173777
22.772766
-32.78798
-10.554504
41.29222803026164
21.338379
-33.500473
-7.062317
40.3420933649992
21.338379
-34.212982
-8.459183
41.19966448304677
19.904007
-32.78798
-9.157623
39.43454389178509
20.6212
-34.925476
-8.459183
41.4316357912156
20.6212
-34.212982
-10.554504
41.317788759428424
19.904007
-33.500473
-9.157623
40.0289049615634
20.6212
-34.212982
-9.157623
40.98321785204052
21.338379
-34.925476
-7.062317
41.533017915249516
20.6212
-33.500473
-9.157623
40.39031672996481
20.6212
-37.062973
-8.459183
43.24876375581445
21.330566
-31.981735
-8.515335
39.37429934892493
20.613388
-33.406723
-9.213776
40.321391037454454
20.613388
-33.406723
-8.515335
40.16754765685385
19.896194
-34.119232
-8.515335
40.40410195856511
19.896194
-34.119232
-7.8168945
40.26269179508416
20.613388
-33.406723
-9.213776
40.321391037454454
21.330566
-34.831726
-9.912216
42.02968311438135
19.179016
-33.406723
-9.213776
39.607290070867165
20.613388
-34.119232
-9.213776
40.91365747722956
19.896194
-34.119232
-9.213776
40.55704803739804
20.613388
-34.119232
-7.8168945
40.62188539743309
19.896194
-34.831726
-7.8168945
40.868221735861745
19.896194
-34.831726
-7.8168945
40.868221735861745
19.896194
-35.544235
-8.515335
41.61444709510448
19.179016
-34.831726
-7.8168945
40.5239141997699
20.613388
-34.119232
-8.515335
40.76204947907275
21.330566
-36.25673
-9.912216
43.218000095175185
21.330566
-34.831726
-7.118469
41.459797333343
19.896194
-34.831726
-7.8168945
40.868221735861745
21.330566
-34.119232
-8.515335
41.12938094066698
19.179016
-34.119232
-7.8168945
39.91316104751273
19.896194
-36.969223
-7.8168945
42.70463573297327
19.896194
-35.544235
-9.213776
41.7629608320691
19.179016
-34.831726
-7.118469
40.395003993764504
19.896194
-32.69423
-7.118469
38.92870053811118
19.179016
-36.969223
-8.515335
42.50963528186139
19.179016
-34.831726
-6.4200287
40.277792108175134
19.179016
-34.831726
-5.721588
40.17238245984423
20.613388
-36.25673
-5.721588
42.0974907858978
19.896194
-36.25673
-6.4200287
41.85242803496441
18.461823
-36.25673
-7.118469
41.30450205060506
20.613388
-34.119232
-7.118469
40.493287083517004
19.896194
-34.119232
-7.8168945
40.26269179508416
20.613388
-33.406723
-6.4200287
39.77609452060999
19.896194
-34.119232
-7.118469
40.1329425306926
22.04776
-35.544235
-7.118469
42.428399302622914
19.896194
-34.831726
-7.118469
40.74040099750492
21.330566
-34.831726
-7.118469
41.459797333343
20.613388
-32.69423
-7.118469
39.300088399928406
20.613388
-34.831726
-7.118469
41.095419405254276
22.04776
-34.119232
-7.118469
41.241948492156475
22.04776
-33.406723
-5.721588
40.43327203312499
19.896194
-34.831726
-7.8168945
40.868221735861745
20.613388
-33.406723
-6.4200287
39.77609452060999
21.330566
-32.69423
-5.721588
39.45430536600616
20.613388
-34.119232
-5.0231476
40.177926117089626
22.764954
-34.119232
-7.118469
41.62976816721719
21.330566
-35.544235
-7.8168945
42.18399725041994
21.330566
-34.119232
-7.118469
40.863034611446196
22.04776
-34.119232
-5.721588
41.02392326769147
22.04776
-34.831726
-5.0231476
41.528122530852514
22.04776
-34.119232
-5.721588
41.02392326769147
22.04776
-33.406723
-5.0231476
40.34036403781112
21.330566
-32.69423
-5.0231476
39.35908656603326
22.764954
-34.119232
-4.324707
41.24400702204352
21.330566
-34.119232
-5.0231476
40.550549267530734
21.330566
-34.119232
-5.0231476
40.550549267530734
22.764954
-34.119232
-4.324707
41.24400702204352
22.750305
-32.67177
-4.3618164
40.05054637140969
22.033112
-33.384262
-4.3618164
40.23670351271725
22.750305
-33.384262
-5.060257
40.71475811447628
22.750305
-34.09677
-5.060257
41.30099830436911
22.033112
-34.09677
-5.060257
40.91031719180841
21.315918
-34.09677
-3.663391
40.377947720375474
22.033112
-34.09677
-5.060257
40.91031719180841
22.750305
-33.384262
-6.457138
40.91185533835593
22.750305
-34.09677
-3.663391
41.1532097159125
21.315918
-34.09677
-5.060257
40.52856342291199
22.750305
-34.09677
-5.7586975
41.392376803245725
20.59874
-34.09677
-4.3618164
40.07397334734541
22.750305
-32.67177
-5.7586975
40.22665126106929
22.033112
-34.09677
-5.060257
40.91031719180841
22.033112
-34.09677
-4.3618164
40.82980825558087
22.033112
-32.67177
-4.3618164
39.647545402525395
22.033112
-34.809265
-5.060257
41.50601336562947
19.881546
-35.521774
-3.663391
40.87166252859752
21.315918
-33.384262
-5.7586975
40.02548931520857
22.033112
-34.809265
-4.3618164
41.42666212671421
22.033112
-31.959274
-5.7586975
39.24303593175004
22.033112
-33.384262
-5.7586975
40.411997186498496
21.315918
-33.384262
-6.457138
40.13192964889366
20.59874
-32.67177
-5.7586975
39.0501621140401
20.59874
-34.09677
-5.7586975
40.249975737570324
22.750305
-33.384262
-4.3618164
40.63386171376575
19.881546
-31.959274
-5.7586975
38.07668236906119
20.59874
-31.959274
-4.3618164
38.27177338059098
21.315918
-34.09677
-4.3618164
40.44729462619379
20.59874
-34.809265
-5.060257
40.76271879014037
19.881546
-34.09677
-3.663391
39.6394517218957
20.59874
-32.67177
-5.060257
38.95328952281742
20.59874
-35.521774
-5.7586975
41.4640472206231
19.881546
-32.67177
-5.060257
38.578835364561456
21.315918
-32.67177
-5.060257
39.337246285327346
20.59874
-34.09677
-5.7586975
40.249975737570324
22.033112
-34.809265
-6.457138
41.69937079158464
21.315918
-32.67177
-7.1555786
39.66125331666206
22.033112
-32.67177
-5.060257
39.730450123201315
21.315918
-32.67177
-5.060257
39.337246285327346
22.033112
-34.09677
-5.7586975
41.002566373566786
22.033112
-31.959274
-5.060257
39.146640630534954
22.750305
-33.384262
-5.060257
40.71475811447628
21.315918
-33.384262
-5.7586975
40.02548931520857
22.033112
-31.959274
-6.457138
39.35159274492584
23.467484
-34.809265
-6.457138
42.47472536605593
23.467484
-31.959274
-5.060257
39.971541390015844
22.750305
-33.384262
-5.7586975
40.8074493788167
23.467484
-31.959274
-5.060257
39.971541390015844
22.033112
-31.959274
-7.1555786
39.47221227638739
24.184677
-32.67177
-6.457138
41.15868799726554
23.467484
-31.959274
-3.663391
39.81881879310491
24.184677
-31.246765
-5.060257
39.83547708230692
23.467484
-31.959274
-5.7586975
40.06595209873497
22.750305
-30.534271
-5.7586975
38.510788235855095
24.184677
-33.384262
-6.457138
41.72651496088848
22.750305
-31.959274
-6.457138
39.75759373711675
22.750305
-31.246765
-5.7586975
39.078118752498504
22.750305
-32.67177
-5.060257
40.13261859379864
24.184677
-31.246765
-6.457138
40.03690314299109
24.901855
-31.959274
-7.1555786
41.14243343680053
23.467484
-31.246765
-6.457138
39.607798600287516
24.184677
-31.246765
-7.854004
40.28578481310514
22.033112
-31.246765
-6.457138
38.77515879339664
23.467484
-31.246765
-7.1555786
39.72764025701281
22.750305
-30.534271
-6.457138
38.6214033013917
24.184677
-31.246765
-7.1555786
40.15546418248627
24.184677
-32.67177
-8.552444
41.5389853593886
22.750305
-33.384262
-7.1555786
41.027888047720054
22.033112
-31.246765
-7.854004
39.032086597819585
22.750305
-31.246765
-7.854004
39.441376654255016
22.033112
-31.959274
-7.854004
39.604781230162885
22.750305
-31.246765
-7.854004
39.441376654255016
22.033112
-31.959274
-7.854004
39.604781230162885
22.033112
-33.384262
-7.854004
40.76337012257451
22.033112
-32.67177
-7.854004
40.18193487905977
22.033112
-32.67177
-9.250885
40.478158595002654
21.315918
-31.246765
-7.854004
38.63177687565397
20.59874
-32.67177
-9.250885
39.715631946356304
21.315918
-32.67177
-7.1555786
39.66125331666206
22.750305
-31.246765
-8.552444
39.5863746090432
22.033112
-32.67177
-7.1555786
40.051276338315674
20.59874
-32.67177
-7.1555786
39.28046376997572
20.59874
-31.959274
-9.250885
39.13159982024997
20.59874
-32.67177
-6.457138
39.15925361335029
20.59874
-31.959274
-7.854004
38.82510362993253
21.315918
-31.959274
-7.854004
39.21031719598013
19.881546
-31.246765
-9.250885
38.17348671382567
21.315918
-33.384262
-8.552444
40.52186427565987
19.881546
-31.959274
-8.552444
38.598127282129894
20.59874
-33.384262
-9.250885
40.30379478440507
20.59874
-31.246765
-7.854004
38.24073589558571
20.59874
-31.959274
-7.854004
38.82510362993253
19.881546
-33.384262
-7.854004
39.64177360870411
20.59874
-32.67177
-9.250885
39.715631946356304
19.881546
-34.09677
-9.250885
40.53942007575004
21.315918
-31.246765
-9.250885
38.939794775878056
19.881546
-34.09677
-11.346191
41.06825789634404
20.59874
-32.67177
-9.250885
39.715631946356304
20.59874
-31.959274
-10.647766
39.485163352834185
21.315918
-32.67177
-9.250885
40.09228855481438
22.033112
-33.384262
-9.949326
41.21839461560214
21.315918
-31.959274
-8.552444
39.35616644077599
20.59874
-31.959274
-9.949326
39.302574760599335
22.033112
-31.959274
-8.552444
39.74918311857176
21.315918
-31.959274
-10.647766
39.86399914376849
22.033112
-31.246765
-10.647766
39.68870415250021
20.59874
-31.959274
-9.949326
39.302574760599335
22.033112
-32.67177
-9.949326
40.64346935932635
22.750305
-30.534271
-9.949326
39.35616023741153
20.59874
-31.246765
-9.250885
38.55187822211941
23.467484
-31.959274
-9.949326
40.87917630853223
22.033112
-31.246765
-8.552444
39.17859934306451
22.033112
-33.384262
-9.949326
41.21839461560214
22.033112
-32.67177
-10.647766
40.82006055544259
22.750305
-31.246765
-9.250885
39.743120473863144
22.033112
-31.959274
-10.647766
40.25205770409834
24.184677
-31.246765
-9.949326
40.74614299470948
22.750305
-31.959274
-9.250885
40.305713454910766
22.033112
-31.959274
-11.346191
40.44242024741781
22.750305
-31.959274
-10.647766
40.649065888617756
22.033112
-31.246765
-9.250885
39.33697010188857
22.750305
-32.67177
-9.250885
40.872970670668316
22.033112
-31.246765
-9.250885
39.33697010188857
22.033112
-32.67177
-8.552444
40.324270023519176
23.467484
-31.246765
-8.552444
40.00284261139685
23.467484
-31.246765
-9.949326
40.32458636644646
22.750305
-30.534271
-9.250885
39.18541910344331
22.750305
-32.67177
-10.647766
41.21159729922058
22.750305
-31.959274
-7.854004
40.00821296299283
23.467484
-32.67177
-9.949326
41.43858554620696
23.467484
-31.959274
-9.250885
40.714822575368665
22.033112
-31.959274
-10.647766
40.25205770409834
24.184677
-32.67177
-10.647766
42.02044616026598
24.184677
-33.384262
-9.250885
42.24909854807556
24.184677
-32.67177
-9.949326
41.8489205753304
22.033112
-31.959274
-9.250885
39.90528948530821
23.467484
-34.09677
-9.949326
42.57113761473259
22.750305
-33.384262
-10.647766
41.77870516277551
24.184677
-31.246765
-9.949326
40.74614299470948
23.467484
-32.67177
-11.346191
41.79597253698614
22.033112
-33.384262
-12.044632
41.773676389114954
22.033112
-32.67177
-12.044632
41.20649931670367
22.033112
-33.384262
-9.250885
41.05539886990732
22.033112
-33.384262
-10.647766
41.392533105319856
21.315918
-33.384262
-9.250885
40.675005281960324
22.033112
-34.809265
-10.647766
42.550180049743915
22.750305
-34.09677
-9.250885
42.02077006894923
21.315918
-34.09677
-12.044632
41.97655741089677
21.315918
-34.809265
-11.346191
42.36495375473252
21.315918
-33.384262
-8.552444
40.52186427565987
22.033112
-34.09677
-9.949326
41.797571547934304
21.315918
-33.384262
-9.949326
40.83951925534644
20.59874
-35.521774
-9.250885
42.091370513202435
19.164368
-34.09677
-9.949326
40.35903775749538
19.881546
-34.09677
-10.647766
40.88080968603652
22.033112
-33.384262
-9.949326
41.21839461560214
22.033112
-35.521774
-9.949326
42.967937492318036
19.164368
-34.09677
-8.552444
40.037570856360965
21.315918
-35.521774
-9.250885
42.44695103707391
19.164368
-34.09677
-10.647766
40.536868045008575
19.164368
-35.521774
-9.250885
41.408312153838
19.881546
-33.384262
-8.552444
39.78604123494115
20.59874
-34.09677
-9.250885
40.895926528697515
21.315918
-34.809265
-7.854004
41.56607568030614
23.467484
-35.521774
-6.457138
43.06058368377628
21.315918
-34.809265
-7.854004
41.56607568030614
21.315918
-34.09677
-9.250885
41.26181175584756
21.315918
-34.09677
-10.647766
41.597273106332494
21.315918
-33.384262
-10.647766
41.01526636747971
22.750305
-33.384262
-12.044632
42.15635713941167
22.750305
-33.384262
-9.250885
41.44471238373253
19.881546
-34.09677
-9.949326
40.70448204311704
22.033112
-32.67177
-10.647766
40.82006055544259
22.750305
-33.384262
-11.346191
41.96214259463895
22.033112
-32.67177
-12.044632
41.20649931670367
22.033112
-33.384262
-9.250885
41.05539886990732
23.467484
-31.246765
-9.250885
40.15796293768756
23.467484
-33.384262
-9.949326
42.00262878910453
22.750305
-33.384262
-9.250885
41.44471238373253
22.033112
-32.67177
-9.949326
40.64346935932635
23.467484
-31.959274
-9.949326
40.87917630853223
23.467484
-32.67177
-11.346191
41.79597253698614
21.315918
-34.09677
-9.949326
41.42399531304667
23.467484
-34.09677
-9.250885
42.41334081974901
22.750305
-32.67177
-9.949326
41.036691018716716
22.750305
-33.384262
-7.1555786
41.027888047720054
24.184677
-32.67177
-9.949326
41.8489205753304
22.750305
-32.67177
-8.552444
40.720574174891155
22.750305
-34.09677
-9.250885
42.02077006894923
23.467484
-31.959274
-10.647766
41.054753657177905
21.315918
-32.67177
-8.552444
39.93691314122813
22.033112
-33.384262
-8.552444
40.90368205986702
23.467484
-32.67177
-9.949326
41.43858554620696
22.033112
-34.809265
-9.949326
42.3807984832533
21.315918
-31.959274
-9.949326
39.68315367441044
21.315918
-34.09677
-8.552444
41.110856705528526
21.315918
-33.384262
-9.250885
40.675005281960324
22.750305
-33.384262
-7.854004
41.15544620038914
22.750305
-32.67177
-9.949326
41.036691018716716
22.750305
-32.67177
-10.647766
41.21159729922058
22.033112
-31.959274
-10.647766
40.25205770409834
21.315918
-33.384262
-11.346191
41.202102874125245
22.033112
-34.809265
-9.949326
42.3807984832533
24.184677
-33.384262
-10.647766
42.57678180220779
22.033112
-33.384262
-10.647766
41.392533105319856
22.033112
-32.67177
-9.250885
40.478158595002654
21.315918
-34.09677
-9.949326
41.42399531304667
21.315918
-31.959274
-8.552444
39.35616644077599
21.315918
-34.809265
-9.250885
41.852503868682994
20.59874
-34.09677
-9.949326
41.059555342951995
22.033112
-33.384262
-9.949326
41.21839461560214
19.164368
-34.09677
-9.949326
40.35903775749538
20.59874
-35.521774
-9.949326
42.25036982086666
22.033112
-35.521774
-10.647766
43.13501355663691
19.881546
-31.959274
-9.250885
38.75886995256699
19.164368
-34.809265
-9.250885
40.79873457797512
19.881546
-36.23427
-10.647766
42.67988985513991
20.600204
-34.73651
-10.668762
41.77099666167154
21.317383
-34.73651
-10.668762
42.12930737668331
19.165833
-34.73651
-7.875
40.447125617318285
20.600204
-36.161514
-7.1765747
42.23182133650451
21.317383
-34.024017
-8.573441
41.05567538654446
20.600204
-34.024017
-8.573441
40.68791102422961
21.317383
-34.024017
-9.970322
41.369939857680784
19.88301
-34.73651
-9.271881
41.084390272017394
22.75177
-34.024017
-10.668762
42.29774657395326
22.75177
-34.024017
-9.970322
42.127000891370876
22.034576
-34.73651
-10.668762
42.49670971868366
22.034576
-33.31151
-7.875
40.70865785332096
22.034576
-33.31151
-9.970322
41.16535616087346
22.034576
-34.024017
-11.3671875
42.099517631032604
22.75177
-34.024017
-9.271881
41.9671851439461
22.75177
-34.024017
-8.573441
41.81842610284072
24.90332
-31.174011
-9.970322
41.126654780062495
22.738098
-33.295395
-8.589066
41.223495568838686
23.455276
-33.295395
-9.287506
41.77309194849598
22.020905
-33.295395
-8.589066
40.83228816556743
23.455276
-33.295395
-9.287506
41.77309194849598
22.020905
-32.5829
-9.287506
40.408210630119775
22.738098
-32.5829
-8.589066
40.65019801468146
24.17247
-32.5829
-8.589066
41.469575691195736
23.455276
-35.432907
-9.985947
43.650430781630035
25.58194
-31.073914
-7.239563
40.89541610735548
23.419144
-33.202133
-7.9541016
41.40175830590184
23.419144
-33.914642
-8.652542
42.11324918402684
24.853516
-33.202133
-7.2556763
42.10372469048908
23.419144
-33.914642
-6.5572357
41.73315967202744
22.701965
-32.48964
-7.2556763
40.29392740770624
21.984772
-33.914642
-5.858795
40.83942510097473
22.701965
-32.48964
-5.858795
40.06596123893697
23.419144
-33.914642
-5.858795
41.6291333228418
24.853516
-33.914642
-5.858795
42.452628988177075
22.701965
-33.914642
-5.858795
41.22993711908557
22.701965
-34.627136
-6.5572357
41.921534311884386
21.984772
-31.777145
-7.2556763
39.31617940353087
23.419144
-33.914642
-7.2556763
41.84858658567515
21.984772
-33.914642
-6.5572357
40.94545783817938
22.701965
-32.48964
-8.652542
40.568735075486394
23.419144
-32.48964
-6.5572357
40.58362075317455
21.984772
-34.627136
-7.9541016
41.7808146714419
24.136337
-31.064636
-7.2556763
40.00274038464428
24.853516
-33.202133
-7.2556763
42.10372469048908
22.701965
-32.48964
-5.858795
40.06596123893697
22.701965
-31.064636
-7.2556763
39.15399908733781
22.701965
-33.202133
-6.5572357
40.75239939734377
22.701965
-33.202133
-8.652542
41.14155073967952
22.701965
-32.48964
-6.5572357
40.17403545824094
22.701965
-31.064636
-6.5572357
39.030605729270334
22.701965
-33.202133
-5.1603546
40.551079081183985
21.267578
-31.777145
-4.461914
38.49682604104363
23.435257
-35.37236
-5.105667
42.7373713529067
22.718079
-33.947357
-5.105667
41.16554446112975
22.718079
-33.947357
-6.502548
41.3620267968361
21.283691
-33.234848
-6.502548
39.99792169893799
22.718079
-32.522354
-5.8041077
40.09366779512227
22.000885
-35.37236
-8.597855
42.53429079642316
22.718079
-33.234848
-6.502548
40.779275874153434
21.283691
-34.65985
-7.200989
41.30562951096224
22.718079
-32.522354
-6.502548
40.20071711114119
22.000885
-33.947357
-5.8041077
40.867464543364136
21.283691
-33.947357
-6.502548
40.59189155676599
21.283691
-33.234848
-5.8041077
39.89032816673736
21.283691
-31.80986
-5.8041077
38.71111330055944
20.566513
-33.234848
-4.4072266
39.331414989523644
19.84932
-34.65985
-5.105667
40.266222225877485
22.000885
-33.947357
-5.8041077
40.867464543364136
23.435257
-35.37236
-5.105667
42.7373713529067
22.000885
-33.947357
-3.0103607
40.56506245517425
23.435257
-33.234848
-5.8041077
41.07863166528539
22.718079
-33.947357
-5.8041077
41.25799076249124
22.718079
-34.65985
-3.0103607
41.55091620765194
22.718079
-33.947357
-2.3119202
40.91306821042178
21.283691
-34.65985
-3.0103607
40.78434794267741
22.718079
-33.947357
-1.6134796
40.87954807934984
22.718079
-32.522354
-2.3119202
39.73864046363989
23.435257
-33.234848
-3.7088013
40.835298535033544
21.283691
-33.947357
-2.3119202
40.13431885312977
22.718079
-33.947357
-3.0103607
40.95847208511171
22.718079
-33.947357
-3.0103607
40.95847208511171
21.283691
-34.65985
-2.3119202
40.73875000479427
22.000885
-33.234848
-3.0103607
39.9706939152964
23.435257
-31.80986
-3.7088013
39.68417339650736
22.718079
-31.80986
-3.0103607
39.20510843428124
22.000885
-33.234848
-1.6134796
39.88981558863506
22.000885
-31.80986
-2.3119202
38.74598170949876
23.435257
-31.80986
-1.6134796
39.54341463031487
24.15245
-32.522354
-3.0103607
40.6215052583373
22.718079
-31.80986
-2.3119202
39.157671562383534
23.435257
-33.234848
-1.6134796
40.69852121276951
22.718079
-31.097351
-2.3119202
38.58109926768709
22.000885
-31.097351
-1.6134796
38.12725403172906
22.718079
-33.234848
-1.6134796
40.28981920100908
22.718079
-32.522354
-0.91503906
39.68188321474612
23.435257
-31.80986
1.8787079
39.55512495437538
22.718079
-30.384857
-0.21661377
37.939391942116046
23.435257
-31.80986
-0.91503906
39.52107854568322
23.435257
-31.80986
-0.21661377
39.51107748645467
24.15245
-30.384857
-0.91503906
38.82547777696206
22.718079
-31.097351
-0.91503906
38.52263659555817
22.000885
-31.80986
-0.91503906
38.68776819878765
24.15245
-30.384857
-0.21661377
38.815297491271885
24.15245
-31.80986
-1.6134796
39.972631628363864
22.718079
-31.097351
-2.3119202
38.58109926768709
24.869629
-31.80986
-0.91503906
40.38815272897951
24.15245
-31.097351
-0.91503906
39.38557335715547
23.435257
-31.80986
-0.21661377
39.51107748645467
22.718079
-30.384857
-1.6134796
37.97306752715502
24.869629
-31.80986
-3.0103607
40.48984880739014
24.869629
-31.80986
-0.21661377
40.37836643037875
24.15245
-30.384857
-1.6134796
38.848213804759574
24.15245
-31.097351
-1.6134796
39.407986244958174
23.435257
-31.097351
-2.3119202
39.00771001263324
23.435257
-31.097351
0.48182678
38.94211919581339
23.435257
-28.959854
-1.6134796
37.28924336720225
25.586823
-30.384857
1.1802673
39.740635566563036
22.718079
-30.384857
-2.3119202
38.00915095921803
23.435257
-31.80986
-2.3119202
39.5780663984959
22.000885
-31.80986
-3.0103607
38.79392199545004
22.718079
-31.097351
-2.3119202
38.58109926768709
22.718079
-31.097351
-0.91503906
38.52263659555817
20.566513
-31.80986
-3.7088013
38.06052918491725
21.283691
-31.097351
-2.3119202
37.754281110723056
21.283691
-31.80986
-1.6134796
38.307518092181496
22.000885
-30.384857
-2.3119202
37.58488439727133
22.718079
-31.80986
-3.0103607
39.20510843428124
22.718079
-31.097351
-2.3119202
38.58109926768709
22.000885
-31.097351
-1.6134796
38.12725403172906
23.435257
-31.097351
-0.21661377
38.93973991601077
22.718079
-31.80986
-1.6134796
39.1226474432489
24.15245
-30.384857
-2.3119202
38.883485119508805
22.718079
-29.672348
-5.8041077
37.81860584741573
23.435257
-31.80986
-3.7088013
39.68417339650736
22.000885
-28.959854
-3.0103607
36.493484542620756
24.15245
-29.672348
-3.0103607
38.37774509216735
24.15245
-29.672348
-1.6134796
38.29350250348452
21.283691
-29.672348
-1.6134796
36.55197665065889
21.283691
-30.384857
-3.7088013
37.282574434248936
22.718079
-29.672348
-3.7088013
37.55415523208201
23.435257
-29.672348
-1.6134796
37.84524666734912
24.15245
-29.672348
-3.0103607
38.37774509216735
23.435257
-28.959854
-0.91503906
37.26555621062833
23.435257
-28.24736
-1.6134796
36.73864155358939
22.718079
-31.097351
-1.6134796
38.545551254124966
24.869629
-29.672348
-1.6134796
38.749837764277316
24.869629
-28.24736
-2.3119202
37.70618933102612
24.869629
-29.672348
-1.6134796
38.749837764277316
23.435257
-28.959854
-3.7088013
37.43847818004225
25.586823
-26.822357
-3.0103607
37.19121567571434
24.869629
-28.959854
-3.0103607
38.29143359445752
23.435257
-29.672348
-3.0103607
37.930484833277575
23.435257
-27.534851
-2.3119202
36.231536582983374
22.718079
-28.959854
-1.6134796
36.84273946345297
24.869629
-28.24736
-3.7088013
37.81754873319396
22.718079
-27.534851
-3.0103607
35.823753412976565
24.869629
-28.24736
-1.6134796
37.66981569703305
24.15245
-29.672348
-0.91503906
38.27043692948171
24.15245
-27.534851
-1.6134796
36.66213554359849
24.15245
-28.24736
-0.21661377
37.16585832979813
22.718079
-26.822357
0.48182678
35.15369261531692
26.304016
-27.534851
-1.6134796
38.11394242822271
23.435257
-28.24736
1.1802673
36.722167394163975
23.435257
-28.959854
0.48182678
37.25743653485083
24.869629
-26.109848
0.48182678
36.06181961554873
24.15245
-26.822357
-0.21661377
36.09469019338232
24.869629
-26.822357
-2.3119202
36.65081481444171
24.15245
-26.822357
-0.91503906
36.10563758514295
24.15245
-27.534851
-0.91503906
36.63804295273221
25.586823
-26.822357
0.48182678
37.07231373022866
23.435257
-26.822357
-0.21661377
35.61877344160485
25.586823
-26.109848
0.48182678
36.56011276928895
24.15245
-28.24736
0.48182678
37.16835116231281
24.15245
-26.109848
-1.6134796
35.60433028384241
24.15245
-27.534851
-1.6134796
36.66213554359849
25.586823
-26.822357
0.48182678
37.07231373022866
23.435257
-26.822357
-0.21661377
35.61877344160485
22.718079
-26.822357
-0.21661377
35.15105690811889
22.718079
-28.24736
-0.91503906
36.26102169459566
24.15245
-28.24736
-0.21661377
37.16585832979813
22.000885
-29.672348
-0.21661377
36.9396001280088
23.435257
-29.672348
-0.21661377
37.81145724285332
21.283691
-28.24736
-0.21661377
35.368851953047084
22.000885
-28.24736
0.48182678
35.8076032183416
21.283691
-26.822357
-0.91503906
34.2530525128099
22.718079
-28.24736
0.48182678
36.25267702938467
22.000885
-27.534851
-1.6134796
35.28186932029502
24.15245
-27.534851
1.1802673
36.645626990666464
22.718079
-28.959854
-0.21661377
36.80802975829459
23.435257
-28.24736
1.1802673
36.722167394163975
22.000885
-27.534851
-0.91503906
35.256833543632894
22.718079
-28.959854
-0.21661377
36.80802975829459
23.435257
-28.24736
1.8787079
36.75124559432476
23.435257
-28.24736
0.48182678
36.70635761626485
24.15245
-27.534851
0.48182678
36.62978417718548
24.15245
-27.534851
3.2755737
36.772792676787546
22.000885
-27.534851
2.5771484
35.33905424431747
22.718079
-26.822357
1.8787079
35.200560617317414
22.718079
-26.109848
0.48182678
34.61310998469366
22.718079
-27.534851
2.5771484
35.78995356754724
23.435257
-26.109848
1.1802673
35.10453661866138
23.435257
-25.397354
3.2755737
34.71262287012374
24.15245
-24.68486
4.672455
34.84989260598141
23.435257
-27.534851
5.3708954
36.554422852482915
24.15245
-26.822357
5.3708954
36.491455750263476
23.435257
-24.68486
4.672455
34.3567369809265
24.869629
-24.68486
3.9740143
35.26519058494066
23.435257
-26.109848
5.3708954
35.493407591014346
24.15245
-26.109848
4.672455
35.873344569275076
24.869629
-24.68486
3.9740143
35.26519058494066
23.435257
-25.397354
3.2755737
34.71262287012374
24.869629
-25.397354
3.9740143
35.76753797035711
24.15245
-25.397354
4.672455
35.358142516081074
22.718079
-24.68486
4.672455
33.87159807641204
24.15245
-25.397354
6.069336
35.569695628024604
24.869629
-25.397354
6.069336
36.06051466318024
23.435257
-23.972351
3.9740143
33.759113352915534
23.435257
-23.972351
3.9740143
33.759113352915534
24.15245
-25.397354
3.2755737
35.20079296259265
24.15245
-24.68486
5.3708954
34.95039034340318
22.718079
-24.68486
3.9740143
33.78233585500435
24.869629
-23.972351
4.672455
34.856906148566885
22.718079
-26.109848
4.672455
34.92373107483649
22.000885
-25.397354
5.3708954
34.028091494266725
22.718079
-24.68486
5.3708954
33.97498972417523
21.283691
-24.68486
4.672455
32.92673196256159
20.566513
-26.109848
6.069336
33.78671866870823
22.000885
-24.68486
6.069336
33.61871710295379
22.718079
-25.397354
5.3708954
34.49613422352115
22.000885
-28.24736
7.466202
36.57453227496987
22.718079
-26.109848
6.767761
35.26524943032181
22.000885
-25.397354
6.069336
34.14529609063579
22.718079
-24.68486
6.767761
34.223617305090826
24.15245
-28.24736
6.767761
37.77640484079067
22.718079
-24.68486
6.069336
34.09237687713798
21.283691
-26.822357
6.069336
34.77457574383996
22.000885
-26.109848
6.767761
34.807553718962176
20.566513
-26.822357
4.672455
34.12113824589257
22.000885
-26.109848
6.767761
34.807553718962176
19.84932
-28.24736
7.466202
35.322131222529066
