18.162704
-32.77948
-5.01651
37.80930384219273
18.162704
-31.354477
-2.9212036
36.352723526752435
18.162704
-33.49199
-5.7149506
38.526066662715515
18.162704
-32.066986
-7.1118164
37.53336243794895
19.597076
-33.49199
-7.1118164
39.45043307648061
18.879883
-32.77948
-8.5086975
38.77295659458971
18.879883
-34.204483
-9.207138
40.13935685521132
19.597076
-31.354477
-10.604004
38.465486191255756
16.011139
-32.066986
-10.604004
37.37770912788045
18.879883
-32.066986
-11.302444
38.89070347019002
18.162704
-32.066986
-11.302444
38.54764135841355
17.44551
-32.77948
-12.000885
39.02385588489431
15.293945
-32.77948
-11.302444
37.896494390766215
17.44551
-32.066986
-9.905579
37.825360997223974
17.44551
-31.354477
-9.905579
37.22323978481891
16.728333
-32.066986
-11.302444
37.89292679864129
17.44551
-32.066986
-10.604004
38.01423940395148
16.728333
-32.77948
-12.699326
38.93076066527037
16.011139
-32.77948
-11.302444
38.19157065814311
16.011139
-33.49199
-13.397766
39.466062235284824
16.728333
-34.204483
-10.604004
39.52503811124428
15.293945
-29.92949
-12.699326
35.929819152020166
16.011139
-32.066986
-10.604004
37.37770912788045
16.728333
-32.77948
-13.397766
39.164159902881075
14.576767
-32.066986
-13.397766
37.68652180529864
15.293945
-32.77948
-12.000885
38.110632218397235
16.011139
-30.641983
-12.699326
36.83151567441937
16.728333
-31.354477
-9.905579
36.8925573932687
17.44551
-32.066986
-11.302444
38.21495375412206
15.293945
-32.77948
-11.302444
37.896494390766215
16.011139
-32.066986
-12.699326
38.025268184561334
16.011139
-32.066986
-9.905579
37.1855977060718
16.728333
-31.354477
-10.604004
37.086186834268226
16.011139
-32.77948
-9.905579
37.801736910842635
17.44551
-31.354477
-10.604004
37.41515793056004
16.728333
-32.77948
-9.207138
37.93550660176838
16.728333
-32.066986
-9.905579
37.4999886067691
16.728333
-33.49199
-9.207138
38.55284554237291
18.162704
-31.354477
-7.810257
37.06733309286207
18.162704
-32.066986
-9.905579
38.16144518276922
16.728333
-30.641983
-8.5086975
35.932802002705344
18.879883
-32.77948
-9.207138
38.932192028858005
18.162704
-29.21698
-7.810257
35.277696482914315
18.162704
-31.354477
-10.604004
37.75489381306664
18.162704
-30.641983
-9.207138
36.79111718487137
16.728333
-32.066986
-9.207138
37.32157585652115
18.162704
-32.066986
-8.5086975
37.82292114918958
19.597076
-31.354477
-8.5086975
37.94135778882162
18.879883
-31.354477
-9.207138
37.7402250253087
15.293945
-30.641983
-7.810257
35.126002613026046
16.728333
-31.354477
-10.604004
37.086186834268226
17.44551
-30.641983
-9.905579
36.62509332325994
18.879883
-32.77948
-8.5086975
38.77295659458971
18.162704
-30.641983
-9.207138
36.79111718487137
16.728333
-29.92949
-9.207138
35.50186883010087
16.011139
-30.641983
-9.207138
35.77791332695704
16.728333
-30.641983
-10.604004
36.48579527481808
16.011139
-32.066986
-10.604004
37.37770912788045
16.011139
-31.354477
-11.302444
36.97573469256138
17.44551
-31.354477
-9.207138
37.04349415193409
17.44551
-32.066986
-10.604004
38.01423940395148
16.011139
-29.92949
-10.604004
35.56087464706208
17.44551
-29.92949
-10.604004
36.229339815632336
16.011139
-32.066986
-11.302444
37.581823167818605
16.728333
-32.77948
-9.207138
37.93550660176838
17.44551
-29.92949
-9.905579
36.03110601391439
16.011139
-30.641983
-9.207138
35.77791332695704
17.44551
-31.354477
-9.905579
37.22323978481891
17.44551
-31.354477
-8.5086975
36.87610399565602
17.44551
-29.92949
-9.905579
36.03110601391439
17.44551
-30.641983
-10.604004
36.82012932932372
15.293945
-31.354477
-7.810257
35.74923854630508
17.44551
-29.21698
-10.604004
35.64298990674306
16.728333
-31.354477
-9.905579
36.8925573932687
16.728333
-30.641983
-9.905579
36.288962425857704
16.011139
-31.354477
-9.905579
36.57294355388027
16.728333
-31.354477
-10.604004
37.086186834268226
17.44551
-32.066986
-7.810257
37.33145554679307
17.44551
-31.354477
-9.905579
37.22323978481891
16.011139
-29.92949
-9.905579
35.35889340425457
16.728333
-31.354477
-10.604004
37.086186834268226
18.162704
-30.641983
-12.000885
37.58771317386341
17.44551
-32.77948
-9.905579
38.43124472729269
18.162704
-31.354477
-10.604004
37.75489381306664
17.44551
-30.641983
-10.604004
36.82012932932372
17.44551
-30.641983
-9.905579
36.62509332325994
15.293945
-31.354477
-10.604004
36.46166316639128
16.011139
-30.641983
-11.302444
36.37352002466045
16.728333
-32.066986
-12.000885
38.10708467389955
16.728333
-29.92949
-10.604004
35.88950089391133
16.728333
-30.641983
-10.604004
36.48579527481808
16.728333
-31.354477
-14.096191
38.231439213505126
16.011139
-30.641983
-11.302444
36.37352002466045
16.011139
-30.641983
-12.699326
36.83151567441937
17.44551
-29.92949
-14.096191
37.4008389465564
16.728333
-29.92949
-13.397766
36.81183845171703
16.011139
-30.641983
-12.000885
36.59657033057794
17.44551
-31.354477
-13.397766
38.30077308292876
18.162704
-30.641983
-14.096191
38.308192049808355
16.728333
-30.641983
-14.096191
37.64931536250859
17.44551
-32.066986
-12.699326
38.651135537268665
16.728333
-30.641983
-12.000885
36.915979612916274
16.011139
-31.354477
-12.000885
37.195173840583806
17.44551
-30.641983
-10.604004
36.82012932932372
17.44551
-31.354477
-12.699326
38.06207986734468
17.44551
-31.354477
-12.000885
37.83477681861045
18.879883
-31.354477
-11.302444
38.30533202981098
18.879883
-32.77948
-10.604004
39.285991907501206
16.728333
-30.641983
-11.302444
36.69487089232891
17.44551
-31.354477
-12.000885
37.83477681861045
17.44551
-31.354477
-12.000885
37.83477681861045
18.879883
-27.791977
-14.096191
36.4355133195537
17.44551
-29.21698
-10.604004
35.64298990674306
18.879883
-32.066986
-14.096191
39.79251454566785
18.879883
-29.21698
-11.302444
36.57631950371032
16.728333
-32.066986
-13.397766
38.56979108291471
18.879883
-31.354477
-13.397766
38.97503489063945
18.879883
-32.066986
-12.000885
39.099396637068615
18.879883
-33.49199
-12.699326
40.48995131173366
16.728333
-32.77948
-12.699326
38.93076066527037
18.879883
-32.77948
-14.096191
40.36888468345314
17.44551
-31.354477
-13.397766
38.30077308292876
18.162704
-31.354477
-15.4930725
39.40840441919956
18.162704
-32.066986
-12.000885
38.758181784926876
18.162704
-33.49199
-12.699326
40.160552724249044
16.728333
-31.354477
-12.000885
37.50948610487169
16.011139
-32.77948
-12.699326
38.62801648061369
16.728333
-33.49199
-13.397766
39.76242773246734
16.728333
-32.77948
-11.302444
38.49774718195777
17.44551
-34.204483
-13.397766
40.66684893791333
16.728333
-34.204483
-12.699326
40.13796854045665
16.728333
-32.77948
-10.604004
38.29851492051862
15.293945
-31.354477
-12.699326
37.12520386097226
15.293945
-33.49199
-11.302444
38.514457069006085
17.44551
-34.204483
-12.699326
40.44212293657675
16.728333
-33.49199
-12.699326
39.53256081077739
16.728333
-33.49199
-11.302444
39.10621148062271
16.011139
-34.916977
-12.699326
40.45769033238613
16.728333
-32.77948
-12.699326
38.93076066527037
13.859573
-34.916977
-12.699326
39.65546504837795
15.293945
-34.204483
-13.397766
39.791350347782874
16.011139
-34.916977
-12.000885
40.24392028763087
15.293945
-34.204483
-12.699326
39.561651476880044
16.011139
-36.34198
-14.096191
42.14022669676431
13.859573
-34.204483
-12.000885
38.80793300425185
13.859573
-34.204483
-14.096191
39.506164842298666
13.859573
-34.916977
-11.302444
39.230451441609745
13.859573
-34.916977
-12.699326
39.65546504837795
13.859573
-34.204483
-14.096191
39.506164842298666
13.859573
-34.204483
-14.096191
39.506164842298666
14.576767
-35.629486
-12.000885
40.323240756630504
14.576767
-36.34198
-12.000885
40.95415632047467
13.859573
-37.766983
-12.699326
42.186556702417064
14.576767
-37.05449
-12.000885
41.58772143576455
13.859573
-35.629486
-13.397766
40.50985334179127
14.576767
-36.34198
-12.000885
40.95415632047467
14.576767
-35.629486
-12.000885
40.323240756630504
14.576767
-35.629486
-11.302444
40.120914049166736
16.011139
-34.916977
-13.397766
40.68233034074038
15.293945
-34.204483
-13.397766
39.791350347782874
17.44551
-35.629486
-12.000885
41.44668132164655
16.011139
-34.916977
-12.000885
40.24392028763087
14.576767
-34.204483
-12.000885
39.069810253470486
16.011139
-36.34198
-11.302444
41.28972400723635
16.011139
-34.204483
-11.302444
39.42142135836888
16.728333
-35.629486
-9.905579
40.58839546815921
17.44551
-36.34198
-12.000885
42.060748535693136
16.728333
-37.05449
-12.000885
42.389781253121605
17.44551
-37.05449
-10.604004
42.30633436891425
16.728333
-35.629486
-11.302444
40.9517106179835
17.44551
-35.629486
-11.302444
41.249865352526456
16.728333
-36.34198
-11.302444
41.57309104954866
18.162704
-37.05449
-11.302444
42.78626163349998
15.948639
-34.126846
-11.259476
39.31636414087412
16.665833
-33.414352
-11.259476
39.000572787260126
17.38301
-35.55185
-10.561035
40.95898470097098
18.100204
-35.55185
-11.957916
41.64784763815082
16.665833
-35.55185
-10.561035
40.65980180008106
15.948639
-34.83934
-12.656357
40.352473821993705
18.100204
-36.976852
-9.86261
42.33410147222848
16.665833
-36.264343
-9.164169
40.9491708673883
17.38301
-34.126846
-9.164169
39.38010569576185
16.665833
-36.976852
-10.561035
41.911490048039035
16.665833
-36.264343
-7.767288
40.65935746675512
15.948639
-35.55185
-9.86261
40.19408176565768
18.100204
-34.83934
-9.164169
40.31599124901464
18.100204
-36.264343
-8.465729
41.405175398791485
15.948639
-36.976852
-9.86261
41.45983413714637
16.665833
-37.689346
-9.86261
42.37343430228794
16.665833
-34.83934
-9.86261
39.85976393871394
18.817383
-36.264343
-12.656357
42.77124923055425
17.38301
-34.83934
-9.164169
39.99913481730339
16.665833
-37.689346
-10.561035
42.541417663224095
16.665833
-37.689346
-10.561035
42.541417663224095
15.231445
-34.83934
-10.561035
39.46279275113141
17.38301
-35.55185
-9.164169
40.62123930910789
15.231445
-36.976852
-8.465729
40.87729351363664
15.231445
-36.976852
-9.86261
41.18926636955919
18.100204
-35.55185
-9.164169
40.933280436163734
16.665833
-35.55185
-7.0688477
39.895520900103875
16.665833
-36.264343
-9.164169
40.9491708673883
18.100204
-36.976852
-9.164169
42.17685484908681
17.38301
-35.55185
-9.86261
40.784484127028165
16.665833
-34.83934
-8.465729
39.53730190829288
15.948639
-35.55185
-7.0688477
39.6012843068252
16.665833
-34.83934
-9.164169
39.69271619264673
17.38301
-36.976852
-7.767288
41.59071381433525
17.38301
-35.55185
-7.767288
40.329069390337104
16.665833
-36.976852
-7.0688477
41.170453307996716
15.231445
-36.264343
-7.0688477
39.96333463606828
15.948639
-36.264343
-7.767288
40.370688382398804
15.231445
-36.264343
-9.164169
40.386650553973276
13.797073
-35.55185
-7.767288
38.918170864488225
15.231445
-36.976852
-6.3704224
40.49526912231924
15.948639
-37.689346
-7.0688477
41.53088700226992
15.231445
-39.826843
-6.3704224
43.113300892731324
16.665833
-35.55185
-6.3704224
39.777710282915514
16.665833
-38.40184
-7.0688477
42.45491634516549
15.948639
-38.40184
-7.0688477
42.17853782119972
17.38301
-36.976852
-6.3704224
41.352617092871974
14.514267
-36.976852
-6.3704224
40.23100562348103
15.231445
-36.264343
-6.3704224
39.8457245221531
16.665833
-36.976852
-7.0688477
41.170453307996716
18.100204
-35.55185
-7.767288
40.643353726635766
17.38301
-36.264343
-9.86261
41.407037138744606
18.100204
-35.55185
-6.3704224
40.39967409512344
17.38301
-36.264343
-7.767288
40.958545103460246
18.817383
-36.976852
-8.465729
42.34442169670198
18.817383
-36.264343
-7.0688477
41.46281513672823
17.38301
-36.976852
-7.767288
41.59071381433525
15.231445
-36.264343
-7.767288
40.09277114208449
16.665833
-34.83934
-7.767288
39.39366032285922
17.38301
-36.264343
-6.3704224
40.71675185763149
16.665833
-36.264343
-6.3704224
40.415774327026384
18.817383
-36.264343
-7.767288
41.58758494646795
16.665833
-35.55185
-7.0688477
39.895520900103875
17.38301
-36.976852
-7.0688477
41.46595341926615
18.100204
-37.689346
-7.0688477
42.40368941467903
18.817383
-36.976852
-7.767288
42.21033380907379
18.100204
-36.264343
-6.3704224
41.02806656538607
17.38301
-35.55185
-5.671982
39.978424356926574
18.100204
-34.83934
-7.0688477
39.891925532070395
16.665833
-36.264343
-6.3704224
40.415774327026384
15.948639
-34.83934
-6.3704224
38.842258808364086
16.665833
-37.689346
-4.9735413
41.508708729501876
16.665833
-36.264343
-6.3704224
40.415774327026384
17.38301
-35.55185
-5.671982
39.978424356926574
15.948639
-35.55185
-4.9735413
39.28141004094287
17.38301
-36.264343
-5.671982
40.613335164254394
17.38301
-36.976852
-5.671982
41.25079455910895
16.665833
-37.689346
-4.9735413
41.508708729501876
18.100204
-35.55185
-6.3704224
40.39967409512344
15.948639
-35.55185
-5.671982
39.37593779885201
16.665833
-36.264343
-7.0688477
40.53173037253884
16.665833
-34.126846
-7.0688477
38.63107854425226
15.231445
-36.264343
-5.671982
39.74004119302643
16.665833
-36.976852
-6.3704224
41.056301258721234
15.948639
-34.83934
-5.671982
38.73383767023431
17.38301
-36.264343
-6.3704224
40.71675185763149
17.38301
-36.264343
-6.3704224
40.71675185763149
16.665833
-35.55185
-7.0688477
39.895520900103875
18.100204
-37.689346
-6.3704224
42.29286610573348
15.948639
-36.264343
-8.465729
40.510865814290334
18.100204
-36.976852
-7.767288
41.895534843748564
16.665833
-36.976852
-6.3704224
41.056301258721234
17.38301
-34.126846
-5.671982
38.716689626878775
16.665833
-36.264343
-5.671982
40.31158550319312
15.948639
-36.264343
-6.3704224
40.12535289953846
15.948639
-36.264343
-4.9735413
39.92740605030898
16.665833
-36.976852
-7.0688477
41.170453307996716
15.231445
-36.264343
-7.0688477
39.96333463606828
16.665833
-36.264343
-7.0688477
40.53173037253884
15.231445
-36.264343
-7.767288
40.09277114208449
16.665833
-37.689346
-8.465729
42.07024358745517
15.948639
-35.55185
-5.671982
39.37593779885201
15.948639
-35.55185
-7.767288
39.73190029896868
17.38301
-36.264343
-7.767288
40.958545103460246
16.665833
-36.976852
-5.671982
40.95374200698881
16.665833
-36.264343
-6.3704224
40.415774327026384
15.231445
-35.55185
-5.671982
39.09094901536512
15.948639
-36.976852
-7.0688477
40.88539294717996
15.948639
-38.40184
-6.3704224
42.067121368062644
16.665833
-35.55185
-7.767288
40.025176708014826
15.948639
-34.83934
-7.0688477
38.96289801689551
16.665833
-34.126846
-6.3704224
38.509399851894926
16.665833
-36.264343
-7.0688477
40.53173037253884
17.38301
-35.55185
-7.767288
40.329069390337104
17.38301
-34.83934
-7.0688477
39.57167368710145
18.100204
-34.126846
-7.0688477
39.27120651486038
17.38301
-34.83934
-7.0688477
39.57167368710145
18.817383
-34.83934
-6.3704224
40.10555834977086
16.665833
-34.126846
-6.3704224
38.509399851894926
18.100204
-35.55185
-6.3704224
40.39967409512344
15.948639
-34.83934
-7.767288
39.09564687394477
18.100204
-33.414352
-7.767288
38.78746141584852
17.38301
-35.55185
-5.671982
39.978424356926574
18.817383
-33.414352
-7.0688477
38.99463323200306
18.100204
-35.55185
-7.0688477
40.515676219597395
17.38301
-34.126846
-8.465729
39.223452780790154
20.25177
-33.414352
-7.767288
39.83696633428241
18.100204
-32.701843
-5.671982
37.804752886645254
20.968948
-34.126846
-6.3704224
40.55762140827387
19.534576
-33.414352
-7.0688477
39.34574030658767
18.100204
-33.414352
-5.671982
38.42275028232378
18.100204
-32.701843
-5.671982
37.804752886645254
18.100204
-33.414352
-7.0688477
38.65365416708684
18.817383
-34.126846
-5.671982
39.38155482394725
18.817383
-34.126846
-6.3704224
39.48819759147583
17.38301
-34.83934
-5.671982
39.34615759114859
18.100204
-35.55185
-4.9735413
40.20307793671944
18.817383
-34.83934
-7.0688477
40.22240871810063
19.534576
-35.55185
-6.3704224
41.062342441668804
20.25177
-34.83934
-5.671982
40.695026785568345
20.968948
-34.83934
-7.0688477
41.27281270230289
19.534576
-33.414352
-5.671982
39.1189217522991
18.817383
-32.701843
-7.767288
38.52058157762062
19.534576
-31.98935
-4.9735413
37.810769588504805
18.100204
-31.98935
-7.767288
37.56683009827702
19.534576
-31.27684
-8.465729
37.83528658716374
19.534576
-33.414352
-8.465729
39.620540524396084
19.534576
-33.414352
-7.0688477
39.34574030658767
18.100204
-34.126846
-9.164169
39.70190283685641
18.817383
-32.701843
-7.767288
38.52058157762062
17.38301
-33.414352
-7.0688477
38.32305593518003
18.100204
-32.701843
-8.465729
38.32357672768977
18.817383
-33.414352
-8.465729
39.27189035519314
15.948639
-34.126846
-8.465729
38.60918687985332
19.534576
-34.126846
-7.767288
40.082066083029886
18.817383
-32.701843
-7.767288
38.52058157762062
17.38301
-36.264343
-7.767288
40.958545103460246
17.38301
-31.98935
-9.164169
37.54290351707214
17.38301
-34.83934
-9.164169
39.99913481730339
17.38301
-33.414352
-9.164169
38.76428825536866
18.100204
-33.414352
-9.164169
39.09115511472032
17.38301
-32.701843
-9.164169
38.151823619688386
16.665833
-32.701843
-8.465729
37.667347949683155
15.948639
-33.414352
-9.86261
38.31643472352138
17.38301
-33.414352
-9.86261
38.935319524119905
17.38301
-34.83934
-10.561035
40.342088826179726
17.38301
-34.126846
-11.259476
39.91974982112551
18.100204
-33.414352
-9.86261
39.26076248244709
16.665833
-34.126846
-9.86261
39.2385361567753
18.817383
-34.126846
-9.164169
40.03395470468631
17.38301
-34.126846
-9.164169
39.38010569576185
17.38301
-33.414352
-10.561035
39.11806984849681
17.38301
-34.83934
-9.86261
40.16490817408665
17.38301
-33.414352
-9.86261
38.935319524119905
18.100204
-34.126846
-9.86261
39.86891209159322
18.100204
-31.98935
-11.259476
38.44101546423917
18.100204
-33.414352
-10.561035
39.442006477865704
19.534576
-33.414352
-11.259476
40.309979027279184
19.534576
-34.83934
-11.957916
41.693777638275954
18.100204
-34.83934
-11.957916
41.04130743550484
18.100204
-31.98935
-10.561035
38.242272886779034
18.817383
-32.701843
-10.561035
39.17958390439943
18.817383
-32.701843
-11.957916
39.57898550683178
17.38301
-32.701843
-9.164169
38.151823619688386
18.817383
-31.98935
-12.656357
39.21218819608261
18.817383
-31.98935
-10.561035
38.58688577620964
18.100204
-33.414352
-11.957916
39.83877726321586
18.100204
-32.701843
-10.561035
38.84023013014341
21.686142
-31.98935
-11.259476
40.25398035685804
19.534576
-31.98935
-10.561035
38.9416693694717
19.534576
-33.414352
-11.259476
40.309979027279184
20.968948
-32.701843
-10.561035
40.25720832677826
18.817383
-31.27684
-11.957916
38.4099780788225
20.25177
-31.98935
-9.86261
39.1244649149712
20.25177
-33.414352
-10.561035
40.47454109143796
20.25177
-33.414352
-11.259476
40.66237613578199
19.534576
-34.126846
-9.86261
40.54025566152195
19.534576
-32.701843
-9.164169
39.178977903594074
19.534576
-33.414352
-9.164169
39.775629573996845
18.100204
-33.414352
-9.86261
39.26076248244709
20.25177
-32.701843
-9.86261
39.709139954152086
18.817383
-34.83934
-10.561035
40.980592181505564
20.25177
-34.126846
-9.164169
40.72785057549686
20.25177
-34.83934
-10.561035
41.6587232011496
20.25177
-34.126846
-9.86261
40.890669779302954
18.100204
-35.55185
-11.259476
41.45270978401171
18.817383
-34.126846
-8.465729
39.87987026977865
18.100204
-35.55185
-9.164169
40.933280436163734
18.100204
-35.55185
-10.561035
41.26847360955455
21.686142
-34.83934
-7.767288
41.76600495524889
18.817383
-34.83934
-9.164169
40.64302634918212
19.534576
-32.701843
-9.86261
39.34820671987877
18.100204
-34.126846
-11.259476
40.2372313913254
18.100204
-34.126846
-10.561035
40.047402332657605
18.100204
-35.55185
-10.561035
41.26847360955455
18.817383
-34.83934
-11.259476
41.166118252662436
17.38301
-35.55185
-9.164169
40.62123930910789
17.38301
-35.55185
-11.259476
41.14460820301595
17.38301
-36.264343
-9.164169
41.24625634053805
18.100204
-36.976852
-9.164169
42.17685484908681
16.665833
-36.976852
-9.164169
41.58148209624463
18.100204
-36.976852
-11.259476
42.68115258674269
18.100204
-34.83934
-11.957916
41.04130743550484
17.38301
-36.264343
-10.561035
41.578926500166524
15.948639
-36.976852
-10.561035
41.631504043287336
17.38301
-36.264343
-11.957916
41.95549341545604
18.100204
-36.264343
-11.259476
42.06537444905326
15.948639
-36.264343
-11.259476
41.18540307873425
17.38301
-36.264343
-11.259476
41.76179310423883
18.100204
-36.264343
-10.561035
41.88383185781537
16.665833
-35.55185
-10.561035
40.65980180008106
16.665833
-34.126846
-11.259476
39.61271712971022
17.38301
-35.55185
-10.561035
40.95898470097098
15.948639
-35.55185
-10.561035
40.37113589287834
16.665833
-34.83934
-12.656357
40.6412722819465
18.817383
-36.264343
-12.656357
42.77124923055425
17.38301
-35.55185
-11.957916
41.34119890088458
17.38301
-37.689346
-11.259476
43.0050187841489
16.665833
-36.264343
-10.561035
41.284233545666375
15.948639
-36.264343
-9.86261
40.82563885704592
18.100204
-36.264343
-9.86261
41.71320041506271
17.38301
-36.264343
-10.561035
41.578926500166524
16.665833
-35.55185
-8.465729
40.166559960525625
16.665833
-37.689346
-10.561035
42.541417663224095
16.665833
-36.976852
-9.86261
41.74097166837773
16.665833
-34.83934
-10.561035
40.038296486574886
15.231445
-37.689346
-10.561035
42.000229607817325
18.817383
-36.976852
-9.86261
42.64566317799062
18.100204
-35.55185
-9.164169
40.933280436163734
17.38301
-36.976852
-9.86261
42.03246106526627
15.948639
-36.264343
-9.86261
40.82563885704592
18.100204
-35.55185
-8.465729
40.78259396731803
18.100204
-35.55185
-9.86261
41.09528573651271
18.817383
-36.264343
-10.561035
42.19871957291773
18.100204
-36.264343
-9.86261
41.71320041506271
18.100204
-35.55185
-8.465729
40.78259396731803
19.534576
-35.55185
-8.465729
41.43913935529806
18.817383
-36.264343
-10.561035
42.19871957291773
19.534576
-34.83934
-8.465729
40.82949881682131
19.534576
-34.83934
-7.767288
40.69041908211471
18.817383
-36.264343
-6.3704224
41.349470208497685
19.534576
-36.976852
-6.3704224
42.30212148842981
19.534576
-36.264343
-7.767288
41.91697697812158
20.25177
-35.55185
-7.767288
41.64611537444099
19.534576
-33.414352
-9.86261
39.94233055929276
20.968948
-36.264343
-7.767288
42.60434399158289
18.817383
-34.83934
-7.767288
40.35101418431915
20.968948
-34.83934
-8.465729
41.53486510789761
19.534576
-35.55185
-7.767288
41.30211256041421
18.817383
-34.126846
-10.561035
40.376614470430155
19.534576
-34.126846
-9.164169
40.376023412435785
19.534576
-34.83934
-8.465729
40.82949881682131
18.817383
-35.55185
-7.767288
40.967775660610684
18.817383
-35.55185
-8.465729
41.10591698445386
18.817383
-34.126846
-7.0688477
39.606869373411726
18.817383
-36.264343
-8.465729
41.72367421781518
18.817383
-36.976852
-8.465729
42.34442169670198
18.100204
-36.264343
-7.767288
41.26803582980416
16.665833
-36.976852
-7.0688477
41.170453307996716
17.38301
-34.83934
-7.767288
39.70238709467763
20.25177
-36.264343
-9.86261
42.69083991326477
18.100204
-35.55185
-8.465729
40.78259396731803
18.817383
-36.264343
-7.767288
41.58758494646795
19.534576
-38.40184
-7.767288
43.77935399177905
17.38301
-37.689346
-8.465729
42.35946721679375
18.817383
-34.83934
-8.465729
40.49125972673377
18.100204
-36.264343
-8.465729
41.405175398791485
18.100204
-35.55185
-7.767288
40.643353726635766
17.38301
-37.689346
-7.0688477
42.10254756803619
17.341019
-36.207214
-7.073242
40.764004974517654
17.341019
-36.207214
-8.470123
41.029457488930284
15.906647
-36.919724
-8.470123
41.083213656382064
16.62384
-35.49472
-9.867004
40.4176318076344
16.62384
-36.919724
-7.7716827
41.22883867721567
16.62384
-36.207214
-7.7716827
40.5920374085431
18.058212
-37.632217
-7.7716827
42.45800142217748
16.62384
-35.49472
-9.168564
40.25282344037341
18.77539
-36.919724
-7.7716827
42.1423818344394
18.058212
-36.207214
-8.470123
41.337687929531995
18.77539
-36.919724
-9.168564
42.42220879242528
18.77539
-36.919724
-8.470123
42.27675887317182
18.058212
-36.919724
-10.56543
42.43575538341385
19.492584
-35.49472
-9.867004
41.67965601568633
18.058212
-34.78221
-8.470123
40.09543972959238
18.058212
-36.207214
-8.470123
41.337687929531995
18.77539
-37.632217
-7.073242
42.64656912810733
17.341019
-35.49472
-5.6763763
39.909989363272985
18.058212
-35.49472
-8.470123
40.71507292251774
18.77539
-36.207214
-7.7716827
41.51959427769466
20.209778
-35.49472
-7.073242
41.45287763778439
18.058212
-35.49472
-8.470123
40.71507292251774
20.209778
-35.49472
-8.470123
41.713946645295536
18.77539
-35.49472
-8.470123
41.038194683143196
19.492584
-34.78221
-5.6763763
40.27386563181746
20.926956
-34.78221
-7.073242
41.20401082191514
20.926956
-35.49472
-7.7716827
41.931034686993776
22.361328
-34.78221
-7.7716827
42.07410541746179
22.288574
-34.033096
-8.4711
41.55468235923074
20.137024
-34.033096
-6.3757935
40.05498844849883
21.571396
-36.170593
-7.7726593
42.82582337166371
20.854202
-34.033096
-8.4711
40.803295645656796
20.137024
-33.320602
-7.7726593
39.70108957789289
20.854202
-34.74559
-8.4711
41.39943634976357
20.137024
-35.4581
-7.0742188
41.386243692707694
19.41983
-34.033096
-6.3757935
39.69927083073677
20.137024
-36.170593
-4.9789124
41.69653551817885
20.137024
-35.4581
-5.677353
41.170485922962
20.137024
-34.74559
-6.3757935
40.662101447670224
20.137024
-34.74559
-7.0742188
40.777448338128636
18.702637
-35.4581
-7.0742188
40.7076158151219
20.137024
-34.74559
-7.7726593
40.904399786269934
20.137024
-34.74559
-7.0742188
40.777448338128636
19.41983
-35.4581
-7.0742188
41.042067369289676
20.137024
-36.170593
-5.677353
41.78568921583306
20.137024
-34.74559
-6.3757935
40.662101447670224
19.41983
-35.4581
-5.677353
40.82449066535843
17.268265
-34.033096
-6.3757935
38.69231625160301
20.137024
-36.170593
-7.0742188
41.99828662102256
17.985458
-34.033096
-6.3757935
39.01767584467728
19.41983
-36.883102
-6.3757935
42.16804383533148
18.702637
-36.170593
-6.3757935
41.21590831988072
20.137024
-36.170593
-6.3757935
41.886301821400245
18.702637
-36.883102
-4.9789124
41.65262784327059
17.268265
-36.883102
-6.3757935
41.22143897597463
18.702637
-36.170593
-4.9789124
41.023040996227046
17.985458
-35.4581
-6.3757935
40.26666483426458
17.268265
-36.883102
-5.677353
41.11919958144553
16.551086
-34.74559
-6.3757935
39.01083458276367
17.985458
-37.595596
-4.9789124
41.972551368237966
19.41983
-38.30809
-7.7726593
43.64692237727435
17.268265
-34.74559
-7.0742188
39.439745565526124
16.551086
-36.883102
-7.7726593
41.16692777440178
16.551086
-35.4581
-7.0742188
39.76505862808846
17.985458
-35.4581
-7.0742188
40.38314123125051
16.551086
-36.883102
-7.0742188
41.04078841197575
15.833893
-35.4581
-5.677353
39.24565343419017
17.268265
-36.883102
-6.3757935
41.22143897597463
17.985458
-36.170593
-7.7726593
41.13639066226825
18.702637
-36.883102
-6.3757935
41.84259327891482
17.268265
-35.4581
-7.7726593
40.19806006765905
17.268265
-34.74559
-7.7726593
39.57098885774384
19.41983
-36.170593
-6.3757935
41.546268270767264
19.41983
-34.74559
-7.0742188
40.428087981644175
19.41983
-34.74559
-8.4711
40.69576468960714
17.985458
-35.4581
-7.7726593
40.51132834910965
19.41983
-34.74559
-7.7726593
40.556133035064036
19.41983
-34.033096
-8.4711
40.08916149211187
18.702637
-35.4581
-8.4711
40.97346642855441
17.985458
-34.033096
-7.0742188
39.13786947635803
16.551086
-34.74559
-6.3757935
39.01083458276367
18.702637
-36.170593
-5.677353
41.113655171993194
18.702637
-34.74559
-5.677353
39.86573688694419
19.41983
-34.033096
-6.3757935
39.69927083073677
18.702637
-34.033096
-4.9789124
39.15137078040021
19.41983
-35.4581
-4.280472
40.65377136228031
19.41983
-36.883102
-4.280472
41.902452813144635
20.854202
-35.4581
-4.9789124
41.43626565374979
19.41983
-34.74559
-6.3757935
40.31174145361916
20.137024
-33.320602
-6.3757935
39.45140157126867
19.41983
-34.74559
-6.3757935
40.31174145361916
20.137024
-34.033096
-4.9789124
39.856503779868696
20.137024
-34.74559
-4.9789124
40.46659471818623
20.854202
-36.170593
-4.280472
41.970607100107124
20.854202
-32.608093
-7.7726593
39.479104998027914
19.41983
-34.74559
-5.677353
40.20718893422155
20.137024
-34.033096
-4.9789124
39.856503779868696
18.702637
-34.74559
-4.9789124
39.772279649469745
20.854202
-34.033096
-4.9789124
40.22361203129015
20.137024
-34.74559
-4.9789124
40.46659471818623
20.854202
-33.320602
-4.280472
39.54090019316629
17.985458
-34.74559
-2.1851654
39.185553056699035
18.702637
-31.8956
-3.5820313
37.14766281395187
20.854202
-32.608093
-3.5820313
38.871795424088496
18.702637
-34.033096
-4.9789124
39.15137078040021
20.137024
-33.320602
-2.1851654
38.99406661846533
20.137024
-34.033096
-2.883606
39.64929417177956
17.985458
-34.033096
-3.5820313
38.65952927935831
19.41983
-32.608093
-3.5820313
38.12149542037848
19.41983
-32.608093
-2.883606
38.06222098112018
20.854202
-35.4581
-3.5820313
41.29171216072376
19.41983
-31.8956
-1.4867249
37.37204080049349
21.571396
-33.320602
-2.883606
39.798276747005644
20.137024
-34.74559
-0.7882843
40.166865389214934
18.702637
-31.8956
-2.1851654
37.03907156322395
20.137024
-33.320602
-2.1851654
38.99406661846533
20.137024
-34.033096
-2.883606
39.64929417177956
20.854202
-33.320602
-3.5820313
39.47139892387667
18.702637
-34.74559
-4.280472
39.69089398627458
19.41983
-33.320602
-2.883606
38.67437807555863
20.854202
-32.608093
-1.4867249
38.73494383658556
20.137024
-34.74559
-3.5820313
40.3185648296399
18.702637
-34.033096
-2.1851654
38.89492493304075
17.985458
-34.033096
-3.5820313
38.65952927935831
18.702637
-34.74559
-2.883606
39.56462894153375
17.985458
-34.033096
-2.883606
38.60108103448982
18.702637
-34.74559
-2.1851654
39.519863108038784
17.985458
-35.4581
-4.280472
39.988447428405806
17.985458
-34.74559
-2.883606
39.23070037053252
17.268265
-34.74559
-3.5820313
38.965111410421535
20.137024
-33.320602
-4.280472
39.16739354101668
19.41983
-32.608093
-4.280472
38.193453210780284
17.985458
-33.320602
-4.280472
38.105926645442075
19.41983
-33.320602
-4.9789124
38.88678290583608
20.137024
-32.608093
-3.5820313
38.49179663516793
20.137024
-31.18309
-4.280472
37.36585708090509
17.985458
-32.608093
-4.280472
37.48448735133225
20.137024
-31.8956
-5.677353
38.14526548992516
17.985458
-31.8956
-4.280472
36.86635889220347
18.702637
-32.608093
-4.280472
37.83383147013976
20.137024
-31.8956
-6.3757935
38.25545368085608
18.702637
-31.8956
-5.677353
37.40788980584928
19.41983
-32.608093
-4.9789124
38.278022823155325
17.985458
-33.320602
-4.280472
38.105926645442075
18.702637
-34.033096
-3.5820313
38.99834888582224
18.702637
-33.320602
-2.1851654
38.273047590634846
17.985458
-33.320602
-2.883606
37.97439194193075
17.268265
-32.608093
-2.883606
37.01075382152463
17.985458
-33.320602
-1.4867249
37.893925436155826
19.41983
-32.608093
-2.1851654
38.015686010020914
18.702637
-32.608093
-1.4867249
37.62029695741466
20.137024
-31.8956
-0.7882843
37.7286405451192
19.41983
-31.18309
-2.1851654
36.800676555219404
20.137024
-31.8956
-2.1851654
37.78364569275889
20.854202
-31.8956
-0.7882843
38.11624835515524
20.137024
-30.470596
-2.1851654
36.58868420049343
19.41983
-31.18309
-1.4867249
36.76581591270025
20.854202
-31.8956
-0.7882843
38.11624835515524
23.005768
-31.8956
-2.883606
39.4323460132589
20.854202
-31.8956
-2.1851654
38.17069495208333
20.854202
-31.8956
-1.4867249
38.13708664711671
21.571396
-29.758102
-1.4867249
36.78423847513106
20.854202
-31.18309
-2.1851654
37.577358360163174
20.137024
-29.758102
-0.7882843
35.93975196748546
20.137024
-31.8956
-1.4867249
37.749692801937144
20.137024
-31.18309
-1.4867249
37.14963276862572
20.854202
-31.18309
1.3070221
37.5365316849799
20.854202
-29.758102
-0.7882843
36.34644027553627
20.854202
-30.470596
0.60858154
36.928652044136065
21.571396
-30.470596
-0.7882843
37.34171509884673
20.854202
-31.8956
-0.08984375
38.10820262649335
20.137024
-31.18309
0.60858154
37.1248602559449
22.288574
-29.758102
2.0054626
37.23368160548239
19.41983
-31.18309
-0.08984375
36.735853729275846
19.41983
-31.18309
1.3070221
36.75898726204586
20.854202
-31.18309
-0.7882843
37.522050808491265
21.571396
-30.470596
1.3070221
37.35626588118702
21.571396
-31.18309
-0.08984375
37.917255461316685
20.137024
-31.8956
0.60858154
37.725314323678106
20.854202
-31.18309
2.0054626
37.56733700397611
20.137024
-31.18309
2.0054626
37.17400621780292
18.702637
-31.18309
3.4023438
36.52053882213918
18.702637
-33.320602
2.7039032
38.30616536130313
18.702637
-33.320602
1.3070221
38.23296380722236
17.985458
-32.608093
2.0054626
37.29324677314664
17.985458
-32.608093
1.3070221
37.262214859694
16.551086
-31.8956
2.0054626
35.99013299296854
16.551086
-32.608093
2.7039032
36.66793192212117
17.268265
-34.033096
3.4023438
38.314755745176036
17.268265
-31.18309
2.0054626
35.70154024108676
15.833893
-34.74559
2.7039032
38.27896517416174
14.399521
-33.320602
2.7039032
36.39944779532634
14.399521
-31.8956
2.0054626
35.05278002805644
17.268265
-33.320602
2.7039032
37.6266740699002
15.833893
-32.608093
0.60858154
36.25424443093267
15.833893
-31.8956
0.60858154
35.614770324043576
16.551086
-32.608093
-0.7882843
36.57659817669882
16.551086
-33.320602
1.3070221
37.2278028059381
15.116699
-31.8956
1.3070221
35.32070390045246
16.551086
-30.470596
1.3070221
34.70020178480595
17.985458
-31.8956
2.0054626
36.67189497229963
15.833893
-31.18309
-0.7882843
34.98168989528218
17.985458
-32.608093
0.60858154
37.2442581564595
17.268265
-29.758102
-0.08984375
34.40560604812917
17.268265
-31.18309
0.60858154
35.650364462767065
18.702637
-31.8956
1.3070221
36.99765089671235
18.702637
-29.758102
0.60858154
35.152576196933985
18.702637
-29.758102
2.0054626
35.20447560380729
17.985458
-29.758102
1.3070221
34.79554014895893
20.137024
-31.18309
-0.7882843
37.12824027052639
19.41983
-30.470596
-0.08984375
36.13301942508317
20.854202
-29.045593
1.3070221
35.780615441971506
20.854202
-29.045593
0.60858154
35.76191480865153
19.41983
-27.62059
-1.4867249
33.79699960968706
18.702637
-29.045593
-0.08984375
34.54624603678922
21.571396
-28.3331
1.3070221
35.63422303856926
20.854202
-28.3331
-0.08984375
35.18054021978983
19.41983
-29.045593
-0.08984375
34.93972558318289
20.137024
-28.3331
0.60858154
34.76542310334634
19.41983
-28.3331
1.3070221
34.374446018263335
18.702637
-27.62059
-0.08984375
33.35706410321414
20.137024
-29.045593
2.0054626
35.4001142769386
18.702637
-28.3331
-0.7882843
33.958423999751155
20.854202
-29.045593
1.3070221
35.780615441971506
20.854202
-28.3331
-0.08984375
35.18054021978983
20.137024
-27.62059
-0.7882843
34.190906194575334
21.571396
-29.045593
-0.7882843
36.18829945684275
21.571396
-27.62059
-0.7882843
35.05486422537356
21.571396
-28.3331
-2.1851654
35.67722665725469
23.005768
-26.908096
-0.7882843
35.41090754339508
20.854202
-27.62059
-1.4867249
34.64109015249267
23.005768
-26.195602
-2.1851654
34.93207520216466
20.854202
-25.483093
-2.1851654
33.00092106314042
21.571396
-26.908096
-2.1851654
34.55641404939357
20.854202
-26.908096
-2.883606
34.165165665072884
20.854202
-28.3331
-2.883606
35.29840703293139
20.854202
-26.908096
-2.1851654
34.1133150209526
18.702637
-26.908096
-0.08984375
32.76953287973831
20.854202
-29.045593
-0.7882843
35.76542362874722
20.137024
-26.908096
-0.08984375
33.60883019084233
20.854202
-29.045593
-2.1851654
35.82344332691757
20.854202
-26.195602
-0.7882843
33.49221939145904
21.571396
-28.3331
-0.08984375
35.610358833491134
20.854202
-25.483093
-0.7882843
32.93792990706155
17.985458
-26.195602
-0.08984375
31.775687812185907
20.137024
-26.195602
-0.7882843
33.05042644923908
20.854202
-26.908096
1.3070221
34.06833737252414
21.571396
-29.045593
-0.08984375
36.17982499029155
21.571396
-25.483093
-0.7882843
33.39662367150682
20.137024
-26.195602
-2.1851654
33.113203604146904
20.137024
-28.3331
-0.7882843
34.769032487505136
18.702637
-26.908096
1.3070221
32.79546432768943
22.288574
-27.62059
-0.7882843
35.50068943267599
20.137024
-26.195602
-0.08984375
33.041147183876085
22.288574
-28.3331
1.3070221
36.072888654756184
21.571396
-26.908096
-1.4867249
34.51928702562978
