-20.975586
22.786041
-18.432816
36.0409143858147
-20.975586
23.49855
-16.33751
35.48339455382616
-20.975586
22.786041
-15.639069
34.69523597576564
-19.541199
22.786041
-14.940628
33.53035260623481
-20.975586
24.211044
-18.432816
36.95833571877341
-20.975586
26.348541
-16.33751
37.431738000867995
-20.258392
24.923538
-16.33751
36.03469702451288
-19.541199
24.923538
-17.03595
35.96199063605646
-20.258392
24.211044
-17.03595
35.87200553704797
-19.541199
24.211044
-15.639069
34.82260253715879
-20.258392
24.211044
-16.33751
35.54562326092781
-19.541199
24.923538
-17.03595
35.96199063605646
-20.258392
24.923538
-17.03595
36.35668903916616
-21.692764
26.348541
-14.940628
37.256463430964736
-20.975586
25.636047
-18.432816
37.90713396794939
-18.106827
25.636047
-17.734375
36.04957896501272
-20.975586
24.211044
-17.03595
36.28186234410039
-19.541199
24.923538
-17.03595
35.96199063605646
-19.541199
24.923538
-15.639069
35.32168886253264
-19.541199
24.211044
-16.33751
35.14181821840345
-18.82402
24.923538
-18.432816
36.2669983044589
-19.541199
25.636047
-16.33751
36.13833994883844
-20.258392
24.923538
-17.03595
36.35668903916616
-20.258392
25.636047
-17.734375
37.17683998998066
-19.541199
25.636047
-18.432816
37.13265552644077
-20.975586
25.636047
-18.432816
37.90713396794939
-20.258392
24.211044
-18.432816
36.556064137093756
-20.258392
24.923538
-17.03595
36.35668903916616
-20.975586
24.923538
-18.432816
37.42895451040795
-20.258392
22.786041
-18.432816
35.62828589561074
-18.106827
26.348541
-19.131256
37.25731858421829
-19.541199
22.786041
-17.734375
34.8650281862741
-18.106827
22.786041
-19.131256
34.8290941010305
-18.82402
23.49855
-21.226563
36.83873680376235
-19.541199
22.786041
-21.226563
36.76450938596386
-20.258392
22.786041
-19.131256
35.994597983369324
-19.541199
23.49855
-21.226563
37.210311740224476
-18.82402
25.636047
-21.226563
38.23764736200764
-19.541199
23.49855
-20.528137
36.81636625495175
-19.541199
23.49855
-20.528137
36.81636625495175
-20.975586
22.786041
-19.131256
36.40307456645146
-19.541199
22.786041
-21.925003
37.17213771449828
-20.258392
23.49855
-22.623444
38.39797574111981
-18.82402
23.49855
-19.131256
35.67254742303159
-20.258392
22.073547
-20.528137
36.31870509591098
-20.975586
23.49855
-19.131256
36.853251001438124
-20.258392
22.073547
-20.528137
36.31870509591098
-20.258392
24.923538
-20.528137
38.118101002324835
-20.258392
23.49855
-21.226563
37.59190560729131
-21.692764
22.786041
-21.226563
37.95189955308561
-22.409958
23.49855
-20.528137
38.4160445708398
-20.975586
22.786041
-21.226563
37.54658239586361
-21.692764
23.49855
-21.226563
38.383915266317935
-21.692764
22.073547
-21.226563
37.52844949480827
-20.258392
22.786041
-21.226563
37.150680958807804
-21.692764
22.073547
-19.131256
36.38437177918048
-22.409958
21.361038
-22.623444
38.34475599739813
-19.541199
23.49855
-21.925003
37.61311066303876
-20.975586
22.786041
-21.226563
37.54658239586361
-20.975586
22.073547
-20.528137
36.723576810408865
-21.692764
22.073547
-20.528137
37.137877212195704
-22.409958
22.786041
-20.528137
37.98439588903169
-21.692764
22.786041
-22.623444
38.75048197784932
-20.258392
22.073547
-21.925003
37.12613108546324
-20.258392
21.361038
-21.925003
36.70697617087759
-21.692764
22.786041
-23.321884
39.162353624447164
-20.975586
22.073547
-22.623444
37.934639384530534
-20.258392
22.073547
-22.623444
37.54283035851353
-19.541199
23.49855
-24.020325
38.87179385392286
-19.541199
21.361038
-22.623444
36.741974038557046
-19.541199
22.786041
-24.020325
38.44526090349108
-18.106827
22.786041
-23.321884
37.295726181511064
-19.541199
22.786041
-22.623444
37.58832696754074
-19.541199
22.073547
-24.020325
38.02730502854988
-18.106827
23.49855
-24.71875
38.61418993145525
-18.106827
22.073547
-23.321884
36.86473804508602
-18.82402
24.211044
-23.321884
38.52828455741963
-19.541199
24.923538
-23.321884
39.33130325854491
-16.672455
23.49855
-24.020325
37.511713665325594
-18.106827
24.211044
-22.623444
37.760456178140245
-18.106827
22.786041
-23.321884
37.295726181511064
-18.82402
23.49855
-22.623444
37.6609323463362
-17.389648
24.923538
-25.41719
39.61838223523898
-18.106827
24.923538
-24.020325
39.06425308566164
-16.672455
24.923538
-23.321884
37.987678537956555
-18.106827
22.786041
-23.321884
37.295726181511064
-15.238083
24.923538
-25.41719
38.72228721736037
-18.106827
24.211044
-25.41719
39.49766359783196
-16.672455
26.348541
-23.321884
38.937471784700854
-15.955261
24.923538
-24.020325
38.1146838630017
-18.82402
24.211044
-25.41719
39.83154531214079
-18.106827
24.211044
-24.71875
39.051868865831025
-16.672455
23.49855
-25.41719
38.42116967632395
-17.389648
25.636047
-24.71875
39.631091495011056
-17.389648
25.636047
-24.71875
39.631091495011056
-18.82402
23.49855
-24.020325
38.51625253038482
-18.82402
23.49855
-24.020325
38.51625253038482
-19.541199
23.49855
-23.321884
38.444124175142164
-19.541199
23.49855
-22.623444
38.02447364136846
-18.82402
23.49855
-24.020325
38.51625253038482
-19.541199
24.211044
-24.020325
39.30660447397406
-18.106827
23.49855
-25.41719
39.06497960879972
-18.82402
22.786041
-26.115631
39.440760748221344
-18.82402
24.211044
-24.020325
38.955030288341774
-18.82402
22.786041
-24.71875
38.53003977215375
-18.82402
24.211044
-24.71875
39.38952949934395
-20.975586
24.211044
-24.020325
40.03905564024331
-18.82402
23.49855
-24.020325
38.51625253038482
-20.258392
22.786041
-24.020325
38.81471568001384
-20.258392
23.49855
-25.41719
40.10757933261337
-20.258392
23.49855
-26.115631
40.55379878264335
-18.106827
23.49855
-27.512512
40.459577568138144
-18.827927
22.075989
-25.418655
38.573930576455226
-20.262299
24.92598
-25.418655
40.96307198687084
-20.979492
23.500992
-26.117096
40.921124766414195
-20.262299
24.213486
-24.720215
40.099159928271874
-19.545105
23.500992
-25.418655
39.75444341811837
-17.393555
24.213486
-24.720215
38.72877127678304
-18.110733
24.213486
-25.418655
39.50189436220907
-19.545105
23.500992
-25.418655
39.75444341811837
-18.827927
24.213486
-26.117096
40.28506515582884
-19.545105
23.500992
-26.815536
40.661784728473094
-20.262299
22.788483
-26.815536
40.60724972795806
-18.827927
23.500992
-26.117096
39.860884795984525
-18.827927
21.36348
-26.117096
38.63925075902417
-18.110733
22.788483
-27.513977
40.05411988212012
-18.827927
22.788483
-27.513977
40.383470715519856
-18.110733
24.213486
-26.815536
40.41490445309905
-17.393555
24.213486
-27.513977
40.569046503210885
-17.393555
24.213486
-26.815536
40.09864849752576
-17.393555
22.788483
-28.910843
40.71470864441989
-18.110733
23.500992
-26.815536
39.99210279708748
-16.676361
22.075989
-28.212402
39.51442638553829
-16.676361
22.075989
-27.513977
39.018831841576834
-18.110733
20.650986
-28.212402
39.37513950868143
-18.827927
19.938492
-26.815536
38.355016618490566
-18.110733
21.36348
-28.910843
40.25212745493631
-18.110733
21.36348
-28.212402
39.75344699333081
-18.110733
20.650986
-29.609283
40.38776585625126
-20.262299
21.36348
-27.513977
40.29860922257042
-17.393555
21.36348
-28.910843
39.934580903687035
-18.827927
22.075989
-28.212402
40.469492029876655
-16.676361
21.36348
-29.609283
40.13986776728344
-17.393555
22.075989
-28.212402
39.82241463084892
-19.545105
22.075989
-28.910843
41.294034261924565
-18.827927
20.650986
-29.609283
40.714416320132386
-15.9591675
21.36348
-28.910843
39.33103324070257
-18.110733
23.500992
-28.212402
40.94184733596238
-17.393555
22.788483
-28.910843
40.71470864441989
-18.827927
23.500992
-28.212402
41.26411335266093
-16.676361
24.213486
-28.212402
40.74719003923767
-16.676361
22.788483
-29.609283
40.91608009513573
-15.241989
22.788483
-28.910843
39.84306678335799
-18.110733
22.075989
-29.609283
41.13462795732447
-16.676361
21.36348
-28.910843
39.62746751485168
-18.827927
24.213486
-28.212402
41.67401334971081
-17.393555
21.36348
-28.212402
39.431884752776526
-17.393555
21.36348
-28.910843
39.934580903687035
-16.676361
22.075989
-27.513977
39.018831841576834
-17.393555
22.075989
-29.609283
40.823947954142064
-16.676361
21.36348
-28.910843
39.62746751485168
-17.393555
20.650986
-28.910843
39.55800570592112
-17.393555
22.075989
-28.910843
40.32024211023695
-17.393555
22.075989
-28.910843
40.32024211023695
-17.393555
22.075989
-28.910843
40.32024211023695
-18.110733
22.075989
-28.212402
40.14084699724521
-16.676361
22.075989
-29.609283
40.52357230192539
-18.827927
22.075989
-29.609283
41.45539536281737
-17.393555
21.36348
-28.910843
39.934580903687035
-18.110733
20.650986
-30.307724
40.902567395351234
-18.827927
22.075989
-28.910843
40.95945558663011
-18.827927
21.36348
-28.910843
40.579869764183876
-18.827927
20.650986
-29.609283
40.714416320132386
-18.110733
21.36348
-28.910843
40.25212745493631
-18.827927
19.225983
-29.609283
40.01048446579346
-18.850388
19.229889
-27.528137
38.50875319022449
-21.001953
21.367386
-30.321884
42.6270332634556
-20.28476
20.654892
-28.925003
40.923733372274334
-18.850388
19.942398
-28.226563
39.36718362398274
-19.567566
20.654892
-28.925003
40.573021134065336
-18.133194
21.367386
-28.925003
40.274479405775686
-18.850388
21.367386
-26.829697
39.13738447164361
-18.133194
21.367386
-29.623444
40.7789929930994
-19.567566
21.367386
-28.226563
40.44989003094601
-20.28476
21.367386
-28.925003
41.287920543574245
-18.850388
20.654892
-28.925003
40.23204483543715
-20.28476
20.654892
-28.925003
40.923733372274334
-20.28476
19.229889
-28.925003
40.22332675979201
-18.850388
20.654892
-29.623444
40.73708396247361
-19.567566
20.654892
-29.623444
41.07386787326356
-19.567566
22.079895
-30.321884
42.306360337424444
-18.133194
20.654892
-29.623444
40.41021647681592
-18.850388
20.654892
-28.925003
40.23204483543715
-17.416016
21.367386
-29.623444
40.46518444717323
-18.133194
22.792389
-29.623444
41.54339904131883
-18.133194
20.654892
-30.321884
40.92498019432936
-18.850388
21.367386
-31.020325
42.12081245414047
-18.850388
18.517395
-30.321884
40.219991360990186
-17.416016
20.654892
-31.020325
41.13639066226825
-18.133194
18.517395
-31.020325
40.42236120213971
-17.416016
18.517395
-31.71875
40.64837818922254
-16.698822
18.517395
-31.020325
39.79956189398477
-18.133194
17.804886
-30.321884
39.56315720721901
-18.133194
19.229889
-31.71875
41.28777567176361
-18.133194
19.942398
-31.71875
41.6244046738584
-17.416016
19.229889
-29.623444
39.37835117187647
-17.416016
19.942398
-31.020325
40.7832973624007
-18.133194
17.804886
-30.321884
39.56315720721901
-16.698822
19.229889
-30.321884
39.598685687824606
-17.416016
20.654892
-31.71875
41.66558820218881
-17.416016
19.942398
-30.321884
40.25460959629344
-16.698822
20.654892
-29.623444
39.787230132802975
-17.416016
21.367386
-31.020325
41.49871456499436
-15.26445
20.654892
-30.321884
39.73719514176076
-16.698822
22.079895
-29.623444
40.54529440560889
-17.416016
22.079895
-30.321884
41.35524275730497
-18.850388
20.654892
-29.623444
40.73708396247361
-18.850388
21.367386
-29.623444
41.102927919963925
-17.416016
21.367386
-31.020325
41.49871456499436
-15.981628
22.079895
-31.020325
41.29400470066751
-17.416016
21.367386
-28.925003
39.956708751081464
-15.26445
20.654892
-29.623444
39.20684113265901
-18.133194
21.367386
-29.623444
40.7789929930994
-17.416016
22.079895
-31.020325
41.87003527005471
-16.698822
21.367386
-29.623444
40.16172597633769
-18.850388
21.367386
-31.020325
42.12081245414047
-17.416016
20.654892
-28.925003
39.58027160582182
-18.850388
20.654892
-30.321884
41.24776864230052
-19.567566
19.229889
-28.925003
39.86645339687633
-17.416016
20.654892
-31.020325
41.13639066226825
-18.850388
19.942398
-28.925003
39.87094353877113
-18.133194
20.654892
-30.321884
40.92498019432936
-17.416016
19.229889
-29.623444
39.37835117187647
-18.850388
19.229889
-30.321884
40.552958960706555
-18.850388
18.517395
-30.321884
40.219991360990186
-19.567566
19.942398
-31.020325
41.74744740980429
-21.719131
17.804886
-30.321884
41.329787891876485
-18.133194
19.229889
-30.321884
40.22459529201319
-20.28476
19.942398
-31.71875
42.60574792043176
-19.567566
19.942398
-30.321884
41.231124350839316
-18.133194
18.517395
-30.321884
39.88888681093551
-20.28476
18.517395
-31.020325
41.43218527380012
-19.567566
17.092392
-31.71875
41.001446954269184
-20.28476
18.517395
-28.925003
39.8876076022914
-16.698822
18.517395
-29.623444
38.72070465203339
-20.28476
19.229889
-31.020325
41.755487686687665
-19.567566
19.229889
-29.623444
40.37606573912709
-20.28476
19.229889
-31.020325
41.755487686687665
-19.567566
19.229889
-30.321884
40.89125787626403
-18.850388
19.229889
-30.321884
40.552958960706555
-20.28476
20.654892
-29.623444
41.420339583953194
-18.850388
17.092392
-30.321884
39.58413273589716
-18.133194
20.654892
-31.020325
41.44511737112407
-19.567566
17.092392
-31.020325
40.46356446024157
-20.28476
19.942398
-31.020325
42.088374575576836
-19.567566
19.229889
-30.321884
40.89125787626403
-18.850388
19.942398
-29.623444
40.38049921430981
-19.567566
17.804886
-30.321884
40.24077922332022
-18.850388
19.229889
-30.321884
40.552958960706555
-18.850388
19.229889
-29.623444
40.03341194884125
-18.850388
19.942398
-30.321884
40.89563699222693
-18.850388
18.517395
-29.623444
39.696088207093055
-18.133194
19.942398
-29.623444
40.050721625638346
-19.567566
19.942398
-31.020325
41.74744740980429
-19.567566
19.942398
-30.321884
41.231124350839316
-18.133194
18.517395
-29.623444
39.360578336110926
-20.28476
18.517395
-30.321884
40.911880700132514
-20.28476
19.229889
-29.623444
40.72847399240487
-20.28476
17.804886
-30.321884
40.59436044094518
-20.28476
17.092392
-30.321884
40.2869468430843
-20.28476
18.517395
-31.020325
41.43218527380012
-20.28476
17.804886
-30.321884
40.59436044094518
-21.719131
17.804886
-30.321884
41.329787891876485
-18.850388
18.517395
-28.925003
39.17763189398145
-18.850388
18.517395
-29.623444
39.696088207093055
-18.850388
17.092392
-30.321884
39.58413273589716
-19.567566
19.942398
-28.226563
39.71558430539264
-21.001953
18.517395
-29.623444
40.76180091780171
-21.001953
19.942398
-28.925003
40.93210245905712
-20.28476
19.229889
-29.623444
40.72847399240487
-21.001953
18.517395
-30.321884
41.27217680381058
-19.567566
19.229889
-30.321884
40.89125787626403
-21.001953
19.229889
-31.71875
42.62569303872079
-20.28476
18.517395
-28.925003
39.8876076022914
-20.28476
19.229889
-29.623444
40.72847399240487
-18.850388
15.667389
-28.925003
37.913849197061225
-18.850388
19.229889
-31.71875
41.60774968661938
-21.001953
18.517395
-30.321884
41.27217680381058
-19.567566
18.517395
-29.623444
40.0416287287368
-19.567566
19.942398
-29.623444
40.72023093047546
-18.133194
19.229889
-31.020325
40.753672428460355
-18.133194
19.229889
-30.321884
40.22459529201319
-18.133194
19.229889
-30.321884
40.22459529201319
-19.567566
20.654892
-28.925003
40.573021134065336
-18.133194
19.229889
-29.623444
39.70075135564974
-19.567566
20.654892
-28.226563
40.07808692736983
-20.28476
18.517395
-31.020325
41.43218527380012
-20.28476
17.804886
-28.925003
39.56186592353251
-20.28476
17.804886
-29.623444
40.07535169498282
-18.133194
19.229889
-28.925003
39.18235674481724
-18.850388
19.229889
-29.623444
40.03341194884125
-18.850388
17.092392
-31.020325
40.121659469590114
-18.850388
19.229889
-28.925003
39.519381246935346
-19.567566
17.092392
-29.623444
39.40289190687658
-20.28476
18.517395
-28.226563
39.38406083743619
-19.567566
19.942398
-28.226563
39.71558430539264
-20.28476
17.804886
-28.925003
39.56186592353251
-17.416016
19.942398
-31.020325
40.7832973624007
-19.567566
19.942398
-28.925003
40.21498015548746
-17.416016
18.517395
-28.925003
38.508017757872516
-18.850388
17.804886
-28.925003
38.84593718701481
-18.850388
18.517395
-28.925003
39.17763189398145
-19.567566
16.379898
-30.321884
39.630889743670906
-19.567566
17.092392
-28.925003
38.880526134557385
-19.567566
18.517395
-30.321884
40.561067482408546
-20.28476
19.229889
-28.925003
40.22332675979201
-16.698822
17.804886
-28.226563
37.317603294222955
-18.850388
17.804886
-28.925003
38.84593718701481
-17.416016
17.804886
-31.020325
39.78180540166101
-17.416016
17.092392
-30.321884
38.92151275674466
-18.850388
18.517395
-29.623444
39.696088207093055
-17.416016
19.942398
-28.226563
38.7008477327613
-19.567566
19.229889
-28.226563
39.36263601764765
-17.416016
18.517395
-28.226563
37.9861874824669
-17.416016
17.804886
-28.925003
38.170503070925065
-18.133194
19.942398
-28.226563
39.028844876858386
-16.698822
19.942398
-28.226563
38.383444586948876
-18.133194
19.229889
-28.226563
38.669627459941026
-17.416016
19.942398
-28.925003
39.21316880107848
-18.133194
18.517395
-31.020325
40.42236120213971
-15.26445
18.517395
-29.623444
38.12408426154325
-17.416016
19.942398
-28.925003
39.21316880107848
-17.416016
18.517395
-27.528137
37.47011993169107
-18.133194
19.942398
-29.623444
40.050721625638346
-17.416016
19.229889
-27.528137
37.827298886064085
-18.850388
18.517395
-27.528137
38.157951948119546
-18.850388
17.092392
-29.623444
39.051701632459306
-17.416016
19.229889
-28.925003
38.85565548141769
-16.698822
18.517395
-28.925003
38.18900876724872
-17.416016
17.804886
-28.925003
38.170503070925065
-17.416016
18.517395
-28.925003
38.508017757872516
-16.698822
19.229889
-26.829697
36.99286314720888
-18.133194
21.367386
-28.925003
40.274479405775686
-17.416016
19.942398
-28.925003
39.21316880107848
-16.698822
19.942398
-28.226563
38.383444586948876
-18.133194
19.229889
-26.131256
37.167779697693135
-16.698822
19.942398
-28.925003
38.89994615095084
-15.981628
19.229889
-28.226563
37.70861892732549
-17.416016
20.654892
-28.925003
39.58027160582182
-16.698822
19.942398
-29.623444
39.422054597292046
-17.416016
19.229889
-28.925003
38.85565548141769
-15.981628
19.942398
-27.528137
37.56208239940496
-17.416016
17.804886
-28.226563
37.643994374933165
-15.981628
19.229889
-28.226563
37.70861892732549
-18.850388
19.942398
-28.226563
39.36718362398274
-18.133194
19.942398
-28.226563
39.028844876858386
-18.133194
21.367386
-28.226563
39.77583059118628
-17.416016
20.654892
-26.131256
37.58702792146181
-17.416016
21.367386
-28.226563
39.45404392494196
-18.133194
20.654892
-26.829697
38.409242344270965
-15.981628
22.792389
-28.226563
39.64396911396959
-15.26445
20.654892
-28.925003
38.68182794900679
-17.416016
18.517395
-27.528137
37.47011993169107
-18.133194
19.229889
-28.226563
38.669627459941026
-18.133194
19.942398
-27.528137
38.52674788681722
-18.133194
20.654892
-27.528137
38.90032899222223
-18.850388
20.654892
-27.528137
39.23977586283623
-18.850388
19.229889
-27.528137
38.50875319022449
-20.28476
19.229889
-28.925003
40.22332675979201
-19.567566
18.517395
-28.925003
39.527704880564464
-17.416016
18.517395
-31.020325
40.10576227886399
-18.850388
19.229889
-28.925003
39.519381246935346
-19.567566
19.229889
-26.829697
38.3733108596082
-18.850388
18.517395
-26.131256
37.162797073526704
-18.850388
19.229889
-28.226563
39.01108178393833
-18.850388
19.942398
-27.528137
38.869457377185945
-18.850388
20.654892
-26.829697
38.75299100099807
-20.28476
18.517395
-26.829697
38.395286143573344
-18.850388
21.367386
-29.623444
41.102927919963925
-19.567566
20.654892
-26.131256
38.63103272568733
-21.001953
19.942398
-26.131256
39.00799635070834
-18.850388
21.367386
-25.432816
38.19333016051363
-19.567566
20.654892
-26.131256
38.63103272568733
-18.850388
19.229889
-28.226563
39.01108178393833
-18.133194
22.792389
-26.829697
39.599726080669576
-20.28476
20.654892
-28.226563
40.433092398894004
-21.001953
22.079895
-27.528137
41.065826420630756
-19.567566
21.367386
-26.131256
39.01662931726997
-20.28476
21.367386
-26.131256
39.381203008423
-18.133194
21.367386
-28.226563
39.77583059118628
-18.850388
22.079895
-27.528137
40.00821448855847
-19.567566
19.229889
-25.432816
37.40997657919943
-17.416016
22.792389
-26.131256
38.80274572980468
-18.850388
22.792389
-26.131256
39.46736129286926
-18.850388
21.367386
-26.131256
38.66193053957439
-20.28476
23.504898
-26.829697
41.033940850932325
-18.850388
21.367386
-26.131256
38.66193053957439
-18.133194
20.654892
-26.829697
38.409242344270965
-18.850388
22.792389
-27.528137
40.405796836205944
-18.133194
21.367386
-28.226563
39.77583059118628
-18.133194
21.367386
-26.131256
38.3173649796587
-16.698822
21.367386
-28.226563
39.142747260328285
-17.416016
21.367386
-27.528137
38.95742743487755
-17.416016
20.654892
-26.131256
37.58702792146181
-17.416016
19.942398
-27.528137
38.19443919665368
-17.416016
20.654892
-28.226563
39.07276427645125
-18.133194
20.654892
-28.226563
39.39766522765816
-16.698822
19.942398
-27.528137
37.872790583762935
-17.416016
22.792389
-29.623444
41.23540816723838
-17.416016
22.079895
-28.925003
40.34222499054186
-16.698822
22.079895
-27.528137
39.04062981519621
-18.850388
23.504898
-27.528137
40.81195563381213
-17.416016
22.792389
-26.829697
39.2764966420958
-18.133194
24.217392
-26.829697
40.436709082296126
-18.133194
22.792389
-26.829697
39.599726080669576
-18.133194
22.079895
-27.528137
39.675342626119814
-18.133194
22.792389
-26.131256
39.1298887470866
-18.850388
22.792389
-26.131256
39.46736129286926
-19.567566
22.792389
-26.131256
39.814885377911736
-18.850388
20.654892
-27.528137
39.23977586283623
-19.567566
22.079895
-27.528137
40.35108073889565
-17.416016
22.792389
-26.829697
39.2764966420958
-17.416016
24.217392
-26.131256
39.656553202643096
-17.416016
23.504898
-27.528137
40.169592870805275
-18.133194
22.792389
-28.226563
40.55914734796271
-18.133194
23.504898
-28.925003
41.44814507874568
-17.416016
23.504898
-26.829697
39.69421233837576
-18.850388
21.367386
-27.528137
39.6194482999669
-18.133194
23.504898
-26.829697
40.01406765565783
-17.416016
24.217392
-27.528137
40.59061495544182
-19.567566
22.079895
-27.528137
40.35108073889565
-18.133194
22.792389
-26.829697
39.599726080669576
-16.698822
22.792389
-26.131256
38.48618138015985
-17.416016
21.367386
-26.829697
38.46706973635453
-17.416016
23.504898
-26.131256
39.22550676357636
-16.698822
23.504898
-26.829697
39.384814005130835
-18.133194
21.367386
-28.226563
39.77583059118628
-16.698822
22.792389
-28.925003
40.43512720047694
-17.416016
22.079895
-28.925003
40.34222499054186
-18.850388
22.079895
-28.226563
40.49194557254566
-16.698822
22.792389
-26.829697
38.963781509643674
-18.133194
21.367386
-27.528137
39.28328231616154
-17.416016
22.079895
-26.829697
38.86736416417136
-16.698822
22.079895
-28.226563
39.53620275298324
-17.416016
23.504898
-27.528137
40.169592870805275
-18.133194
22.792389
-28.226563
40.55914734796271
-18.133194
19.942398
-28.226563
39.028844876858386
-17.416016
23.504898
-28.226563
40.65140367925504
-18.133194
23.504898
-28.925003
41.44814507874568
-18.133194
22.792389
-27.528137
40.07622741609108
-18.133194
24.217392
-25.432816
39.52370079844102
-19.567566
21.367386
-26.829697
39.48781426701075
-18.133194
23.504898
-26.131256
39.549152937160045
-16.698822
21.367386
-27.528137
38.6421287111376
-18.850388
22.792389
-27.528137
40.405796836205944
-17.416016
21.367386
-28.226563
39.45404392494196
-17.416016
22.792389
-27.528137
39.756872194863995
-17.416016
22.792389
-28.226563
40.24362454360007
-18.133194
22.079895
-28.925003
40.65698260293058
-18.133194
22.079895
-26.829697
39.1939678299839
-18.133194
22.079895
-30.321884
41.66234775793516
-17.416016
21.367386
-28.226563
39.45404392494196
-17.416016
22.792389
-28.925003
40.73654757823434
-18.133194
22.079895
-28.226563
40.163083076221874
-18.133194
22.079895
-27.528137
39.675342626119814
-16.698822
21.367386
-28.925003
39.649358825502304
-16.698822
23.504898
-29.623444
41.33859301501368
-17.416016
23.504898
-28.226563
40.65140367925504
-17.416016
22.792389
-29.623444
41.23540816723838
-16.698822
22.079895
-29.623444
40.54529440560889
-17.416016
19.942398
-28.925003
39.21316880107848
-17.416016
20.654892
-28.925003
39.58027160582182
-17.416016
21.367386
-27.528137
38.95742743487755
-17.416016
20.654892
-29.623444
40.09352165270126
-18.133194
21.367386
-31.020325
41.80476561032695
-16.698822
22.079895
-30.321884
41.058361663612445
-17.416016
22.792389
-30.321884
41.73999634549427
-17.416016
21.367386
-28.925003
39.956708751081464
-16.698822
22.079895
-28.226563
39.53620275298324
-18.850388
21.367386
-28.925003
40.60243964922243
-18.850388
22.079895
-27.528137
40.00821448855847
-16.698822
22.792389
-29.623444
40.93766102067569
-16.698822
21.367386
-29.623444
40.16172597633769
-16.698822
22.079895
-28.226563
39.53620275298324
-16.698822
22.792389
-27.528137
39.44796531854891
-15.981628
22.079895
-29.623444
40.25521911523554
-18.133194
22.079895
-28.226563
40.163083076221874
-18.133194
22.079895
-28.925003
40.65698260293058
-16.698822
21.367386
-28.925003
39.649358825502304
-16.698822
22.792389
-28.925003
40.43512720047694
-16.698822
22.079895
-30.321884
41.058361663612445
-16.698822
22.079895
-28.925003
40.03783610926669
-15.981628
20.654892
-28.226563
38.45485507587111
-18.133194
22.792389
-28.925003
41.04828164224722
-18.133194
20.654892
-28.925003
39.901040306965996
-16.698822
22.792389
-30.321884
41.44587137347036
-15.981628
22.792389
-30.321884
41.16214306233793
-16.698822
22.079895
-31.020325
41.5768331723404
-16.698822
20.654892
-28.925003
39.26997712649735
-17.416016
21.367386
-30.321884
40.97925768662574
-17.416016
21.367386
-29.623444
40.46518444717323
-18.133194
22.792389
-31.020325
42.55074807931554
-17.416016
22.792389
-31.020325
42.25010112321478
-17.416016
19.942398
-29.623444
39.73116139187068
-16.698822
20.654892
-30.321884
40.30994723022005
-17.416016
19.942398
-31.71875
41.317017647279734
-15.956238
20.649033
-30.997375
40.5193939868614
-16.673431
19.22403
-30.298935
39.567562990606646
-17.390625
19.936539
-29.600494
39.699982658017305
-18.107803
19.936539
-30.298935
40.53866728102781
-18.824997
19.22403
-30.997375
41.04608541541675
-17.390625
20.649033
-30.298935
40.58129861001247
-18.107803
18.511536
-29.600494
39.32885440821408
-18.107803
19.936539
-30.997375
41.0633100781015
-18.107803
19.936539
-31.6958
41.59305150615605
-18.107803
19.936539
-30.997375
41.0633100781015
-16.673431
21.361526
-29.600494
40.13112662533597
-16.673431
20.649033
-30.298935
40.279168027072316
-17.390625
21.361526
-30.298935
40.94843305819986
-17.390625
22.074036
-30.997375
41.83938550800549
-15.239059
21.361526
-28.203613
38.522558960018806
-17.390625
20.649033
-29.600494
40.06252132897248
-18.107803
22.074036
-29.600494
41.12596467808537
-17.390625
21.361526
-27.505188
38.9266481416892
-18.153702
19.962906
-30.317978
40.586380381366084
-16.71933
22.812897
-28.921097
40.452367581746685
-16.002136
19.962906
-31.016418
40.20701588002475
-18.870895
20.6754
-28.921097
40.24938130347471
-16.71933
19.962906
-31.016418
40.49779966052168
-16.002136
22.100403
-30.317978
40.78818487491966
-17.436523
19.962906
-30.317978
40.27070568450626
-16.002136
19.962906
-30.317978
39.67071649302937
-16.002136
20.6754
-31.714844
41.10196864107454
-15.9869995
20.66954
-30.302841
40.01344988719418
-14.552628
19.957047
-31.699707
40.18624244727603
-14.552628
19.957047
-30.302841
39.09379683750192
-14.552628
20.66954
-31.001282
40.00110472107302
-15.269821
23.519547
-31.001282
41.802105397037124
-15.269821
19.244537
-32.398148
40.659066245657314
-14.552628
18.532043
-31.699707
39.49793711237098
-15.269821
18.532043
-30.302841
38.66349972438476
-15.269821
18.532043
-32.398148
40.326717454127106
-14.552628
19.244537
-30.302841
38.73491074659751
-14.552628
19.957047
-31.001282
39.637634766011836
-15.269821
18.532043
-33.09659
40.88995330457104
-15.269821
19.244537
-30.302841
39.01002256281791
-15.9869995
19.244537
-31.001282
39.83736774864305
-13.835449
18.532043
-31.001282
38.67732916083561
-15.269821
20.66954
-31.001282
40.26756519384584
-16.704193
19.244537
-30.302841
39.59349102125247
-15.269821
19.957047
-31.001282
39.90652224358977
-15.9869995
20.66954
-29.6044
39.48714498593973
-15.9869995
21.382034
-28.20752
38.838636655598826
-13.835449
21.382034
-30.302841
39.583750340456945
-16.704193
21.382034
-30.302841
40.6753444063861
-16.704193
22.094543
-30.302841
41.05436860604027
-15.269821
22.094543
-29.6044
39.9719506146185
-15.9869995
19.244537
-30.302841
39.29629099963666
-15.9869995
22.807037
-31.001282
41.67522747341564
-16.704193
19.244537
-30.302841
39.59349102125247
-15.269821
19.244537
-28.20752
37.405665852790605
-16.704193
19.957047
-31.699707
41.01444938791389
-15.9869995
21.382034
-29.6044
39.864721809161985
-16.704193
20.66954
-29.6044
39.78291618172146
-14.552628
19.957047
-28.90596
38.02127282851009
-17.421387
19.957047
-28.90596
39.20896603556545
-15.9869995
19.244537
-28.90596
38.22944996630952
-16.704193
21.382034
-28.90596
39.64562874903424
-16.704193
20.66954
-29.6044
39.78291618172146
-17.421387
22.094543
-31.699707
42.385668826562124
-16.704193
20.66954
-28.90596
39.26594520860284
-18.855759
19.957047
-29.6044
40.376278883576866
-17.421387
20.66954
-28.20752
39.06915412075027
-18.855759
19.957047
-28.90596
39.867003018630584
-17.421387
18.532043
-28.90596
38.50319271968722
-18.855759
15.682037
-29.6044
38.44328907116787
-17.421387
19.244537
-28.90596
38.8511438306921
-19.572937
19.244537
-28.20752
39.35881363732271
-18.138565
18.532043
-28.20752
38.31590268331806
-18.138565
17.819534
-28.20752
37.976407406852616
-18.138565
19.957047
-27.509094
38.52325925861219
-18.138565
19.244537
-29.6044
39.696098970018454
-19.572937
19.244537
-28.90596
39.86234553807484
-16.704193
17.819534
-29.6044
38.379504010930106
-20.29013
18.532043
-26.810654
38.391890496032815
-18.855759
18.532043
-29.6044
39.691269198476604
-18.855759
19.244537
-26.810654
38.009248912990735
-19.572937
18.532043
-28.20752
39.015390342706425
-18.855759
19.244537
-28.20752
39.00712794187029
-18.855759
19.957047
-27.509094
38.86609844579769
-20.29013
19.957047
-28.90596
40.56510307999506
-18.855759
18.532043
-28.20752
38.660580737098186
-18.138565
18.532043
-28.20752
38.31590268331806
-18.138565
19.244537
-30.302841
40.219671160294034
-16.704193
17.819534
-28.20752
37.31259814685584
-15.9869995
19.244537
-28.20752
37.70411895187978
-15.9869995
20.66954
-28.90596
38.96624860406038
-17.421387
18.532043
-28.90596
38.50319271968722
-17.421387
19.957047
-28.90596
39.20896603556545
-16.704193
17.819534
-28.20752
37.31259814685584
-17.421387
19.244537
-29.6044
39.373563031815046
-16.704193
19.244537
-29.6044
39.061524987831696
-18.138565
19.244537
-28.90596
39.177982421771354
-14.552628
18.532043
-29.6044
37.83696909728302
-14.552628
17.10704
-30.302841
37.718589801337515
-13.835449
19.244537
-30.302841
38.471210763598116
-16.704193
17.10704
-28.90596
37.51313572020473
-15.269821
18.532043
-30.302841
38.66349972438476
-16.704193
17.10704
-29.6044
38.053928055191456
-15.269821
16.394547
-28.20752
36.022392937848394
-13.835449
19.244537
-29.6044
37.92350699516726
-15.269821
17.819534
-27.509094
36.15872634940199
-15.269821
17.819534
-31.001282
38.88165010443551
-14.552628
17.819534
-29.6044
37.49313739289498
-14.552628
19.244537
-30.302841
38.73491074659751
-16.704193
18.532043
-28.90596
38.18404431479692
-15.9869995
17.10704
-28.90596
37.199321912922684
-16.704193
18.532043
-28.90596
38.18404431479692
-17.421387
17.819534
-27.509094
37.118604115515645
-17.421387
17.10704
-27.509094
36.781867295159856
-17.421387
19.244537
-27.509094
37.82336814370681
-15.9869995
17.819534
-28.20752
36.99708339433664
-16.704193
17.10704
-28.20752
36.977629626213705
-18.138565
18.532043
-27.509094
37.804688307243225
-16.704193
17.819534
-28.20752
37.31259814685584
-17.421387
18.532043
-26.810654
36.956089667016485
-16.704193
18.532043
-27.509094
37.13780982967779
-17.421387
18.532043
-27.509094
37.46587314331037
-17.421387
18.532043
-26.810654
36.956089667016485
-17.421387
17.819534
-26.112213
36.095542433848394
-18.138565
19.957047
-26.810654
38.02765331955401
-15.9869995
17.10704
-27.509094
36.12457929848024
-14.552628
17.10704
-26.810654
34.97486192677356
-15.9869995
17.819534
-26.810654
35.94344380194739
-16.704193
17.819534
-26.112213
35.75490979178594
-18.138565
17.819534
-26.112213
36.447098529388285
-20.29013
16.394547
-26.810654
37.406974460403106
-19.572937
18.532043
-25.413773
37.045868356736996
-18.855759
17.819534
-24.016907
35.35374388988032
-19.572937
17.819534
-25.413773
36.69462472077399
-19.572937
16.394547
-23.318466
34.577909652515146
-19.572937
17.819534
-25.413773
36.69462472077399
-20.29013
16.394547
-26.810654
37.406974460403106
-21.007324
17.10704
-25.413773
37.14590636093027
-20.29013
16.394547
-24.715332
35.93491668704253
-19.572937
14.969543
-24.715332
34.90035340750506
-19.572937
15.682037
-24.715332
35.21184146415627
-19.572937
15.682037
-24.016907
34.72517661042201
-19.572937
16.394547
-24.016907
35.05271560227182
-17.421387
16.394547
-25.413773
34.90194481620079
-19.572937
15.682037
-24.715332
35.21184146415627
-18.855759
14.969543
-25.413773
35.006953829292975
-19.572937
15.682037
-24.715332
35.21184146415627
-20.29013
17.10704
-26.112213
37.2315439675947
-18.138565
17.10704
-26.810654
36.61242251506823
-20.29013
15.682037
-24.016907
35.134420305938946
-18.138565
17.10704
-24.016907
34.61892856290833
-18.855759
15.682037
-25.413773
35.317499991704715
-19.572937
17.10704
-25.413773
36.35396258598401
-20.29013
17.10704
-24.715332
36.265518970654995
-18.855759
17.10704
-24.016907
35.00003138949485
-19.572937
14.969543
-24.016907
34.40928510398302
-21.007324
17.819534
-24.715332
37.0093388499359
-18.138565
17.10704
-26.112213
36.10409923326315
-18.855759
17.819534
-25.413773
36.31714887948082
-18.855759
16.394547
-26.810654
36.648764754188
-21.007324
15.682037
-26.112213
37.00110356515144
-16.704193
17.10704
-25.413773
34.89327688086023
-19.572937
17.819534
-26.112213
37.181759995556796
-19.572937
14.969543
-26.810654
36.4142594462063
-17.421387
14.257034
-26.112213
34.4763031445604
-17.421387
17.819534
-26.810654
36.60398454499609
-15.9869995
15.682037
-28.20752
36.01630964642095
-17.421387
15.682037
-26.810654
35.61238811846237
-15.269821
17.10704
-26.810654
35.27930547121428
-17.421387
16.394547
-28.20752
36.98580907918857
-16.704193
15.682037
-26.112213
34.73908397004914
-18.138565
14.257034
-28.20752
36.440839925187305
-16.704193
13.54454
-27.509094
34.917543775031625
-16.704193
14.257034
-26.810654
34.6569509340749
-17.421387
14.969543
-28.90596
36.92081370142051
-15.9869995
15.682037
-31.001282
38.243820987840635
-18.138565
16.394547
-29.6044
38.39543239130958
-16.704193
15.682037
-27.509094
35.80092935900896
-15.269821
17.10704
-28.20752
36.35219968413191
-16.704193
16.394547
-26.810654
35.589637739841145
-15.269821
17.10704
-28.90596
36.896785804923105
-14.552628
15.682037
-28.90596
35.96192105025815
-15.9869995
18.532043
-27.509094
36.820795701529185
-15.9869995
17.10704
-26.112213
35.07253400599339
-15.9869995
17.819534
-28.90596
37.53231192554706
-17.421387
16.394547
-26.112213
35.41374796490587
-16.704193
18.532043
-29.6044
38.71546470121791
-16.704193
18.532043
-28.20752
37.65807827511914
-15.9869995
16.394547
-28.20752
36.3322107917427
-16.704193
19.244537
-28.20752
38.013765752931526
-15.269821
17.10704
-27.509094
35.812965270210626
-15.269821
18.532043
-29.6044
38.118560547364915
-17.421387
17.819534
-26.810654
36.60398454499609
-16.704193
17.10704
-28.20752
36.977629626213705
-15.269821
17.819534
-28.20752
36.692879849374386
-15.269821
18.532043
-28.90596
37.57869834541821
-16.704193
17.819534
-27.509094
36.78744571330517
-15.9869995
18.532043
-28.90596
37.87578801005746
-15.269821
16.394547
-27.509094
35.47814612601767
-18.855759
17.819534
-29.6044
39.363637683523194
-18.855759
17.819534
-28.90596
38.84108498500653
-15.9869995
18.532043
-28.20752
37.34548243889413
-17.421387
17.819534
-28.90596
38.165363494969164
-18.138565
17.10704
-28.90596
38.17345793381836
-18.138565
16.394547
-28.20752
37.328981781711846
-17.421387
15.682037
-28.20752
36.675539734866206
-17.421387
16.394547
-28.90596
37.52119843543447
-18.855759
14.969543
-28.20752
37.084916281758005
-18.138565
16.394547
-28.90596
37.85952009361384
-21.007324
16.394547
-28.20752
38.80403396243505
-18.855759
17.10704
-27.509094
37.48253825220652
-19.572937
16.394547
-26.112213
36.52024969377006
-20.29013
17.10704
-27.509094
38.22421292978526
-19.572937
16.394547
-29.6044
39.09349707651997
-18.855759
16.394547
-29.6044
38.739402847847465
-19.572937
17.10704
-27.509094
37.84839463652983
-18.138565
17.10704
-28.20752
37.64734399350936
-20.29013
17.819534
-27.509094
38.54835228472402
-18.855759
17.10704
-27.509094
37.48253825220652
-18.138565
16.394547
-28.90596
37.85952009361384
-18.138565
17.819534
-28.20752
37.976407406852616
-19.572937
17.819534
-27.509094
38.17572349357393
-18.855759
16.394547
-26.810654
36.648764754188
-18.855759
18.532043
-26.112213
37.1594399124822
-19.572937
18.532043
-28.90596
39.52329774263687
-17.421387
17.10704
-28.20752
37.30709988927627
-18.855759
17.819534
-26.112213
36.80928002152616
-18.855759
16.394547
-26.112213
36.14095263037832
-18.855759
17.819534
-28.90596
38.84108498500653
-16.704193
16.394547
-27.509094
36.1187143104167
-18.138565
16.394547
-27.509094
36.804061466496975
-17.421387
17.10704
-28.90596
37.83794340258862
-15.9869995
17.10704
-28.20752
36.65923035092083
-18.855759
16.394547
-27.509094
37.162764226062016
-18.138565
17.819534
-28.90596
38.498024629721264
-16.704193
17.10704
-27.509094
36.44764947625224
-19.572937
17.10704
-28.20752
38.35902494748628
-15.9869995
18.532043
-29.6044
38.41147492937495
-17.421387
17.10704
-28.20752
37.30709988927627
-16.704193
17.10704
-28.20752
36.977629626213705
-18.138565
17.10704
-28.90596
38.17345793381836
-17.421387
17.10704
-28.90596
37.83794340258862
-17.421387
16.394547
-27.509094
36.45594783862436
-19.572937
17.819534
-29.6044
39.712166301320686
-18.138565
16.394547
-30.302841
38.93649834435953
-16.704193
15.682037
-28.90596
36.88510355492868
-16.704193
16.394547
-28.90596
37.1936247582331
-17.421387
17.819534
-30.302841
39.23394874818236
-16.704193
17.10704
-29.6044
38.053928055191456
-16.704193
18.532043
-29.6044
38.71546470121791
-16.704193
19.244537
-28.90596
38.53487728770036
-16.704193
19.244537
-27.509094
37.498434212102445
-15.9869995
17.819534
-28.90596
37.53231192554706
-18.138565
19.957047
-28.90596
39.5328433473359
-16.704193
19.244537
-28.90596
38.53487728770036
-16.704193
18.532043
-28.20752
37.65807827511914
-17.421387
19.957047
-28.90596
39.20896603556545
-21.007324
19.244537
-26.810654
39.12123552926131
-17.421387
18.532043
-28.20752
37.98164807930684
-17.421387
19.244537
-28.90596
38.8511438306921
-18.138565
19.244537
-26.810654
37.65860988456026
-18.138565
19.244537
-26.810654
37.65860988456026
-17.421387
17.819534
-28.20752
37.63913803362216
-18.855759
19.244537
-26.810654
38.009248912990735
-19.572937
19.957047
-28.90596
40.2111674573277
