-27.197357
-21.2081
-8.4711
35.513930475413446
-30.783295
-21.920593
-9.867981
39.057659075037705
-28.63173
-21.2081
-9.16954
36.79184546306593
-27.91455
-20.49559
-9.16954
35.824179350989674
-27.91455
-21.920593
-9.16954
36.65808319425011
-27.91455
-21.2081
-9.867981
36.4195372077912
-30.066101
-20.49559
-9.867981
37.7016809711036
-28.63173
-21.2081
-10.566406
37.16461185083786
-27.91455
-20.49559
-11.264847
36.41686574036215
-30.066101
-20.49559
-9.16954
37.524926611353955
-27.197357
-21.2081
-9.867981
35.87278650346858
-27.91455
-20.49559
-8.4711
35.651800842598576
-27.91455
-20.49559
-9.867981
36.009282928590096
-26.480164
-20.49559
-10.566406
35.112921216101135
-29.348923
-21.920593
-11.264847
38.324514773408254
-28.63173
-19.783096
-11.963287
36.80036806668854
-28.63173
-19.070602
-11.963287
36.42230232213928
-28.63173
-20.49559
-10.566406
36.762673197483885
-28.63173
-19.070602
-11.963287
36.42230232213928
-28.63173
-19.070602
-12.661728
36.65764863060641
-30.066101
-19.783096
-11.963287
37.92705561800919
-27.91455
-18.358093
-10.566406
35.041270310877714
-27.197357
-19.070602
-11.963287
35.3058673942581
-28.63173
-21.2081
-11.264847
37.369187531411654
-29.348923
-20.49559
-11.963287
37.7431941686801
-29.348923
-21.2081
-11.963287
38.134799585852356
-29.348923
-21.920593
-11.963287
38.535593201083266
-28.63173
-19.783096
-11.963287
36.80036806668854
-28.63173
-21.2081
-11.264847
37.369187531411654
-28.63173
-23.345596
-10.566406
38.424492844937134
-30.066101
-21.2081
-11.963287
38.689457808398046
-27.91455
-21.2081
-9.867981
36.4195372077912
-27.197357
-21.2081
-10.566406
36.07116108623862
-27.91455
-22.633102
-9.867981
37.267365983965284
-29.348923
-22.633102
-10.566406
38.53914247787161
-28.63173
-21.920593
-10.566406
37.57575356342671
-29.348923
-22.633102
-10.566406
38.53914247787161
-27.91455
-21.920593
-11.963287
37.45470408905185
-27.91455
-23.345596
-9.16954
37.52758262941823
-27.91455
-23.345596
-12.661728
38.52996690381884
-27.91455
-22.633102
-9.16954
37.08854184951786
-27.91455
-22.633102
-11.963287
37.8761102998356
-27.91455
-24.7706
-11.264847
38.98334793236241
-27.91455
-24.7706
-10.566406
38.7872867481247
-27.197357
-25.483093
-8.4711
38.22098572773863
-27.91455
-24.7706
-9.867981
38.60287246689438
-27.197357
-25.483093
-8.4711
38.22098572773863
-25.762985
-27.62059
-10.566406
39.22087892628109
-27.91455
-26.195602
-8.4711
39.20703105540749
-26.480164
-25.483093
-9.16954
37.87700625101016
-27.91455
-25.483093
-9.16954
38.89332428358529
-26.480164
-26.908096
-11.264847
39.3972252502873
-27.197357
-26.195602
-10.566406
39.211665196724304
-27.197357
-25.483093
-9.867981
38.554653463764105
-26.480164
-27.62059
-9.867981
39.515479808946395
-25.762985
-26.195602
-11.264847
38.42964541190011
-25.045792
-27.62059
-11.264847
38.949781119009515
-27.197357
-25.483093
-11.264847
38.93560012419547
-26.480164
-25.483093
-10.566406
38.23919565033207
-27.91455
-27.62059
-9.867981
40.49069295307642
-26.480164
-27.62059
-11.963287
40.09010237694274
-25.762985
-26.908096
-11.264847
38.91881072341497
-26.480164
-26.908096
-9.867981
39.0207855392682
-27.197357
-25.483093
-9.867981
38.554653463764105
-26.480164
-24.7706
-11.264847
37.969439615650934
-26.480164
-27.62059
-9.867981
39.515479808946395
-26.480164
-26.908096
-9.867981
39.0207855392682
-27.91455
-26.908096
-9.867981
40.00806040613488
-27.197357
-26.195602
-9.867981
39.02925616654848
-26.480164
-27.62059
-9.867981
39.515479808946395
-27.91455
-26.908096
-9.867981
40.00806040613488
-25.762985
-26.908096
-10.566406
38.722422772737566
-28.63173
-26.195602
-9.867981
40.04201132433831
-27.197357
-27.62059
-10.566406
40.17763292554702
-26.480164
-27.62059
-11.963287
40.09010237694274
-28.63173
-27.62059
-11.264847
41.34694308106027
-25.045792
-27.62059
-11.264847
38.949781119009515
-27.197357
-26.908096
-9.16954
39.34237394585274
-27.197357
-26.908096
-8.4711
39.18547517695492
-26.480164
-27.62059
-8.4711
39.18999350370337
-28.63173
-26.908096
-10.566406
40.687472998262926
-27.91455
-26.195602
-11.963287
40.10675755970713
-26.480164
-28.3331
-9.867981
40.016755218810374
-25.762985
-26.195602
-12.661728
38.862067030798165
-26.480164
-26.908096
-10.566406
39.20323398251093
-27.197357
-26.908096
-9.867981
39.510998703584896
-27.91455
-26.908096
-12.661728
40.78709548623345
-27.91455
-28.3331
-10.566406
41.15380444281169
-26.480164
-26.908096
-10.566406
39.20323398251093
-27.91455
-26.908096
-11.264847
40.37529629341746
-27.91455
-25.483093
-10.566406
39.24613554572523
-25.762985
-25.483093
-11.264847
37.94754423254883
-27.91455
-26.195602
-11.963287
40.10675755970713
-25.762985
-25.483093
-9.16954
37.379136280839376
-27.91455
-25.483093
-10.566406
39.24613554572523
-27.91455
-25.483093
-11.264847
39.4399157961552
-27.91455
-26.195602
-11.264847
39.9039909183397
-28.63173
-26.908096
-10.566406
40.687472998262926
-27.91455
-24.05809
-8.4711
37.8123450410048
-27.91455
-25.483093
-11.264847
39.4399157961552
-27.197357
-26.908096
-11.264847
39.882811734818794
-27.91455
-24.7706
-9.867981
38.60287246689438
-28.63173
-26.908096
-9.16954
40.347267287129405
-29.348923
-26.195602
-9.16954
40.393678861824256
-27.91455
-27.62059
-10.566406
40.66654726438243
-27.197357
-24.7706
-9.16954
37.91252105742491
-27.91455
-27.62059
-8.4711
40.173108693619604
-27.91455
-26.908096
-9.16954
39.84153946073824
-27.91455
-25.483093
-9.867981
39.063887475358875
-28.63173
-27.62059
-7.0742188
40.40689952590863
-27.197357
-26.195602
-8.4711
38.69968066022154
-27.197357
-26.195602
-9.16954
38.858540966622606
-27.197357
-26.195602
-8.4711
38.69968066022154
-27.197357
-28.3331
-8.4711
40.177359480729315
-27.197357
-26.195602
-7.7726593
38.552820211873765
-27.91455
-26.908096
-9.16954
39.84153946073824
-27.197357
-27.62059
-7.7726593
39.53488897529703
-27.197357
-27.62059
-9.16954
39.83307301796696
-29.348923
-26.195602
-8.4711
40.24087932862085
-26.480164
-27.62059
-7.7726593
39.044977319832704
-27.197357
-25.483093
-9.16954
38.38182737770001
-27.91455
-25.483093
-7.0742188
38.45328055129042
-27.91455
-28.3331
-7.7726593
40.52654536111177
-27.91455
-26.908096
-9.16954
39.84153946073824
-27.197357
-27.62059
-9.16954
39.83307301796696
-26.480164
-27.62059
-8.4711
39.18999350370337
-25.762985
-26.195602
-7.7726593
37.55469481355244
-25.762985
-27.62059
-8.4711
38.70901625530058
-25.762985
-26.195602
-8.4711
37.7054431011376
-27.91455
-27.62059
-9.867981
40.49069295307642
-27.197357
-26.195602
-5.677353
38.18557399756402
-26.480164
-25.483093
-7.0742188
37.425014547320984
-27.197357
-27.62059
-7.0742188
39.40352544357944
-26.480164
-27.62059
-7.7726593
39.044977319832704
-27.197357
-25.483093
-8.4711
38.22098572773863
-27.197357
-26.908096
-7.0742188
38.90740930752698
-27.197357
-25.483093
-7.7726593
38.072278800801215
-27.197357
-26.195602
-9.867981
39.02925616654848
-27.197357
-27.62059
-9.16954
39.83307301796696
-26.480164
-26.195602
-7.0742188
37.91376065586626
-25.762985
-27.62059
-9.16954
38.867838405353694
-27.91455
-25.483093
-7.0742188
38.45328055129042
-26.480164
-26.195602
-9.16954
38.359993948672454
-25.762985
-25.483093
-8.4711
37.21396117386592
-27.197357
-26.908096
-7.7726593
39.04044220970976
-26.480164
-26.195602
-7.0742188
37.91376065586626
-26.480164
-26.195602
-9.867981
38.53291796116098
-28.63173
-24.7706
-7.7726593
38.64935581711712
-26.480164
-25.483093
-9.16954
37.87700625101016
-27.91455
-24.7706
-7.0742188
37.984855444822514
-26.480164
-23.345596
-7.7726593
36.14733745219435
-27.91455
-24.7706
-7.0742188
37.984855444822514
-27.197357
-24.05809
-9.16954
37.45087928707416
-27.91455
-24.05809
-7.0742188
37.5241052082483
-29.348923
-24.05809
-7.7726593
38.737127713300616
-29.348923
-23.345596
-8.4711
38.44652936374345
-27.91455
-23.345596
-9.16954
37.52758262941823
-27.91455
-24.05809
-7.7726593
37.66202464799174
-27.91455
-24.05809
-7.0742188
37.5241052082483
-27.91455
-24.05809
-7.0742188
37.5241052082483
-27.91455
-23.345596
-7.7726593
37.21092847863632
-27.197357
-24.7706
-7.7726593
37.599108941091444
-27.197357
-24.7706
-5.677353
37.22245435753045
-27.91455
-25.483093
-6.3757935
38.330940326688115
-28.63173
-23.345596
-5.677353
37.37679794222697
-27.197357
-25.483093
-6.3757935
37.81183657734126
-27.197357
-23.345596
-6.3757935
36.40554753882384
-27.91455
-24.05809
-7.7726593
37.66202464799174
-27.197357
-24.7706
-7.0742188
37.46095786626141
-28.63173
-24.05809
-7.0742188
38.06063823186873
-29.348923
-24.05809
-7.7726593
38.737127713300616
-27.91455
-24.05809
-6.3757935
37.39872555116768
-26.480164
-23.345596
-7.0742188
36.00361615138905
-27.197357
-23.345596
-8.4711
36.830322510806226
-25.762985
-23.345596
-6.3757935
35.346839290827155
-27.197357
-23.345596
-7.7726593
36.675977414868406
-27.197357
-23.345596
-7.0742188
36.53433577375792
-28.63173
-24.05809
-6.3757935
37.93703182629161
-25.762985
-24.05809
-6.3757935
35.82141577499415
-26.480164
-24.7706
-7.7726593
37.0836325186901
-25.762985
-24.05809
-8.4711
36.25303563528767
-25.045792
-24.05809
-7.0742188
35.44189511986485
-25.045792
-24.05809
-8.4711
35.74692847655324
-25.762985
-24.05809
-7.7726593
36.09622218265196
-26.480164
-23.345596
-6.3757935
35.872922617880434
-26.480164
-23.345596
-8.4711
36.30393011502852
-25.045792
-24.05809
-6.3757935
35.30912248781291
-24.328613
-23.345596
-7.7726593
34.60220192313905
-25.045792
-24.7706
-8.4711
36.230288282906336
-27.197357
-23.345596
-6.3757935
36.40554753882384
-25.762985
-21.2081
-5.677353
33.848887609237806
-27.197357
-23.345596
-6.3757935
36.40554753882384
-25.045792
-24.05809
-7.0742188
35.44189511986485
-23.61142
-22.633102
-7.7726593
33.618010861692504
-25.762985
-21.920593
-7.7726593
34.70818288220193
-23.61142
-23.345596
-6.3757935
33.81074900156568
-26.480164
-24.7706
-7.0742188
36.9435538609241
-25.045792
-23.345596
-7.0742188
34.962167401550815
-26.480164
-23.345596
-8.4711
36.30393011502852
-25.762985
-22.633102
-8.4711
35.3234807318818
-26.480164
-21.920593
-7.0742188
35.096381315533264
-26.480164
-22.633102
-4.9789124
35.18871764656074
-25.762985
-23.345596
-6.3757935
35.346839290827155
-27.197357
-21.920593
-7.0742188
35.640611299865846
-25.762985
-22.633102
-7.7726593
35.162522009969116
-26.480164
-22.633102
-6.3757935
35.41337396611713
-26.480164
-21.920593
-7.7726593
35.24380243889076
-25.762985
-22.633102
-7.0742188
35.01475867681102
-26.480164
-20.49559
-6.3757935
34.0869339686457
-26.480164
-21.920593
-7.0742188
35.096381315533264
-25.045792
-20.49559
-7.7726593
33.28325441440579
-27.91455
-22.633102
-7.7726593
36.768106787782976
-27.91455
-21.920593
-6.3757935
36.06085656188109
-27.197357
-20.49559
-6.3757935
34.64702206099844
-27.197357
-21.920593
-6.3757935
35.50858170921503
-27.91455
-21.920593
-7.7726593
36.333852035132985
-27.197357
-21.920593
-7.0742188
35.640611299865846
-26.480164
-21.2081
-7.7726593
34.80512503232283
-28.63173
-19.070602
-8.4711
35.42913192094713
-27.197357
-19.070602
-7.0742188
33.96216407809119
-28.63173
-20.49559
-7.7726593
36.05910979785916
-28.63173
-21.2081
-7.0742188
36.326354123504466
-26.480164
-19.070602
-8.4711
33.714188176122526
-27.197357
-21.2081
-7.7726593
35.35383884245723
-29.348923
-21.2081
-5.677353
36.65208043208462
-29.348923
-19.070602
-8.4711
36.011201599294075
-29.348923
-20.49559
-7.7726593
36.631170488631504
-29.348923
-20.49559
-7.7726593
36.631170488631504
-27.197357
-19.783096
-8.4711
34.68179147847253
-27.197357
-21.2081
-7.0742188
35.20687847555059
-26.480164
-21.920593
-7.7726593
35.24380243889076
-28.63173
-21.2081
-6.3757935
36.19682589783426
-26.480164
-19.783096
-6.3757935
33.663343611783425
-27.197357
-21.920593
-7.7726593
35.78579051431413
-27.197357
-21.920593
-6.3757935
35.50858170921503
-27.91455
-23.345596
-6.3757935
36.94441460502267
-25.762985
-21.920593
-9.16954
35.04745666592656
-26.480164
-21.2081
-7.0742188
34.65583788641352
-26.480164
-22.633102
-9.16954
36.021337331699144
-28.63173
-20.49559
-7.7726593
36.05910979785916
-28.63173
-21.920593
-7.7726593
36.8877014009878
-25.762985
-21.2081
-7.0742188
34.110987207088975
-28.63173
-22.633102
-7.7726593
37.31551135513639
-28.63173
-22.633102
-8.4711
37.467222002830354
-27.197357
-21.920593
-7.7726593
35.78579051431413
-28.63173
-22.633102
-6.3757935
37.04974979619886
-26.480164
-21.920593
-7.0742188
35.096381315533264
-27.91455
-21.920593
-8.4711
36.48964429293604
-27.197357
-21.2081
-9.867981
35.87278650346858
-26.480164
-22.633102
-9.16954
36.021337331699144
-27.91455
-19.783096
-8.4711
35.247021704854724
-29.348923
-23.345596
-7.7726593
38.29869819201594
-26.480164
-21.920593
-8.4711
35.40439163812344
-27.197357
-21.920593
-9.16954
36.11494237154477
-27.197357
-20.49559
-8.4711
35.09308909662627
-27.197357
-21.2081
-7.7726593
35.35383884245723
-27.197357
-19.783096
-8.4711
34.68179147847253
-28.63173
-19.783096
-9.16954
35.989266384880295
-28.63173
-21.920593
-8.4711
37.04116428465093
-27.91455
-21.2081
-9.16954
36.236529353268814
-27.197357
-22.633102
-10.566406
36.926989304064584
-27.91455
-21.2081
-9.16954
36.236529353268814
-27.197357
-21.920593
-8.4711
35.94395831914506
-27.91455
-22.633102
-8.4711
36.92206675786006
-27.197357
-22.633102
-8.4711
36.3828686989581
-27.197357
-21.2081
-7.7726593
35.35383884245723
-27.91455
-21.920593
-8.4711
36.48964429293604
-27.197357
-23.345596
-8.4711
36.830322510806226
-29.348923
-21.920593
-7.0742188
37.308393958540016
-28.63173
-21.2081
-9.16954
36.79184546306593
-29.348923
-21.2081
-7.7726593
37.03453637843499
-30.066101
-20.49559
-7.0742188
37.06864211858353
-30.066101
-21.920593
-7.7726593
38.011802045240664
-29.348923
-19.783096
-9.16954
36.562421541048295
-28.63173
-21.920593
-8.4711
37.04116428465093
-30.783295
-21.2081
-8.4711
38.329547020603925
-30.066101
-21.2081
-9.867981
38.09371314856708
-27.197357
-21.2081
-9.867981
35.87278650346858
-29.348923
-19.070602
-8.4711
36.011201599294075
-27.91455
-20.49559
-9.867981
36.009282928590096
-30.066101
-21.920593
-9.867981
38.494934541463536
-29.348923
-21.920593
-8.4711
37.598287535284605
-29.348923
-21.2081
-7.7726593
37.03453637843499
-28.63173
-21.2081
-8.4711
36.62402175794683
-28.63173
-21.2081
-9.16954
36.79184546306593
-27.197357
-21.2081
-9.867981
35.87278650346858
-28.63173
-19.783096
-9.16954
35.989266384880295
-27.91455
-20.49559
-8.4711
35.651800842598576
-28.63173
-21.920593
-9.867981
37.385363516668356
-27.91455
-21.920593
-9.16954
36.65808319425011
-27.91455
-22.633102
-7.0742188
36.626821427084856
-26.480164
-21.2081
-8.4711
34.96772891438172
-27.91455
-23.345596
-7.7726593
37.21092847863632
-27.197357
-24.05809
-9.16954
37.45087928707416
-27.197357
-24.05809
-9.16954
37.45087928707416
-28.63173
-23.345596
-8.4711
37.901876551085834
-27.91455
-22.633102
-8.4711
36.92206675786006
-28.63173
-22.633102
-9.16954
37.63128548775523
-27.91455
-24.05809
-9.16954
37.974917516060025
-27.91455
-22.633102
-7.7726593
36.768106787782976
-26.480164
-22.633102
-9.867981
36.20543293517476
-26.480164
-24.05809
-9.867981
37.11290608200283
-26.480164
-24.05809
-8.4711
36.766156232881144
-27.197357
-23.345596
-8.4711
36.830322510806226
-25.762985
-24.05809
-8.4711
36.25303563528767
-26.480164
-22.633102
-9.16954
36.021337331699144
-27.91455
-22.633102
-9.16954
37.08854184951786
-25.762985
-23.345596
-9.16954
35.95592768030833
-25.762985
-21.920593
-9.867981
35.23664072537811
-25.045792
-21.920593
-9.16954
34.5236805900584
-25.762985
-23.345596
-9.16954
35.95592768030833
-25.762985
-24.7706
-8.4711
36.72973572363576
-25.762985
-24.05809
-8.4711
36.25303563528767
-27.91455
-24.05809
-9.867981
38.149587038537355
-27.197357
-23.345596
-8.4711
36.830322510806226
-27.197357
-23.345596
-9.16954
36.997210423240865
-26.480164
-21.920593
-7.7726593
35.24380243889076
-26.480164
-22.633102
-7.7726593
35.6913222422263
-25.762985
-24.05809
-9.867981
36.604646514949096
-27.197357
-22.633102
-9.867981
36.73323683636609
-25.045792
-24.7706
-8.4711
36.230288282906336
-27.91455
-24.05809
-9.16954
37.974917516060025
-27.197357
-25.483093
-6.3757935
37.81183657734126
-25.762985
-21.2081
-9.867981
34.79787303519336
-27.91455
-23.345596
-8.4711
37.36306378171161
-27.91455
-24.05809
-8.4711
37.8123450410048
-26.480164
-24.05809
-9.16954
36.93333408984609
-26.480164
-23.345596
-7.7726593
36.14733745219435
-25.762985
-23.345596
-9.16954
35.95592768030833
-25.762985
-23.345596
-9.16954
35.95592768030833
-27.91455
-24.05809
-9.867981
38.149587038537355
-25.045792
-22.633102
-9.867981
35.16996086806093
-26.480164
-22.633102
-9.16954
36.021337331699144
-26.480164
-24.7706
-8.4711
37.236287915087786
-25.045792
-24.05809
-10.566406
36.300582637262
-26.480164
-22.633102
-9.867981
36.20543293517476
-26.480164
-24.05809
-8.4711
36.766156232881144
-26.480164
-21.920593
-9.867981
35.76434678526315
-26.480164
-21.2081
-9.16954
35.1434629523223
-27.197357
-22.633102
-9.16954
36.55179964949999
-25.762985
-22.633102
-9.867981
35.68425205502509
-26.480164
-22.633102
-9.867981
36.20543293517476
-26.480164
-22.633102
-9.16954
36.021337331699144
-25.762985
-23.345596
-9.16954
35.95592768030833
-25.762985
-24.05809
-9.16954
36.4225687675238
-28.63173
-21.2081
-8.4711
36.62402175794683
-27.197357
-22.633102
-8.4711
36.3828686989581
-27.197357
-21.920593
-9.867981
36.29856324097932
-26.480164
-24.05809
-7.7726593
36.61154062896784
-27.197357
-21.920593
-9.16954
36.11494237154477
-28.63173
-23.345596
-9.16954
38.06406663699128
-27.197357
-22.633102
-9.867981
36.73323683636609
-26.480164
-22.633102
-7.0742188
35.54575719396321
-26.480164
-23.345596
-7.0742188
36.00361615138905
-27.91455
-23.345596
-8.4711
37.36306378171161
-27.197357
-21.920593
-7.7726593
35.78579051431413
-27.197357
-24.05809
-7.0742188
36.99368149702223
-25.762985
-23.345596
-9.16954
35.95592768030833
-25.045792
-22.633102
-9.16954
34.98041618679747
-26.480164
-22.633102
-8.4711
35.849906838268076
-26.480164
-24.05809
-7.7726593
36.61154062896784
-27.197357
-24.05809
-7.7726593
37.133571059209686
-26.480164
-21.920593
-9.867981
35.76434678526315
-27.197357
-24.7706
-8.4711
37.74967986722702
-26.480164
-24.7706
-10.566406
37.7681154148865
-25.045792
-25.483093
-9.16954
36.888482373715746
-27.91455
-23.345596
-9.867981
37.704324538004755
-26.480164
-26.195602
-8.4711
38.199060366593116
-24.328613
-24.05809
-9.867981
35.60969209215993
-24.328613
-24.05809
-9.867981
35.60969209215993
-25.762985
-22.633102
-9.16954
35.497453625114964
-25.045792
-24.05809
-9.867981
36.10346865910186
-25.762985
-25.483093
-11.264847
37.94754423254883
-25.762985
-24.05809
-10.566406
36.79907603555166
-25.762985
-24.05809
-10.566406
36.79907603555166
-25.762985
-25.483093
-8.4711
37.21396117386592
-26.480164
-25.483093
-7.7726593
37.5632978154666
-25.045792
-24.05809
-9.16954
35.91885045988214
-25.762985
-23.345596
-7.7726593
35.62530667357037
-25.762985
-24.05809
-9.16954
36.4225687675238
-25.762985
-22.633102
-9.16954
35.497453625114964
-25.762985
-24.7706
-11.963287
37.68864821271204
-25.762985
-25.483093
-9.867981
37.55657678704141
-27.197357
-24.05809
-8.4711
37.28602199918137
-25.045792
-24.05809
-9.16954
35.91885045988214
-27.197357
-24.05809
-9.867981
37.62798147966982
-25.762985
-24.05809
-9.867981
36.604646514949096
-25.045792
-25.483093
-9.867981
37.06827164429591
-26.480164
-24.05809
-10.566406
37.30468668193716
-25.045792
-25.483093
-8.4711
36.721100323715454
-25.045792
-25.483093
-9.16954
36.888482373715746
-26.480164
-24.7706
-9.16954
37.40136442092554
-25.045792
-24.05809
-9.16954
35.91885045988214
-26.480164
-24.7706
-8.4711
37.236287915087786
-26.480164
-22.633102
-10.566406
36.401994788876266
-27.91455
-21.920593
-9.867981
36.83899692358544
-25.045792
-24.05809
-8.4711
35.74692847655324
-27.91455
-23.345596
-9.16954
37.52758262941823
-27.197357
-22.633102
-9.16954
36.55179964949999
-25.762985
-24.05809
-8.4711
36.25303563528767
-27.197357
-24.05809
-10.566406
37.81715008855522
-27.91455
-23.345596
-9.867981
37.704324538004755
-26.480164
-23.345596
-9.16954
36.473226682711214
-26.480164
-24.05809
-7.7726593
36.61154062896784
-28.63173
-21.920593
-9.16954
37.207106504188985
-27.197357
-23.345596
-7.7726593
36.675977414868406
-26.480164
-24.05809
-9.16954
36.93333408984609
-26.480164
-22.633102
-9.867981
36.20543293517476
-27.91455
-24.7706
-9.867981
38.60287246689438
-25.762985
-23.345596
-10.566406
36.3372703542365
-27.91455
-24.05809
-8.4711
37.8123450410048
-26.480164
-22.633102
-9.16954
36.021337331699144
-26.480164
-23.345596
-9.16954
36.473226682711214
-26.480164
-23.345596
-9.16954
36.473226682711214
-27.197357
-23.345596
-9.867981
37.17647387745289
-27.197357
-22.633102
-8.4711
36.3828686989581
-25.762985
-23.345596
-9.867981
36.14035647598039
-26.480164
-23.345596
-7.7726593
36.14733745219435
-27.197357
-24.05809
-9.16954
37.45087928707416
-26.480164
-25.483093
-9.867981
38.052125215268035
-26.480164
-24.05809
-9.867981
37.11290608200283
-25.045792
-23.345596
-9.16954
35.44557854071418
-26.480164
-24.05809
-9.16954
36.93333408984609
-25.762985
-24.05809
-8.4711
36.25303563528767
-26.480164
-24.7706
-9.867981
37.57869996961377
-25.045792
-24.05809
-10.566406
36.300582637262
-27.197357
-24.05809
-10.566406
37.81715008855522
-27.197357
-22.633102
-10.566406
36.926989304064584
-26.480164
-22.633102
-9.867981
36.20543293517476
-26.480164
-24.7706
-9.867981
37.57869996961377
-24.328613
-22.633102
-9.16954
34.47055433570713
-25.045792
-23.345596
-10.566406
35.83235297229656
-25.045792
-23.345596
-10.566406
35.83235297229656
-25.045792
-24.05809
-9.867981
36.10346865910186
-26.480164
-24.05809
-9.16954
36.93333408984609
-27.197357
-24.05809
-9.867981
37.62798147966982
-25.762985
-23.345596
-10.566406
36.3372703542365
-25.762985
-23.345596
-10.566406
36.3372703542365
-26.480164
-23.345596
-10.566406
36.84921635657602
-27.197357
-21.920593
-11.264847
36.70293376120889
-26.480164
-23.345596
-10.566406
36.84921635657602
-28.63173
-23.345596
-9.16954
38.06406663699128
-25.762985
-22.633102
-11.264847
36.09550523329567
-27.197357
-23.345596
-12.661728
38.01358271332926
-26.480164
-22.633102
-11.264847
36.61083210395183
-25.762985
-23.345596
-10.566406
36.3372703542365
-26.480164
-20.49559
-12.661728
35.79926879818043
-26.480164
-21.2081
-11.264847
35.7474372852228
-28.63173
-24.05809
-10.566406
38.86150476672738
-27.91455
-23.345596
-11.963287
38.30612552751436
-27.91455
-21.920593
-10.566406
37.03219605859036
-27.197357
-21.920593
-11.264847
36.70293376120889
-27.197357
-21.2081
-11.963287
36.50479387129775
-28.63173
-21.2081
-11.963287
37.585631396851646
-27.197357
-22.633102
-11.264847
37.13287413865071
-27.197357
-22.633102
-11.963287
37.35068744399576
-28.63173
-23.345596
-9.867981
38.238328935829394
-27.91455
-21.920593
-11.963287
37.45470408905185
-28.63173
-21.2081
-11.963287
37.585631396851646
-27.197357
-21.920593
-11.963287
36.92328340521567
-29.348923
-21.2081
-12.661728
38.359640719548096
-29.348923
-21.2081
-11.963287
38.134799585852356
-29.348923
-21.2081
-11.963287
38.134799585852356
-29.348923
-19.783096
-10.566406
36.93750330477989
-27.197357
-20.49559
-12.661728
36.3329701070099
-29.348923
-20.49559
-11.963287
37.7431941686801
-30.066101
-21.920593
-11.264847
38.876466386129735
-30.066101
-21.920593
-11.264847
38.876466386129735
-30.783295
-19.783096
-13.360168
38.95479839967568
-29.348923
-19.783096
-12.661728
37.59055147968536
-27.91455
-20.49559
-12.661728
36.872899503204756
-30.066101
-21.2081
-12.661728
38.911094075950885
-30.066101
-19.070602
-11.264847
37.34374182792798
-30.783295
-19.070602
-13.360168
38.59783948475128
-30.066101
-20.49559
-11.264847
38.091159097186676
-30.066101
-20.49559
-12.661728
38.52737998864006
-32.217667
-21.2081
-11.963287
40.384176528278836
-30.066101
-19.783096
-11.264847
37.712571340461196
-29.348923
-19.783096
-11.264847
37.14332986048774
-30.066101
-21.920593
-11.963287
39.084564081156934
-30.783295
-19.783096
-10.566406
38.08715142296185
-27.91455
-21.2081
-11.963287
37.04221719190399
-29.348923
-21.920593
-13.360168
38.991868956573015
-29.348923
-21.2081
-13.360168
38.595813773261895
-31.500488
-21.2081
-10.566406
39.41716802061793
-30.783295
-21.2081
-13.360168
39.69746583782537
-30.066101
-21.2081
-11.963287
38.689457808398046
-30.783295
-21.2081
-13.360168
39.69746583782537
-30.066101
-22.633102
-12.661728
39.70575675063535
-30.066101
-22.633102
-12.661728
39.70575675063535
-29.348923
-22.633102
-11.963287
38.94530544759214
-30.783295
-25.483093
-11.963287
41.71473968318558
-28.63173
-21.920593
-12.661728
38.21789719510514
-29.348923
-21.920593
-13.360168
38.991868956573015
-30.783295
-21.920593
-12.661728
39.85527560015189
-30.066101
-21.920593
-14.757034
40.02815171460581
-29.348923
-22.633102
-14.058594
39.63912991120249
-27.91455
-22.633102
-13.360168
38.340235168977514
-30.066101
-23.345596
-12.661728
40.11616433091529
-30.066101
-22.633102
-14.058594
40.17302361251733
-30.066101
-24.05809
-13.360168
40.758512579045984
-30.066101
-21.920593
-13.360168
39.53450455970392
-29.348923
-23.345596
-14.058594
40.050220244108054
-29.348923
-21.2081
-13.360168
38.595813773261895
-27.91455
-21.920593
-12.661728
37.68360326558655
-30.783295
-22.633102
-13.360168
40.4766929343102
-29.348923
-21.920593
-13.360168
38.991868956573015
-28.63173
-22.633102
-14.058594
39.11108853117936
-27.91455
-21.920593
-14.058594
38.17562916455176
-30.066101
-24.05809
-12.661728
40.53494224701387
-29.348923
-21.920593
-13.360168
38.991868956573015
-29.348923
-23.345596
-11.963287
39.36364233516285
-28.63173
-22.633102
-11.264847
38.195941298004755
-30.066101
-21.920593
-12.661728
39.303972395850145
-30.066101
-23.345596
-12.661728
40.11616433091529
-29.348923
-21.920593
-13.360168
38.991868956573015
-30.783295
-20.49559
-13.360168
39.32142622727303
-29.348923
-20.49559
-14.757034
38.719484582418254
-29.348923
-21.2081
-13.360168
38.595813773261895
-28.63173
-21.920593
-14.058594
38.7031313080334
-27.91455
-21.920593
-14.058594
38.17562916455176
-30.066101
-21.920593
-13.360168
39.53450455970392
-30.066101
-20.49559
-14.757034
39.26588458678618
-29.348923
-21.2081
-13.360168
38.595813773261895
-31.500488
-21.920593
-13.360168
40.63603515988765
-29.348923
-20.49559
-14.757034
38.719484582418254
-30.066101
-19.783096
-14.058594
38.639168618935116
-28.63173
-19.783096
-14.058594
37.53386329109605
-30.783295
-19.070602
-14.058594
38.84511700631593
-31.500488
-19.783096
-13.360168
39.52398957535948
-30.783295
-20.49559
-13.360168
39.32142622727303
-30.783295
-22.633102
-12.661728
40.251557314108204
-30.783295
-20.49559
-12.661728
39.08963744855374
-29.348923
-21.2081
-13.360168
38.595813773261895
-30.066101
-19.783096
-12.661728
38.153121032639646
-30.066101
-20.49559
-11.264847
38.091159097186676
-30.783295
-21.2081
-14.058594
39.937935553669554
-30.783295
-21.920593
-11.963287
39.6389189621056
-30.783295
-21.2081
-11.963287
39.24939353134167
-29.348923
-21.2081
-13.360168
38.595813773261895
-30.783295
-19.783096
-11.963287
38.498083289849475
-29.348923
-19.783096
-11.963287
37.361082209529044
-30.783295
-21.2081
-12.661728
39.46788554328459
-30.783295
-20.49559
-11.264847
38.65976136032787
-30.066101
-23.345596
-11.963287
39.901222336481275
-29.348923
-21.2081
-13.360168
38.595813773261895
-30.783295
-20.49559
-12.661728
39.08963744855374
-27.91455
-21.920593
-11.963287
37.45470408905185
-29.348923
-21.920593
-13.360168
38.991868956573015
-28.63173
-21.2081
-12.661728
37.81373803500108
-27.91455
-21.2081
-11.963287
37.04221719190399
-29.348923
-22.633102
-11.963287
38.94530544759214
-30.066101
-22.633102
-11.264847
39.28262353406083
-28.63173
-22.633102
-13.360168
38.865503261246985
-28.63173
-22.633102
-14.058594
39.11108853117936
-27.91455
-23.345596
-12.661728
38.52996690381884
-28.63173
-22.633102
-13.360168
38.865503261246985
-27.91455
-22.633102
-11.264847
37.66133588580104
-27.91455
-21.920593
-12.661728
37.68360326558655
-27.197357
-23.345596
-10.566406
37.36792823460882
-28.63173
-22.633102
-11.963287
38.40772633706417
-29.348923
-24.05809
-13.360168
40.23238769363869
-30.783295
-23.345596
-11.963287
40.44438516055875
-28.63173
-22.633102
-12.661728
38.6309790073006
-29.348923
-21.920593
-13.360168
38.991868956573015
-29.348923
-21.2081
-12.661728
38.359640719548096
-30.066101
-21.920593
-11.963287
39.084564081156934
-27.91455
-22.633102
-11.264847
37.66133588580104
-29.348923
-24.05809
-12.661728
40.00587725377048
-28.63173
-23.345596
-11.264847
38.622395745538626
-28.63173
-21.920593
-11.963287
37.99221722058266
-27.91455
-21.920593
-11.963287
37.45470408905185
-27.91455
-22.633102
-14.058594
38.58916344203707
-28.63173
-24.05809
-12.661728
39.48274259585604
-30.066101
-21.920593
-13.360168
39.53450455970392
-29.348923
-22.633102
-10.566406
38.53914247787161
-29.348923
-22.633102
-11.963287
38.94530544759214
-29.348923
-21.920593
-11.963287
38.535593201083266
-29.348923
-22.633102
-12.661728
39.16549390836196
-29.348923
-22.633102
-10.566406
38.53914247787161
-30.066101
-23.345596
-12.661728
40.11616433091529
-31.500488
-21.920593
-11.963287
40.198425990932
-32.217667
-21.920593
-11.963287
40.762859538720264
-30.783295
-19.070602
-12.661728
38.361678902299424
-32.93486
-21.920593
-11.963287
41.332042879038625
-30.783295
-20.49559
-11.963287
38.86901927216183
-30.066101
-21.920593
-11.264847
38.876466386129735
-30.783295
-21.920593
-11.963287
39.6389189621056
-31.500488
-20.49559
-11.264847
39.23323468822782
-28.63173
-20.49559
-12.661728
37.41877270543824
-30.783295
-19.783096
-11.963287
38.498083289849475
-33.65204
-20.49559
-11.264847
40.98079622432545
-33.65204
-20.49559
-10.566406
40.79433608290877
-31.500488
-19.070602
-11.963287
38.718069001275104
-32.93486
-20.49559
-9.867981
40.02688305610993
-32.93486
-19.783096
-11.264847
40.03714095998864
-30.066101
-19.783096
-13.360168
38.39056458582955
-32.217667
-20.49559
-11.963287
40.01459084470001
-31.500488
-21.920593
-9.16954
39.45723833755427
-32.217667
-21.2081
-9.16954
39.646461619485194
-32.217667
-21.2081
-10.566406
39.99262932579734
-31.500488
-20.49559
-10.566406
39.03842852071773
-32.93486
-21.920593
-10.566406
40.949559888698744
-30.783295
-20.49559
-9.867981
38.2760694836498
-31.500488
-20.49559
-11.264847
39.23323468822782
-31.500488
-21.920593
-9.16954
39.45723833755427
-32.217667
-24.05809
-8.4711
41.09171810565969
-32.217667
-21.920593
-9.867981
40.19785508843647
-30.066101
-20.49559
-9.16954
37.524926611353955
-31.500488
-21.920593
-9.16954
39.45723833755427
-31.500488
-22.633102
-10.566406
40.201828462381535
-30.066101
-21.920593
-9.16954
38.32183913243449
-31.500488
-22.633102
-9.867981
40.023932354690146
-31.500488
-22.633102
-9.16954
39.85747772091753
-30.783295
-22.633102
-7.7726593
38.99080295202639
-30.066101
-24.05809
-8.4711
39.427423559188156
-30.066101
-23.345596
-9.867981
39.32383984153649
-29.348923
-24.05809
-8.4711
38.883292046721365
-30.066101
-24.7706
-9.16954
40.020412577228164
-28.63173
-25.483093
-9.867981
39.579554541395645
-30.066101
-24.7706
-9.867981
40.186192326605635
-30.066101
-24.7706
-11.264847
40.55181508923182
-28.63173
-21.920593
-9.867981
37.385363516668356
-29.348923
-23.345596
-10.566406
38.961840618919204
-30.066101
-25.483093
-10.566406
40.80450276978097
-28.63173
-25.483093
-11.264847
39.95072954297112
-30.783295
-23.345596
-9.867981
39.87486836283131
-30.066101
-25.483093
-9.867981
40.6292455714246
-28.63173
-23.345596
-10.566406
38.424492844937134
-30.783295
-24.05809
-10.566406
40.4728521086975
-30.783295
-24.7706
-9.867981
40.72555613925441
-30.066101
-24.05809
-9.867981
39.750965802437584
-30.783295
-22.633102
-9.867981
39.461951364178
-30.066101
-24.7706
-11.264847
40.55181508923182
-30.066101
-22.633102
-10.566406
39.088063510288855
-29.348923
-23.345596
-9.867981
38.77825645678419
-31.500488
-21.920593
-9.867981
39.62537429584656
-30.066101
-22.633102
-10.566406
39.088063510288855
-30.066101
-22.633102
-11.264847
39.28262353406083
-30.066101
-24.05809
-12.661728
40.53494224701387
-28.63173
-22.633102
-15.455475
39.63464276648097
-27.91455
-21.2081
-18.947662
39.84996275092362
-25.762985
-21.2081
-20.344543
39.08216067725945
-25.045792
-22.633102
-21.042969
39.77883345223076
-26.480164
-21.2081
-18.249222
38.522936045458685
-26.480164
-21.920593
-18.249222
38.9197312863082
-27.197357
-21.920593
-18.947662
39.739432987647014
-26.480164
-21.920593
-17.550781
38.597167422076616
-26.480164
-22.633102
-18.947662
39.654384560143534
-27.91455
-21.920593
-16.852356
39.290413236127016
-27.91455
-23.345596
-16.153915
39.814419351300984
-26.480164
-22.633102
-18.249222
39.32544159250234
-27.197357
-22.633102
-17.550781
39.49662669783095
-27.91455
-21.2081
-15.455475
38.31288711825223
-28.63173
-22.633102
-16.153915
39.91218081907295
-27.91455
-21.920593
-15.455475
38.71183699131556
-26.480164
-22.633102
-14.757034
37.83155188938692
-28.63173
-24.7706
-14.757034
40.63408101629791
