25.874512
9.429398
-22.43985
35.52394521437266
23.722961
8.716904
-23.13829
34.26578174838749
24.44014
8.716904
-25.233597
36.194465138203455
24.44014
8.716904
-22.43985
34.305273743852055
23.005768
8.00441
-23.13829
33.59637526079357
25.874512
7.2919006
-23.13829
35.46889798977937
24.44014
8.716904
-23.836731
35.234849636492704
25.874512
9.429398
-21.042969
34.65848307728932
25.874512
8.716904
-23.836731
36.24451062962845
26.591705
8.716904
-22.43985
35.86990586110277
26.591705
10.141907
-23.13829
36.67911591008312
25.874512
11.56691
-22.43985
36.15011156837901
27.308899
9.429398
-22.43985
36.5819125815614
25.157333
10.141907
-21.74141
34.76260345015621
26.591705
7.2919006
-22.43985
35.55049088752151
25.874512
8.716904
-22.43985
35.34150150341132
27.308899
9.429398
-21.74141
36.157686539634106
26.591705
8.716904
-21.042969
35.01299284506753
28.74327
12.279404
-21.042969
37.679780640824134
25.874512
10.141907
-20.344543
34.44196602166462
25.157333
9.429398
-21.74141
34.56144925222411
26.591705
8.00441
-18.249222
33.229856886117865
25.157333
10.141907
-20.344543
33.906491214579766
25.874512
10.854401
-20.344543
34.65845842264735
26.591705
9.429398
-21.042969
35.19714288386914
25.874512
10.854401
-21.042969
35.0729934303313
25.874512
8.716904
-19.646103
33.636945339862166
26.591705
9.429398
-21.74141
35.61911272626327
26.591705
8.716904
-20.344543
34.59774070816439
26.591705
10.141907
-20.344543
34.983959773105305
27.308899
10.141907
-20.344543
35.53216385148462
28.026077
10.854401
-20.344543
36.29296685804806
25.874512
10.141907
-21.74141
35.2850885727376
25.157333
10.854401
-21.74141
34.97711130767787
25.874512
10.141907
-23.836731
36.613362725624164
23.722961
10.854401
-22.43985
34.41139053900794
25.157333
8.716904
-23.836731
35.73605565571171
25.157333
10.854401
-20.344543
34.12638075274391
25.874512
10.141907
-23.13829
36.162537604219125
25.157333
10.854401
-21.042969
34.547299013680146
25.874512
12.279404
-22.43985
36.38435164905203
25.874512
11.56691
-21.042969
35.3000047029919
24.44014
9.429398
-23.13829
34.951602280197754
25.157333
10.141907
-22.43985
35.20364513597101
24.44014
10.141907
-22.43985
34.69474867955524
23.722961
10.854401
-21.042969
33.51720931570079
24.44014
10.141907
-23.836731
35.6141602203832
24.44014
11.56691
-21.74141
34.69586047895339
24.44014
9.429398
-22.43985
34.49319877481284
26.591705
10.141907
-24.535156
37.57593548714889
23.005768
10.141907
-23.836731
34.64554050036599
24.44014
8.00441
-23.13829
34.59438515677074
24.44014
8.716904
-23.13829
34.766151681403784
25.157333
9.429398
-22.43985
35.005025448364194
24.44014
10.141907
-23.13829
35.150522102830315
26.591705
9.429398
-23.13829
36.48853027729228
25.874512
9.429398
-21.74141
35.08693166176689
24.44014
10.141907
-21.74141
34.24715395052467
24.44014
10.854401
-23.13829
35.36267694757338
24.44014
10.854401
-24.535156
36.292041891956146
25.157333
9.429398
-22.43985
35.005025448364194
24.44014
10.854401
-23.13829
35.36267694757338
25.157333
10.854401
-22.43985
35.415481751011804
24.44014
10.854401
-23.13829
35.36267694757338
26.591705
10.141907
-22.43985
36.24257062876818
26.591705
9.429398
-23.836731
36.93537661779608
25.874512
10.854401
-22.43985
35.92847373058554
25.874512
10.141907
-23.836731
36.613362725624164
25.157333
9.429398
-24.535156
36.38377122555811
24.44014
10.854401
-24.535156
36.292041891956146
25.157333
7.2919006
-23.13829
34.94915915420481
26.591705
7.2919006
-22.43985
35.55049088752151
26.591705
8.00441
-23.13829
36.14650500696782
26.591705
8.00441
-23.13829
36.14650500696782
25.874512
8.00441
-22.43985
35.17254309949648
25.874512
7.2919006
-21.74141
34.57384957187657
27.308899
8.00441
-23.836731
37.121910711637845
25.874512
8.716904
-23.13829
35.78903777149331
26.591705
7.2919006
-22.43985
35.55049088752151
25.874512
5.8668976
-21.74141
34.301599546454284
27.308899
7.2919006
-23.836731
36.97482185449817
25.874512
7.2919006
-23.836731
35.92842786305765
27.308899
6.5794067
-21.74141
35.521168589571346
28.026077
5.1544037
-22.43985
36.2708654927581
25.874512
5.1544037
-21.042969
33.74707018533238
28.74327
6.5794067
-23.13829
37.48125833750116
28.026077
7.2919006
-24.535156
37.95532491565742
28.74327
8.00441
-21.74141
36.91795035743114
28.026077
6.5794067
-21.74141
36.07545532023816
26.591705
6.5794067
-21.74141
34.972792159137796
26.591705
8.716904
-23.13829
36.310930070408894
27.308899
7.2919006
-22.43985
36.09009045300732
27.308899
6.5794067
-21.042969
35.09802122271282
27.308899
6.5794067
-21.042969
35.09802122271282
26.591705
8.00441
-23.13829
36.14650500696782
28.026077
6.5794067
-23.836731
37.375651580336196
27.308899
5.8668976
-21.74141
35.396119192734254
28.026077
5.1544037
-21.74141
35.84295988667091
27.308899
7.2919006
-23.836731
36.97482185449817
25.874512
6.5794067
-21.74141
34.430622611818976
25.874512
6.5794067
-23.836731
35.79062377215575
27.308899
7.2919006
-23.13829
36.52845804397323
25.157333
6.5794067
-22.43985
34.34715136136656
26.591705
7.2919006
-22.43985
35.55049088752151
26.591705
6.5794067
-22.43985
35.411216071081384
25.157333
6.5794067
-22.43985
34.34715136136656
26.591705
8.00441
-21.74141
35.26865710270417
26.591705
8.716904
-23.13829
36.310930070408894
25.874512
8.00441
-23.836731
36.079782876589974
25.157333
7.2919006
-21.74141
34.040447635060744
26.591705
6.5794067
-22.43985
35.411216071081384
25.874512
7.2919006
-24.535156
36.39554899061319
27.308899
9.429398
-23.836731
37.45502837257803
25.874512
7.2919006
-23.836731
35.92842786305765
25.157333
6.5794067
-23.13829
34.807478318243625
24.44014
8.716904
-21.74141
33.852529808185125
25.157333
8.716904
-23.13829
35.27401802540008
25.157333
8.716904
-21.042969
33.93644608745699
25.157333
10.141907
-21.042969
34.330105626749095
23.722961
8.716904
-21.042969
32.88722889236413
25.157333
10.141907
-22.43985
35.20364513597101
24.44014
8.716904
-22.43985
34.305273743852055
24.44014
10.141907
-22.43985
34.69474867955524
25.874512
9.429398
-20.344543
34.23892990864438
24.44014
10.854401
-22.43985
34.90967348364025
24.44014
10.141907
-21.74141
34.24715395052467
25.874512
9.429398
-24.535156
36.88329819236446
25.157333
10.141907
-21.74141
34.76260345015621
24.44014
8.00441
-21.042969
33.2294674914544
23.722961
8.716904
-21.74141
33.3384485007551
22.288574
9.429398
-21.74141
32.53279782881135
25.157333
7.2919006
-21.74141
34.040447635060744
25.157333
9.429398
-22.43985
35.005025448364194
25.157333
8.716904
-21.042969
33.93644608745699
25.874512
8.00441
-21.74141
34.731106458898985
23.005768
8.716904
-21.042969
32.37369914736923
23.005768
7.2919006
-23.13829
33.433779728788146
23.005768
8.00441
-22.43985
33.1192211940438
24.44014
9.429398
-22.43985
34.49319877481284
23.722961
10.141907
-21.74141
33.73908786266587
24.44014
8.716904
-23.13829
34.766151681403784
23.722961
10.141907
-23.13829
34.65570051412899
22.288574
11.56691
-22.43985
33.67671078964475
21.571396
10.854401
-21.042969
32.03044968512384
22.288574
9.429398
-21.74141
32.53279782881135
23.005768
8.00441
-22.43985
33.1192211940438
23.722961
10.141907
-23.836731
35.12587229232713
24.44014
11.56691
-21.042969
34.26252194681895
23.722961
9.429398
-21.042969
33.08321177526734
23.722961
8.716904
-21.042969
32.88722889236413
22.288574
10.141907
-21.74141
32.74641410473443
23.005768
10.141907
-21.74141
33.23871989111494
23.005768
9.429398
-21.74141
33.028287843174105
22.288574
9.429398
-21.042969
32.07024493750496
20.854202
9.429398
-24.535156
33.55272203935174
23.722961
8.716904
-23.13829
34.26578174838749
21.571396
10.141907
-21.74141
32.26255281984246
23.005768
10.141907
-23.836731
34.64554050036599
21.571396
10.141907
-22.43985
32.737291039567936
22.288574
10.854401
-21.042969
32.51776482627419
22.288574
10.854401
-23.13829
33.911340343699926
21.571396
11.56691
-23.13829
33.682325089540655
22.288574
10.854401
-23.836731
34.39168984039785
20.854202
9.429398
-23.13829
32.54522656951304
21.571396
11.56691
-23.836731
34.16589453840445
21.571396
10.854401
-22.43985
32.96498053095512
20.137024
12.279404
-21.74141
32.0775979468392
21.571396
9.429398
-22.43985
32.52361484307883
22.288574
11.56691
-23.836731
34.62316669334277
21.571396
11.56691
-23.13829
33.682325089540655
22.288574
10.854401
-23.836731
34.39168984039785
21.571396
10.141907
-21.74141
32.26255281984246
20.854202
12.279404
-21.74141
32.53260458875258
21.571396
10.854401
-21.74141
32.493569075280114
20.137024
10.854401
-22.43985
32.04472849039975
19.41983
11.56691
-22.43985
31.850747130537417
20.137024
12.279404
-21.74141
32.0775979468392
22.288574
13.704407
-22.43985
34.46938037728195
21.571396
11.56691
-21.74141
32.738469314353644
21.571396
12.991898
-22.43985
33.72923623435795
20.137024
12.991898
-23.836731
33.80057517019404
20.854202
10.854401
-21.74141
32.021940339178975
19.41983
12.991898
-21.74141
31.915639304682
20.137024
13.704407
-21.74141
32.64964608764446
19.41983
12.279404
-23.13829
32.60819018870585
20.854202
13.704407
-24.535156
34.99546217792923
21.571396
13.704407
-22.43985
34.010038801180634
20.854202
12.279404
-22.43985
33.00346032698219
18.702637
12.279404
-21.74141
31.197134972121237
20.854202
11.56691
-23.836731
33.717663907438784
18.702637
11.56691
-23.13829
31.921192402760624
20.854202
10.141907
-22.43985
32.26922649391561
20.137024
12.279404
-25.233597
34.54009007321239
21.571396
10.854401
-23.836731
33.93129655262509
20.854202
10.854401
-22.43985
32.500195311913124
22.288574
11.56691
-22.43985
33.67671078964475
21.571396
12.991898
-22.43985
33.72923623435795
21.571396
12.279404
-22.43985
33.461257623089274
21.571396
10.854401
-23.13829
33.444337063853204
20.137024
11.56691
-21.74141
31.811663483599062
20.854202
10.141907
-23.13829
32.758761799087814
21.571396
12.991898
-22.43985
33.72923623435795
20.137024
11.56691
-22.43985
32.29303277520265
20.137024
13.704407
-21.74141
32.64964608764446
20.854202
12.279404
-23.836731
33.96868172141252
21.571396
13.704407
-23.13829
34.47486558961289
21.571396
12.279404
-23.13829
33.93360251848914
21.571396
11.56691
-21.74141
32.738469314353644
22.288574
10.854401
-21.74141
32.974042451387994
23.722961
10.854401
-23.13829
34.87086599042064
20.854202
11.56691
-23.13829
33.227573719328916
20.854202
12.279404
-23.13829
33.48226413668511
20.137024
11.56691
-21.74141
31.811663483599062
21.571396
11.56691
-23.13829
33.682325089540655
20.854202
10.854401
-23.13829
32.98630308789165
23.005768
12.991898
-22.43985
34.664126767745245
22.288574
10.854401
-23.13829
33.911340343699926
20.854202
10.854401
-23.836731
33.47992708442067
21.571396
11.56691
-23.836731
34.16589453840445
21.571396
12.279404
-23.13829
33.93360251848914
20.137024
10.854401
-23.836731
33.037971613877495
20.137024
11.56691
-22.43985
32.29303277520265
21.571396
10.854401
-25.233597
34.92674567543565
19.41983
11.56691
-23.13829
32.346618230311186
20.854202
11.56691
-24.535156
34.21498266932924
19.41983
12.991898
-23.13829
32.88312154612435
19.41983
11.56691
-21.74141
31.36259014410122
22.288574
10.141907
-23.836731
34.17350747700988
19.41983
11.56691
-23.836731
32.84985596786347
22.288574
12.279404
-23.13829
34.3939649389068
18.702637
12.991898
-22.43985
31.970687792565357
19.41983
12.279404
-21.042969
31.156381252857937
21.571396
15.12941
-22.43985
34.60882829703644
20.854202
10.854401
-22.43985
32.500195311913124
21.571396
13.704407
-23.836731
34.94747034613164
19.41983
12.279404
-21.74141
31.63230021658538
19.41983
13.704407
-21.042969
31.74503221470251
22.288574
14.416901
-21.042969
33.873796392362785
19.41983
15.12941
-22.43985
33.310293958380946
19.41983
11.56691
-21.042969
30.88251505833236
21.571396
13.704407
-22.43985
34.010038801180634
20.137024
14.416901
-22.43985
33.41995743096481
20.854202
12.991898
-21.74141
32.808169357074775
20.137024
13.704407
-21.042969
32.18877045429625
21.571396
11.56691
-21.74141
32.738469314353644
20.137024
13.704407
-21.042969
32.18877045429625
20.854202
13.704407
-21.74141
33.09678744028169
20.854202
10.141907
-22.43985
32.26922649391561
19.41983
12.991898
-21.042969
31.444009095657833
21.571396
12.279404
-21.74141
32.996935153013645
22.288574
11.56691
-22.43985
33.67671078964475
21.571396
10.854401
-21.74141
32.493569075280114
21.571396
10.141907
-22.43985
32.737291039567936
22.288574
10.854401
-20.344543
32.070220196273986
23.005768
9.429398
-21.042969
32.572770093476855
23.722961
11.56691
-21.74141
34.19446020042483
21.571396
13.704407
-21.74141
33.55331141677748
20.854202
11.56691
-21.74141
32.27041996756182
22.288574
11.56691
-22.43985
33.67671078964475
21.571396
10.854401
-20.344543
31.575996882150253
22.288574
10.854401
-21.74141
32.974042451387994
21.571396
10.854401
-22.43985
32.96498053095512
22.288574
11.56691
-20.344543
32.318328626870155
23.005768
10.141907
-21.042969
32.786127794865465
23.005768
10.141907
-22.43985
33.69971115939367
22.288574
11.56691
-21.74141
33.21540030441922
23.005768
8.716904
-19.646103
31.483633482272875
24.44014
10.141907
-20.344543
33.37782349948091
23.722961
10.141907
-21.042969
33.29329667539135
22.288574
11.56691
-21.74141
33.21540030441922
22.288574
10.141907
-21.74141
32.74641410473443
23.005768
11.56691
-21.74141
33.70085578533671
23.005768
11.56691
-19.646103
32.38870290968558
23.722961
12.279404
-21.74141
34.44200146396475
22.288574
10.141907
-19.646103
31.394396861492258
24.44014
10.854401
-21.74141
34.46487009271633
21.571396
11.56691
-19.646103
31.38610983580157
23.722961
10.854401
-21.74141
33.96006134566842
23.005768
11.56691
-19.646103
32.38870290968558
24.44014
10.141907
-20.344543
33.37782349948091
23.005768
12.991898
-20.344543
33.34599409622729
23.722961
10.141907
-21.042969
33.29329667539135
23.005768
11.56691
-21.042969
33.25455208501537
23.005768
11.56691
-21.042969
33.25455208501537
23.722961
8.716904
-21.042969
32.88722889236413
23.005768
10.141907
-21.74141
33.23871989111494
25.157333
11.56691
-20.344543
34.359645008034136
22.288574
10.141907
-20.344543
31.83613113438046
23.005768
10.854401
-21.74141
33.46299772579969
23.005768
11.56691
-21.042969
33.25455208501537
22.288574
10.854401
-21.74141
32.974042451387994
22.288574
11.56691
-21.042969
32.76248606507239
21.571396
10.141907
-21.74141
32.26255281984246
23.005768
10.854401
-20.344543
32.5727476077587
19.41983
10.854401
-20.344543
30.147110418770858
23.722961
10.854401
-21.042969
33.51720931570079
23.005768
10.141907
-19.646103
31.90756991025993
22.288574
11.56691
-21.74141
33.21540030441922
23.005768
11.56691
-21.042969
33.25455208501537
23.722961
11.56691
-22.43985
34.64273575549425
23.005768
9.429398
-21.74141
33.028287843174105
23.722961
10.854401
-21.74141
33.96006134566842
23.005768
11.56691
-21.042969
33.25455208501537
21.571396
11.56691
-19.646103
31.38610983580157
22.288574
12.991898
-21.042969
33.29228836898644
23.005768
10.854401
-21.042969
33.013480467501836
22.288574
12.279404
-21.042969
33.02076391619938
22.288574
10.854401
-21.74141
32.974042451387994
24.44014
10.141907
-20.344543
33.37782349948091
21.571396
11.56691
-21.042969
32.278863809436125
23.005768
12.279404
-21.74141
33.95199606958882
23.722961
10.854401
-21.042969
33.51720931570079
23.722961
10.854401
-21.74141
33.96006134566842
23.722961
9.429398
-19.646103
32.21275745980251
23.005768
10.141907
-20.344543
32.342296917842354
23.005768
10.141907
-19.646103
31.90756991025993
23.722961
9.429398
-20.344543
32.643418531727036
22.288574
9.429398
-21.042969
32.07024493750496
23.722961
10.141907
-21.042969
33.29329667539135
23.722961
10.141907
-19.646103
32.428482007526966
24.44014
10.141907
-21.042969
33.80806456294396
23.722961
10.854401
-21.042969
33.51720931570079
23.722961
10.854401
-19.646103
32.65832454534946
22.288574
8.716904
-21.042969
31.868032135165937
23.005768
9.429398
-21.042969
32.572770093476855
23.005768
9.429398
-21.74141
33.028287843174105
23.005768
11.56691
-20.344543
32.81705697523203
22.288574
12.279404
-21.74141
33.470183355161424
23.005768
10.141907
-21.74141
33.23871989111494
23.722961
10.141907
-21.74141
33.73908786266587
24.44014
9.429398
-22.43985
34.49319877481284
24.44014
8.716904
-21.74141
33.852529808185125
25.874512
8.00441
-19.646103
33.45938244256011
25.157333
9.429398
-19.646103
33.283243411545506
24.44014
8.00441
-21.74141
33.67610182287099
24.44014
8.716904
-20.344543
32.97279670069897
25.157333
8.716904
-21.042969
33.93644608745699
25.874512
10.141907
-21.042969
34.85907559541973
25.874512
8.716904
-21.74141
34.90220188310563
23.722961
8.716904
-20.344543
32.444781065055366
25.157333
10.854401
-20.344543
34.12638075274391
24.44014
8.716904
-21.042969
33.408252395553404
23.722961
8.716904
-21.042969
32.88722889236413
23.722961
7.2919006
-19.646103
31.653120603588402
24.44014
8.716904
-21.042969
33.408252395553404
23.722961
7.2919006
-21.042969
32.53854947824868
24.44014
8.716904
-20.344543
32.97279670069897
23.005768
9.429398
-19.646103
31.688298382755285
23.722961
8.716904
-20.344543
32.444781065055366
24.44014
9.429398
-21.042969
33.60119830219973
23.722961
10.141907
-21.042969
33.29329667539135
25.157333
8.00441
-21.042969
33.76045844901251
23.722961
8.716904
-20.344543
32.444781065055366
23.722961
8.716904
-20.344543
32.444781065055366
22.288574
9.429398
-21.74141
32.53279782881135
24.44014
9.429398
-21.74141
34.04295597568607
22.288574
8.716904
-21.042969
31.868032135165937
21.571396
8.716904
-20.344543
30.90647216963878
23.005768
9.429398
-20.344543
32.125991746607994
23.722961
9.429398
-21.042969
33.08321177526734
23.005768
11.56691
-20.344543
32.81705697523203
23.722961
8.716904
-20.344543
32.444781065055366
23.005768
10.141907
-21.042969
32.786127794865465
22.288574
11.56691
-18.947662
31.45771591557467
21.571396
10.141907
-19.646103
30.88936339577256
22.288574
10.854401
-19.646103
31.631755122485792
22.288574
10.854401
-19.646103
31.631755122485792
23.005768
12.279404
-21.74141
33.95199606958882
22.288574
9.429398
-21.042969
32.07024493750496
20.854202
10.141907
-19.646103
30.392851179710522
20.854202
10.854401
-21.042969
31.551898165277336
21.571396
11.56691
-19.646103
31.38610983580157
20.854202
8.716904
-20.344543
30.410238288665834
23.722961
11.56691
-18.249222
32.08747922854314
23.722961
10.854401
-21.042969
33.51720931570079
22.288574
8.716904
-20.344543
31.411230559680998
22.288574
10.854401
-21.74141
32.974042451387994
22.288574
9.429398
-20.344543
31.6163651208837
22.288574
10.141907
-20.344543
31.83613113438046
20.137024
11.56691
-21.042969
31.338468523126654
22.288574
12.279404
-20.344543
32.58012958461031
22.288574
10.854401
-19.646103
31.631755122485792
21.571396
12.279404
-18.249222
30.808163598889458
20.854202
10.854401
-20.344543
31.090452086412316
20.854202
12.279404
-21.74141
32.53260458875258
20.854202
11.56691
-21.74141
32.27041996756182
21.571396
10.141907
-21.042969
31.796067826057026
21.571396
12.279404
-18.947662
31.22695634759134
21.571396
10.854401
-21.74141
32.493569075280114
20.854202
10.854401
-22.43985
32.500195311913124
22.288574
11.56691
-21.74141
33.21540030441922
21.571396
10.854401
-21.74141
32.493569075280114
21.571396
9.429398
-21.74141
32.045709388846035
21.571396
10.141907
-21.042969
31.796067826057026
21.571396
10.854401
-20.344543
31.575996882150253
20.137024
10.854401
-20.344543
30.61401967536432
20.854202
9.429398
-21.042969
31.09047760732476
22.288574
12.279404
-21.74141
33.470183355161424
22.288574
10.141907
-21.042969
32.28692169439508
22.288574
10.141907
-19.646103
31.394396861492258
21.571396
10.854401
-21.74141
32.493569075280114
20.854202
10.141907
-21.042969
31.31393557244372
22.288574
10.854401
-21.74141
32.974042451387994
22.288574
9.429398
-21.042969
32.07024493750496
21.571396
10.141907
-21.042969
31.796067826057026
22.288574
10.854401
-21.042969
32.51776482627419
21.571396
10.141907
-21.74141
32.26255281984246
22.288574
9.429398
-21.042969
32.07024493750496
21.571396
8.716904
-22.43985
32.32423928435904
21.571396
10.141907
-21.74141
32.26255281984246
23.005768
11.56691
-23.13829
34.61848074344648
22.288574
11.56691
-21.74141
33.21540030441922
19.41983
10.854401
-22.43985
31.59896756187712
21.571396
11.56691
-21.042969
32.278863809436125
20.854202
12.991898
-22.43985
33.27512597705773
20.854202
12.279404
-21.74141
32.53260458875258
21.571396
10.854401
-22.43985
32.96498053095512
21.571396
12.279404
-22.43985
33.461257623089274
20.854202
10.854401
-25.233597
34.488406679817786
20.137024
10.854401
-23.13829
32.53764346395572
20.137024
11.56691
-22.43985
32.29303277520265
20.137024
12.279404
-21.042969
31.60838442281276
20.854202
14.416901
-23.836731
34.798485172669515
20.137024
12.279404
-23.13829
33.040338079833376
20.137024
12.991898
-23.836731
33.80057517019404
21.571396
10.854401
-22.43985
32.96498053095512
20.137024
12.991898
-23.13829
33.311704815790726
20.137024
11.56691
-23.836731
33.2788658183576
20.854202
12.991898
-22.43985
33.27512597705773
20.854202
13.704407
-23.13829
34.030706564187184
20.137024
12.991898
-21.042969
31.89193694478032
20.854202
13.704407
-23.13829
34.030706564187184
21.571396
12.991898
-21.74141
33.26865408649052
20.137024
12.991898
-22.43985
32.83041177780139
20.854202
11.56691
-23.13829
33.227573719328916
20.854202
12.991898
-22.43985
33.27512597705773
20.854202
14.416901
-23.13829
34.32382910079563
21.571396
13.704407
-22.43985
34.010038801180634
20.854202
12.991898
-21.74141
32.808169357074775
21.571396
12.991898
-22.43985
33.72923623435795
19.41983
12.991898
-22.43985
32.39546364003956
20.854202
12.991898
-23.13829
33.750075954775646
22.288574
12.991898
-23.13829
34.65473184794719
22.288574
11.56691
-22.43985
33.67671078964475
22.288574
12.279404
-23.13829
34.3939649389068
23.005768
15.841904
-23.13829
36.27136358625424
22.288574
12.279404
-23.13829
34.3939649389068
22.288574
12.279404
-23.836731
34.867666259596795
21.571396
13.704407
-22.43985
34.010038801180634
21.571396
15.841904
-23.13829
35.37896986613746
20.854202
13.704407
-22.43985
33.559728412097584
21.571396
13.704407
-23.13829
34.47486558961289
20.137024
15.12941
-23.836731
34.678359578372145
21.571396
13.704407
-23.836731
34.94747034613164
21.571396
13.704407
-21.042969
33.10502050765865
20.137024
14.416901
-22.43985
33.41995743096481
23.722961
15.12941
-23.13829
36.42881208067833
22.288574
13.704407
-23.836731
35.394646570623856
22.288574
13.704407
-22.43985
34.46938037728195
21.571396
15.12941
-23.836731
35.53046496219389
23.005768
15.841904
-24.535156
37.17802039102287
22.288574
12.991898
-23.836731
35.12491659242766
22.288574
15.12941
-23.13829
35.511407443154795
23.005768
11.56691
-22.43985
34.15561026962664
20.854202
14.416901
-23.13829
34.32382910079563
22.288574
12.991898
-23.13829
34.65473184794719
23.722961
14.416901
-23.836731
36.5898301967654
21.571396
14.416901
-24.535156
35.709186438418755
21.571396
14.416901
-23.13829
34.7642450568828
23.005768
12.279404
-23.13829
34.863013172988936
22.288574
12.279404
-24.535156
35.348807731065165
21.571396
14.416901
-23.836731
35.23296664313924
21.571396
12.991898
-24.535156
35.15804856510455
22.288574
12.991898
-25.233597
36.08745548468851
22.288574
15.12941
-23.836731
35.97039594952528
20.854202
15.12941
-25.233597
36.062879114125096
21.571396
15.12941
-25.233597
36.48230554891045
20.137024
14.416901
-25.932037
35.85829587156228
18.702637
15.841904
-23.13829
33.706601872120316
20.854202
14.416901
-23.13829
34.32382910079563
23.005768
15.12941
-24.535156
36.880052950938975
20.137024
15.12941
-25.233597
35.65295641011065
20.854202
13.704407
-23.836731
34.50939282803125
23.722961
15.841904
-25.932037
38.551463422693175
19.41983
13.704407
-24.535156
34.16012922561824
20.137024
15.841904
-24.535156
35.474490174278756
21.571396
14.416901
-24.535156
35.709186438418755
20.137024
15.841904
-24.535156
35.474490174278756
20.854202
15.841904
-25.932037
36.85558612362073
20.854202
14.416901
-23.13829
34.32382910079563
20.137024
15.12941
-25.233597
35.65295641011065
21.571396
15.841904
-23.836731
35.83965280092185
22.288574
15.12941
-25.233597
36.91089354784032
22.288574
15.12941
-24.535156
36.4369790512717
20.854202
15.841904
-23.13829
34.946303676140055
20.137024
17.266907
-23.836731
35.66280203824077
23.005768
15.841904
-25.233597
37.642606449507454
20.854202
16.554398
-23.836731
35.737032585916744
22.288574
15.12941
-25.233597
36.91089354784032
21.571396
16.554398
-24.535156
36.624405058627744
23.005768
15.12941
-23.836731
36.419146723212435
23.005768
14.416901
-25.233597
37.065441098523635
22.288574
16.554398
-23.836731
36.59259912259411
22.288574
13.704407
-25.233597
36.350043790809245
21.571396
14.416901
-23.836731
35.23296664313924
20.854202
13.704407
-24.535156
34.99546217792923
22.288574
15.841904
-25.233597
37.20861401653185
20.854202
13.704407
-24.535156
34.99546217792923
24.44014
15.12941
-22.43985
36.465961627548985
23.722961
15.12941
-23.13829
36.42881208067833
23.005768
15.12941
-23.13829
35.96588552885915
21.571396
14.416901
-22.43985
34.30333794458821
23.722961
16.554398
-23.13829
37.043317851684634
23.005768
15.12941
-23.836731
36.419146723212435
22.288574
14.416901
-25.233597
36.62461003951953
23.722961
12.991898
-23.836731
36.05215744779534
23.722961
12.991898
-22.43985
35.14420453367365
23.005768
15.841904
-23.836731
36.72085432799903
23.722961
13.704407
-24.535156
36.77721409463338
23.722961
14.416901
-23.13829
36.138709822795974
23.722961
15.12941
-23.836731
36.87638371344525
25.874512
15.12941
-23.13829
37.86515413227493
22.288574
13.704407
-22.43985
34.46938037728195
23.005768
15.12941
-22.43985
35.52057577955258
23.005768
15.841904
-21.042969
34.971957934849385
23.005768
14.416901
-23.13829
35.67201872507183
25.874512
14.416901
-21.042969
36.33378484136269
24.44014
13.704407
-20.344543
34.62703767695484
25.157333
15.12941
-21.74141
36.53052655132674
26.591705
12.991898
-22.43985
37.141016115946535
25.157333
15.12941
-21.042969
36.11920436316566
25.874512
13.704407
-21.74141
36.469027821349655
25.157333
13.704407
-21.74141
35.9637455114305
25.157333
14.416901
-21.74141
36.24123850207195
25.157333
12.991898
-22.43985
36.12793463696496
23.722961
11.56691
-23.836731
35.56349199517147
23.722961
12.279404
-22.43985
34.887096426477115
23.005768
12.279404
-21.74141
33.95199606958882
23.722961
10.854401
-22.43985
34.41139053900794
24.44014
14.416901
-21.74141
35.7471162926772
25.157333
13.704407
-21.74141
35.9637455114305
22.288574
12.991898
-22.43985
34.19235033291895
23.005768
15.12941
-23.13829
35.96588552885915
23.005768
13.704407
-22.43985
34.93741614480098
23.005768
14.416901
-21.74141
34.782197594908375
23.722961
14.416901
-21.74141
35.260669581503095
22.288574
12.279404
-23.13829
34.3939649389068
23.722961
11.56691
-22.43985
34.64273575549425
23.722961
12.991898
-23.13829
35.594223273850915
22.288574
12.991898
-23.836731
35.12491659242766
23.005768
11.56691
-23.836731
35.08915124588012
24.44014
11.56691
-23.13829
35.58784040603792
21.571396
12.991898
-23.836731
34.674258452326704
23.005768
11.56691
-21.74141
33.70085578533671
22.288574
12.991898
-23.13829
34.65473184794719
23.005768
13.704407
-23.13829
35.39006449611335
23.722961
12.991898
-24.535156
36.51769590565391
22.288574
12.279404
-23.13829
34.3939649389068
22.288574
12.991898
-23.13829
34.65473184794719
22.288574
15.12941
-23.13829
35.511407443154795
22.288574
15.12941
-21.042969
34.18312571992759
23.005768
15.12941
-22.43985
35.52057577955258
22.288574
13.704407
-23.13829
34.9280947341508
20.854202
14.416901
-21.74141
33.39810946476331
20.854202
14.416901
-23.13829
34.32382910079563
22.288574
13.704407
-23.13829
34.9280947341508
23.722961
12.991898
-22.43985
35.14420453367365
23.722961
12.991898
-23.13829
35.594223273850915
23.005768
13.704407
-21.74141
34.49297051064807
23.005768
12.279404
-21.74141
33.95199606958882
21.571396
12.991898
-21.042969
32.81647483365349
23.005768
15.12941
-22.43985
35.52057577955258
22.288574
15.12941
-22.43985
35.060325731939336
23.005768
12.279404
-21.74141
33.95199606958882
23.722961
12.279404
-21.042969
34.00542810530401
23.722961
12.991898
-21.042969
34.269151665300605
23.722961
12.279404
-21.042969
34.00542810530401
21.571396
12.991898
-22.43985
33.72923623435795
23.722961
12.991898
-21.042969
34.269151665300605
23.005768
12.991898
-18.947662
32.51259333836563
23.005768
12.279404
-21.74141
33.95199606958882
23.722961
10.141907
-22.43985
34.193333882955166
23.722961
9.429398
-21.042969
33.08321177526734
21.571396
10.854401
-22.43985
32.96498053095512
24.44014
10.854401
-22.43985
34.90967348364025
24.44014
11.56691
-21.74141
34.69586047895339
23.722961
11.56691
-19.646103
32.90200033397001
23.005768
10.141907
-20.344543
32.342296917842354
24.44014
10.141907
-22.43985
34.69474867955524
23.005768
10.854401
-21.042969
33.013480467501836
21.571396
11.56691
-18.947662
30.953714579821636
24.44014
10.141907
-19.646103
32.95676063100047
24.44014
12.279404
-18.947662
33.273385220961515
23.722961
13.704407
-20.344543
34.12462439697139
24.44014
12.279404
-19.646103
33.676007577029154
21.571396
10.854401
-18.947662
30.694576775988153
24.44014
10.854401
-19.646103
33.1829442347411
24.44014
11.56691
-18.947662
33.01708172366048
25.157333
10.854401
-21.042969
34.547299013680146
24.44014
10.141907
-19.646103
32.95676063100047
23.722961
9.429398
-19.646103
32.21275745980251
23.722961
10.854401
-19.646103
32.65832454534946
23.005768
10.854401
-20.344543
32.5727476077587
23.005768
11.56691
-22.43985
34.15561026962664
24.44014
10.854401
-21.042969
34.02859013078653
23.005768
10.141907
-21.042969
32.786127794865465
23.722961
8.716904
-20.344543
32.444781065055366
24.44014
10.854401
-22.43985
34.90967348364025
22.288574
10.854401
-21.042969
32.51776482627419
22.288574
9.429398
-22.43985
33.003650810128185
20.854202
12.279404
-20.344543
31.61616627952927
18.702637
12.279404
-21.042969
30.714473888543168
22.288574
12.991898
-22.43985
34.19235033291895
21.571396
13.704407
-23.13829
34.47486558961289
22.288574
10.854401
-19.646103
31.631755122485792
21.571396
10.854401
-20.344543
31.575996882150253
21.571396
10.141907
-21.74141
32.26255281984246
22.288574
9.429398
-21.74141
32.53279782881135
21.571396
9.429398
-19.646103
30.662811479257737
20.137024
10.854401
-20.344543
30.61401967536432
20.137024
11.56691
-21.74141
31.811663483599062
19.41983
11.56691
-21.042969
30.88251505833236
21.571396
12.991898
-22.43985
33.72923623435795
20.137024
14.416901
-21.042969
32.498512586155385
19.41983
12.991898
-21.042969
31.444009095657833
20.137024
12.991898
-20.344543
31.435482741566297
20.137024
11.56691
-20.344543
30.873832649680356
20.137024
12.279404
-20.344543
31.14777518420507
20.137024
12.991898
-22.43985
32.83041177780139
20.854202
11.56691
-21.042969
31.804051324698595
20.137024
12.991898
-18.249222
30.121806755032143
20.137024
14.416901
-19.646103
31.61196136076056
20.854202
12.991898
-21.042969
32.34955412897912
20.137024
12.991898
-20.344543
31.435482741566297
22.288574
12.991898
-20.344543
32.85529575250199
20.854202
13.704407
-20.344543
32.19641108444775
20.854202
13.704407
-20.344543
32.19641108444775
17.985458
12.991898
-21.74141
31.063724117605208
20.137024
12.279404
-21.042969
31.60838442281276
22.288574
13.704407
-19.646103
32.71942342012329
19.41983
12.279404
-21.74141
31.63230021658538
20.854202
12.991898
-19.646103
31.458806305081332
20.854202
12.279404
-19.646103
31.17131500123551
20.854202
12.279404
-19.646103
31.17131500123551
19.41983
13.704407
-18.947662
30.396619347773488
20.854202
14.416901
-21.74141
33.39810946476331
