18.167877
14.415237
-29.177246
37.2717401953209
17.450684
16.55275
-27.78038
36.746012153425404
18.88507
15.127747
-27.78038
36.840794516744616
18.88507
14.415237
-27.78038
36.55399373540205
19.60225
15.127747
-27.78038
37.2135249008593
18.88507
13.702744
-27.08194
35.746923354281485
21.036621
15.127747
-28.47882
38.50235572642764
20.358017
14.447464
-27.791122
37.35672172719556
16.77208
14.447464
-29.187988
36.63291496706719
16.847275
15.943756
-27.824326
36.22467461249652
17.564453
14.518753
-27.125885
35.4276434429652
21.15039
13.093765
-26.427444
36.293188846402366
21.253906
15.318665
-25.748535
36.73386823076645
20.536728
15.318665
-25.748535
36.32362539338206
20.536728
15.318665
-27.843857
37.83779822623635
19.819534
17.456161
-26.446976
37.37611535490864
19.886917
15.388977
-27.847275
37.52040460494463
19.886917
16.10147
-29.942581
39.38660853184271
20.60411
16.10147
-28.545715
38.712330480739595
22.038483
15.388977
-29.24414
39.72071383323662
21.32129
14.676468
-28.545715
38.53380339268692
22.755676
14.676468
-29.24414
39.85522812611132
24.190048
12.538971
-27.847275
38.95965837207444
23.494827
13.979599
-29.250488
40.03782086489442
22.777649
13.979599
-29.250488
39.62122603774869
25.646393
13.267105
-30.64737
42.10718193500739
26.363586
13.267105
-28.552063
41.06428066439707
25.646393
15.404602
-27.853622
40.87619754075255
27.080765
16.117096
-27.853622
42.0589215370458
26.363586
13.267105
-27.853622
40.58175883806202
26.363586
15.404602
-27.853622
41.32995033776202
25.646393
13.979599
-29.250488
41.33712390212943
24.9292
15.404602
-28.552063
40.91438696286277
22.777649
18.967102
-27.853622
40.67427300364445
24.21202
16.829605
-27.853622
40.562074162344835
22.777649
15.404602
-29.948929
40.65785780592957
24.21202
17.542099
-28.552063
41.34207881165085
23.494827
16.829605
-29.948929
41.61947750997272
23.494827
16.117096
-30.64737
41.845297593207086
22.777649
18.254593
-29.250488
41.32363219908192
23.494827
16.117096
-29.250488
40.833304601127224
24.21202
15.404602
-29.948929
41.478454144328055
24.21202
16.117096
-30.64737
42.25214809396899
24.9292
13.979599
-30.64737
41.906507794229434
24.9292
15.404602
-30.64737
42.4031597183696
23.494827
14.692093
-30.64737
41.317378092297616
24.21202
13.979599
-29.948929
40.970594328241994
24.9292
11.842102
-28.552063
39.71046026296944
26.363586
11.842102
-28.552063
40.62627702319799
28.515137
11.842102
-29.250488
42.531628855770386
27.080765
12.554596
-27.853622
40.82658369890184
27.797958
11.842102
-27.155182
40.62469501087439
28.515137
13.979599
-27.853622
42.24176197885364
29.23233
8.279602
-27.155182
40.749047391089405
29.949524
8.279602
-28.552063
42.198887352038085
28.515137
10.417099
-25.7583
39.81355320182673
28.515137
8.992096
-27.853622
40.86312721776963
29.949524
10.417099
-24.361435
39.98711645545193
29.949524
8.992096
-26.456741
40.960847349938945
29.23233
7.567093
-23.662994
38.363098088161166
29.949524
8.992096
-24.361435
39.63976891074007
27.080765
10.417099
-26.456741
39.26630738314736
28.515137
11.129593
-25.7583
40.005886407697865
29.949524
10.417099
-25.7583
40.853151414165715
29.949524
11.129593
-24.361435
40.17861731148174
