20.557724
-31.236908
-16.13086
40.725533658834664
18.406158
-31.949402
-14.733994
39.70694651521948
21.274902
-32.66191
-16.13086
42.18561917103683
20.557724
-31.236908
-14.733994
40.19272419387619
18.406158
-31.949402
-16.8293
40.53117771774588
17.688965
-32.66191
-14.733994
39.95986145300994
19.123352
-30.524399
-14.733994
38.91698992075553
20.557724
-29.099411
-15.432434
38.82725571210013
21.992096
-29.099411
-14.733994
39.33851235986816
20.557724
-30.524399
-14.733994
39.641513404017985
19.123352
-30.524399
-16.13086
39.46702570708949
19.123352
-31.949402
-16.13086
40.57920044541369
19.123352
-31.949402
-18.226181
41.45673219793439
19.123352
-31.949402
-15.432434
40.306661398892864
18.406158
-30.524399
-14.035553
38.30825418714859
17.688965
-31.236908
-15.432434
39.07433883097864
16.971786
-31.949402
-13.337112
38.557545645072835
17.688965
-31.949402
-13.337112
38.8785591090827
19.123352
-32.66191
-14.733994
40.615189620752574
16.971786
-31.949402
-14.035553
38.80467098474583
16.254593
-31.949402
-16.8293
39.60052292603754
17.688965
-30.524399
-14.733994
38.23256470479387
17.688965
-31.236908
-12.638672
38.05758640287768
14.820221
-31.949402
-14.035553
37.91305714847788
14.103027
-33.374405
-14.035553
38.85541200389191
16.254593
-33.374405
-12.638672
39.21477818533467
16.971786
-32.66191
-13.337112
39.14997393338053
17.688965
-34.799408
-14.035553
41.48367025060509
16.254593
-34.799408
-12.638672
40.43447209007588
16.254593
-34.799408
-13.337112
40.6581985745572
18.406158
-34.0869
-11.940247
40.53730167572131
19.123352
-35.5119
-11.940247
42.06384801192483
19.123352
-31.236908
-14.035553
39.22299995647882
20.557724
-30.524399
-14.035553
39.38725317778107
18.406158
-30.524399
-14.035553
38.30825418714859
18.406158
-30.524399
-14.035553
38.30825418714859
16.254593
-28.386902
-14.035553
35.59529154640312
15.537415
-29.811905
-14.733994
36.70492425879326
15.537415
-29.811905
-12.638672
35.91513570427168
16.971786
-30.524399
-12.638672
37.14184434788477
16.971786
-29.811905
-12.638672
36.55854679483308
15.537415
-29.811905
-12.638672
35.91513570427168
15.537415
-27.674408
-15.432434
35.29084997271779
17.688965
-28.386902
-13.337112
36.00825236360757
16.254593
-29.099411
-11.940247
35.40560699714012
16.971786
-27.674408
-13.337112
35.096908250585265
16.971786
-26.961899
-11.940247
34.02285895748071
16.369339
-28.454285
-12.774902
35.224986623378406
14.934967
-31.30429
-12.076477
36.72673616609652
14.957916
-29.957901
-14.236725
36.385428595283855
15.67511
-30.670395
-11.442978
36.2949579777877
15.67511
-29.957901
-14.236725
36.68609086146019
15.67511
-32.095398
-13.538284
38.19828381902451
14.957916
-32.095398
-12.839844
37.66583935214457
15.67511
-29.957901
-14.236725
36.68609086146019
14.240723
-31.382904
-15.633606
37.84302422404789
14.957916
-31.382904
-14.236725
37.56741011481061
15.67511
-29.245407
-15.633606
36.67986638002175
17.109482
-31.382904
-13.538284
38.22180333265295
17.109482
-31.382904
-13.538284
38.22180333265295
14.957916
-30.670395
-14.935165
37.24877927687279
13.523544
-31.382904
-15.633606
37.57901831058789
14.957916
-32.807907
-12.839844
38.274790590237885
16.392288
-33.5204
-14.236725
39.93756113062614
17.109482
-33.5204
-13.538284
39.99546025263758
16.392288
-32.095398
-12.141418
38.02940756629992
14.957916
-35.657898
-9.347656
39.7819511549561
16.392288
-33.5204
-11.442978
39.029043484968504
16.392288
-34.232895
-9.347656
39.08934546281042
17.109482
-34.232895
-7.9507904
39.0876013100302
