18.802353
-33.547653
-15.697952
41.537924477781445
19.519531
-32.835144
-17.094833
41.84963667517019
18.802353
-32.12265
-16.396393
40.6722846814749
19.519531
-30.697647
-16.396393
39.902372621440854
20.236725
-32.12265
-16.396393
41.354943153656826
20.236725
-32.12265
-17.793274
41.928394130648506
22.38829
-30.697647
-14.999512
40.84808938310334
19.519531
-32.835144
-14.301086
40.78823275946906
19.519531
-33.547653
-12.904205
40.90202572010111
18.802353
-34.97264
-13.602646
41.97196678848574
19.505371
-33.490036
-15.648148
41.796010505078414
18.071
-31.352524
-12.15596
38.17471783826634
19.505371
-31.352524
-12.854401
39.09828517109558
18.071
-33.490036
-12.15596
39.94885340872595
17.35382
-34.20253
-15.648148
41.422611743730926
16.636627
-32.777527
-16.346588
40.22877691637542
16.636627
-34.20253
-14.949707
40.86666402479685
15.919434
-34.915024
-12.854401
40.468787705098265
16.636627
-34.915024
-14.251282
41.21814140234931
15.919434
-33.490036
-12.15596
39.022790754150165
15.919434
-34.20253
-14.949707
40.57998557777205
16.636627
-34.20253
-13.552841
40.37660237725866
16.636627
-32.777527
-13.552841
39.17681709948978
15.919434
-32.777527
-13.552841
38.87768152930097
18.788193
-32.065033
-12.854401
39.32426977528477
15.202255
-32.777527
-12.854401
38.34984129235006
13.05069
-34.915024
-12.854401
39.42860624260481
14.485062
-32.777527
-12.15596
37.84112262504163
17.35382
-31.352524
-14.251282
38.56468414600656
17.35382
-29.215027
-13.552841
36.58349757639194
15.202255
-32.065033
-10.060654
36.88484376025944
18.071
-31.352524
-12.854401
38.402829892470166
15.202255
-31.352524
-12.854401
37.13926427881784
15.919434
-32.065033
-12.854401
38.03722285164395
16.636627
-29.927536
-14.251282
37.088189676453105
15.919434
-31.352524
-12.15596
37.20452275828673
15.202255
-29.927536
-10.060654
35.04258535105447
15.202255
-32.065033
-11.45752
37.29007485400354
14.485062
-30.64003
-12.854401
36.24726215415276
13.767883
-29.927536
-13.552841
35.6215047627483
15.919434
-29.215027
-13.552841
35.92527985168487
14.485062
-29.927536
-12.854401
35.64701896284597
13.767883
-28.502533
-14.251282
34.71380266843615
13.767883
-32.777527
-12.15596
37.57243817416648
11.616318
-32.777527
-12.15596
36.83846342744649
11.616318
-32.065033
-12.854401
36.446410252760145
12.333496
-31.352524
-13.552841
36.31494720669438
13.05069
-32.065033
-12.854401
36.92861237725261
13.05069
-30.64003
-11.45752
35.21940854530709
15.202255
-32.065033
-11.45752
37.29007485400354
12.333496
-31.352524
-12.854401
36.06011013528314
11.616318
-32.777527
-12.854401
37.074798036052236
13.05069
-32.065033
-10.060654
36.05140237606923
13.05069
-31.352524
-12.854401
36.31166293678073
13.05069
-31.352524
-10.759094
35.62385894554203
12.333496
-32.065033
-10.759094
36.00054931221536
13.767883
-32.065033
-12.15596
36.95251386915375
13.05069
-32.777527
-10.759094
36.88420833119169
14.485062
-32.065033
-14.251282
37.961591081788676
16.636627
-32.065033
-12.15596
38.11444686166011
13.767883
-34.915024
-9.362213
38.681577065792894
13.05069
-34.915024
-5.8700256
37.73375872943964
13.05069
-34.20253
-3.7747192
36.80193038521383
