20.026764
-32.209564
-14.416504
40.5753979036443
20.026764
-32.209564
-13.718079
40.33253045241908
20.026764
-31.497055
-15.114944
40.2690612013623
20.026764
-32.92206
-15.813385
41.65328723991211
22.17833
-32.209564
-18.607132
43.307732477963015
19.30957
-33.634567
-17.908691
42.71843567002132
22.17833
-33.634567
-18.607132
44.377783803526064
22.17833
-33.634567
-16.511826
43.54081687767238
20.743958
-36.48456
-14.416504
44.37646069338873
18.592392
-37.197067
-14.416504
44.01288901462914
17.15802
-36.48456
-16.511826
43.567888274185094
20.743958
-36.48456
-13.718079
44.15450556090652
20.026764
-35.059555
-13.718079
42.64304540354807
18.592392
-34.34706
-12.3211975
40.95374796836365
19.30957
-35.059555
-12.3211975
41.87891772718106
16.440826
-35.059555
-10.924316
40.234485740138865
15.006454
-36.48456
-11.622757
41.12669633422052
15.723633
-34.34706
-10.924316
39.32294426047597
17.875198
-34.34706
-12.3211975
40.63317826335088
16.440826
-35.772064
-10.225891
40.675671523728404
12.862213
-35.75107
-8.8211975
39.004985784071565
15.013779
-35.03856
-10.218079
39.46546991269314
12.14502
-36.463562
-9.519638
39.59439743945789
14.285355
-35.057602
-11.619339
39.59944093868309
13.568176
-37.195114
-11.619339
41.26234427038168
16.43692
-35.057602
-11.619339
40.42544739239134
15.005966
-34.33339
-12.312408
39.44053945300127
14.288773
-33.620895
-12.312408
38.55034565851032
13.571594
-33.620895
-13.010849
38.52057840865711
15.723145
-32.908386
-13.70929
38.96310792656144
15.005966
-32.195892
-14.407715
38.33192755291436
15.005966
-32.195892
-14.407715
38.33192755291436
15.723145
-32.908386
-13.70929
38.96310792656144
18.591904
-32.195892
-14.407715
39.87250494251176
16.440338
-34.33339
-12.312408
40.008272460009756
20.74347
-32.195892
-13.010849
40.449340784762796
19.306152
-31.476059
-13.702454
39.38561984762015
17.87178
-34.326065
-12.3055725
40.609190132803526
17.87178
-34.326065
-11.607132
40.40302789502214
16.437408
-33.61357
-11.607132
39.17634504062608
15.713379
-32.21347
-11.618362
37.67763591372042
14.279007
-32.21347
-13.713684
37.81088258420947
14.996201
-33.638474
-13.015244
39.06186718237414
15.713379
-32.925964
-12.316803
38.50627263481318
13.561829
-32.925964
-13.713684
38.158975639749556
12.844635
-32.925964
-13.713684
37.91001114893663
12.127441
-32.21347
-13.713684
37.05195887196789
13.511536
-30.884659
-13.059677
36.15216289291607
12.794342
-30.172165
-13.059677
35.279028661249306
12.794342
-32.30966
-11.662796
36.6555639854818
11.35997
-32.30966
-13.758118
36.908657838473346
12.077148
-31.597153
-12.361237
36.01440989002267
12.077148
-33.022156
-10.964355
36.83120081555345
13.511536
-29.459656
-14.456543
35.48837218789945
14.228714
-30.884659
-13.758118
36.68247709706315
15.663086
-30.172165
-10.964355
35.719865809890194
12.794342
-32.30966
-12.361237
36.88373175220683
12.794342
-33.734665
-13.059677
38.37027435530742
14.228714
-33.734665
-14.456543
39.3633787413822
13.511536
-34.44716
-12.361237
39.01241476580724
12.794342
-36.584656
-11.662796
40.474103772311935
12.077148
-37.297165
-7.472168
39.90951374183072
10.6427765
-36.584656
-9.56749
39.28412597616164
12.794342
-35.87216
-8.1706085
38.95209867530808
14.945908
-33.734665
-6.075302
37.394077293089644
