-30.117569
-22.9039
-11.459961
39.53463269865028
-30.073624
-23.587585
-12.850983
40.32300614064817
-28.639252
-22.875092
-15.64473
39.852655254818025
-30.017471
-20.69609
-14.925293
39.39722215183769
-27.148727
-20.69609
-15.6237335
37.54307747129456
-28.5831
-19.271088
-17.020615
38.44567208605459
-27.865906
-20.69609
-14.226868
37.51320730964296
-30.734665
-16.421082
-19.115921
39.745313452107155
-31.403503
-17.10234
-18.395508
40.212746006785586
-29.969131
-19.952332
-16.300201
39.52139822891834
-28.53476
-19.952332
-18.395508
39.37921604412663
-29.969131
-22.802338
-17.697083
41.608679702226794
-26.96074
-21.270401
-16.9337
38.28918444558218
-26.243546
-21.270401
-19.029007
38.77185623538677
-26.243546
-21.270401
-19.727448
39.11938046204688
-24.809174
-23.407898
-21.124329
40.120594579031355
-25.526367
-21.982895
-20.425888
39.39619190383047
-25.526367
-22.695404
-20.425888
39.79816172586131
-25.526367
-22.695404
-20.425888
39.79816172586131
-26.91777
-21.232803
-19.696686
39.53931951976333
-26.200577
-22.657806
-20.395126
40.19710956259791
-24.766205
-22.657806
-19.696686
38.91915574101974
-27.634949
-24.795303
-20.395126
42.361050720727675
-26.200577
-26.220306
-21.093567
42.648718714725916
-25.483398
-24.795303
-16.902939
39.36902391405345
-26.200577
-25.507797
-18.998245
41.20741765181665
-26.200577
-25.507797
-16.204498
39.996294994427295
-24.713959
-24.039352
-16.182037
38.08580528823206
-23.996765
-24.039352
-18.277344
38.57196373946691
-25.431152
-24.751846
-15.483597
38.718720048919
-24.713959
-23.326843
-16.880478
37.945644654455236
-24.713959
-23.326843
-19.674225
39.26826431141629
-26.865524
-21.90184
-17.578918
38.864705479795546
-27.582703
-22.61435
-17.578918
39.764716345217714
-26.865524
-23.326843
-18.975784
40.323420880232554
-26.865524
-20.476852
-19.674225
39.09134247682759
-25.41748
-20.466599
-21.062805
38.84033541659286
-28.286224
-21.179092
-19.665924
40.4402394140686
-27.56903
-20.466599
-16.872177
38.25707144600852
-23.265915
-21.891586
-19.665924
37.513902045504246
-23.983093
-21.891586
-19.665924
37.962861233155394
-22.548721
-24.029099
-18.269043
37.677584075904804
-23.302048
-23.348816
-17.592102
37.38495210047336
-24.73642
-24.061325
-16.893661
38.42178604097062
-22.584854
-24.061325
-17.592102
37.39659081898793
-21.867676
-24.061325
-16.893661
36.640664978656226
-20.433289
-23.348816
-16.893661
35.32820792781067
-20.433289
-22.636322
-18.290527
35.559328175775484
-20.433289
-24.061325
-16.19522
35.478892754068404
-21.150482
-23.348816
-17.592102
36.083128848535296
-21.867676
-23.348816
-16.19522
35.85592814316501
-20.433289
-22.636322
-16.893661
34.86141298390493
-21.867676
-21.923813
-18.290527
35.96376248272784
-20.433289
-21.211319
-16.19522
33.61137437393311
-21.867676
-21.211319
-17.592102
35.1795027268632
-22.584854
-19.786316
-15.49678
33.7894084158594
-22.584854
-23.348816
-16.19522
36.29776789420477
-20.433289
-21.923813
-16.893661
34.40303189423317
-21.150482
-21.923813
-17.592102
35.17781283174097
-23.302048
-21.211319
-17.592102
36.08860555870613
-24.73642
-20.498825
-15.49678
35.668507561161356
-21.867676
-20.498825
-18.290527
35.11325148270237
