18.441803
-31.28778
-15.502441
39.48861955321748
19.158997
-28.43779
-15.502441
37.63111356321804
18.441803
-29.150284
-17.597763
38.72364117360592
18.441803
-29.862778
-18.296204
39.58076197788517
17.007431
-27.72528
-19.69307
38.023163812709285
17.008408
-30.618744
-16.943756
38.908665838650265
20.594345
-27.056244
-16.245316
37.68391748105218
19.159973
-27.056244
-16.245316
36.9195771343775
19.159973
-26.343735
-14.84845
35.79906932111242
18.464752
-27.837097
-16.991608
37.47753721762461
18.464752
-27.837097
-16.991608
37.47753721762461
17.747559
-29.2621
-16.293167
37.90400536944447
18.464752
-29.2621
-19.086914
39.51617177854214
18.464752
-28.549606
-17.690048
38.32707716158382
17.03038
-32.8246
-18.388489
41.29920863393223
16.313187
-32.112106
-16.293167
39.53194478144384
16.313187
-33.537094
-16.293167
40.69796032492753
17.03038
-32.112106
-18.388489
40.73521407843127
17.747559
-32.112106
-19.086914
41.35787120660573
17.747559
-32.8246
-18.388489
41.60007993250284
17.03038
-33.537094
-18.388489
41.867731995199776
15.596008
-34.249603
-16.991608
41.29146974415917
18.464752
-33.537094
-18.388489
42.47140582203514
17.747559
-31.399597
-18.388489
40.48514538778776
19.899124
-34.249603
-16.293167
42.830802714084314
17.747559
-33.537094
-13.49942
40.27340188528978
17.03038
-33.537094
-12.80098
39.73204777150541
17.747559
-33.537094
-14.197861
40.51285904557805
19.899124
-33.537094
-12.102539
40.831155109047096
19.899124
-34.249603
-12.80098
41.627821084957716
19.899124
-30.687103
-14.197861
39.23331091747006
18.464752
-30.687103
-13.49942
38.273747670461894
17.747559
-29.974594
-14.197861
37.61690274424932
17.747559
-32.112106
-16.293167
40.145117924401
19.181946
-27.837097
-16.293167
37.52756799174441
20.616318
-29.974594
-16.991608
40.152504689153574
21.333496
-27.837097
-18.388489
39.599980394763136
18.464752
-29.2621
-18.388489
39.1835935552911
16.313187
-29.974594
-19.785355
39.446883788519976
16.313187
-29.2621
-19.086914
38.557760927397936
17.03038
-31.399597
-21.182236
41.52897349620428
19.899124
-31.399597
-18.388489
41.47344047277049
18.464752
-31.399597
-20.483795
41.79076181930045
19.899124
-30.687103
-19.086914
41.25510592215753
18.464752
-32.112106
-20.483795
42.328719080364046
19.181946
-31.399597
-21.880676
42.80941195523626
18.464752
-29.974594
-19.086914
40.04664333721523
21.333496
-29.974594
-19.785355
41.773851719706194
21.333496
-29.974594
-16.991608
40.52541279285444
18.464752
-31.399597
-15.594727
39.62420210651724
16.313187
-33.537094
-14.896301
40.159139305101675
18.464752
-32.8246
-17.690048
41.609363265112876
21.333496
-32.112106
-16.991608
42.13098790203669
22.05069
-32.8246
-14.896301
42.25620707224931
21.333496
-32.8246
-14.896301
41.886419851411866
22.05069
-33.537094
-13.49942
42.34623926031906
19.899124
-32.112106
-12.80098
39.88768717148971
19.899124
-32.8246
-10.705673
39.85023078420861
22.05069
-29.974594
-12.102539
39.13030365410547
22.05069
-28.549606
-11.404114
37.83340879816492
20.616318
-30.687103
-10.007233
38.299810551506
20.616318
-29.974594
-10.007233
37.73133398719326
18.464752
-33.537094
-9.308792
39.39971322666892
19.181946
-31.399597
-8.610352
37.78915052579163
20.616318
-29.974594
-9.308792
37.552130107171514
22.767883
-27.837097
-10.705673
37.52188651671764
22.767883
-27.124603
-9.308792
36.616583263896636
19.181946
-28.549606
-7.9119263
35.293423359343805
19.899124
-29.2621
-5.118164
35.75529558134536
19.181946
-29.2621
-3.7212982
35.186155683134984
19.899124
-28.549606
-1.6259766
34.838182711062515
21.333496
-27.837097
2.5646362
35.165314803572784
