-23.402145
22.011429
-18.523926
37.08502655164126
-21.311615
25.595901
-20.591904
39.158160991875306
-19.877243
25.595901
-19.893463
38.02636928162072
-17.725677
25.595901
-19.195023
36.57593069293914
-20.638367
26.357727
-19.854889
38.92157077861838
-22.789932
25.645218
-21.25177
40.35710498600665
-21.35556
24.22023
-20.55333
38.27687156083129
-22.789932
23.50772
-24.045517
40.62241728569107
-21.35556
22.795227
-25.442383
40.28643931129695
-22.789932
24.22023
-24.045517
41.038853541491626
-20.638367
26.357727
-25.442383
42.04743531306339
-21.35556
24.22023
-27.537704
42.43824643811508
-21.35556
24.932724
-26.839264
42.40338138556508
-20.638367
23.50772
-29.63301
43.08909850711952
-22.072754
19.94522
-31.029892
42.98688821715
-20.638367
23.50772
-26.839264
41.21772826159728
-19.921188
22.082718
-30.331451
42.47937229188421
-21.35556
21.370224
-29.63301
42.31857531163177
-20.638367
22.082718
-28.93457
41.84253784885439
-21.35556
21.370224
-29.63301
42.31857531163177
-19.921188
25.645218
-31.728333
45.40063895561521
-17.769623
22.795227
-31.728333
42.91932953409513
-18.486816
23.50772
-30.331451
42.59544945710897
-21.35556
21.370224
-31.728333
43.81134092618029
-19.203995
19.94522
-31.029892
41.58677040425537
-19.203995
22.795227
-28.93457
41.540644218287134
-18.486816
21.370224
-31.728333
42.48689193537373
-18.486816
21.370224
-31.029892
41.96788031954467
-18.486816
21.370224
-30.331451
41.45414093647642
-19.203995
22.082718
-31.029892
42.65318212411004
-17.769623
21.370224
-28.93457
40.12050938656562
-18.486816
22.082718
-29.63301
41.32219948068925
-18.486816
22.082718
-28.93457
40.824235008907394
-17.769623
23.50772
-28.236145
40.81240428778976
-18.486816
22.082718
-28.93457
40.824235008907394
-19.921188
22.082718
-28.236145
41.00951144913671
-19.921188
22.082718
-26.839264
40.06053159165827
-18.486816
24.932724
-28.236145
41.96049458084056
-17.769623
23.50772
-31.029892
42.79283307400902
-18.486816
25.645218
-28.93457
42.856142217671085
-17.769623
24.932724
-28.236145
41.64949190303827
-17.05243
24.932724
-28.93457
41.82864446819757
-18.486816
24.932724
-28.93457
42.43362521430528
-19.921188
26.357727
-29.63301
44.381289442050495
-18.486816
26.357727
-27.537704
42.36528511425953
-17.05243
24.932724
-28.236145
41.34859193113473
-17.769623
27.07022
-28.236145
42.963197084376034
-18.486816
24.932724
-28.236145
41.96049458084056
-17.769623
24.22023
-28.93457
41.70837300718226
-17.05243
23.50772
-31.728333
43.012618231728666
-18.486816
23.50772
-31.728333
43.60117404301962
-19.921188
22.795227
-30.331451
42.85409133946548
-17.769623
22.795227
-31.029892
42.40561382628926
-18.486816
20.65773
-31.728333
42.13301893028421
-19.203995
21.370224
-29.63301
41.27463161366495
-18.486816
21.370224
-30.331451
41.45414093647642
-16.33525
20.65773
-30.331451
40.16938166853969
-19.203995
19.94522
-30.331451
41.06826235490811
-18.486816
19.94522
-30.331451
40.73783458889522
-18.486816
18.520218
-28.236145
38.497282650654384
-18.486816
18.520218
-27.537704
37.98797256461988
-18.486816
19.232727
-26.140823
37.34973637948717
-17.05243
19.94522
-28.93457
39.061573426510705
-17.769623
22.082718
-26.839264
39.035265506013914
-17.05243
19.94522
-26.839264
37.53589265362804
-18.486816
20.65773
-28.93457
40.07135664095833
-16.33525
22.082718
-27.537704
38.89488413299042
-17.05243
23.50772
-28.236145
40.50528635445317
-15.618057
20.65773
-29.63301
39.35455353309274
-16.33525
20.65773
-31.029892
40.69934303447047
