-27.27031
-24.908585
-9.904404
38.238783843680885
-25.118744
-23.483582
-11.30127
36.1959760421048
-26.553116
-23.483582
-11.30127
37.20571540488185
-25.835938
-24.19609
-13.396591
37.84726094624038
-25.118744
-23.483582
-11.99971
36.420090247455626
-25.118744
-23.483582
-14.793457
37.43362615600444
-27.27031
-22.771088
-14.793457
38.48426398177247
-27.27031
-24.19609
-11.99971
38.38116266426719
-25.835938
-24.19609
-13.396591
37.84726094624038
-25.835938
-24.908585
-14.095032
38.556492960512664
-25.118744
-24.19609
-11.30127
36.662253744271844
-27.27031
-22.771088
-9.904404
36.88210173933879
-25.835938
-21.346085
-10.602844
35.15069400541759
-25.118744
-21.346085
-9.205963
34.22508503002586
-25.118744
-20.63359
-11.99971
34.65096435966375
-26.553116
-19.921082
-10.602844
34.84734951979401
-26.553116
-17.783585
-11.30127
33.89753092098394
-25.972168
-19.242767
-11.276855
34.234560417115404
-25.972168
-18.530258
-10.57843
33.61290151768365
-28.840912
-18.530258
-11.975296
36.31220753432136
-29.558105
-18.530258
-9.87999
36.25832676456023
-27.40654
-17.10527
-14.070618
35.23763669769956
-29.558105
-17.10527
-11.276855
35.9644175686843
-28.123718
-18.530258
-12.673737
35.98524002976776
-27.40654
-18.530258
-9.87999
34.52684502446973
-28.123718
-20.66777
-10.57843
36.46921359227619
-26.689346
-19.242767
-14.070618
35.785299306899404
-26.689346
-21.380264
-11.975296
36.23319754716919
-25.972168
-19.242767
-12.673737
34.719752038870105
-27.40654
-19.955261
-11.975296
35.95467320656141
-26.689346
-22.092758
-9.87999
36.02811944335979
-25.32431
-20.695602
-10.56427
34.36906198712732
-26.041504
-21.408096
-11.262695
35.543140257100774
-26.041504
-22.12059
-10.56427
35.7642870544853
-25.32431
-19.2706
-11.961136
33.99625510741036
-25.32431
-19.983093
-10.56427
33.944784770063535
-26.758682
-21.408096
-10.56427
35.85997071945263
-25.32431
-22.12059
-11.262695
35.461098431282764
-23.889938
-21.408096
-13.358017
34.74870199070841
-23.889938
-20.695602
-11.262695
33.5542154725239
-26.758682
-21.408096
-11.961136
36.29603925802804
-26.041504
-19.983093
-14.0564575
35.70809251547539
-26.834366
-17.878311
-13.373154
34.90785512759807
-27.55156
-16.453308
-14.071594
35.04011373144357
-28.268738
-17.878311
-16.1669
37.150022146801106
-28.985931
-18.590805
-14.071594
37.19962381152194
-29.703125
-16.453308
-14.77002
37.02891276906973
-30.420303
-18.590805
-14.77002
38.58971860270476
-31.125778
-19.299408
-15.46553
39.755048323294744
-29.691406
-19.299408
-14.76709
38.368133228773814
-30.408585
-19.299408
-15.46553
39.1960685159797
-28.257019
-17.874405
-16.16397
37.13795116847707
-29.691406
-17.874405
-14.76709
37.67148615518938
-28.974213
-20.011902
-15.46553
38.45989883449221
-28.257019
-17.161911
-14.76709
36.20852287661359
-27.53984
-20.011902
-14.76709
37.107761478079794
-28.257019
-19.299408
-14.76709
37.2691985969983
-28.974213
-17.874405
-14.76709
37.108843746197316
-30.408585
-17.874405
-16.862411
39.096257288701885
-30.408585
-17.874405
-15.46553
38.514400018552315
-27.53984
-17.874405
-16.16397
36.59523274376476
