-19.152237
18.653824
-30.270508
40.38659312565093
-17.717865
20.79132
-28.175201
39.243390541234774
-17.000671
22.216324
-28.873642
40.20292460113288
-14.849121
21.503815
-29.572083
39.46414140750119
-17.717865
19.366318
-30.270508
40.065953622102114
-19.86943
17.941315
-29.572083
39.889762035318974
-22.738174
17.941315
-28.873642
40.89746372408074
-16.26738
16.494827
-32.36876
39.80507007298976
-17.700775
17.215637
-30.975784
39.61306380752125
-17.700775
19.353134
-30.277344
40.05719330347001
-18.417969
17.928131
-29.578918
39.186116901429514
-18.417969
19.353134
-29.578918
39.858220411541204
-16.983582
16.503128
-31.674225
39.54809423742818
-18.417969
17.215637
-33.071106
41.58482571193713
-17.700775
18.64064
-29.578918
39.18805135676722
-17.700775
17.215637
-30.975784
39.61306380752125
-16.983582
17.215637
-30.975784
39.29782864151021
-18.417969
16.503128
-30.975784
39.6367755324443
-16.983582
14.365631
-30.277344
37.57034742798335
-16.983582
16.503128
-29.578918
37.890734535924146
-16.266403
17.215637
-30.277344
38.4407550705059
-15.54921
15.790634
-30.277344
37.521188675325504
-17.700775
16.503128
-27.483597
36.619923522969366
-14.832031
15.790634
-28.182037
35.546596839571016
-19.135147
15.790634
-28.182037
37.54630767101557
-15.54921
16.503128
-30.975784
38.38789354853623
-16.266403
15.790634
-30.277344
37.82403297776594
-14.832031
17.928131
-29.578918
37.63401995545802
-16.983582
15.07814
-28.182037
36.1941919546493
-19.135147
17.928131
-28.880478
39.008381260874565
-17.700775
17.928131
-29.578918
38.85418516811445
-17.700775
17.215637
-29.578918
38.53061162538901
-18.417969
17.215637
-28.880478
38.33642866380895
-16.983582
16.503128
-29.578918
37.890734535924146
-20.569519
18.64064
-28.880478
40.05821569330379
-19.85234
19.353134
-30.277344
41.05333980304617
-21.280365
20.74884
-28.877548
41.44008935631504
-19.845993
22.173843
-30.274414
42.45094681797083
-20.563171
18.611343
-31.671295
42.09865935087037
-19.845993
21.461334
-30.972855
42.58837892584373
-19.1288
22.173843
-31.671295
43.13538286468329
-19.1288
20.74884
-30.972855
41.901589039826405
-17.694427
21.461334
-31.671295
42.15154283625408
-17.694427
20.74884
-30.274414
40.74490567993976
-16.260056
20.036331
-33.7666
42.49738043397499
-16.977234
20.036331
-30.972855
40.60786597811901
-18.411621
20.74884
-28.877548
40.042665234253576
-19.1288
19.323837
-30.274414
40.692282025050524
-21.280365
20.036331
-30.972855
42.586690652164144
-19.1288
20.74884
-30.972855
41.901589039826405
-17.694427
20.036331
-33.068176
42.5211904318563
-17.694427
20.74884
-31.671295
41.793278174677056
-18.411621
19.323837
-31.671295
41.41822497828175
-21.280365
19.323837
-30.274414
41.74691377300019
-21.997559
18.611343
-31.671295
42.817584951217036
-22.714737
20.036331
-30.274414
42.82468890128903
-16.977234
17.898834
-31.671295
40.14555578658816
-20.563171
18.611343
-31.671295
42.09865935087037
-19.1288
18.611343
-30.972855
40.88533771223799
-21.280365
17.18634
-31.671295
41.84847865831714
-20.563171
17.18634
-30.972855
40.95768675709344
-19.845993
16.473831
-32.369736
41.38901174187117
-19.845993
17.898834
-31.671295
41.44035005046033
-18.411621
15.048843
-34.465042
41.87236028293679
-19.12587
15.7217865
-31.645905
40.180054350114126
-19.12587
15.009293
-33.042786
41.02320614460567
-22.711807
13.58429
-32.344345
41.791335789494845
-22.67714
16.410843
-33.037415
43.301721241770515
