-19.939941
17.809967
-28.918457
39.383667200852436
-18.505554
18.522476
-26.82315
37.48358364629441
-16.354004
22.084976
-26.82315
38.4015742932907
-16.354004
22.79747
-26.12471
38.33638726937095
-15.63681
24.934967
-25.42627
38.89418424853997
-17.788376
22.084976
-27.521591
39.5172174328205
-17.788376
17.809967
-28.220032
37.815227819995016
-15.63681
19.23497
-26.82315
36.5236271719674
-17.071182
17.097473
-28.918457
37.68323235839201
-15.63681
19.23497
-28.220032
37.56146980180455
-17.788376
17.809967
-26.82315
36.784542121147844
-17.071182
17.097473
-28.220032
37.149953143371356
-18.505554
18.522476
-24.727844
36.01394044325058
-17.071182
15.67247
-27.521591
35.97901474405775
-17.788376
17.809967
-26.12471
36.278391696732676
-15.63681
19.947464
-28.220032
37.93127008155672
-16.354004
20.659973
-27.521591
38.101521651351895
-14.919617
17.809967
-28.220032
36.55352286961802
-17.071182
16.384964
-28.220032
36.827468704377104
-17.071182
17.809967
-28.220032
37.4832009898476
-14.919617
15.67247
-31.013779
37.81634148874994
-16.354004
17.097473
-29.616898
37.906960074243784
-15.63681
17.097473
-28.918457
37.05550695514939
-17.071182
17.097473
-28.220032
37.149953143371356
-18.505554
16.384964
-27.521591
36.99135839223973
-17.788376
18.522476
-27.521591
37.642348639966826
-17.071182
15.67247
-29.616898
37.606012261380826
-17.071182
16.384964
-27.521591
36.295045423110096
-18.505554
18.522476
-26.82315
37.48358364629441
-19.939941
18.522476
-26.82315
38.21210272834871
-22.091492
15.67247
-27.521591
38.61474157108348
-22.091492
19.23497
-28.220032
40.674170963816216
-19.939941
17.809967
-29.616898
39.89933316622441
-18.505554
17.809967
-27.521591
37.64423433815928
-19.939941
19.947464
-27.521591
39.407366719406824
-20.65712
19.23497
-28.918457
40.41011981178879
-21.374313
19.23497
-28.220032
40.28914960844762
-19.939941
20.659973
-28.220032
40.25923382533658
-18.505554
21.372467
-29.616898
40.943846418849226
-19.222748
19.947464
-29.616898
40.55337134856207
-20.65712
20.659973
-28.918457
41.10752056583214
-19.939941
23.509964
-28.918457
42.268153517249985
-19.194427
20.576477
-31.009384
41.87361238372562
-22.063171
21.28897
-28.215637
41.66684505170148
-19.911621
22.00148
-28.914063
41.43139861283499
-19.911621
21.28897
-28.914063
41.05747121271368
-20.6288
21.28897
-29.612503
41.90069174548315
-18.477234
22.713974
-28.215637
40.66269735340595
-22.063171
19.151474
-28.215637
40.616310669271925
-22.0495
18.42482
-30.309967
41.765398486572444
-22.0495
18.42482
-29.611526
41.26132509072131
-21.332321
17.71231
-28.913086
40.05946202892489
-21.332321
19.137314
-29.611526
41.208581834332456
-22.766693
19.849808
-28.913086
41.812721879082446
-22.0495
18.42482
-31.008408
42.27500184801888
-24.201065
17.71231
-29.611526
42.14569977786138
-21.332321
18.42482
-30.309967
41.391256129578565
-24.201065
14.149811
-31.706848
42.32295961007748
-24.124893
16.980774
-30.988876
42.786303002355496
-24.124893
19.11827
-30.290436
43.18598495895399
-25.477234
16.920715
-30.280182
43.038232174555425
-26.194427
16.208206
-30.280182
43.19425202736036
-24.760056
18.345718
-29.581741
42.716566787664476
-23.325684
13.358215
-33.77237
43.16366869164246
-22.518646
15.477646
-30.93956
41.27836382794865
-24.670212
16.19014
-32.336426
43.77652795065025
-23.23584
14.052643
-31.638
41.69345265315197
-22.518646
11.915146
-34.431747
42.832294693957266
