-21.212296
19.569046
-27.84552
40.10339115862741
-19.777924
19.569046
-26.448639
38.38807480337318
-19.06073
20.99405
-25.750198
38.3031888665128
-18.343552
23.131546
-27.84552
40.58235141158962
-18.343063
20.970123
-27.144638
38.897884391779584
-18.343063
17.407623
-28.541504
38.13280529732569
-21.228897
20.303528
-27.158798
40.00624493487314
-20.511719
16.741028
-28.555664
38.94121953793387
-19.077332
14.603531
-28.555664
37.31800727520412
-19.794525
16.028519
-27.158798
37.233545547832264
-18.360153
18.16603
-27.857239
37.98849313083585
-18.360153
16.028519
-25.063477
34.95978437344115
-16.925781
15.316025
-27.857239
36.015113201352705
-18.360153
16.741028
-29.952545
38.916734280142904
-16.925781
16.028519
-28.555664
36.8621965325335
-17.64296
16.741028
-29.952545
38.583557611614175
-19.077332
16.741028
-28.555664
38.20513798377615
-17.64296
15.316025
-27.857239
36.357672795350226
-19.077332
16.741028
-27.158798
37.17266313792469
-17.64296
18.878525
-27.857239
37.996032507725396
-16.925781
19.591019
-27.857239
38.030458791584905
-17.64296
17.453522
-27.857239
37.308513383655985
-20.511719
19.591019
-27.158798
39.270076598036134
-20.511719
17.453522
-29.254105
39.76378618047142
-20.511719
18.878525
-28.555664
39.906831191930664
-21.228897
18.16603
-29.952545
40.9612705319763
-19.077332
16.741028
-31.349426
40.33600332286901
-21.94609
18.16603
-32.04785
42.88007042266984
-23.380463
21.016022
-29.952545
43.422046486707075
-22.663269
18.878525
-29.952545
42.03781024547276
-23.380463
16.741028
-28.555664
40.525720035244284
-23.380463
16.741028
-29.254105
41.02085680918153
-24.097656
15.316025
-31.349426
42.40358721835188
-24.814835
14.603531
-29.254105
41.04682444325017
-22.663269
13.891022
-28.555664
39.01294982318371
-21.94609
16.028519
-29.254105
39.92927402079989
-21.94609
17.453522
-27.158798
39.03660704330136
-20.511719
18.878525
-28.555664
39.906831191930664
-21.228897
18.878525
-27.857239
39.78807077720501
-19.077332
19.591019
-25.761917
37.56898927410911
-19.794525
19.591019
-28.555664
39.88805747220902
-21.228897
19.591019
-26.460358
39.17428536411433
-20.511719
20.303528
-29.952545
41.59469793716953
-19.077332
20.303528
-28.555664
39.89490894544848
-20.511719
21.016022
-27.857239
40.47751775194935
-19.794525
21.72853
-29.254105
41.46992745125677
-21.94609
23.153519
-28.555664
42.81521147891687
-21.228897
23.153519
-27.857239
41.98544204542808
-21.94609
21.72853
-26.460358
40.668297239872544
-20.511719
23.153519
-29.952545
43.05776291524706
-21.94609
21.016022
-29.254105
42.179458145560915
-21.228897
20.303528
-27.857239
40.48363927351548
-24.097656
21.016022
-29.952545
43.81238576572126
-24.097656
20.303528
-28.555664
42.524771618103664
-26.249207
19.591019
-29.952545
44.384500523479474
-24.814835
19.591019
-30.650986
44.03483728289739
-22.663269
20.303528
-31.349426
43.6880253008476
-24.097656
20.303528
-31.349426
44.449035949894345
-26.9664
21.016022
-30.650986
45.916693842626565
-27.683594
19.591019
-31.349426
46.184151286757725
-26.249207
18.16603
-32.746292
45.731228004983095
-23.380463
16.028519
-32.04785
42.7857951612229
-24.097656
16.741028
-32.746292
43.9690664967287
-24.097656
16.741028
-32.04785
43.451397282265276
-22.663269
14.603531
-32.746292
42.417054859675844
-24.097656
11.041031
-32.04785
41.58925654259313
-21.94609
12.466019
-32.746292
41.34431393700801
-21.228897
12.466019
-35.54004
43.233807481819134
