28.713867
12.248352
-25.499512
40.307981820447175
27.279495
11.535843
-23.404205
37.74921744842865
27.996689
12.248352
-21.308899
37.25460889325054
27.279495
12.248352
-23.404205
37.973014485309996
27.279495
14.385849
-24.801086
39.57546317045765
27.279495
14.385849
-24.102646
39.14155126149512
26.562317
10.823349
-25.499512
38.378727933746056
27.996689
9.398346
-24.801086
38.56471579938714
28.71875
9.401764
-24.803528
39.094433821957
29.435944
10.826767
-24.803528
39.98635631570161
29.435944
10.114273
-22.708206
38.528378023035664
28.001572
9.401764
-22.708206
37.257801851801794
27.284378
11.539261
-23.406647
37.75530281463784
25.850006
8.68927
-23.406647
35.93880092754035
25.132813
11.539261
-24.105087
36.68607422431825
25.132813
12.25177
-24.105087
36.91638302891414
23.69844
11.539261
-23.406647
35.25112372156117
24.415634
12.25177
-20.6129
34.221639432802604
23.69844
14.389267
-22.009766
35.39910908240665
24.415634
13.676773
-24.105087
36.93551873123366
23.69844
14.389267
-24.105087
36.73856845481836
25.132813
14.389267
-22.708206
36.801791072879524
23.69844
13.676773
-24.105087
36.46540091466413
24.415634
13.676773
-22.009766
35.603469713836354
24.415634
12.964264
-21.31134
34.90513615892993
24.415634
12.964264
-23.406647
36.22245720889183
25.132813
13.676773
-22.009766
36.09906109463323
23.69844
12.964264
-23.406647
35.74296191100949
25.132813
13.676773
-22.009766
36.09906109463323
26.5672
12.25177
-20.6129
35.78845622030674
28.001572
11.539261
-20.6129
36.63514917771507
26.5672
11.539261
-22.708206
36.80534337268503
28.001572
9.401764
-20.6129
36.0190616581606
25.925201
11.600296
-22.708206
36.364069918735545
28.076767
12.312805
-19.91446
36.558114387083236
26.642395
13.025299
-20.6129
36.116023971362075
26.642395
12.312805
-20.6129
35.865219431138996
23.773636
10.887802
-19.91446
32.86815592375278
24.49083
13.737808
-21.31134
35.25196865347115
24.49083
12.312805
-20.6129
34.29719354920403
25.208008
15.162796
-19.91446
35.52379058132205
26.642395
13.737808
-21.31134
36.779311758616416
26.642395
15.162796
-22.708206
38.149575839303246
25.208008
16.5878
-22.009766
37.35008118402322
24.52452
15.203812
-22.705765
36.71729551640565
25.958893
15.916321
-24.801086
39.27196650940242
24.52452
17.341324
-24.102646
38.511184454973595
27.393265
15.916321
-23.404205
39.38879346693994
27.393265
14.491318
-24.801086
39.69235637118153
26.676086
14.491318
-24.801086
39.20083941125336
25.2417
14.491318
-25.499512
38.695822761878965
25.958893
14.491318
-25.499512
39.167429382256664
26.676086
13.778824
-25.499512
39.39155622907576
25.958893
13.778824
-24.801086
38.455350275920644
28.110458
13.066315
-22.007324
38.01642775560159
29.54483
10.928818
-22.705765
38.83153122634765
