192.20625
-76.95
-85.90782
224.15328530382953
192.92345
-74.812485
-88.00313
224.8575417069661
193.64063
-76.95
-86.60626
225.65158257532784
192.20625
-76.23749
-86.60626
224.1785961432313
192.20625
-76.95
-87.30469
224.6923504344329
192.92345
-74.812485
-88.00313
224.8575417069661
192.92345
-76.23749
-88.00313
225.33566975181714
192.92345
-76.23749
-85.90782
224.52564580688772
192.92345
-76.23749
-87.30469
225.06381907416838
193.64063
-76.95
-83.8125
224.59413915716945
192.92345
-77.66249
-83.8125
224.22188368890312
191.48907
-77.66249
-85.20938
223.51770413660748
190.77188
-74.812485
-92.193756
224.70092101780534
186.46875
-70.53749
-93.59064
220.23927861249
190.77188
-71.249985
-96.384384
225.30072784780344
190.05469
-74.09999
-90.09845
223.0007269466851
192.92345
-79.087494
-82.415634
224.2021966886141
193.64063
-81.22499
-76.828125
223.5995304109559
192.20625
-79.79999
-74.73282
221.12501766534695
193.64063
-80.5125
-71.24063
221.48178184108056
194.35782
-80.5125
-70.54219
221.8860560625656
195.07501
-81.22499
-70.54219
222.7733398266049
192.20625
-81.22499
-71.93907
220.7169514474364
193.64063
-81.22499
-74.03438
222.65507236530678
192.20625
-80.5125
-74.03438
221.14835235651202
192.20625
-80.5125
-74.73282
221.38315202381594
192.20625
-80.5125
-75.43126
221.6198973608868
191.48907
-80.5125
-76.828125
221.47887173498063
191.48907
-79.79999
-79.62189
222.20654805833243
192.20625
-79.087494
-81.71719
223.32884595927146
192.92345
-80.5125
-78.92345
223.45162542763032
192.92345
-79.087494
-81.71719
223.94639599969008
192.92345
-78.374985
-81.01875
223.44156464834379
191.48907
-79.087494
-82.415634
222.96913323372812
191.48907
-79.79999
-81.71719
222.9659271895596
186.46875
-75.524994
-90.09845
220.4367202991598
189.33751
-69.11249
-96.384384
223.4170445182059
188.62032
-71.962494
-95.68594
223.409998307484
195.07501
-75.524994
-90.796875
228.0402582330585
187.18594
-79.79999
-71.24063
215.5964836216027
174.99376
-75.524994
-82.415634
207.65157302859518
146.30626
-54.862488
-60.76407
167.65346863955722
169.25626
-68.399994
-95.68594
206.11171500547948
202.24689
-68.399994
-39.112503
217.05333985854722
165.67032
-72.67499
-50.985947
187.95710946915523
157.78125
-44.887497
-97.78125
190.97376905939203
189.33751
-81.22499
-52.382813
212.57974606603517
157.06407
-68.399994
-64.256256
182.965971904614
177.14532
-83.36249
-67.05
206.94316286422705
182.88281
-81.937485
-74.03438
213.63746123690478
182.88281
-83.36249
-74.03438
214.1880471250672
185.03438
-81.937485
-75.43126
215.96607987424784
189.33751
-82.649994
-78.225006
220.90464748676067
195.07501
-79.087494
-85.20938
227.08970556808603
195.07501
-75.524994
-90.09845
227.76306905422572
196.50938
-75.524994
-90.09845
228.9927758822317
199.37813
-75.524994
-90.09845
231.4592634244739
199.37813
-74.812485
-90.796875
231.50079306019666
203.68126
-73.3875
-90.796875
234.76765442134484
198.66095
-74.09999
-94.9875
232.3351145839776
198.66095
-72.67499
-94.28906
231.59933074169277
198.66095
-74.812485
-93.59064
231.99630418661846
197.94376
-71.249985
-93.59064
230.2552846163362
198.66095
-71.962494
-94.9875
231.66225078225412
200.09532
-73.3875
-94.28906
233.0542620560714
197.22656
-72.67499
-96.384384
231.23563299965255
198.66095
-71.962494
-94.28906
231.37675580100952
198.66095
-72.67499
-94.9875
231.88456011289324
198.66095
-72.67499
-94.28906
231.59933074169277
197.94376
-73.3875
-94.28906
231.2096079588822
198.66095
-71.962494
-94.28906
231.37675580100952
197.94376
-73.3875
-94.9875
231.4953090777435
199.37813
-74.09999
-93.59064
232.38255602292958
198.66095
-72.67499
-92.8922
231.03416447843813
198.66095
-73.3875
-93.59064
231.5407209731152
196.50938
-72.67499
-94.9875
230.04394111506176
200.09532
-71.962494
-93.59064
232.32723756051507
196.50938
-71.249985
-94.9875
229.5977460690762
199.37813
-72.67499
-94.9875
232.49927755264102
198.66095
-71.249985
-94.9875
231.44191360900902
199.37813
-71.962494
-95.68594
232.56405367661617
198.66095
-71.249985
-94.9875
231.44191360900902
197.94376
-73.3875
-94.9875
231.4953090777435
197.94376
-71.962494
-94.9875
231.04752115365793
199.37813
-71.962494
-94.28906
231.99281036812326
197.94376
-72.67499
-94.9875
231.27042139560345
200.09532
-73.3875
-94.28906
233.0542620560714
198.66095
-73.3875
-92.8922
231.25929035392286
198.66095
-70.53749
-93.59064
230.6532418344689
197.22656
-71.249985
-95.68594
230.50092360172877
196.50938
-74.09999
-93.59064
229.92597314135696
197.94376
-74.09999
-93.59064
231.15307935164955
197.94376
-74.09999
-94.28906
231.43674891857603
199.37813
-72.67499
-92.8922
231.65113856832218
200.8125
-71.962494
-93.59064
232.9452054668651
198.66095
-74.09999
-93.59064
231.76752900266249
193.64063
-81.937485
-55.875
217.5602377072842
197.94376
-82.649994
-70.54219
225.80732764627015
193.64063
-84.075
-63.557816
220.46517759331064
199.37813
-81.22499
-67.05
225.48800376904754
200.8125
-80.5125
-76.828125
229.5876398567658
202.96407
-79.087494
-81.01875
232.40757571559496
200.8125
-78.374985
-79.62189
229.79978547912094
202.24689
-79.79999
-77.526566
230.82939790568273
201.5297
-81.22499
-67.74844
227.59958328718443
205.11563
-80.5125
-64.256256
229.52897590772716
205.11563
-78.374985
-64.9547
228.98509094480366
203.68126
-79.087494
-81.01875
233.0341729902505
203.68126
-76.23749
-50.287506
223.21971904101574
203.68126
-79.79999
-71.93907
230.28096799073518
206.55
-76.23749
-84.51094
235.8328989984222
205.11563
-76.23749
-83.8125
234.32693673850218
203.68126
-77.66249
-84.51094
233.79395475770968
203.68126
-76.95
-85.20938
233.81187349555196
202.24689
-76.95
-87.30469
233.33926982775532
202.24689
-77.66249
-86.60626
233.31504485619868
204.39844
-77.66249
-83.8125
234.1681420475467
198.66095
-79.087494
-82.415634
229.1578928244672
200.09532
-79.79999
-80.32031
229.9076495981593
195.07501
-80.5125
-80.32031
225.80494901573792
192.20625
-81.22499
-78.225006
222.8450011358792
192.92345
-82.649994
-77.526566
223.74280714695612
193.64063
-81.937485
-78.225006
224.34258122344943
195.79219
-80.5125
-80.32031
226.4248116097262
194.35782
-80.5125
-80.32031
225.18564390020515
197.22656
-81.22499
-80.32031
227.91921368930264
195.79219
-79.79999
-80.32031
226.17244008996764
196.50938
-79.79999
-79.62189
226.547171895281
195.07501
-81.22499
-78.225006
225.32402016318633
196.50938
-81.937485
-77.526566
226.58343868760576
195.07501
-82.649994
-71.24063
223.51847309003344
186.46875
-83.36249
-60.76407
213.10131833238387
187.18594
-73.3875
-37.715637
204.5648392014131
184.3172
-71.249985
-37.017197
201.0464226553161
189.33751
-35.624985
-29.334381
194.88032184843598
183.6
-7.1249847
-61.46251
193.7456249506037
-0.9851532
32.13478
-23.301468
39.70608570719985
31.288284
7.909775
-23.301468
39.805523942389264
-27.521088
-35.55272
-12.824905
46.75344134225576
-21.066406
-37.69023
-3.745224
43.34020972834436
-15.328903
-16.315231
35.36728
41.85697781489814
0.44921875
32.13478
-18.412415
37.038667835642556
11.924225
-36.977722
9.525085
40.003329329218026
-23.93515
-39.11522
-10.031158
46.94162192703428
-15.328903
-41.965225
-5.8405304
45.05737715766559
-12.460144
30.709778
15.112595
36.42439026332064
32.722656
-19.165222
0.44540405
37.92461426550704
-10.308594
-41.965225
3.239151
43.33404243084688
-5.288269
-36.977722
-23.999908
44.39947470964254
-16.046082
12.897278
33.271973
39.12595939069338
7.6210938
32.13478
-9.332718
34.319452634061086
-0.9851532
-39.11522
10.921967
40.62339540100322
-30.389832
-19.165222
-29.587402
46.54311939363997
-16.046082
-20.590225
31.176651
40.662239542472015
-8.874207
25.00978
22.79541
34.983872539937956
35.591415
-4.2027283
6.032898
36.342918694813335
-31.107025
-21.30272
-28.190536
47.07609987761837
-19.632019
-33.415222
17.207901
42.40406797075901
-16.046082
10.047272
32.573532
37.675714627014706
25.550781
16.459778
-22.603027
37.87695307464356
-26.086716
-29.140228
-21.904602
44.82723726900728
-23.93515
-15.602722
-34.47647
44.77681742717151
-13.177338
-33.415222
20.700089
41.45736232112458
13.358597
-34.840225
19.303223
42.01080619214612
19.0961
-34.12773
-7.2374115
39.77113480984042
21.247665
-31.99022
-13.523346
40.71508641423655
19.813293
-29.140228
-20.50772
40.771143383678854
21.247665
-27.715225
-21.206161
40.857047615359456
24.11641
-25.577728
-22.603027
41.79375718511603
22.682037
-26.290222
-23.301468
41.81637395637473
19.813293
-23.440231
-26.095215
40.286118123698174
19.0961
-23.440231
-26.793655
40.39808623058461
20.530472
-25.577728
-27.492096
42.79644715010669
19.0961
-24.86522
-30.285843
43.59096793318041
18.378906
-25.577728
-29.587402
43.21364022125277
19.813293
-24.86522
-27.492096
42.03166821353276
16.227356
-29.140228
-26.793655
42.78293915584225
16.227356
-29.852722
-27.492096
43.70729221283475
12.641418
-30.565231
-25.39679
41.701747764351104
11.924225
-28.42772
-28.888977
42.24802082549992
13.358597
-27.715225
-30.984283
43.6647635086419
11.924225
-26.290222
-30.285843
41.840114899982645
8.338287
-27.002731
-32.381165
42.979231676110146
10.489853
-27.715225
-28.888977
41.38530720368945
10.489853
-28.42772
-32.381165
44.34762579961299
11.924225
-30.565231
-30.285843
44.650338296153336
11.924225
-27.715225
-31.682724
43.75060964977017
11.207031
-28.42772
-30.984283
43.51733614229937
9.772659
-27.715225
-29.587402
41.70195413305742
11.207031
-28.42772
-29.587402
42.53406981146482
10.489853
-29.852722
-30.285843
43.80016376342816
9.772659
-29.140228
-31.682724
44.141281798210876
11.207031
-29.140228
-31.682724
44.48084318171419
9.772659
-29.140228
-28.888977
42.180928307596844
8.338287
-28.42772
-30.285843
42.36619561926702
10.489853
-28.42772
-30.984283
43.33818175750888
10.489853
-29.140228
-30.984283
43.80885410784203
9.055481
-29.140228
-30.984283
43.48770423834621
10.489853
-29.140228
-30.984283
43.80885410784203
11.207031
-28.42772
-30.285843
43.02284379130028
9.055481
-29.140228
-29.587402
42.503752419363664
11.924225
-29.140228
-30.984283
44.174266770672745
9.055481
-29.140228
-28.888977
42.02056090847075
10.489853
-27.715225
-29.587402
41.8758293411344
10.489853
-28.42772
-30.984283
43.33818175750888
9.772659
-29.140228
-28.888977
42.180928307596844
11.207031
-29.140228
-30.285843
43.496927087044035
9.772659
-29.852722
-30.984283
44.12160126561804
11.207031
-29.140228
-31.682724
44.48084318171419
10.489853
-29.140228
-29.587402
42.832280444156545
11.207031
-29.852722
-32.381165
45.445816811066344
10.489853
-29.140228
-30.285843
43.31768829405171
9.055481
-29.852722
-28.888977
42.51775823847019
10.489853
-29.140228
-30.285843
43.31768829405171
9.772659
-28.42772
-31.682724
43.67419213441446
10.489853
-27.715225
-30.984283
42.87419425718838
9.772659
-29.140228
-30.285843
43.149624989317694
10.489853
-28.42772
-30.285843
42.84162159647584
9.055481
-28.42772
-29.587402
42.01846343610449
11.207031
-29.852722
-30.285843
43.97743617559038
11.924225
-29.140228
-30.285843
43.68720940532824
11.207031
-28.42772
-31.682724
44.017356917026916
11.207031
-29.852722
-30.984283
44.46131295417821
11.207031
-29.852722
-28.888977
43.027380454194514
10.489853
-30.565231
-29.587402
43.8142079062617
9.772659
-28.42772
-30.285843
42.671680473741894
11.207031
-29.140228
-31.682724
44.48084318171419
12.641418
-28.42772
-31.682724
44.404229479894425
10.489853
-29.140228
-30.285843
43.31768829405171
11.924225
-29.852722
-29.587402
43.68965984020847
9.055481
-27.715225
-30.285843
42.0400722618462
9.772659
-29.852722
-29.587402
43.1521059514698
8.338287
-29.140228
-28.190536
41.39306983625097
9.772659
-29.140228
-30.285843
43.149624989317694
8.338287
-31.277725
-29.587402
43.85473234245222
