0.06703765
3.0214825
7.771579
8.338542327467833
-0.6607997
3.0310593
8.178593
8.747191496121724
-0.16759412
3.098097
8.796297
9.327439581706795
0.8379706
0.45968673
14.949395
14.979917688691115
1.9871874
0.20111294
11.434708
11.607837765191578
0.0
1.9440918
8.365341
8.588272846210526
0.5602432
2.801216
9.911995
10.315441105222428
-0.79966336
0.91458505
7.4746976
7.572782225816905
-0.12928689
2.2744915
7.086837
7.444009704927885
0.01436521
3.5769374
8.920795
9.61120568181761
0.56982
1.0869676
10.70687
10.77697846200445
0.51235914
1.4221559
7.843405
7.98774280925266
0.4357447
2.767697
8.566454
9.0129991538643
0.11971009
2.6240451
11.741165
12.031413604812949
-0.40222588
0.47884035
10.802638
10.820723917607094
-0.50757074
2.2984335
9.054871
9.35580636134045
-0.30166942
3.620033
10.366894
10.984904595274607
0.36391866
1.2306197
8.307879
8.406409279828129
-0.32561144
2.1787236
7.2304893
7.558626554353879
0.2777274
2.8874073
9.323022
9.763861559532218
-0.12928689
1.8818425
6.603208
6.867343037203326
-0.02873042
2.0829554
6.181829
6.523383701125465
0.18674773
3.107674
9.404425
9.90634742472302
1.3311762
0.7469909
14.671668
14.750860156825125
0.59376204
1.4030021
7.991845
8.1357576019577
1.4221559
2.5617957
9.203311
9.658481377121717
0.46926352
2.834735
11.626244
11.97603757818999
-0.22505496
0.92895025
9.902418
9.948441150413576
-0.095768064
2.5617957
8.8777
9.240428612086054
-0.12928689
3.514688
10.237606
10.824893970278575
0.4405331
1.6998832
7.019799
7.236107505493177
0.50278234
2.6048915
7.52737
7.981199823877492
0.4405331
2.7629087
9.639056
10.03688912819017
0.22984336
1.3024458
9.165004
9.259939678481771
0.2873042
2.3511062
6.775591
7.177665018797569
0.08140286
2.96881
9.32781
9.789203176986982
1.1971009
0.33518824
15.131354
15.182334492417443
0.49320555
1.4269443
8.212111
8.349742095070914
0.91937345
3.0310593
8.829816
9.380736363510046
0.21068975
3.41892
9.734824
10.319893700695388
0.009576807
0.78050977
10.472239
10.501288925260408
-0.10534488
2.303222
8.973468
9.264936604908247
-0.21068975
2.9735985
10.453085
10.869851132156958
0.30645782
1.0247183
7.666234
7.740484980093352
0.24899697
2.5474305
8.317456
8.702383341940191
0.5602432
2.753332
9.605537
10.008049586135886
-0.062249243
1.7812861
7.1586633
7.377216070820103
0.08140286
2.552219
6.191406
6.697309198513107
0.04309563
3.1842883
9.323022
9.851917959239508
1.0630256
0.7757214
12.6461735
12.714459119566392
0.6799533
1.8674773
6.991069
7.268070457490683
0.7613561
2.705448
8.671799
9.115876535862574
-0.93373865
3.2225955
11.190498
11.682647513713983
-0.23942018
1.1971009
8.920795
9.00394141465476
-0.58418524
2.834735
9.126697
9.57463231588425
0.10055647
3.8019924
9.423578
10.162139593398757
0.842759
0.9672575
10.103531
10.184653416889942
0.46447513
2.360683
8.595184
8.925567557617047
0.51235914
2.4756045
10.01734
10.331419080399543
0.14844051
1.7717092
6.5696893
6.806012345465652
0.25378537
2.5905263
7.3549876
7.801991956623061
0.32561144
3.107674
8.949526
9.479328352558793
1.0582372
0.8762778
13.512875
13.582544097126673
0.7038953
0.9864111
10.170568
10.242506311781067
0.4261679
2.6001031
9.006987
9.38445324174426
0.36870706
2.906561
10.94629
11.331606415468114
0.35913026
1.0007763
9.514558
9.573784048296575
-0.320823
2.2744915
8.590396
8.892195256212572
-0.25857377
2.5761611
10.831368
11.136516996046055
1.0582372
1.6328455
6.703765
6.980437873725082
0.82360536
2.3750482
7.120356
7.551069464316405
0.37349546
3.016694
9.260772
9.7468886668558
-0.5746084
0.6751649
14.432248
14.459453850822392
-0.21068975
1.2162545
8.619126
8.70706629927894
-0.4405331
2.5905263
8.90643
9.285978711733385
-0.4405331
3.0071173
9.011775
9.510463373265193
0.641646
2.2697031
6.742072
7.142744488508951
0.31124622
2.27928
8.571242
8.874580910687108
-0.7326257
2.944868
7.1107793
7.7312464079544
