0.50278234
3.3854012
10.079589
10.644803608900933
0.023942016
3.083732
7.843405
8.427869033179721
0.39264908
3.7732618
9.797073
10.505918378889431
1.0055647
1.5179238
12.162544
12.298078582299198
1.163582
0.6655881
12.196063
12.269510730044923
0.8762778
2.60968
9.169792
9.574099617399368
0.5363012
2.9113493
11.659762
12.029698180156643
-0.89064306
1.0726024
7.177817
7.311961097096265
0.63206923
2.8060043
7.2065473
7.7593487373857055
0.2633622
3.7062242
9.878476
10.55413414826763
0.6607997
0.92895025
7.991845
8.072743613736597
0.7757214
2.6144683
6.0381765
6.625463217609799
1.0869676
3.691859
8.825027
9.627690719423178
-1.2449849
1.4173675
11.549629
11.702685603817478
0.4357447
2.2409728
7.2113357
7.564072626710325
-0.50757074
3.4715924
8.686164
9.367978734696747
1.4030021
0.8379706
14.302961
14.396017350356237
0.6560113
1.6807296
8.480263
8.670066851189878
1.460463
3.3135753
8.379706
9.128648002605246
-0.095768064
4.122815
9.174581
10.058812194229946
0.4357447
1.4269443
9.212888
9.33291743123876
-0.842759
2.7389667
9.945514
10.350141411888716
0.05267244
4.4436383
10.31901
11.235241852530958
1.3599066
1.0821792
9.337387
9.497749865228153
0.31603462
2.657564
9.251195
9.630531207968554
0.6560113
2.896984
12.0093155
12.371197973787366
-0.6655881
1.0582372
6.5840545
6.701689879971652
0.30166942
3.3566709
6.95755
7.73083094306896
0.7182605
3.8307228
9.921572
10.659639865309966
1.4317327
1.6567876
5.961562
6.350986205885942
0.6799533
2.8443117
6.6367273
7.25248886007606
0.7182605
3.8738184
9.289502
10.090452051083481
-0.6799533
1.3934253
14.346057
14.429599201983498
0.5410896
2.4612393
7.1059904
7.539600349175874
-0.24420857
4.0797195
8.12592
9.095841314778573
1.2162545
2.054225
12.378023
12.606132080858073
0.38307226
1.934515
8.475474
8.701882292477238
0.6799533
2.719813
9.476251
9.882258970417565
0.33039984
4.261679
10.232818
11.089708220596643
0.33039984
1.5370775
9.121908
9.25640193961324
0.110133275
3.217807
8.307879
8.909953314490837
0.2873042
4.903325
9.605537
10.78848899294876
0.9959879
1.5945383
9.030929
9.224544243034407
0.6464345
2.992752
8.935161
9.44518608721755
0.07182605
2.858677
11.573571
11.921608778154692
0.6895301
1.412579
7.101202
7.273094488756682
0.320823
2.896984
7.795521
8.32259495908742
0.40222588
3.8307228
10.505757
11.189600230585206
0.12449849
1.3455414
7.517793
7.638271850942233
0.81881696
3.1172507
6.0046577
6.8149563621864715
1.0103531
3.7014358
8.331821
9.172823647304618
-0.20111294
1.7525556
13.939042
14.05022359106731
0.24899697
2.336741
7.0245876
7.407238858036104
-0.30166942
3.4284968
8.0684595
8.771865989318938
1.4796166
3.6152446
10.309433
11.02468460566092
1.0103531
1.1061212
10.682928
10.787458937335847
1.1061212
2.6623523
9.854534
10.267593171890725
0.23942018
3.3806129
11.650186
12.133123763513755
-0.033518825
1.3024458
9.768343
9.854847105592729
0.272939
2.858677
9.289502
9.723239266619819
0.46926352
3.394978
11.022904
11.543418191334794
1.2497733
2.0350714
4.8458643
5.402392825043731
0.32561144
3.596091
7.3310456
8.17203277960732
0.79487497
3.6727054
8.973468
9.728500136443703
-1.1109096
1.4269443
12.512098
12.64210786361798
0.15322891
3.1172507
6.493075
7.204217724447273
0.23463176
3.667917
7.714118
8.544956473144243
1.0247183
0.8858546
15.251065
15.311099864240138
0.92416185
1.8100165
8.992621
9.219407501049629
1.13964
2.4181437
8.676587
9.079062014626274
0.35913026
3.8546648
9.490616
10.249839223205528
-0.35913026
1.6328455
8.724471
8.883217459299262
-0.7230489
1.6424223
9.959879
10.120253969405779
