0.22026655
2.5474305
9.835381
10.162314145123624
-0.2873042
2.5091233
9.198523
9.538923332830041
0.17238252
3.1028855
8.75799
9.293008157230444
-0.5554548
3.2034419
8.504205
9.10450805675773
-0.48362875
3.6870706
8.839393
9.58974708772567
1.2018893
1.2258313
14.580688
14.681406128606548
0.770933
0.78529817
11.884817
11.93565665987187
0.770933
2.8443117
9.437943
9.887326430233214
0.30645782
3.5242648
12.29662
12.795359986441069
-0.6703765
1.0534488
8.6334915
8.72332140670892
0.29688102
2.9735985
9.284714
9.753785792207733
0.05746084
3.6870706
10.979809
11.58248642128359
0.37828386
1.9488802
6.4308257
6.730286244260901
0.4261679
2.9400797
7.345411
7.923430220552267
0.49799395
3.9839516
9.89763
10.68096152731341
-0.15322891
1.0151415
9.691729
9.745952842167759
0.6464345
3.4572272
5.3103395
6.369458651213734
0.36870706
3.821146
9.595961
10.335355089175017
0.8283938
1.5945383
7.479486
7.6923014215297085
0.1340753
2.8682537
6.114791
6.755406792714899
0.89543146
3.8115692
8.413225
9.279666649980786
-0.23463176
1.1540052
8.954314
9.031418531488725
0.47405192
2.8203697
6.3925185
7.003106654022712
-0.1340753
3.845088
9.935937
10.65483517917159
0.1340753
1.3120226
11.549629
11.624685631880075
0.33039984
2.183512
6.588843
6.949081788367152
0.90500826
3.9791632
8.37013
9.311919533476932
-1.2449849
1.4796166
13.239936
13.3804019465037
-0.05267244
2.054225
6.4978633
6.815045362448905
-0.4309563
3.8355112
8.240842
9.09990931874461
1.8770541
1.2114661
15.140931
15.30486147568932
0.7134721
1.6519991
7.5082164
7.720845667717173
0.842759
3.0885203
8.949526
9.504904434710971
-1.3982137
2.5953147
12.512098
12.854697803341562
0.12928689
1.6376339
7.240066
7.424090181345587
-0.08619126
3.1794999
8.183381
8.779770695987516
1.1540052
2.255338
12.5025215
12.756618801319867
0.29688102
1.7381904
7.4746976
7.679879482038932
0.6368576
2.96881
8.623915
9.142829094571278
-1.1204864
3.1268275
10.903194
11.397902687290557
0.63206923
1.4173675
8.264784
8.40922680869172
-0.50278234
2.9831753
8.312668
8.846048332784365
1.5370775
2.4181437
11.401189
11.755727467745178
0.6799533
1.4700398
9.466674
9.604231585257704
0.7134721
2.7102363
9.217676
9.634312471922458
-0.842759
3.8259344
10.840945
11.527103495251284
-0.10055647
1.3215994
9.476251
9.568493130635337
-0.59376204
3.1172507
9.32781
9.852809261413563
0.06703765
3.9552212
10.620679
11.333449718401333
0.18195933
1.460463
7.6853876
7.8250394972514306
0.37828386
2.815581
9.064447
9.49920008453837
0.22505496
2.9113493
11.473015
11.838778536913923
-0.50757074
0.79487497
7.762002
7.819087554695131
0.090979666
2.815581
7.3071036
7.831317912885771
0.23463176
3.7588966
10.409989
11.070331452325872
0.16280572
1.0773908
9.380483
9.443555089427434
0.545878
2.896984
6.3063273
6.96134082726031
0.7757214
3.4955344
8.307879
9.046621579325164
-1.8818425
1.3455414
13.709199
13.903019287640365
-0.36870706
2.030283
7.038953
7.33517877882231
-0.59855044
3.4284968
7.417237
8.193183149550016
1.7717092
3.4380736
10.572795
11.258032410781514
0.545878
1.4987702
9.054871
9.194290661814307
1.2066777
2.9783869
9.720459
10.23787958841072
0.4309563
3.6343982
11.631032
12.193255351800795
-0.4405331
1.0151415
9.452309
9.516864864960002
-0.62249243
2.585738
9.227253
9.602902498159613
-0.17238252
3.347094
11.133038
11.626576306519823
0.90021986
1.7477672
5.142745
5.50571630101885
0.47405192
2.7581203
7.714118
8.206069040155395
0.4405331
2.6144683
9.198523
9.572999861850018
-0.7086837
1.7046716
10.740389
10.897893551613755
-0.2681506
2.2505496
7.1586633
7.508884000184225
