0.6799533
2.7485435
9.653421
10.060088253657954
0.15801731
3.122039
8.930372
9.461693479163882
-0.34476504
3.394978
9.308656
9.914424183217381
0.05267244
4.3526587
9.758766
10.685594533856888
0.7565677
2.480393
6.0477533
6.5802784201668905
-0.320823
3.0071173
6.9240313
7.555652892040502
0.90979666
3.691859
8.686164
9.481929658633286
0.076614454
1.5035586
13.067553
13.153991070359655
0.521936
1.9728222
7.321469
7.600549236328099
-0.6512229
3.2513258
9.361329
9.93124826382045
1.3024458
3.4811692
10.5440645
11.179991178833241
1.6519991
0.7517793
10.850522
11.001277155860523
0.47884035
2.657564
7.7428484
8.200221770474316
1.2449849
2.9017725
11.880029
12.292492096335737
-0.40701428
0.7661445
8.197746
8.243523569880052
0.50757074
3.107674
6.5696893
7.285333233440021
0.02873042
3.7349546
10.563218
11.204119224537743
1.1492168
1.2880806
6.967127
7.177792569917147
0.12449849
2.9257145
5.851429
6.5432809510403915
0.47405192
3.7445314
7.800309
8.66551005152755
-1.340753
1.3503298
13.010092
13.148516413904602
0.4405331
2.3798366
5.473145
5.984396991739128
-0.5746084
3.3758245
8.461109
9.127800080740421
0.94810385
2.0207062
14.092271
14.267944815830278
0.45010993
0.6943185
10.34774
10.380770997095574
0.5410896
2.72939
9.471462
9.871724418416676
-0.24420857
3.5482068
11.779472
12.304689360118907
-0.8379706
0.6751649
11.420342
11.470931092628703
-0.038307227
2.9400797
9.610326
10.050069582873816
-0.1340753
3.1986535
11.319786
11.763796883415568
1.1109096
1.340753
8.676587
8.849570795201164
0.090979666
2.8538885
7.6614456
8.176228226255216
-0.16280572
3.739743
10.496181
11.143697392568969
0.05746084
1.5514427
7.603985
7.760854687372753
0.18674773
3.145981
6.540959
7.260593173172448
-0.2825158
3.5769374
9.758766
10.397490976361347
1.0151415
1.0726024
9.165004
9.283225520368
0.6943185
2.3558946
6.895301
7.31966473004426
0.48362875
3.5817258
8.690952
9.412508381185056
-0.58418524
1.6184803
13.522451
13.631487220683452
0.36870706
1.9871874
6.7612257
7.056842800003063
-0.8523358
3.2225955
9.3421755
9.91906448567586
0.7086837
0.90021986
14.499286
14.544480074405053
0.5793968
1.3551182
9.32781
9.443520753856351
0.2825158
2.9592333
8.825027
9.31224930188979
-0.6943185
4.1419687
9.524135
10.408992371617092
-0.18195933
1.283292
9.102755
9.194568224711109
-1.0103531
3.016694
8.6095495
9.17854007123984
-0.521936
4.036624
10.491392
11.253268635941994
0.41180268
0.770933
10.103531
10.14126486148166
0.41180268
3.0119057
8.250419
8.792642500055889
0.59376204
3.620033
10.491392
11.114247472825456
0.39264908
1.8770541
5.3103395
5.645990667461772
0.22026655
3.3997664
6.9958572
7.7813203494403975
-0.16759412
3.6727054
9.030929
9.750616592081817
0.770933
1.508347
9.136273
9.291982283313823
0.92416185
2.0829554
8.590396
8.887501253323796
0.5506664
3.289633
9.150639
9.73956366280322
-0.866701
2.5713725
12.339716
12.634544466152608
-0.48841715
1.6663644
8.0684595
8.25320279923573
-0.6895301
3.1364043
8.815451
9.382145714234298
-0.047884032
4.5920787
10.022128
11.024179413375004
0.51714754
1.4508862
10.0269165
10.144533882243595
0.2825158
2.992752
9.150639
9.631747568238161
0.46447513
3.41892
9.524135
10.129851509354049
-0.05746084
2.0159178
5.3103395
5.680398720729456
-0.0047884034
3.0454245
7.422025
8.02253648254525
-0.15801731
3.4332852
9.313444
9.927369141975868
0.5650316
1.8770541
9.351752
9.554991323486094
0.4213795
2.8299465
6.1004257
6.738052532350199
0.51235914
3.5290532
8.331821
9.062890195667741
-0.4357447
2.231396
12.315774
12.523868812753609
-0.6895301
1.2066777
10.85531
10.943915877727202
-0.81881696
2.2840683
9.974244
10.265133734202136
-1.5658079
2.767697
9.80665
10.309330123614059
