-0.45489833
2.9352913
9.361329
9.821270370200095
0.20590134
3.2034419
8.240842
8.84397602129463
0.1436521
3.8498764
8.901642
9.699557374903401
-0.02873042
0.62249243
15.021221
15.034141341752413
1.0821792
0.59855044
10.079589
10.155170465463256
0.521936
2.7006595
9.476251
9.867385826020525
0.63206923
2.6527755
11.645397
11.960434856355558
-0.5650316
1.0390835
8.954314
9.032092625997025
0.6943185
2.7964275
8.226477
8.716478933886252
-0.30166942
2.657564
11.377247
11.68740338780256
1.8148049
1.2737153
6.2392898
6.621525843201663
0.18195933
2.6719291
7.3549876
7.827397904730816
0.6368576
4.060566
9.208099
10.083792767947687
0.1436521
0.61291564
8.853758
8.87611016865351
0.5746084
2.5139117
7.2304893
7.676581343478806
-0.21068975
3.572149
8.475474
9.199907916064296
1.5131354
0.17717093
14.30775
14.388629853720708
0.79008657
1.9680338
6.694188
7.022075720491514
0.641646
3.0214825
8.858546
9.381626076374717
-0.21547815
1.3359646
12.066776
12.142418374220572
-0.0047884034
1.508347
7.2592196
7.414270363919627
-0.31124622
2.834735
8.475474
8.942385745279768
0.58897364
2.1883004
12.0093155
12.221260456815422
0.60333884
1.2114661
8.973468
9.074953979711783
1.3503298
3.2273839
9.155427
9.801083672222289
0.48362875
3.8594532
11.022904
11.689041770383303
-0.33518824
0.7661445
10.515334
10.5485343023443
-0.36870706
2.4947581
9.576807
9.903282130094153
0.009576807
3.2465374
11.779472
12.218676944914277
1.6376339
1.2066777
6.2009826
6.526109342434745
0.47405192
3.098097
7.8865004
8.48644926733155
0.7517793
3.347094
9.466674
10.069067665738798
-0.019153614
1.1779473
7.690176
7.779892891193136
-0.18674773
3.2369606
6.531382
7.291895341466335
0.4309563
3.86903
8.513782
9.361601754098695
0.30645782
1.2066777
12.263102
12.326137058509298
0.6895301
2.0590134
7.1969705
7.517404579543982
0.9911995
3.3327289
9.121908
9.762108741959585
-0.8523358
0.78050977
13.723564
13.772141818133774
0.090979666
1.4460979
6.9048777
7.055268222568353
-0.8331822
2.9735985
8.135497
8.701884484357487
0.60812724
2.2026656
12.933477
13.13378844529564
0.90021986
0.5410896
10.673351
10.724905487568885
1.0151415
2.8060043
9.490616
9.94866661453818
0.090979666
3.572149
11.362882
11.911490501067918
0.6751649
0.7374141
10.261548
10.31014044383876
0.12928689
2.7485435
9.586384
9.97346294291659
0.11492168
2.8874073
11.678916
12.031101612315448
0.8810662
1.1252748
6.066907
6.23296720820075
0.5267244
2.7246015
7.953538
8.423755442895926
0.23463176
3.4955344
11.166556
11.703238431943607
0.0
1.2785037
7.560889
7.66822072186936
0.18195933
3.41892
6.3589997
7.222119094242754
0.3878607
3.6870706
9.758766
10.439274254489591
0.521936
1.0295067
14.293385
14.339914511368587
0.9720459
2.4516625
6.6654577
7.168252932036944
0.89064306
3.193865
8.710106
9.319869229950541
-0.9528923
3.9121256
11.061212
11.771284588741393
0.272939
1.3503298
7.3789296
7.506429586557077
-0.79966336
3.0310593
9.763555
10.254451622401458
0.17238252
4.548983
9.854534
10.85517426620178
1.067814
1.4891934
9.279925
9.45911927395806
0.32561144
2.8443117
9.423578
9.848855477852887
0.38307226
3.0262709
10.773908
11.197417056744639
-0.40222588
1.6184803
6.2488666
6.467580496069958
0.2681506
3.2561142
7.3885064
8.078626960196376
-0.1340753
3.4715924
9.437943
10.057072472945306
0.5746084
1.3263878
10.0029745
10.106877815973226
0.58897364
1.9536686
7.747637
8.01184016470043
0.46926352
2.6862943
8.959103
9.364929487020978
-0.56982
2.2601264
11.286267
11.524439177862748
-0.89064306
1.5514427
11.204864
11.346770081577386
