1.3120226
2.6048915
8.901642
9.367288495076897
0.6368576
2.7006595
8.595184
9.031962541500835
0.9720459
3.0023289
8.844181
9.390334951583446
-0.31124622
3.6296098
10.979809
11.568367783689752
-1.1540052
0.7134721
8.24563
8.356505512904723
0.05746084
2.2505496
9.3661175
9.632882989654904
-0.41180268
2.1547816
11.176133
11.389407915730231
1.1779473
0.8475474
5.305551
5.500433471244064
-0.48362875
2.858677
6.531382
7.1459695193230255
0.32561144
3.1890767
9.56723
10.090001027132706
-0.93373865
0.7661445
8.441956
8.527922599741833
-0.2633622
2.681506
6.4978633
7.0343488180113045
-0.05267244
3.6966474
9.203311
9.91811029093567
0.21547815
0.9864111
11.765107
11.808352110494914
0.81402856
2.60968
7.867347
8.328758458993857
0.6607997
3.5338416
8.331821
9.0743562160003
-1.3024458
2.4851813
12.0332575
12.356042386106711
-0.1436521
1.9536686
7.2592196
7.518891257261631
-0.78529817
3.9456444
7.881712
8.849078079739613
0.4165911
4.0797195
8.159439
9.132037231850637
0.090979666
1.388637
11.080365
11.167411627521219
0.545878
2.3942018
9.940725
10.239541277147442
0.4357447
3.064578
12.631808
13.005540694070246
-0.40222588
0.94331545
9.873688
9.926798882800552
-0.6560113
2.5617957
9.251195
9.621733668578782
-0.11492168
2.8921957
10.907983
11.285481766138638
0.51714754
0.63206923
10.060435
10.093528154610267
0.59855044
2.15957
10.0748005
10.321027339692483
1.5562311
2.0446482
11.36767
11.654457097576781
-0.36870706
0.04309563
8.360553
8.368789875599315
0.17238252
2.5139117
8.461109
8.828354013898998
0.07182605
2.1883004
11.688493
11.891790786519563
0.44532153
1.0582372
7.6470804
7.732788416419735
0.21068975
3.2082303
6.655881
7.391744194211946
0.033518825
3.2944214
9.940725
10.47245736593136
-0.51714754
0.6943185
9.136273
9.177200460967454
0.320823
3.2225955
5.7269306
6.5791931010080225
0.0
3.739743
7.881712
8.723936227039777
0.45968673
0.545878
14.369999
14.387708801292208
0.5793968
2.4851813
5.9902925
6.511177429509558
0.7038953
3.0454245
7.589619
8.208069101589292
-1.8818425
2.111686
13.239936
13.538701848918391
0.11971009
1.1348516
7.7572136
7.840700324172984
-0.8523358
3.083732
8.178593
8.782098803783413
0.770933
2.2697031
12.26789
12.499880980878691
0.51235914
0.770933
9.14585
9.192574481511942
0.58897364
2.9640217
8.829816
9.332628859318325
0.07182605
3.5338416
10.0987425
10.699429462944252
-0.6368576
0.90979666
9.3661175
9.431726976269129
-0.50757074
2.384625
9.552865
9.859071657377914
-0.60812724
2.2266076
12.483368
12.694962735566492
0.46926352
0.7661445
6.7324953
6.792177738861027
0.2825158
2.432509
8.250419
8.606179310626764
0.4309563
2.954445
10.94629
11.34617702277849
0.15801731
0.90979666
6.6271505
6.691175074906996
-0.16280572
2.6910827
6.9000893
7.408081085865344
-0.4405331
3.3087866
9.385271
9.961197147351237
1.6184803
0.79487497
10.19451
10.352746099786309
0.80924016
2.552219
6.1387334
6.697218633638729
0.92895025
3.7062242
8.662222
9.467477643732268
-1.283292
1.484405
12.392388
12.5467758839874
0.82360536
1.5610195
7.52737
7.731520494001805
-0.6464345
3.2513258
8.422802
9.05166251576562
1.412579
0.50278234
15.1696615
15.243582453946757
1.0821792
1.0630256
9.002198
9.129113093372325
0.6943185
2.6001031
9.217676
9.602508423833074
-0.01436521
2.9496565
11.003751
11.392243781792464
-0.05746084
0.8619126
7.393295
7.443588201268162
-0.37349546
2.7485435
9.198523
9.60764323191071
-0.1436521
2.882619
9.782708
10.19958378559704
0.81402856
1.6280571
10.093954
10.256759647629377
0.47405192
2.0973208
7.9487495
8.234445879231236
0.5267244
3.040636
9.093178
9.60254060187939
