16.051086
-31.982895
-11.574905
37.61012313599475
18.91983
-31.270401
-10.876465
38.13260362189258
17.485458
-31.270401
-13.670227
38.34650369594502
18.202637
-31.270401
-12.273346
38.20744639413811
18.202637
-30.557907
-12.273346
37.62654267757254
18.91983
-29.845398
-11.574905
37.1844881264562
18.202637
-31.270401
-10.17804
37.5867859691699
18.202637
-30.557907
-12.273346
37.62654267757254
18.91983
-31.270401
-11.574905
38.337662515958115
19.637024
-30.557907
-12.273346
38.34101520911548
19.637024
-30.557907
-10.17804
37.722552495779965
20.354202
-30.557907
-11.574905
38.49750144084029
20.354202
-29.132904
-10.17804
36.96771811482537
21.788574
-28.420395
-12.9717865
38.08842379705086
20.354202
-29.132904
-12.273346
37.598599217071076
20.354202
-29.845398
-12.9717865
38.38370218921046
20.354202
-27.707901
-12.273346
36.50556631625255
19.637024
-28.420395
-12.273346
36.660149382324875
21.788574
-29.845398
-12.273346
38.93744670441778
20.354202
-30.557907
-11.574905
38.49750144084029
20.354202
-29.845398
-10.876465
37.72716351897529
18.91983
-31.270401
-8.082718
37.43164831928241
20.354202
-31.270401
-9.479599
38.49667859303335
18.91983
-31.270401
-10.17804
37.93930024301565
21.071396
-31.270401
-10.17804
39.05680739770677
20.354202
-29.845398
-8.781158
37.17727997694795
21.071396
-29.132904
-9.479599
37.18322914025724
19.637024
-29.845398
-9.479599
36.962457529249356
20.354202
-31.270401
-8.082718
38.17671793111854
21.788574
-31.982895
-10.17804
40.015498401303056
21.071396
-30.557907
-8.781158
38.1431277343557
19.637024
-30.557907
-8.082718
37.21194377838418
19.637024
-31.982895
-8.781158
38.543833166867465
20.354202
-30.557907
-10.17804
38.10081039728273
19.637024
-29.845398
-8.082718
36.629097666997446
19.637024
-30.557907
-10.17804
37.722552495779965
18.91983
-29.845398
-10.17804
36.77363584103087
18.91983
-29.845398
-7.3842773
36.10035112796689
19.637024
-31.270401
-9.479599
38.122348780767695
19.637024
-30.557907
-8.781158
37.36987024527163
18.202637
-30.557907
-8.082718
36.47536190865264
19.637024
-29.132904
-8.781158
36.21391320702065
18.91983
-31.270401
-10.17804
37.93930024301565
18.91983
-30.557907
-8.781158
36.998033625957746
18.91983
-29.132904
-10.876465
36.4003230824647
18.202637
-29.132904
-10.876465
36.032755890582564
18.91983
-29.132904
-10.17804
36.19777015857641
18.202637
-29.845398
-10.17804
36.40983753783104
19.637024
-29.132904
-9.479599
36.38958007570213
18.202637
-29.845398
-8.781158
36.04431307270001
18.202637
-29.132904
-10.17804
35.828125
18.91983
-30.557907
-10.876465
37.55054211180745
18.91983
-27.707901
-10.876465
35.27017478681085
18.202637
-30.557907
-10.17804
36.99613808762257
19.637024
-29.132904
-10.876465
36.77820319793709
19.637024
-30.557907
-9.479599
37.540128269210136
18.91983
-31.270401
-9.479599
37.75792322945692
18.202637
-29.845398
-8.781158
36.04431307270001
17.485458
-29.845398
-10.17804
36.05664353442719
18.91983
-28.420395
-10.17804
35.62683486228727
18.91983
-29.845398
-11.574905
37.1844881264562
20.354202
-29.132904
-11.574905
37.37643705431271
18.91983
-27.707901
-12.9717865
35.97158539812622
21.071396
-29.132904
-10.17804
37.367395756528175
20.354202
-26.995407
-11.574905
35.73547153433476
20.354202
-29.132904
-11.574905
37.37643705431271
21.071396
-29.132904
-9.479599
37.18322914025724
20.354202
-29.132904
-10.876465
37.16607510448036
20.354202
-26.282898
-11.574905
35.20032133475932
20.354202
-28.420395
-11.574905
36.82378096728475
21.071396
-28.420395
-10.876465
37.013783130093074
18.91983
-29.132904
-10.17804
36.19777015857641
21.071396
-26.995407
-10.876465
35.93122907244129
21.071396
-28.420395
-10.876465
37.013783130093074
21.788574
-28.420395
-11.574905
37.63561091551956
20.354202
-27.707901
-10.876465
36.059934104990404
21.788574
-29.132904
-10.17804
37.77645492730889
19.637024
-26.995407
-11.574905
35.331899745816635
20.354202
-29.845398
-10.876465
37.72716351897529
21.788574
-26.995407
-12.273346
36.7984922017236
21.071396
-28.420395
-10.876465
37.013783130093074
21.071396
-27.707901
-10.876465
36.46956170101394
21.788574
-29.132904
-11.574905
38.1765164876631
20.354202
-28.420395
-11.574905
36.82378096728475
21.071396
-27.707901
-12.273346
36.91024864557438
20.354202
-29.132904
-12.9717865
37.832352097568226
21.071396
-27.707901
-12.273346
36.91024864557438
21.788574
-29.132904
-12.273346
38.39404937413804
21.071396
-27.707901
-10.17804
36.267395475955745
20.354202
-29.132904
-12.273346
37.598599217071076
21.071396
-29.132904
-10.17804
37.367395756528175
21.788574
-29.132904
-12.273346
38.39404937413804
19.637024
-29.132904
-10.876465
36.77820319793709
21.071396
-29.132904
-11.574905
37.77179013341587
19.637024
-28.420395
-11.574905
36.43226504794119
20.354202
-29.132904
-12.273346
37.598599217071076
20.354202
-29.132904
-10.876465
37.16607510448036
19.637024
-29.845398
-12.273346
37.775593753089275
21.071396
-29.845398
-11.574905
38.32401151234611
18.91983
-29.132904
-12.273346
36.841838240265304
18.202637
-31.982895
-10.876465
38.373676687281346
19.637024
-29.845398
-13.670227
38.252262622008715
18.202637
-28.420395
-12.9717865
36.15691003881122
18.91983
-29.845398
-12.9717865
37.64272805716846
19.637024
-28.420395
-14.368652
37.41376314742427
19.637024
-29.132904
-12.9717865
37.451381243303295
19.637024
-31.270401
-14.368652
39.62207482548791
20.354202
-29.845398
-12.9717865
38.38370218921046
19.637024
-29.845398
-12.9717865
38.00825812302999
19.637024
-31.270401
-13.670227
39.3741768887181
18.91983
-30.557907
-12.9717865
38.210115669193215
18.91983
-29.845398
-12.9717865
37.64272805716846
18.91983
-30.557907
-13.670227
38.45283929190893
21.071396
-30.557907
-12.9717865
39.31992676271155
17.485458
-30.557907
-13.670227
37.7677388734006
18.91983
-29.845398
-14.368652
38.146636726645866
19.637024
-30.557907
-15.067093
39.324493276892646
19.637024
-31.270401
-13.670227
39.3741768887181
19.637024
-30.557907
-14.368652
39.06221406145346
18.91983
-29.845398
-13.670227
37.88908663114206
17.485458
-30.557907
-12.273346
37.28487612028083
19.637024
-31.982895
-12.273346
39.48611553840793
19.637024
-31.982895
-12.9717865
39.708758762531694
18.202637
-32.695404
-13.670227
39.83968576085205
17.485458
-31.270401
-12.273346
37.87102102397607
18.202637
-31.270401
-14.368652
38.93111968693072
20.354202
-30.557907
-14.368652
39.427621707574815
18.91983
-30.557907
-12.273346
37.978687935534154
18.202637
-29.845398
-13.670227
37.53610078717138
18.202637
-31.270401
-12.273346
38.20744639413811
18.202637
-30.557907
-12.273346
37.62654267757254
19.637024
-32.695404
-11.574905
39.857001472843514
19.637024
-30.557907
-12.9717865
38.570268982910434
20.354202
-31.982895
-13.670227
40.299804202377956
18.91983
-30.557907
-14.368652
38.706638415417515
21.071396
-31.270401
-13.670227
40.108811960403415
19.637024
-31.270401
-15.067093
39.880672230770195
20.354202
-30.557907
-12.9717865
38.94029321341681
21.071396
-30.557907
-12.9717865
39.31992676271155
18.91983
-29.132904
-12.273346
36.841838240265304
21.071396
-31.982895
-14.368652
40.90681400012258
19.637024
-31.982895
-14.368652
40.186769469934845
19.637024
-31.270401
-13.670227
39.3741768887181
18.91983
-32.695404
-14.368652
40.41543755514021
18.202637
-30.557907
-12.9717865
37.860123032230426
19.637024
-31.982895
-12.9717865
39.708758762531694
21.788574
-31.982895
-12.273346
40.59904669784055
21.788574
-31.270401
-12.9717865
40.259746248191256
20.354202
-31.270401
-12.9717865
39.50188200124932
20.354202
-31.982895
-15.765533
41.057899345105476
18.91983
-30.557907
-12.273346
37.978687935534154
21.071396
-31.982895
-13.670227
40.666748380318346
21.788574
-33.407898
-10.17804
41.16335893899604
18.91983
-33.407898
-10.876465
39.904198936621164
20.354202
-33.407898
-10.17804
40.42244122863948
19.637024
-33.407898
-10.17804
40.06610595852419
21.071396
-32.695404
-11.574905
40.582897353653635
19.637024
-32.695404
-10.876465
39.659799018693036
19.637024
-34.120407
-9.479599
40.4929328686462
19.637024
-32.695404
-13.670227
40.51514895593838
21.788574
-34.120407
-10.876465
41.9194653728842
20.354202
-33.407898
-12.273346
41.000197991614165
20.354202
-34.120407
-10.876465
41.19214989401045
19.637024
-34.8329
-10.17804
41.26179992211319
19.637024
-33.407898
-10.876465
40.24919629923528
19.637024
-34.120407
-10.876465
40.84253058623449
20.354202
-34.120407
-11.574905
41.382050711555486
19.637024
-35.545395
-10.17804
41.86502475637107
17.485458
-32.695404
-11.574905
38.842104814818065
17.485458
-33.407898
-12.273346
39.654304522806854
16.051086
-32.695404
-10.17804
37.81824271990801
17.485458
-35.545395
-10.17804
40.89998579328146
16.768265
-33.407898
-12.273346
39.34332648451561
18.91983
-33.407898
-12.273346
40.30735189996361
18.202637
-34.8329
-12.273346
41.17404524640644
17.485458
-34.120407
-11.574905
40.04899190903171
18.202637
-32.695404
-12.9717865
39.605462393048604
18.91983
-32.695404
-13.670227
40.172435636402945
18.91983
-32.695404
-12.9717865
39.94016368024407
18.202637
-34.120407
-12.9717865
40.78976952437415
18.91983
-32.695404
-14.368652
40.41543755514021
18.202637
-31.982895
-13.670227
39.2570592278478
19.637024
-32.695404
-13.670227
40.51514895593838
18.91983
-34.120407
-12.9717865
41.1148309164596
19.637024
-33.407898
-12.273346
40.64892774906169
20.354202
-33.407898
-9.479599
40.25225482571986
18.91983
-34.120407
-8.781158
39.990884886726846
18.91983
-34.120407
-10.17804
40.320647795786655
18.91983
-34.120407
-9.479599
40.150029917096575
18.202637
-35.545395
-12.273346
41.77853569623851
18.91983
-33.407898
-12.273346
40.30735189996361
20.354202
-33.407898
-10.876465
40.60392482183834
20.354202
-34.120407
-10.17804
41.01326927758792
19.637024
-34.8329
-8.781158
40.93961856397861
18.91983
-34.8329
-8.781158
40.60048839857872
19.637024
-35.545395
-9.479599
41.70072615103288
19.637024
-34.120407
-9.479599
40.4929328686462
20.354202
-33.407898
-8.781158
40.09351556342216
21.788574
-33.407898
-10.876465
41.341590138688574
21.071396
-33.407898
-11.574905
41.15907800411031
19.637024
-34.120407
-10.876465
40.84253058623449
20.354202
-33.407898
-12.9717865
41.21466289441174
21.071396
-32.695404
-10.876465
40.38923927748655
20.354202
-31.982895
-12.273346
39.847636146267355
21.071396
-31.982895
-11.574905
40.01109465276475
20.354202
-34.120407
-11.574905
41.382050711555486
21.071396
-34.8329
-10.17804
41.96340365239395
19.637024
-34.120407
-8.781158
40.335140807791596
19.637024
-33.407898
-8.781158
39.73423060827088
21.071396
-33.407898
-8.781158
40.46232906349049
19.637024
-34.120407
-10.17804
40.66211195489989
21.788574
-34.120407
-10.17804
41.74370157393508
20.354202
-34.8329
-10.17804
41.6078963781591
20.354202
-34.8329
-10.17804
41.6078963781591
21.071396
-32.695404
-8.781158
39.87608216350921
20.354202
-32.695404
-11.574905
40.2151896005648
20.354202
-33.407898
-10.876465
40.60392482183834
21.788574
-33.407898
-10.876465
41.341590138688574
20.354202
-32.695404
-10.17804
39.83560731746866
21.071396
-34.120407
-10.17804
41.37388475649525
19.637024
-34.8329
-9.479599
41.09508968823861
20.354202
-34.120407
-8.082718
40.54412472608932
21.071396
-34.120407
-9.479599
41.20762797730082
20.354202
-34.8329
-10.17804
41.6078963781591
21.071396
-31.982895
-8.781158
39.293995297071156
20.354202
-34.120407
-9.479599
40.845544683696076
21.071396
-34.8329
-8.082718
41.5050001694073
19.637024
-34.120407
-7.3842773
40.054243311122015
21.071396
-32.695404
-7.3842773
39.5919278635573
20.354202
-34.8329
-7.3842773
41.01404758871495
19.637024
-34.120407
-7.3842773
40.054243311122015
17.485458
-35.545395
-6.685852
40.17358423289099
19.637024
-34.8329
-7.3842773
40.66289698737966
20.354202
-34.8329
-6.685852
40.89407137033665
19.637024
-34.120407
-7.3842773
40.054243311122015
19.637024
-33.407898
-9.479599
39.89439948603767
19.637024
-34.120407
-7.3842773
40.054243311122015
17.485458
-34.8329
-8.781158
39.95223283125895
18.91983
-33.407898
-8.781158
39.38472257196072
19.637024
-35.545395
-8.082718
41.40553212821099
19.637024
-34.8329
-8.082718
40.79551354966928
20.354202
-32.695404
-8.082718
39.352425634518546
20.354202
-34.8329
-10.876465
41.78423144046462
19.637024
-33.407898
-10.17804
40.06610595852419
19.637024
-34.8329
-9.479599
41.09508968823861
18.91983
-34.8329
-9.479599
40.75725317686948
19.637024
-33.407898
-10.876465
40.24919629923528
20.354202
-33.407898
-9.479599
40.25225482571986
18.91983
-34.120407
-11.574905
40.69570619770208
18.202637
-34.8329
-8.781158
40.271277069841446
18.91983
-33.407898
-10.17804
39.71951833442533
18.202637
-33.407898
-8.082718
38.89413717065851
18.202637
-35.545395
-8.781158
40.889115908817196
18.202637
-34.8329
-6.685852
39.8668728860308
18.91983
-34.120407
-5.9874115
39.47165097216925
18.91983
-34.8329
-5.9874115
40.08915083471384
18.91983
-34.120407
-7.3842773
39.707552143964065
18.91983
-35.545395
-8.781158
41.21339373604396
19.637024
-34.120407
-8.781158
40.335140807791596
20.354202
-33.407898
-8.082718
39.94635838035255
19.637024
-34.8329
-7.3842773
40.66289698737966
21.071396
-34.8329
-8.082718
41.5050001694073
21.071396
-32.695404
-7.3842773
39.5919278635573
20.354202
-32.695404
-6.685852
39.08943134119662
21.071396
-32.695404
-8.082718
39.7281195921494
21.071396
-32.695404
-8.082718
39.7281195921494
21.788574
-31.270401
-9.479599
39.27394491292462
21.071396
-32.695404
-8.781158
39.87608216350921
21.788574
-33.407898
-8.781158
40.84040100797478
21.788574
-34.120407
-8.781158
41.42526833281002
21.788574
-33.407898
-6.685852
40.441688285322456
22.505768
-33.407898
-8.082718
41.08439472883074
19.637024
-33.407898
-6.685852
39.32430392144596
21.788574
-33.407898
-6.685852
40.441688285322456
20.354202
-34.120407
-7.3842773
40.41068318439677
22.505768
-32.695404
-5.9874115
40.14160117049705
23.94014
-32.695404
-6.685852
41.070919572981474
22.505768
-31.982895
-7.3842773
39.79877823531066
22.505768
-32.695404
-5.9874115
40.14160117049705
21.071396
-32.695404
-7.3842773
39.5919278635573
21.788574
-31.982895
-8.082718
39.53451536661905
20.354202
-33.407898
-6.685852
39.68730007331533
22.505768
-30.557907
-6.685852
38.535643884712435
22.505768
-32.695404
-5.9874115
40.14160117049705
23.222961
-31.982895
-5.288971
39.87711991083123
21.788574
-31.982895
-4.5905304
38.97076572322755
22.505768
-34.120407
-5.9874115
41.31054091894253
21.788574
-35.545395
-5.288971
42.026067001531175
21.788574
-32.695404
-5.288971
39.64473119992192
21.788574
-31.982895
-4.5905304
38.97076572322755
21.788574
-31.982895
-6.685852
39.27274047645835
21.788574
-32.695404
-6.685852
39.85513777213595
23.222961
-30.557907
-6.685852
38.958851552090344
22.505768
-31.982895
-5.9874115
39.56342101267991
21.071396
-32.695404
-5.9874115
39.355333630351176
21.788574
-33.407898
-6.685852
40.441688285322456
23.222961
-31.982895
-8.082718
40.34280292749718
21.788574
-33.407898
-6.685852
40.441688285322456
21.071396
-32.695404
-8.781158
39.87608216350921
20.354202
-33.407898
-7.3842773
39.81091324595007
20.354202
-32.695404
-8.781158
39.50179547442274
20.354202
-31.982895
-8.781158
38.91410876954688
21.788574
-31.982895
-7.3842773
39.39765438320456
22.505768
-32.695404
-8.082718
40.507151784630885
20.354202
-33.407898
-6.685852
39.68730007331533
21.071396
-30.557907
-5.9874115
37.598384936120425
21.071396
-32.695404
-7.3842773
39.5919278635573
21.788574
-32.695404
-6.685852
39.85513777213595
21.071396
-30.557907
-6.685852
37.71591163202044
22.505768
-29.132904
-7.3842773
37.54681322820554
23.222961
-31.270401
-8.082718
39.78032329046296
21.788574
-30.557907
-8.781158
38.5439550981652
21.788574
-32.695404
-8.781158
40.25965983414338
21.788574
-29.132904
-10.876465
37.97058733980405
23.222961
-30.557907
-8.082718
39.22272141246703
23.94014
-31.270401
-9.479599
40.50717287947284
23.222961
-29.845398
-8.082718
38.670195670608194
23.94014
-30.557907
-8.082718
39.65156160721322
21.788574
-31.270401
-7.3842773
38.82148302094232
23.222961
-31.270401
-6.685852
39.52017662348642
23.222961
-29.845398
-8.781158
38.82219050473501
23.94014
-31.270401
-9.479599
40.50717287947284
24.657333
-29.132904
-9.479599
39.326492318116486
23.94014
-31.270401
-6.685852
39.94582360200109
24.657333
-29.845398
-7.3842773
39.4114135940894
24.657333
-29.132904
-7.3842773
38.874642030104276
26.091705
-28.420395
-8.082718
39.41860339922398
25.374512
-30.557907
-8.781158
40.67874599808311
24.657333
-29.845398
-7.3842773
39.4114135940894
25.374512
-28.420395
-8.082718
38.947593495137795
24.657333
-28.420395
-8.082718
38.484194198722676
25.374512
-28.420395
-7.3842773
38.80866275314701
25.374512
-26.995407
-10.876465
38.61237373269659
25.374512
-27.707901
-9.479599
38.748631213224
25.374512
-27.707901
-9.479599
38.748631213224
26.091705
-28.420395
-10.17804
39.90098370938444
25.374512
-27.707901
-9.479599
38.748631213224
26.808899
-30.557907
-9.479599
41.74165160263337
26.091705
-28.420395
-10.17804
39.90098370938444
24.657333
-27.707901
-10.876465
38.65241776932023
25.374512
-28.420395
-9.479599
39.26127239106783
25.374512
-27.707901
-10.17804
38.925392191043656
25.374512
-27.707901
-10.876465
39.11382253476704
24.657333
-29.132904
-9.479599
39.326492318116486
23.94014
-27.707901
-12.273346
38.61985453186612
23.222961
-28.420395
-10.17804
38.08697033855952
23.94014
-29.132904
-8.781158
38.71647207534459
23.222961
-29.845398
-10.876465
39.34909397037068
23.94014
-29.132904
-10.876465
39.244794949955626
21.071396
-28.420395
-9.479599
36.62765961972932
23.222961
-29.845398
-10.17804
39.161795671730566
23.222961
-29.132904
-9.479599
38.44339703239849
22.505768
-30.557907
-8.781158
38.9538708312072
21.788574
-31.270401
-10.17804
39.448352124665014
21.788574
-31.982895
-10.17804
40.015498401303056
22.505768
-29.845398
-9.479599
38.5631964078122
22.505768
-31.270401
-12.273346
40.434917385167395
21.788574
-30.557907
-9.479599
38.70904936742425
21.071396
-30.557907
-10.17804
38.488725076414426
22.505768
-31.270401
-10.17804
39.84896565127585
21.071396
-31.270401
-9.479599
38.88064387035582
21.071396
-29.845398
-11.574905
38.32401151234611
21.071396
-29.845398
-9.479599
37.74406255045289
21.788574
-30.557907
-10.876465
39.07461062266008
21.071396
-32.695404
-8.781158
39.87608216350921
22.505768
-29.845398
-10.876465
38.93012727400608
21.071396
-29.845398
-9.479599
37.74406255045289
21.788574
-31.270401
-11.574905
39.8316249933313
22.505768
-31.270401
-9.479599
39.676319475833914
21.071396
-31.270401
-10.876465
39.24460676521361
22.505768
-30.557907
-10.876465
39.47901687526552
22.505768
-31.270401
-10.876465
40.033049091110335
23.222961
-31.270401
-10.17804
40.25836966551179
22.505768
-30.557907
-9.479599
39.117235089595574
24.657333
-31.270401
-10.17804
41.10248837699793
23.222961
-31.982895
-10.17804
40.81426166278308
23.94014
-30.557907
-10.17804
40.13114183426476
23.222961
-31.270401
-10.876465
40.440589562711466
21.788574
-31.270401
-10.876465
39.63429627741926
21.788574
-31.270401
-12.273346
40.040166905500186
22.505768
-30.557907
-12.9717865
40.10688843577871
21.788574
-30.557907
-12.273346
39.48623455999017
21.788574
-30.557907
-13.670227
39.9424940637318
22.505768
-30.557907
-11.574905
39.677117859550044
21.071396
-31.270401
-12.9717865
39.87616940879289
20.354202
-33.407898
-10.876465
40.60392482183834
22.505768
-32.695404
-8.781158
40.652279002362675
22.505768
-31.982895
-10.876465
40.59202688317467
21.788574
-31.270401
-10.17804
39.448352124665014
23.222961
-31.270401
-10.876465
40.440589562711466
20.354202
-31.982895
-10.17804
39.252918693729804
22.505768
-31.270401
-9.479599
39.676319475833914
23.94014
-31.270401
-10.876465
40.856648749870715
23.94014
-29.845398
-9.479599
39.41752106356861
22.505768
-31.982895
-9.479599
40.24025290802187
23.94014
-31.982895
-9.479599
41.059696560503525
23.94014
-30.557907
-10.17804
40.13114183426476
23.222961
-31.982895
-9.479599
40.64571587203257
23.94014
-31.270401
-10.876465
40.856648749870715
23.94014
-29.845398
-11.574905
39.973198113020835
23.94014
-31.270401
-11.574905
41.04810172557846
23.94014
-30.557907
-11.574905
40.50795488764753
24.657333
-31.982895
-10.876465
41.823284588719986
24.657333
-31.270401
-11.574905
41.47047642647794
23.222961
-29.845398
-11.574905
39.547845762976614
23.94014
-31.982895
-9.479599
41.059696560503525
24.657333
-31.270401
-10.876465
41.280982387001615
24.657333
-30.557907
-12.273346
41.138847640110804
24.657333
-30.557907
-11.574905
40.93590317734925
24.657333
-30.557907
-12.273346
41.138847640110804
23.222961
-31.270401
-10.876465
40.440589562711466
26.091705
-30.557907
-9.479599
41.28468889442399
25.374512
-30.557907
-11.574905
41.3718503922995
26.091705
-30.557907
-10.876465
41.62763780821808
25.374512
-30.557907
-11.574905
41.3718503922995
24.657333
-30.557907
-12.273346
41.138847640110804
26.091705
-29.845398
-10.876465
41.107449296876986
24.657333
-31.270401
-9.479599
40.93512934452663
25.374512
-31.270401
-9.479599
41.37108471373001
23.94014
-31.982895
-10.876465
41.404509102553526
23.222961
-31.270401
-11.574905
40.63400290868243
23.222961
-31.982895
-10.17804
40.81426166278308
23.94014
-32.695404
-10.876465
41.95732782719173
22.505768
-31.982895
-11.574905
40.78472207441777
23.222961
-31.982895
-9.479599
40.64571587203257
21.788574
-31.270401
-9.479599
39.27394491292462
22.505768
-34.8329
-8.781158
42.39043926194104
22.505768
-32.695404
-9.479599
40.8088448305787
21.071396
-31.982895
-9.479599
39.45595132203205
21.788574
-32.695404
-9.479599
40.4177465759937
21.788574
-32.695404
-11.574905
40.95985643123261
20.354202
-31.982895
-10.17804
39.252918693729804
22.505768
-32.695404
-8.082718
40.507151784630885
21.071396
-33.407898
-9.479599
40.61962704854022
22.505768
-33.407898
-10.17804
41.54743911802056
21.788574
-32.695404
-12.273346
41.16268279738488
21.788574
-32.695404
-10.876465
40.76798904366099
22.505768
-31.982895
-9.479599
40.24025290802187
20.354202
-33.407898
-10.876465
40.60392482183834
21.071396
-33.407898
-10.17804
40.788280643962246
22.505768
-32.695404
-9.479599
40.8088448305787
22.505768
-34.8329
-12.9717865
43.45236228429862
20.354202
-32.695404
-10.876465
40.01975220320898
20.354202
-34.120407
-9.479599
40.845544683696076
21.071396
-32.695404
-11.574905
40.582897353653635
21.071396
-34.120407
-11.574905
41.73948016089279
21.071396
-32.695404
-10.876465
40.38923927748655
22.505768
-32.695404
-11.574905
41.34582708076098
21.788574
-31.982895
-12.273346
40.59904669784055
21.788574
-34.8329
-10.17804
42.32806876380539
21.071396
-34.8329
-8.082718
41.5050001694073
21.788574
-35.545395
-9.479599
42.756050261739276
21.788574
-34.8329
-8.781158
42.01406479531587
19.637024
-34.120407
-8.781158
40.335140807791596
19.637024
-33.407898
-11.574905
40.443524956876594
20.354202
-31.982895
-9.479599
39.07763925377834
21.788574
-34.120407
-8.781158
41.42526833281002
22.505768
-33.407898
-10.876465
41.72402968698388
21.788574
-31.982895
-12.273346
40.59904669784055
19.637024
-34.120407
-9.479599
40.4929328686462
21.788574
-33.407898
-9.479599
40.996248399243804
21.071396
-34.120407
-10.876465
41.551212929329
22.505768
-32.695404
-11.574905
41.34582708076098
20.354202
-32.695404
-11.574905
40.2151896005648
23.222961
-32.695404
-12.273346
41.93960443211017
21.071396
-31.982895
-12.273346
40.218705990166285
21.788574
-32.695404
-10.876465
40.76798904366099
21.788574
-31.982895
-13.670227
41.04293733491945
20.354202
-32.695404
-10.17804
39.83560731746866
21.071396
-34.120407
-11.574905
41.73948016089279
20.354202
-33.407898
-11.574905
40.79656381535858
18.91983
-33.407898
-11.574905
40.10019951292715
21.071396
-34.120407
-8.781158
41.05258305143919
20.354202
-33.407898
-10.876465
40.60392482183834
21.788574
-33.407898
-10.17804
41.16335893899604
21.071396
-34.8329
-10.876465
42.13825105706735
23.222961
-31.982895
-8.781158
40.488519242245545
21.071396
-33.407898
-8.082718
40.316518089480084
20.354202
-31.982895
-9.479599
39.07763925377834
19.637024
-34.8329
-9.479599
41.09508968823861
21.788574
-34.120407
-7.3842773
41.151812592976995
20.354202
-34.120407
-7.3842773
40.41068318439677
21.788574
-34.8329
-8.082718
41.87365756943365
20.354202
-35.545395
-6.685852
41.50264134101889
21.071396
-34.120407
-8.082718
40.90887596613356
20.354202
-33.407898
-6.685852
39.68730007331533
21.071396
-34.120407
-9.479599
41.20762797730082
23.222961
-34.120407
-8.082718
42.05756030615958
22.505768
-33.407898
-8.781158
41.227490011122285
21.788574
-34.8329
-8.781158
42.01406479531587
21.071396
-33.407898
-8.781158
40.46232906349049
22.505768
-33.407898
-9.479599
41.38187962064435
20.354202
-33.407898
-8.082718
39.94635838035255
21.788574
-34.120407
-10.17804
41.74370157393508
21.788574
-34.8329
-8.781158
42.01406479531587
21.071396
-33.407898
-8.082718
40.316518089480084
21.071396
-34.8329
-9.479599
41.79949174051791
21.071396
-33.407898
-7.3842773
40.18232069560412
21.788574
-34.120407
-8.082718
41.282858598484914
21.071396
-33.407898
-7.3842773
40.18232069560412
21.788574
-33.407898
-10.17804
41.16335893899604
23.222961
-31.270401
-8.082718
39.78032329046296
21.788574
-31.982895
-8.781158
39.68319981624781
23.222961
-33.407898
-8.082718
41.48160890024789
21.788574
-33.407898
-8.082718
40.695944664172316
22.505768
-33.407898
-8.781158
41.227490011122285
21.788574
-34.120407
-8.781158
41.42526833281002
23.222961
-34.120407
-7.3842773
41.928935647488714
22.505768
-32.695404
-7.3842773
40.37358804129409
23.222961
-33.407898
-7.3842773
41.351192758832546
20.354202
-33.407898
-8.082718
39.94635838035255
21.788574
-34.120407
-8.781158
41.42526833281002
20.354202
-33.407898
-8.082718
39.94635838035255
21.788574
-32.695404
-9.479599
40.4177465759937
21.071396
-34.8329
-10.17804
41.96340365239395
20.354202
-34.120407
-5.288971
40.08078085742124
21.071396
-34.8329
-6.685852
41.25573024829778
21.071396
-34.120407
-8.082718
40.90887596613356
19.637024
-34.120407
-7.3842773
40.054243311122015
21.788574
-31.982895
-8.082718
39.53451536661905
21.071396
-32.695404
-9.479599
40.03568354644704
21.071396
-31.982895
-8.082718
39.143832515780026
20.354202
-33.407898
-6.685852
39.68730007331533
22.505768
-31.982895
-8.082718
39.93426452807711
21.788574
-32.695404
-7.3842773
39.97823199196189
22.505768
-33.407898
-7.3842773
40.952713656842995
21.071396
-32.695404
-7.3842773
39.5919278635573
22.505768
-33.407898
-8.781158
41.227490011122285
22.505768
-32.695404
-7.3842773
40.37358804129409
23.222961
-31.982895
-6.685852
40.086306730661626
23.222961
-32.695404
-7.3842773
40.77772673956795
21.788574
-34.120407
-8.082718
41.282858598484914
22.505768
-31.982895
-8.781158
40.081466113170684
22.505768
-32.695404
-8.082718
40.507151784630885
23.94014
-34.8329
-5.9874115
42.68852659362203
22.505768
-33.407898
-8.082718
41.08439472883074
20.354202
-34.8329
-6.685852
40.89407137033665
21.788574
-34.120407
-7.3842773
41.151812592976995
20.354202
-33.407898
-7.3842773
39.81091324595007
23.222961
-34.8329
-7.3842773
42.51075662359984
20.354202
-33.407898
-6.685852
39.68730007331533
20.354202
-34.8329
-6.685852
40.89407137033665
21.071396
-32.695404
-7.3842773
39.5919278635573
20.354202
-32.695404
-6.685852
39.08943134119662
20.354202
-32.695404
-5.9874115
38.976046517681056
21.788574
-34.120407
-6.685852
41.03223919456885
21.071396
-33.407898
-4.5905304
39.763856787799455
20.354202
-32.695404
-5.9874115
38.976046517681056
21.071396
-32.695404
-4.5905304
39.167156676345236
20.354202
-34.8329
-3.8920898
40.53113404715488
18.91983
-33.407898
-3.8920898
38.5901013583997
20.354202
-33.407898
-4.5905304
39.38850369883086
19.637024
-36.257904
-1.7967834
41.27319571550418
21.071396
-34.8329
-5.9874115
41.14831512821181
17.485458
-33.407898
-6.685852
38.29529238620999
21.071396
-33.407898
-6.685852
40.05985359580321
20.354202
-34.8329
-5.9874115
40.785703779786616
21.071396
-34.8329
-4.5905304
40.96837456921802
18.202637
-34.8329
-6.685852
39.8668728860308
19.637024
-35.545395
-6.685852
41.15565975753669
18.202637
-36.257904
-4.5905304
40.82945845507108
18.202637
-34.8329
-4.5905304
39.56943252353229
18.202637
-35.545395
-4.5905304
40.19806006765905
21.071396
-34.120407
-4.5905304
40.364325940039556
18.202637
-33.407898
-6.685852
38.628022800912454
20.354202
-34.120407
-6.685852
40.28891024913059
20.354202
-34.120407
-6.685852
40.28891024913059
20.354202
-33.407898
-5.9874115
39.575628190588304
19.637024
-31.982895
-8.082718
38.39073628901248
18.91983
-34.120407
-5.9874115
39.47165097216925
21.071396
-34.120407
-6.685852
40.65595125034356
18.91983
-32.695404
-6.685852
38.36209098073334
21.788574
-31.982895
-6.685852
39.27274047645835
21.071396
-33.407898
-7.3842773
40.18232069560412
20.354202
-33.407898
-7.3842773
39.81091324595007
21.788574
-34.120407
-6.685852
41.03223919456885
20.354202
-31.270401
-7.3842773
38.03497150803702
20.354202
-32.695404
-8.082718
39.352425634518546
20.354202
-32.695404
-8.082718
39.352425634518546
21.071396
-34.120407
-9.479599
41.20762797730082
21.071396
-33.407898
-8.781158
40.46232906349049
21.788574
-32.695404
-8.781158
40.25965983414338
19.637024
-34.120407
-7.3842773
40.054243311122015
19.637024
-31.270401
-5.9874115
37.40721594408624
19.637024
-33.407898
-5.9874115
39.211598264755324
21.071396
-34.120407
-5.288971
40.44971047051434
19.637024
-32.695404
-5.9874115
38.606363386691996
21.071396
-33.407898
-6.685852
40.05985359580321
21.071396
-33.407898
-8.082718
40.316518089480084
18.202637
-31.982895
-7.3842773
37.53357383781969
21.788574
-32.695404
-7.3842773
39.97823199196189
20.354202
-31.982895
-7.3842773
38.622877735486156
21.788574
-31.982895
-8.082718
39.53451536661905
21.788574
-30.557907
-7.3842773
38.24990585415293
21.788574
-30.557907
-8.082718
38.3908587065536
23.94014
-30.557907
-7.3842773
39.51510601675801
21.788574
-30.557907
-8.082718
38.3908587065536
23.94014
-30.557907
-8.082718
39.65156160721322
24.657333
-30.557907
-7.3842773
39.95369023358481
23.94014
-31.270401
-7.3842773
40.06863922832138
23.94014
-29.845398
-8.082718
39.105095525950965
22.505768
-29.132904
-6.685852
37.41572072306723
24.657333
-31.270401
-8.781158
40.77904837208456
22.505768
-29.845398
-6.685852
37.97312056892596
23.222961
-30.557907
-6.685852
38.958851552090344
22.505768
-30.557907
-4.5905304
38.2278469983965
22.505768
-30.557907
-4.5905304
38.2278469983965
21.788574
-30.557907
-6.685852
38.12123124302749
23.222961
-29.132904
-5.288971
37.62984519000095
23.222961
-30.557907
-5.288971
38.743577781820015
22.505768
-31.270401
-4.5905304
38.79974912581991
21.788574
-31.270401
-3.8920898
38.310941928963
22.505768
-31.270401
-5.288971
38.888569024602205
21.788574
-29.132904
-5.288971
36.76195430305206
22.505768
-29.132904
-5.288971
37.19151599901095
23.222961
-29.845398
-4.5905304
38.093657070231195
23.94014
-30.557907
-3.1936646
38.95016660446557
21.788574
-31.982895
-3.1936646
38.83100624370218
21.788574
-30.557907
-1.0983429
37.54642471380015
21.788574
-29.845398
-1.7967834
36.99619088025735
21.071396
-30.557907
-1.0983429
37.13483172897196
23.222961
-30.557907
-2.495224
38.461899966375
23.94014
-30.557907
-5.288971
39.177663052134214
23.222961
-29.845398
-4.5905304
38.093657070231195
23.222961
-29.845398
-4.5905304
38.093657070231195
23.222961
-29.845398
-3.1936646
37.95066763349658
22.505768
-31.270401
-4.5905304
38.79974912581991
21.071396
-30.557907
-4.5905304
37.40136931661477
20.354202
-30.557907
-2.495224
36.80088884689981
20.354202
-31.982895
-3.8920898
38.109676095571515
21.071396
-31.270401
-3.1936646
37.84231940163436
19.637024
-29.845398
-5.288971
36.11556091540563
21.788574
-31.270401
-4.5905304
38.38818768972511
21.071396
-30.557907
-4.5905304
37.40136931661477
22.505768
-31.270401
-3.8920898
38.723324361544364
19.637024
-31.270401
-3.1936646
37.06278654505588
21.788574
-30.557907
-5.288971
37.90120019949896
19.637024
-30.557907
-3.1936646
36.46365176981901
21.788574
-30.557907
-2.495224
37.61321451631062
21.788574
-30.557907
-3.1936646
37.66599491386843
21.071396
-29.845398
-1.0983429
36.550755993164834
22.505768
-28.420395
-2.495224
36.33806147710775
20.354202
-27.707901
-3.1936646
34.5285508701902
21.071396
-31.270401
-3.1936646
37.84231940163436
21.788574
-29.845398
-3.8920898
37.156938268961795
19.637024
-29.845398
-2.495224
35.813219206347185
20.354202
-29.845398
-5.288971
36.510473133574976
22.505768
-31.270401
-3.1936646
38.65937140035146
19.637024
-29.132904
-3.1936646
35.27801309608879
21.071396
-31.270401
-1.0983429
37.7233080950334
18.91983
-30.557907
-1.7967834
35.9857488610943
20.354202
-31.270401
-1.0983429
37.32743988749681
19.637024
-31.270401
0.29852295
36.92613972407453
18.202637
-31.270401
-1.7967834
36.22709405610668
20.354202
-28.420395
-1.0983429
34.97454431440101
20.354202
-28.420395
-2.495224
35.046235852954844
21.788574
-30.557907
-0.39990234
37.53248755505439
22.505768
-27.707901
-0.39990234
35.69870049171083
19.637024
-29.132904
-0.39990234
35.13543307299004
21.788574
-29.132904
-0.39990234
36.38169772959338
23.94014
-26.995407
-0.39990234
36.08382236304969
21.788574
-29.132904
-0.39990234
36.38169772959338
23.94014
-28.420395
0.29852295
37.16097728023141
22.505768
-27.707901
-0.39990234
35.69870049171083
22.505768
-28.420395
-0.39990234
36.254495276232646
21.788574
-29.845398
-0.39990234
36.95469737669523
21.788574
-29.132904
-1.0983429
36.39607556325613
21.788574
-29.845398
-0.39990234
36.95469737669523
22.505768
-26.995407
-1.7967834
35.19218649408381
21.788574
-29.132904
-0.39990234
36.38169772959338
21.788574
-27.707901
-2.495224
35.3368918108478
21.788574
-29.845398
0.29852295
36.95373942406742
21.788574
-28.420395
-1.7967834
35.85650860003488
22.505768
-28.420395
-0.39990234
36.254495276232646
21.788574
-29.132904
0.29852295
36.38072468912968
21.071396
-27.707901
0.9969635
34.82420626226641
21.071396
-29.132904
-0.39990234
35.956774722401065
21.788574
-29.132904
-0.39990234
36.38169772959338
21.788574
-29.132904
2.3938446
36.45817447882059
21.071396
-29.132904
2.3938446
36.034153314295104
21.071396
-29.845398
3.0922852
36.66488402686043
21.788574
-27.707901
1.695404
35.289433492349204
21.071396
-27.707901
0.29852295
34.81121308774839
20.354202
-28.420395
2.3938446
35.039162660113256
20.354202
-27.707901
3.7907104
34.58888360645115
19.637024
-28.420395
5.1875916
34.93197211411417
19.637024
-28.420395
4.489151
34.83509737016767
21.071396
-28.420395
5.886032
35.86597331722907
20.354202
-28.420395
5.1875916
35.340112959417304
21.071396
-26.995407
5.886032
34.74767795187004
19.637024
-28.420395
5.1875916
34.93197211411417
19.637024
-29.845398
4.489151
36.00712345429894
21.071396
-27.707901
5.1875916
35.19435435016531
19.637024
-29.132904
7.282898
35.88006960042372
20.354202
-26.995407
7.282898
34.584478912376646
18.91983
-28.420395
7.282898
34.91016302485388
20.354202
-26.995407
5.1875916
34.20462929252505
21.788574
-26.282898
3.0922852
34.27965826409483
19.637024
-29.132904
5.886032
35.622803523296355
21.071396
-26.995407
5.1875916
34.63620750193628
21.071396
-26.995407
5.886032
34.74767795187004
18.91983
-27.707901
3.7907104
33.76473383541713
21.788574
-26.995407
4.489151
34.9806587184261
20.354202
-28.420395
4.489151
35.244360073523644
21.071396
-29.132904
4.489151
36.23371637230216
22.505768
-26.995407
5.1875916
35.52707037587236
22.505768
-27.707901
3.0922852
35.83014876534669
21.071396
-27.707901
4.489151
35.09820381633243
