20.27745
-32.37587
-12.749222
40.273000270420006
19.560257
-32.37587
-14.844543
40.634480564444125
20.27745
-31.663376
-12.749222
39.702482408219765
18.843079
-33.088364
-15.542969
41.12767136080646
19.560257
-33.088364
-14.146103
40.957974364737574
20.27745
-31.663376
-14.146103
40.17283369869261
19.560257
-31.663376
-14.844543
40.06910991444578
19.560257
-30.238373
-12.749222
38.20347648100072
20.27745
-30.950867
-13.447662
39.369667297616324
20.27745
-32.37587
-12.749222
40.273000270420006
18.125885
-31.663376
-16.24141
39.936204008706184
19.560257
-30.238373
-14.146103
38.69205439418005
19.560257
-30.238373
-14.844543
38.95283512477381
18.843079
-30.238373
-14.146103
38.33448785342482
19.560257
-30.950867
-16.24141
40.054253977808024
21.711823
-30.950867
-14.146103
40.36671348545962
19.560257
-32.37587
-15.542969
40.89479672787313
20.27745
-30.950867
-15.542969
40.13371358123133
20.27745
-30.238373
-14.844543
39.317866846006694
18.843079
-29.525864
-14.844543
38.04206527606973
18.843079
-30.238373
-14.146103
38.33448785342482
19.560257
-28.81337
-13.447662
37.33166972495504
20.994629
-29.525864
-14.844543
39.15241370622554
20.994629
-30.950867
-15.542969
40.50079570977588
18.843079
-32.37587
-14.844543
40.29415613404365
20.994629
-31.663376
-14.146103
40.53956159959676
21.711823
-30.950867
-13.447662
40.12728466529196
20.27745
-30.950867
-13.447662
39.369667297616324
21.711823
-29.525864
-13.447662
39.03869118169419
19.560257
-30.950867
-12.749222
38.76986637921905
19.560257
-32.37587
-12.050781
39.69914168575862
20.27745
-32.37587
-12.749222
40.273000270420006
20.994629
-31.663376
-12.749222
40.07351337990438
20.994629
-33.088364
-13.447662
41.430108102947
18.843079
-32.37587
-12.050781
39.350728816610726
17.408691
-33.088364
-12.749222
39.50246914256595
18.843079
-33.088364
-12.749222
40.15524986594997
17.408691
-32.37587
-13.447662
39.1420362145793
18.843079
-31.663376
-12.749222
38.98940348331037
16.691513
-32.37587
-13.447662
38.82837965208245
18.125885
-33.088364
-13.447662
40.052804806299925
15.257141
-34.513367
-14.146103
40.299690612665536
15.257141
-35.225876
-13.447662
40.67532790039544
13.105576
-34.513367
-14.146103
39.53531043869992
14.5399475
-34.513367
-13.447662
39.792236920543
13.822754
-35.225876
-12.050781
39.71337431658729
13.822754
-37.363373
-10.653915
41.238282545053025
13.822754
-34.513367
-9.955475
38.48834131256097
13.822754
-35.225876
-10.653915
39.31204199107206
14.5399475
-36.650864
-9.955475
40.667029040447034
12.388382
-36.650864
-9.257034
39.78002563414364
15.974319
-35.93837
-10.653915
40.74617894518224
15.257141
-35.225876
-9.955475
39.65796452656925
16.691513
-36.650864
-9.257034
41.322935047470914
15.257141
-35.93837
-9.955475
40.29216117252989
14.5399475
-35.93837
-9.257034
39.85811168862384
16.691513
-36.650864
-7.161728
40.90455646083713
18.843079
-36.650864
-7.161728
41.828672192442504
15.974319
-35.225876
-9.955475
39.93936138561338
17.408691
-35.225876
-7.8601685
40.071274390141376
17.408691
-34.513367
-9.257034
39.74830326321725
17.408691
-35.93837
-7.8601685
40.69903110410001
17.408691
-35.225876
-9.955475
40.53438361296262
17.408691
-34.513367
-10.653915
40.096643808759886
17.408691
-35.93837
-8.558594
40.839667211777694
17.408691
-33.800873
-9.955475
39.30232783987244
18.843079
-35.225876
-9.257034
41.007518544145505
18.125885
-34.513367
-10.653915
40.41319183408742
15.974319
-37.363373
-9.257034
41.676049073853555
17.408691
-35.225876
-11.352356
40.89988730118947
18.843079
-35.225876
-9.955475
41.17080762373535
18.843079
-35.93837
-9.257034
41.62115662389667
18.125885
-34.513367
-10.653915
40.41319183408742
18.843079
-34.513367
-8.558594
40.2428085821321
18.843079
-34.513367
-10.653915
40.739906605616746
18.843079
-32.37587
-9.955475
38.76041789141582
16.691513
-33.800873
-9.955475
38.989960772173454
18.843079
-35.93837
-9.955475
41.78204760364342
18.125885
-34.513367
-9.257034
40.06760339472371
17.408691
-34.513367
-7.8601685
39.44638401569988
19.560257
-34.513367
-7.8601685
40.442036912220125
18.843079
-33.088364
-7.161728
38.74521769884962
18.843079
-34.513367
-7.161728
39.969044723796095
18.125885
-35.225876
-7.8601685
40.38802125311647
20.994629
-33.088364
-8.558594
40.11064409270001
22.429016
-34.513367
-7.8601685
41.904838657721704
23.146194
-33.800873
-7.8601685
41.71363791244567
23.863388
-33.088364
-8.558594
41.68393766404138
24.580566
-32.37587
-7.161728
41.27579833655931
22.429016
-33.800873
-7.8601685
41.31999565604557
23.863388
-31.663376
-6.4632874
40.17218950431147
23.863388
-32.37587
-7.8601685
40.98097643648209
22.429016
-32.37587
-7.8601685
40.16266820060873
24.580566
-30.238373
-7.8601685
39.75356214385071
23.146194
-31.663376
-7.8601685
40.00122373616369
24.580566
-30.238373
-7.8601685
39.75356214385071
23.863388
-30.950867
-7.8601685
39.864767740841664
23.863388
-31.663376
-7.161728
40.29045999975909
23.863388
-32.37587
-7.161728
40.852767450913746
23.863388
-33.088364
-7.161728
41.419700056064805
24.580566
-31.663376
-6.4632874
40.60231187373679
24.580566
-32.37587
-6.4632874
41.16035921731536
24.580566
-31.663376
-6.4632874
40.60231187373679
24.580566
-32.37587
-7.8601685
41.402697371178306
23.863388
-33.088364
-5.0664063
41.109239891929256
23.863388
-32.37587
-5.764847
40.63116539754306
25.29776
-30.950867
-3.6695404
40.142227610086614
24.504395
-31.592087
-5.119629
40.30801210483779
23.787216
-33.017075
-3.722763
40.86340503548071
23.787216
-33.017075
-4.4212036
40.932943448706446
23.070023
-32.30458
-3.0243225
39.81153569034279
24.504395
-32.30458
-4.4212036
40.787231661410445
23.070023
-33.729584
-5.119629
41.1839937098216
23.787216
-33.729584
-5.8180695
41.681728072119625
23.787216
-33.017075
-5.8180695
41.10728448694495
23.070023
-32.30458
-5.8180695
40.120591536446405
23.787216
-35.154587
-4.4212036
42.67579680348687
24.3125
-33.519135
-4.528137
41.65494008161727
21.443756
-32.806625
-4.528137
39.45394027622986
23.595322
-32.09413
-5.2265625
40.1757309263783
22.878128
-33.519135
-3.8296967
40.76282360295883
21.443756
-32.806625
-4.528137
39.45394027622986
22.878128
-32.09413
-5.2265625
39.75876045858478
22.878128
-31.381638
-4.528137
39.09884871326936
21.443756
-34.23163
-7.321884
41.05178614272237
22.16095
-34.23163
-5.2265625
41.112394772212554
22.878128
-33.519135
-5.2265625
40.917698574585366
20.726563
-34.944138
-6.6234436
41.16494990384341
22.16095
-33.519135
-6.6234436
40.72480828396402
20.726563
-34.23163
-4.528137
40.27280476588311
22.16095
-33.519135
-5.925003
40.61706202495526
20.726563
-34.944138
-6.6234436
41.16494990384341
21.443756
-32.09413
-5.2265625
38.951059787812575
20.726563
-32.806625
-6.6234436
39.366673536781875
22.16095
-33.519135
-6.6234436
40.72480828396402
20.726563
-32.09413
-7.321884
38.90030545700686
19.29219
-32.806625
-8.71875
39.04458808078832
19.29219
-32.09413
-7.321884
38.15536540487704
20.009384
-33.519135
-9.417191
40.15708291937737
20.726563
-32.806625
-8.020325
39.62562998562689
20.009384
-33.519135
-8.020325
39.85264606569431
20.009384
-34.23163
-8.020325
40.453745106776736
19.29219
-35.65663
-5.925003
40.97181588928693
20.009384
-33.519135
-5.925003
39.48434562968833
21.443756
-34.23163
-5.2265625
40.73028424511054
20.726563
-32.806625
-8.020325
39.62562998562689
19.29219
-34.944138
-4.528137
40.17194792875527
21.443756
-33.519135
-7.321884
40.459573042498235
21.443756
-32.09413
-8.020325
39.42326221300851
22.878128
-31.381638
-8.020325
39.655283429906916
21.443756
-32.806625
-5.925003
39.63855557270755
23.595322
-29.956635
-5.925003
38.59073558571895
21.443756
-30.669128
-5.925003
37.888466433360364
24.3125
-32.09413
-6.6234436
40.8044234925884
22.16095
-30.669128
-6.6234436
38.41318940308377
24.3125
-31.381638
-7.321884
40.3672487359222
21.443756
-30.669128
-7.321884
38.131878541881626
24.3125
-29.956635
-7.321884
39.26967715611261
22.16095
-30.669128
-7.321884
38.539760123171014
25.029694
-29.956635
-7.321884
39.7176973577074
25.029694
-30.669128
-5.2265625
39.92991296282462
24.3125
-31.381638
-5.925003
40.13739525737657
23.595322
-29.956635
-7.321884
38.82974562764753
22.16095
-31.381638
-5.925003
38.87184880968247
22.878128
-30.669128
-6.6234436
38.8313551850539
25.029694
-32.806625
-5.925003
41.687719616175634
23.595322
-31.381638
-7.321884
39.93940875964881
23.595322
-31.381638
-5.925003
39.70707870908379
22.878128
-31.381638
-4.528137
39.09884871326936
24.3125
-29.956635
-6.6234436
39.14546657929801
22.878128
-30.669128
-5.2265625
38.61762609122776
22.16095
-31.381638
-5.2265625
38.77153509462516
23.595322
-32.09413
-6.6234436
40.38121414785206
23.595322
-32.806625
-5.925003
40.84262025025145
22.878128
-31.381638
-5.2265625
39.18587703477332
22.878128
-32.09413
-6.6234436
39.96638754990326
22.878128
-32.09413
-4.528137
39.67299039639169
23.595322
-33.519135
-5.2265625
41.322976404250575
22.16095
-31.381638
-7.321884
39.1091409052123
21.443756
-33.519135
-5.925003
40.2302470576594
22.16095
-32.806625
-6.6234436
40.14040756315184
21.443756
-33.519135
-6.6234436
40.33902651957376
22.16095
-33.519135
-3.8296967
40.36467069883018
22.16095
-33.519135
-5.2265625
40.521068979606156
19.29219
-32.806625
-4.528137
38.32710901119793
22.16095
-33.519135
-4.528137
40.436914360133244
20.726563
-34.23163
-5.2265625
40.3573000821645
19.29219
-34.944138
-5.2265625
40.256656451720815
20.009384
-33.519135
-5.2265625
39.38559195334793
17.857819
-33.519135
-4.528137
38.248373956961395
20.009384
-33.519135
-5.925003
39.48434562968833
20.726563
-32.09413
-5.925003
38.66173162427545
19.29219
-32.806625
-4.528137
38.32710901119793
19.29219
-32.806625
-4.528137
38.32710901119793
20.009384
-36.369125
-5.2265625
41.83785082576243
18.575012
-34.944138
-5.2265625
39.917924217425494
19.29219
-33.519135
-3.8296967
38.863705088966846
18.575012
-34.944138
-5.925003
40.01536570103415
18.575012
-32.806625
-6.6234436
38.27761302876248
19.29219
-33.519135
-5.2265625
39.026117431751715
18.575012
-35.65663
-8.71875
41.13931349979451
17.857819
-34.23163
-6.6234436
39.17366525875116
17.140625
-33.519135
-6.6234436
38.22568991059056
17.857819
-32.806625
-5.925003
37.81906903166543
18.575012
-34.23163
-6.6234436
39.50576469752152
19.29219
-35.65663
-7.321884
41.19701408751079
17.140625
-34.23163
-6.6234436
38.851968597063234
17.857819
-33.519135
-5.2265625
38.33733136986063
17.140625
-32.806625
-6.6234436
37.60246905072774
17.140625
-34.23163
-5.925003
38.739013689569134
19.29219
-34.23163
-6.6234436
39.84799916067775
18.575012
-33.519135
-7.321884
39.015041482921205
20.009384
-32.806625
-5.925003
38.88130475402028
19.29219
-33.519135
-8.020325
39.497424077894784
20.009384
-32.806625
-5.2265625
38.781013924543345
17.140625
-34.23163
-8.020325
39.11433279852077
20.009384
-34.944138
-6.6234436
40.80855617191005
19.29219
-34.23163
-7.321884
39.97002661174683
19.29219
-34.23163
-7.321884
39.97002661174683
20.009384
-32.806625
-6.6234436
38.99384748395011
18.575012
-32.806625
-7.321884
38.40463057255027
20.009384
-32.806625
-6.6234436
38.99384748395011
18.575012
-33.519135
-8.71875
39.30114601541538
17.857819
-34.23163
-5.925003
39.061640615546665
19.29219
-34.23163
-5.2265625
39.63975351328197
20.009384
-32.09413
-5.925003
38.28203921380348
19.29219
-34.944138
-4.528137
40.17194792875527
17.857819
-32.09413
-5.2265625
37.09786992705916
17.857819
-32.806625
-5.925003
37.81906903166543
20.009384
-33.519135
-6.6234436
39.59517435283308
17.857819
-34.944138
-5.925003
39.6875307578621
18.575012
-31.381638
-5.925003
36.94514812159456
17.857819
-34.944138
-5.2265625
39.58928237916008
17.857819
-33.519135
-6.6234436
38.5526144009513
18.575012
-36.369125
-5.2265625
41.17112190962101
17.857819
-33.519135
-5.2265625
38.33733136986063
17.857819
-34.944138
-2.4328156
39.31809969806765
17.857819
-34.944138
-3.8296967
39.4291898311668
19.29219
-34.944138
-3.131256
40.038558685854625
17.140625
-36.369125
-4.528137
40.460082928077085
17.857819
-34.944138
-4.528137
39.5031443442916
17.108398
-34.192566
-3.8487396
38.42709462817219
17.108398
-34.192566
-5.2456055
38.59203564006115
18.542786
-33.480072
-5.944046
38.73089089060162
16.39122
-32.05507
-5.2456055
36.38290728326713
18.542786
-32.767563
-5.2456055
38.014003381977545
19.259964
-32.767563
-3.8487396
38.20303872689645
17.825592
-34.905075
-5.944046
39.641488769166294
19.977158
-33.480072
-5.2456055
39.33851080833116
17.825592
-34.192566
-5.2456055
38.915288232301776
17.825592
-33.480072
-8.039368
38.77239303826967
16.39122
-34.905075
-6.6424866
39.130027569849574
17.825592
-32.767563
-5.2456055
37.669366880422544
17.825592
-34.905075
-5.2456055
39.54279105246302
17.108398
-34.905075
-5.944046
39.324206139177974
18.542786
-33.480072
-5.2456055
38.62986670391835
17.108398
-34.905075
-5.2456055
39.22471007999135
17.825592
-34.192566
-5.2456055
38.915288232301776
16.39122
-35.61757
-3.8487396
39.39665048371419
17.108398
-33.480072
-6.6424866
38.18029897070199
17.825592
-33.480072
-5.944046
38.39269015355088
17.825592
-33.480072
-7.340927
38.633614280102634
17.108398
-34.192566
-5.2456055
38.59203564006115
17.108398
-32.05507
-8.737793
37.37076036781631
17.825592
-32.05507
-6.6424866
37.27468115851227
17.108398
-32.767563
-7.340927
37.68686190898461
17.825592
-34.192566
-7.340927
39.25267457049902
17.108398
-31.342575
-5.944046
36.19925394712058
16.39122
-34.905075
-5.944046
39.01753505787094
17.108398
-34.905075
-5.944046
39.324206139177974
17.825592
-34.905075
-3.150299
39.319720310213775
17.108398
-34.192566
-5.944046
38.693158600209124
17.825592
-33.480072
-8.039368
38.77239303826967
16.39122
-33.480072
-5.2456055
37.64443862997063
17.825592
-34.192566
-5.944046
39.01557337551651
16.39122
-34.192566
-6.6424866
38.495797064115486
17.825592
-32.767563
-5.944046
37.772960021542694
19.259964
-32.05507
-4.54718
37.67161415038268
18.542786
-33.480072
-4.54718
38.54123926424055
18.542786
-33.480072
-4.54718
38.54123926424055
17.825592
-32.05507
-5.944046
37.15657196033765
18.542786
-33.480072
-5.2456055
38.62986670391835
18.542786
-34.192566
-5.2456055
39.248986103544766
19.259964
-32.767563
-7.340927
38.711091226990426
17.825592
-32.767563
-3.8487396
37.50036783673762
19.977158
-33.480072
-5.2456055
39.33851080833116
20.694336
-32.05507
-4.54718
38.42472952236863
19.259964
-32.05507
-4.54718
37.67161415038268
19.259964
-31.342575
-5.2456055
37.159380781683176
21.41153
-32.767563
-4.54718
39.40613693233184
19.977158
-31.342575
-5.944046
37.64007854262943
20.694336
-31.342575
-4.54718
37.832385976976624
18.542786
-31.342575
-3.8487396
36.619730182947485
19.977158
-33.480072
-4.54718
39.25148347614552
19.259964
-33.480072
-2.4518585
38.70236645148863
21.41153
-31.342575
-4.54718
38.22940526293618
19.259964
-31.342575
-3.8487396
36.98805167614097
20.694336
-32.05507
-3.150299
38.28455821164634
20.694336
-29.917572
-3.8487396
36.58045098862574
19.259964
-30.630066
-3.150299
36.31902607826148
19.259964
-32.05507
-3.150299
37.5286300214791
21.41153
-29.917572
-2.4518585
36.87175402821498
21.41153
-31.342575
-1.0549927
37.972668907839164
20.694336
-30.630066
-2.4518585
37.046837107213854
20.694336
-31.342575
-1.753418
37.5990293986261
19.977158
-29.917572
-3.8487396
36.17956181823344
20.694336
-31.342575
-1.753418
37.5990293986261
19.977158
-31.342575
-1.753418
37.209115960297616
19.259964
-33.480072
-2.4518585
38.70236645148863
19.977158
-33.480072
-2.4518585
39.06422496191368
20.694336
-32.05507
-3.150299
38.28455821164634
17.108398
-32.05507
-2.4518585
36.41752775965167
18.542786
-34.192566
-1.0549927
38.91117564201511
17.108398
-32.05507
-2.4518585
36.41752775965167
19.259964
-31.342575
-4.54718
37.06723758980513
18.542786
-31.342575
-1.753418
36.45910527456584
17.825592
-31.342575
-3.8487396
36.26184646138503
18.542786
-31.342575
-3.150299
36.55292509509756
17.108398
-32.767563
-1.753418
37.0065516264519
18.542786
-32.05507
-3.150299
37.1656661875455
17.825592
-29.917572
-5.2456055
35.21830807453436
19.259964
-31.342575
-3.8487396
36.98805167614097
19.977158
-32.767563
-3.150299
38.50616009464427
17.825592
-31.342575
-3.8487396
36.26184646138503
17.825592
-33.480072
-3.150299
38.06036561390422
17.825592
-32.767563
-4.54718
37.57847420575791
16.39122
-30.630066
-4.54718
35.036408588178844
17.825592
-32.05507
-4.54718
36.95884271304365
17.825592
-30.630066
-4.54718
35.72995265322307
17.108398
-32.05507
-4.54718
36.61832343688232
16.39122
-33.480072
-3.150299
37.41004999756499
17.108398
-32.767563
-5.944046
37.4398459589471
17.825592
-32.767563
-3.8487396
37.50036783673762
17.825592
-32.767563
-3.150299
37.435134328950426
16.39122
-33.480072
-2.4518585
37.35771672658057
19.977158
-31.342575
-3.8487396
37.36651698776426
19.259964
-30.630066
-6.6424866
36.786816897646055
19.259964
-32.767563
-3.8487396
38.20303872689645
20.694336
-32.05507
-3.150299
38.28455821164634
17.825592
-30.630066
-3.150299
35.57916630832308
19.977158
-30.630066
-4.54718
36.850571225007826
19.259964
-31.342575
-1.0549927
36.802394755852845
19.977158
-30.630066
-4.54718
36.850571225007826
20.694336
-29.205063
-3.150299
35.932097080269855
21.41153
-30.630066
-3.8487396
37.56949939986225
20.694336
-31.342575
-3.150299
37.69001177108714
20.694336
-32.05507
-3.8487396
38.34834681084701
20.694336
-30.630066
-3.8487396
37.16543134566549
21.41153
-30.630066
-3.150299
37.504386136719894
19.977158
-27.780075
-3.8487396
34.433008583017035
20.694336
-29.917572
-3.8487396
36.58045098862574
19.259964
-32.767563
-3.8487396
38.20303872689645
22.128723
-29.917572
-3.150299
37.34522584688286
19.259964
-32.05507
-3.150299
37.5286300214791
20.694336
-29.205063
-3.8487396
36.000054253431344
20.694336
-30.630066
-1.753418
37.00717505916082
20.694336
-29.917572
-3.150299
36.51357403579096
20.694336
-29.917572
-1.753418
36.4196528440518
20.694336
-30.630066
-2.4518585
37.046837107213854
21.41153
-29.205063
-1.0549927
36.228473875336476
20.694336
-29.205063
-2.4518585
35.87760804163319
21.41153
-29.205063
-1.0549927
36.228473875336476
22.845901
-29.917572
-3.150299
37.774604913449295
20.694336
-29.205063
-2.4518585
35.87760804163319
22.128723
-29.205063
-3.150299
36.7769020900857
21.41153
-29.205063
-4.54718
36.49748158584884
22.128723
-29.205063
-1.753418
36.683655103571844
19.259964
-30.630066
-2.4518585
36.26511841255399
19.259964
-30.630066
-3.150299
36.31902607826148
18.542786
-30.630066
-1.753418
35.848435831462716
18.542786
-30.630066
-1.0549927
35.821068183141186
17.825592
-30.630066
-3.150299
35.57916630832308
19.259964
-29.917572
-3.150299
35.72018704731699
17.108398
-32.05507
-1.0549927
36.35021002077825
18.542786
-31.342575
-2.4518585
36.49936288774008
18.542786
-30.630066
-3.8487396
36.01178463798344
17.825592
-30.630066
-4.54718
35.72995265322307
19.977158
-30.630066
-1.753418
36.61095713877455
17.108398
-32.05507
-3.150299
36.47121015159594
17.825592
-31.342575
-2.4518585
36.140287233614025
16.39122
-32.05507
-3.150299
36.14033789877317
16.39122
-32.05507
-3.8487396
36.20790423514681
16.39122
-32.767563
-2.4518585
36.72052356089082
15.6740265
-31.342575
-3.8487396
35.254004717660266
15.6740265
-32.767563
-5.2456055
36.70019810594522
16.39122
-29.917572
-5.2456055
34.514482637274895
15.6740265
-32.05507
-5.2456055
36.06548203116971
12.805283
-32.05507
-6.6424866
35.15146321578858
14.239655
-29.917572
-5.944046
33.66244973944911
15.6740265
-30.630066
-5.944046
34.91715397339197
15.6740265
-31.342575
-5.2456055
35.433719278592
14.956848
-30.630066
-4.54718
34.38873482708854
13.522461
-32.05507
-4.54718
35.086482857318074
15.6740265
-32.05507
-3.8487396
35.8889311746585
15.6740265
-32.767563
-4.54718
36.606899124025276
15.6740265
-31.342575
-3.8487396
35.254004717660266
16.39122
-31.342575
-5.944046
35.86587121168866
17.108398
-30.630066
-4.54718
35.377606946233485
14.956848
-32.05507
-4.54718
35.66386996799071
17.825592
-29.917572
-4.54718
35.12107267857504
19.259964
-29.205063
-5.2456055
35.37510697311564
17.108398
-30.630066
-3.8487396
35.29463043438761
19.977158
-29.917572
-4.54718
36.26051335959769
17.825592
-29.205063
-4.54718
34.51614488630646
17.825592
-29.917572
-4.54718
35.12107267857504
18.542786
-29.917572
-4.54718
35.49046176054296
20.694336
-29.917572
-5.2456055
36.75368019413158
19.977158
-29.205063
-3.150299
35.523891951953445
20.694336
-28.492569
-4.54718
35.50716703896289
19.259964
-29.205063
-3.150299
35.125578634579995
20.694336
-29.205063
-4.54718
36.081408536699165
19.977158
-29.917572
-3.150299
36.11194245253657
19.259964
-30.630066
-3.150299
36.31902607826148
19.977158
-30.630066
-4.54718
36.850571225007826
20.694336
-29.205063
-4.54718
36.081408536699165
19.977158
-29.205063
-4.54718
35.67491192449271
19.977158
-27.780075
-5.2456055
34.61698561919242
19.977158
-29.917572
-4.54718
36.26051335959769
19.259964
-29.205063
-3.8487396
35.19509312500998
17.825592
-27.780075
-3.150299
33.15733239279436
18.542786
-28.492569
-3.8487396
34.2121925794555
19.259964
-29.205063
-2.4518585
35.06983650684998
21.41153
-31.342575
-3.150299
38.08851513713238
19.259964
-29.205063
-2.4518585
35.06983650684998
19.259964
-29.917572
-4.54718
35.870380595995385
18.542786
-27.780075
-2.4518585
33.48998327100489
20.694336
-29.205063
-2.4518585
35.87760804163319
19.977158
-30.630066
-3.8487396
36.77091872481822
18.542786
-29.917572
-3.8487396
35.40774972000303
18.542786
-30.630066
-2.4518585
35.88937844755134
17.825592
-29.917572
-2.4518585
34.91166657280378
17.825592
-31.342575
-2.4518585
36.140287233614025
18.542786
-31.342575
-1.0549927
36.43219636037093
15.6740265
-30.630066
-1.753418
34.452147094965284
15.6740265
-32.05507
-1.0549927
35.697558373481584
16.39122
-32.05507
-3.8487396
36.20790423514681
16.39122
-29.917572
-3.150299
34.25868638423601
14.956848
-32.05507
-1.753418
35.41622797675611
14.956848
-29.917572
-2.4518585
33.537740372554545
14.239655
-33.480072
-2.4518585
36.46497911899083
15.6740265
-31.342575
-3.150299
35.18460661949697
15.6740265
-31.342575
-3.8487396
35.254004717660266
16.39122
-32.05507
-2.4518585
36.086163298979635
16.39122
-31.342575
-2.4518585
35.454769064458205
15.6740265
-31.342575
-3.150299
35.18460661949697
16.39122
-32.05507
-2.4518585
36.086163298979635
16.39122
-32.05507
-3.8487396
36.20790423514681
17.108398
-31.342575
-3.8487396
35.914719342209644
15.6740265
-31.342575
-5.2456055
35.433719278592
15.6740265
-32.767563
-5.944046
36.80651910508263
14.239655
-30.630066
-5.2456055
34.183111435647206
15.6740265
-31.342575
-3.8487396
35.254004717660266
14.239655
-32.05507
-3.8487396
35.286086637033726
14.239655
-30.630066
-3.8487396
33.99678652667962
14.956848
-32.767563
-2.4518585
36.10307475598079
12.805283
-31.342575
-3.150299
34.00377499436184
14.239655
-32.767563
-4.54718
36.016077478177195
14.239655
-32.05507
-4.54718
35.36908319278911
14.956848
-31.342575
-4.54718
35.02486560912833
17.108398
-31.342575
-5.944046
36.19925394712058
17.108398
-31.342575
-4.54718
35.99626648934407
17.108398
-29.917572
-3.8487396
34.678107892331546
17.108398
-32.05507
-3.150299
36.47121015159594
17.825592
-31.342575
-3.8487396
36.26184646138503
16.39122
-32.767563
-3.8487396
36.84016826843867
17.825592
-30.630066
-5.2456055
35.825535503891984
17.108398
-31.342575
-4.54718
35.99626648934407
17.108398
-31.342575
-3.8487396
35.914719342209644
17.108398
-31.342575
-5.2456055
36.09114404824177
17.825592
-29.917572
-3.150299
34.967660840947026
17.825592
-31.342575
-4.54718
36.34261471786599
15.6740265
-32.05507
-3.150299
35.82076318555082
18.542786
-31.342575
-1.753418
36.45910527456584
16.39122
-29.917572
-3.150299
34.25868638423601
16.39122
-32.05507
-4.54718
36.28879255147173
14.239655
-32.05507
-3.8487396
35.286086637033726
17.108398
-32.05507
-3.150299
36.47121015159594
15.6740265
-29.205063
-3.8487396
33.36800239727238
17.825592
-32.05507
-3.150299
36.81309024357029
17.108398
-32.05507
-4.54718
36.61832343688232
14.956848
-32.767563
-3.8487396
36.22475885767737
15.6740265
-32.05507
-1.0549927
35.697558373481584
15.6740265
-32.767563
-3.150299
36.459739742218574
15.6740265
-33.480072
-1.753418
37.0089826247882
15.6740265
-30.630066
-2.4518585
34.49474703838524
14.956848
-32.767563
-0.35655212
36.021486440061885
14.956848
-32.767563
-2.4518585
36.10307475598079
15.6740265
-32.767563
-2.4518585
36.40604043662861
15.6740265
-32.767563
-2.4518585
36.40604043662861
15.6740265
-32.767563
-3.150299
36.459739742218574
14.239655
-34.192566
-1.753418
37.08064019071306
14.956848
-32.05507
-1.753418
35.41622797675611
14.239655
-33.480072
-1.753418
36.424683503901235
12.805283
-33.480072
-1.753418
35.88822879190769
14.239655
-32.767563
-2.4518585
35.81190519521319
13.522461
-31.342575
-3.8487396
34.351517192089744
13.522461
-32.767563
-1.753418
35.49147124662487
12.088089
-33.480072
-3.150299
35.73460045840551
12.088089
-33.480072
-2.4518585
35.67980981066183
12.805283
-32.05507
-2.4518585
34.60511930663674
10.653717
-32.767563
-2.4518585
34.54310988358876
11.370911
-34.192566
-3.150299
36.17117136194669
11.370911
-33.480072
-1.753418
35.40179873277098
10.653717
-32.05507
-3.150299
33.92570726280073
11.370911
-32.767563
-3.8487396
34.8973277820541
12.088089
-33.480072
-3.8487396
35.802932499809806
12.088089
-32.767563
-3.150299
35.0679272481904
10.653717
-31.342575
-3.150299
33.253316842905875
12.088089
-32.767563
-3.8487396
35.1375557936012
12.805283
-32.767563
-4.54718
35.47344407264398
12.088089
-33.480072
-4.54718
35.88473368060748
12.088089
-32.05507
-7.340927
35.03624657720558
11.370911
-32.05507
-5.2456055
34.41426202410946
12.088089
-32.767563
-3.150299
35.0679272481904
11.370911
-32.05507
-3.8487396
34.22919539490832
10.653717
-33.480072
-3.150299
35.27522403421504
11.370911
-33.480072
-1.753418
35.40179873277098
11.370911
-32.767563
-2.4518585
34.77099853135063
12.088089
-32.767563
-3.150299
35.0679272481904
12.805283
-31.342575
-4.54718
34.16151570515333
12.805283
-32.05507
-5.2456055
34.91445321022155
12.805283
-32.767563
-4.54718
35.47344407264398
13.522461
-33.480072
-3.8487396
36.31232519321091
14.956848
-32.767563
-3.150299
36.15722401723911
14.239655
-31.342575
-3.150299
34.56948357057041
14.239655
-32.767563
-2.4518585
35.81190519521319
14.239655
-32.05507
-3.8487396
35.286086637033726
15.6740265
-33.480072
-3.150299
37.1014119745841
16.39122
-31.342575
-3.8487396
35.578670532708216
16.39122
-30.630066
-3.8487396
34.9526220907048
17.108398
-29.205063
-2.4518585
33.93588854369368
17.108398
-29.205063
-3.150299
33.99349015689438
19.259964
-31.342575
-3.150299
36.92191302103417
16.39122
-29.917572
-3.8487396
34.32995628365262
19.977158
-29.917572
-3.150299
36.11194245253657
15.6740265
-30.630066
-3.150299
34.5514169758501
17.108398
-30.630066
-2.4518585
35.169728319096556
16.39122
-32.767563
-3.150299
36.773763641797835
17.825592
-29.205063
-3.8487396
34.43109237404925
17.108398
-31.342575
-5.944046
36.19925394712058
17.825592
-30.630066
-3.8487396
35.64779629737826
17.825592
-31.342575
-3.150299
36.19438082251166
18.542786
-30.630066
-3.150299
35.94384964285876
17.108398
-29.917572
-3.150299
34.60755497471795
15.6740265
-30.630066
-2.4518585
34.49474703838524
17.108398
-30.630066
-2.4518585
35.169728319096556
17.108398
-29.917572
-2.4518585
34.55097711398695
17.108398
-32.05507
-2.4518585
36.41752775965167
17.108398
-30.630066
-2.4518585
35.169728319096556
15.6740265
-29.917572
-1.753418
33.82027008977475
17.108398
-31.342575
-2.4518585
35.79198119647402
17.108398
-31.342575
-3.150299
35.8466003934212
16.39122
-31.342575
-5.2456055
35.7567533503288
14.956848
-33.480072
-1.753418
36.71099319664854
14.956848
-32.767563
-3.150299
36.15722401723911
13.522461
-34.192566
-2.4518585
36.85105320164286
16.39122
-34.192566
-1.753418
37.95890111460189
13.522461
-32.767563
-3.150299
35.587842121094354
14.956848
-33.480072
-1.753418
36.71099319664854
13.522461
-34.192566
-1.753418
36.81118020766585
12.088089
-33.480072
-2.4518585
35.67980981066183
14.239655
-34.192566
-2.4518585
37.12022374315903
12.088089
-33.480072
-3.8487396
35.802932499809806
12.088089
-33.480072
-3.8487396
35.802932499809806
10.653717
-32.767563
-3.150299
34.599700608915136
12.088089
-33.480072
-4.54718
35.88473368060748
12.805283
-34.905075
-2.4518585
37.260583385378574
12.088089
-33.480072
-5.944046
36.08834848651812
13.522461
-33.480072
-8.039368
36.991940832070945
11.370911
-33.480072
-4.54718
35.64954095788349
12.805283
-33.480072
-5.2456055
36.22715639339586
12.088089
-31.342575
-4.54718
33.89920001591114
12.088089
-34.905075
-5.944046
37.41413998869612
11.370911
-32.767563
-4.54718
34.98124671978277
12.805283
-34.192566
-4.54718
36.79379963263172
13.522461
-32.767563
-5.944046
35.94303456023764
12.088089
-34.192566
-5.2456055
36.64382482030141
12.088089
-34.192566
-5.944046
36.750308911329235
12.088089
-34.192566
-3.150299
36.402994087239925
12.805283
-32.767563
-4.54718
35.47344407264398
12.088089
-33.480072
-4.54718
35.88473368060748
12.805283
-34.192566
-2.4518585
36.59396682792295
13.522461
-34.905075
-3.150299
37.56521835265719
14.239655
-34.192566
-6.6424866
37.63006902367523
14.956848
-32.05507
-7.340927
36.12649860375605
15.6740265
-33.480072
-3.150299
37.1014119745841
17.825592
-34.192566
-4.54718
38.82731230286308
15.6740265
-33.480072
-3.8487396
37.167231214765984
16.39122
-33.480072
-3.8487396
37.47532716981101
16.39122
-34.192566
-4.54718
38.19005879571689
15.6740265
-32.05507
-5.944046
36.173668624537
15.6740265
-34.192566
-3.8487396
37.81030791683169
17.825592
-32.05507
-5.944046
37.15657196033765
17.108398
-32.767563
-5.2456055
37.33532854834011
17.825592
-30.630066
-3.8487396
35.64779629737826
19.259964
-31.342575
-4.54718
37.06723758980513
16.39122
-32.05507
-3.150299
36.14033789877317
17.825592
-31.342575
-5.2456055
36.43659042872031
17.108398
-31.342575
-2.4518585
35.79198119647402
17.825592
-32.767563
-3.150299
37.435134328950426
17.825592
-31.342575
-1.753418
36.099629188387276
17.825592
-32.05507
-3.150299
36.81309024357029
19.977158
-33.480072
-3.150299
39.114275062589044
19.977158
-30.630066
-4.54718
36.850571225007826
17.108398
-32.767563
-1.753418
37.0065516264519
17.825592
-33.480072
0.34188843
37.93130548171095
17.108398
-33.480072
-0.35655212
37.59972904188855
17.108398
-34.905075
-0.35655212
38.874009294550675
17.108398
-34.192566
1.7387695
38.27338726650102
17.108398
-33.480072
0.34188843
37.599594308815355
17.108398
-33.480072
1.040329
37.61242911882653
17.825592
-33.480072
1.040329
37.94402808846374
14.956848
-32.767563
0.34188843
36.02134580378175
15.6740265
-34.192566
2.4371948
37.69279217610776
15.6740265
-33.480072
3.1356354
37.10016826581198
14.956848
-33.480072
1.040329
36.68384977049676
16.39122
-32.767563
2.4371948
36.71954786367201
17.108398
-32.05507
1.040329
36.34978688845283
17.108398
-33.480072
2.4371948
37.67694905687528
17.108398
-33.480072
3.1356354
37.728566128974975
16.39122
-33.480072
3.834076
37.47382550069115
17.108398
-34.192566
3.834076
38.42563015403098
15.6740265
-33.480072
3.834076
37.16571709712797
16.39122
-32.767563
3.1356354
36.772508851403686
14.956848
-34.192566
3.834076
37.51718356300217
15.6740265
-33.480072
3.834076
37.16571709712797
16.39122
-32.767563
2.4371948
36.71954786367201
15.6740265
-34.192566
3.834076
37.80881955228833
15.6740265
-34.905075
1.7387695
38.30225348553675
15.6740265
-33.480072
1.040329
36.98205791220758
16.39122
-32.767563
2.4371948
36.71954786367201
16.39122
-33.480072
1.7387695
37.317699792101834
15.6740265
-30.630066
1.7387695
34.45140478982225
15.6740265
-33.480072
0.34188843
36.969004252084275
17.108398
-32.767563
1.040329
36.97962514387146
15.6740265
-32.767563
3.834076
36.52517459104405
17.825592
-33.480072
2.4371948
38.0079851293613
16.39122
-33.480072
3.834076
37.47382550069115
19.259964
-32.767563
3.1356354
38.1377972246489
16.39122
-33.480072
3.1356354
37.40881654989987
17.108398
-33.480072
2.4371948
37.67694905687528
17.825592
-32.05507
3.834076
36.87789812499063
17.108398
-32.767563
3.834076
37.1632963514154
17.108398
-33.480072
3.1356354
37.728566128974975
16.39122
-33.480072
1.7387695
37.317699792101834
18.542786
-32.767563
4.5325165
37.92218080325814
17.108398
-32.05507
3.1356354
36.469944951502534
17.108398
-33.480072
3.1356354
37.728566128974975
15.6740265
-32.767563
4.5325165
36.60508004042096
17.108398
-33.480072
3.834076
37.79302507263245
17.108398
-32.05507
3.834076
36.53662445762898
18.542786
-33.480072
3.834076
38.463624887068626
15.6740265
-32.767563
4.5325165
36.60508004042096
17.108398
-33.480072
3.834076
37.79302507263245
