20.945618
-30.598434
-14.292297
39.73981542090375
20.228424
-29.173431
-13.593857
38.01409329528327
19.51123
-28.460922
-14.292297
37.34945693840474
19.51123
-27.748428
-14.990723
37.086185188502974
20.945618
-29.885925
-15.689163
39.72451829180091
19.51123
-29.173431
-14.292297
37.89521074054494
20.228424
-29.885925
-15.689163
39.3510809045873
20.228424
-27.748428
-14.990723
37.46846981755127
20.228424
-27.035934
-15.689163
37.23279148437235
20.945618
-27.748428
-14.292297
37.5894132603558
21.662796
-26.323425
-14.292297
36.96578469722035
21.662796
-28.460922
-14.292297
38.517146268131356
23.814362
-28.460922
-15.689163
40.29017065690464
20.945618
-26.323425
-14.990723
36.82883928825768
20.228424
-27.748428
-15.689163
37.75333374662925
21.662796
-27.748428
-15.689163
38.54091145093419
21.662796
-26.323425
-17.086044
38.133087000907096
20.945618
-27.035934
-14.990723
37.341430694190905
20.945618
-27.748428
-17.086044
38.73792969772165
22.37999
-26.323425
-14.990723
37.66309098907792
23.097168
-27.748428
-16.387604
39.6485568040077
21.662796
-27.035934
-13.593857
37.215742295557874
23.097168
-27.748428
-14.990723
39.09189518981204
23.097168
-26.323425
-16.387604
38.664653681831126
21.662796
-27.748428
-14.292297
37.993706432982094
23.097168
-27.748428
-12.196976
38.108013633945816
22.37999
-27.035934
-13.593857
37.63772884769351
22.37999
-29.173431
-14.292297
39.44898957286882
22.37999
-29.173431
-14.292297
39.44898957286882
23.097168
-27.035934
-15.689163
38.8660623266784
23.097168
-28.460922
-14.990723
39.600821931574224
23.097168
-27.035934
-14.292297
38.32350028152602
21.662796
-27.748428
-12.895416
37.49058149951632
21.662796
-29.173431
-12.895416
38.55719897468484
21.662796
-30.598434
-14.292297
40.1224474704077
20.945618
-29.885925
-12.196976
38.479263071470555
20.228424
-29.173431
-13.593857
38.01409329528327
20.945618
-29.173431
-14.292297
38.653302042504244
20.945618
-29.885925
-14.990723
39.453887678271805
22.37999
-29.173431
-12.895416
38.96466028308937
20.945618
-29.173431
-14.990723
38.916960122242976
18.794052
-30.598434
-12.895416
38.15458476863806
20.228424
-28.460922
-14.292297
37.729074097127835
18.076859
-29.885925
-14.292297
37.73872257563344
17.35968
-30.598434
-13.593857
37.71492608257456
18.076859
-30.598434
-14.292297
38.305441973244804
18.076859
-29.885925
-13.593857
37.479786218707275
17.35968
-31.310928
-14.292297
38.54870220132255
16.642487
-29.885925
-14.990723
37.347860325572036
17.35968
-32.73593
-14.990723
39.971509323731915
15.925293
-32.73593
-13.593857
38.8593514399808
15.925293
-33.448425
-14.292297
39.70745376834965
17.35968
-29.173431
-14.292297
36.833645043988824
15.925293
-32.023422
-14.292297
38.514728057507426
16.642487
-29.885925
-14.292297
37.073044716225425
17.35968
-32.023422
-14.292297
39.12962825810114
17.35968
-31.310928
-14.292297
38.54870220132255
18.076859
-32.73593
-13.593857
39.78953419242301
17.35968
-30.598434
-14.292297
37.972259032808246
19.51123
-30.598434
-12.196976
38.28470488236376
17.35968
-31.310928
-12.895416
38.052915973187915
20.228424
-31.310928
-12.196976
39.22154497012771
19.51123
-29.885925
-13.593857
38.19227223147537
18.794052
-32.023422
-12.895416
39.30658584041213
20.945618
-29.885925
-12.895416
38.706319887309746
19.51123
-31.310928
-11.498535
38.642962676962604
19.51123
-29.173431
-11.498535
36.93228303630087
18.794052
-31.310928
-12.196976
38.501387137653076
20.228424
-29.885925
-12.895416
38.32296196880533
19.51123
-31.310928
-12.895416
39.081376688983845
20.228424
-30.598434
-12.196976
38.65513684482552
20.228424
-29.885925
-13.593857
38.56359208846636
20.228424
-29.885925
-12.895416
38.32296196880533
20.228424
-29.885925
-12.196976
38.093620218708374
20.945618
-29.173431
-12.895416
38.15887487132335
21.662796
-29.885925
-12.895416
39.09906725929501
19.51123
-30.598434
-10.101669
37.6695645548233
19.51123
-29.173431
-11.498535
36.93228303630087
20.228424
-30.598434
-10.80011
38.23736004387594
20.228424
-29.885925
-11.498535
37.8757702840401
20.228424
-30.598434
-12.196976
38.65513684482552
18.794052
-31.310928
-11.498535
38.28585750333438
20.228424
-29.885925
-11.498535
37.8757702840401
19.51123
-30.598434
-12.895416
38.51290875310511
18.794052
-31.310928
-10.101669
37.88976480982364
20.228424
-31.310928
-11.498535
39.00999439997316
20.228424
-30.598434
-11.498535
38.440469270475546
18.076859
-30.598434
-12.196976
37.57397163897586
18.794052
-32.023422
-10.101669
38.48063985375877
18.794052
-34.160934
-10.80011
40.457734082253204
18.076859
-32.73593
-8.006348
38.242850639041016
17.35968
-34.160934
-9.403229
39.45565431248812
17.35968
-32.73593
-10.101669
38.40629449753321
17.35968
-33.448425
-10.80011
39.20201491802191
17.35968
-31.310928
-11.498535
37.60251287626101
16.642487
-32.023422
-12.196976
38.095119886669046
16.642487
-33.448425
-10.101669
38.70159211740358
17.35968
-31.310928
-9.403229
37.01558212851042
18.076859
-32.73593
-9.403229
38.5594958057918
18.076859
-32.73593
-9.403229
38.5594958057918
17.35968
-33.448425
-9.403229
38.84039513116869
16.642487
-33.448425
-9.403229
38.525188974836645
17.35968
-31.310928
-10.80011
37.39485258695373
16.642487
-32.73593
-10.80011
38.27866062671211
17.35968
-30.598434
-10.80011
36.800339871371264
16.642487
-31.310928
-9.403229
36.68469997034271
15.925293
-33.448425
-9.403229
38.220842006317376
18.076859
-32.023422
-9.403229
37.95646181039616
16.642487
-32.023422
-10.80011
37.67113295100773
17.35968
-30.598434
-10.101669
36.60145327491707
17.35968
-32.023422
-10.101669
37.800816570524475
17.35968
-33.448425
-10.101669
39.015373134449355
18.794052
-32.73593
-10.101669
39.07558530831624
18.076859
-30.598434
-10.80011
37.14403644408312
18.076859
-31.310928
-12.196976
38.156430755611986
17.35968
-32.73593
-10.80011
38.59588177310825
15.925293
-31.310928
-11.498535
36.96221644241505
17.35968
-29.885925
-11.498535
36.42448745188891
18.076859
-31.310928
-11.498535
37.938941488265066
18.794052
-31.310928
-9.403229
37.70956417765591
18.794052
-32.023422
-10.101669
38.48063985375877
18.076859
-31.310928
-10.80011
37.733132743526944
19.51123
-32.023422
-10.80011
39.02345392266922
18.076859
-31.310928
-10.80011
37.733132743526944
18.794052
-30.598434
-10.80011
37.49830562578378
18.794052
-32.023422
-10.80011
38.669862637035415
20.228424
-30.598434
-10.101669
38.04598625758702
18.794052
-31.310928
-12.895416
38.72831424447429
18.794052
-30.598434
-10.80011
37.49830562578378
18.794052
-31.310928
-10.101669
37.88976480982364
18.794052
-31.310928
-10.101669
37.88976480982364
18.794052
-31.310928
-9.403229
37.70956417765591
18.076859
-30.598434
-9.403229
36.76217844023766
18.794052
-30.598434
-10.80011
37.49830562578378
17.35968
-31.310928
-8.704788
36.84434802578697
18.076859
-32.023422
-9.403229
37.95646181039616
19.51123
-32.73593
-8.704788
39.090953699453436
19.51123
-29.173431
-8.704788
36.16006826748776
18.076859
-31.310928
-8.006348
37.030373143626974
18.076859
-29.885925
-8.704788
35.996037583040824
18.076859
-32.023422
-9.403229
37.95646181039616
17.35968
-32.023422
-8.006348
37.295570711903075
18.076859
-31.310928
-9.403229
37.35729683680452
17.35968
-32.023422
-10.101669
37.800816570524475
18.076859
-32.023422
-10.101669
38.13549580166833
18.794052
-32.73593
-9.403229
38.9008781432052
17.35968
-32.023422
-6.609482
37.02085000322031
17.35968
-34.160934
-7.3079224
39.00940610479013
17.35968
-32.73593
-8.704788
38.062751756659196
16.642487
-29.885925
-8.006348
35.13178662750622
18.794052
-32.023422
-8.704788
38.137766817322955
17.35968
-32.73593
-10.80011
38.59588177310825
15.925293
-32.023422
-11.498535
37.567683060668976
15.208115
-32.73593
-8.006348
36.97336258734963
16.642487
-34.160934
-8.006348
38.83353521160866
16.642487
-32.73593
-10.101669
38.08749435920536
17.35968
-32.023422
-10.101669
37.800816570524475
17.35968
-32.023422
-8.704788
37.451720222925005
15.208115
-32.73593
-8.704788
37.13086713161049
14.490921
-31.310928
-8.704788
35.582780629733676
15.925293
-33.448425
-8.006348
37.901367678159055
14.490921
-31.310928
-10.101669
35.950030084631884
15.208115
-33.448425
-9.403229
37.927622079449726
15.925293
-32.73593
-10.101669
37.779623168552284
17.35968
-34.160934
-10.80011
39.811685934083
14.490921
-33.448425
-8.704788
37.477423216872346
15.208115
-32.73593
-9.403229
37.300785954353564
17.35968
-32.023422
-10.101669
37.800816570524475
15.208115
-32.73593
-8.704788
37.13086713161049
15.208115
-32.73593
-9.403229
37.300785954353564
15.208115
-33.448425
-9.403229
37.927622079449726
13.773743
-33.448425
-8.006348
37.04881407040497
15.208115
-31.310928
-10.101669
36.245062971993164
14.490921
-32.023422
-9.403229
36.385532597749275
16.642487
-32.73593
-10.101669
38.08749435920536
15.208115
-33.448425
-7.3079224
37.46317690777756
17.35968
-32.023422
-8.704788
37.451720222925005
17.35968
-31.310928
-8.704788
36.84434802578697
15.208115
-32.73593
-8.704788
37.13086713161049
16.642487
-32.73593
-10.101669
38.08749435920536
18.076859
-31.310928
-10.80011
37.733132743526944
14.490921
-32.73593
-10.101669
37.197738545907434
16.642487
-33.448425
-9.403229
38.525188974836645
18.794052
-32.023422
-10.101669
38.48063985375877
17.35968
-32.023422
-10.80011
37.99342530242486
17.35968
-32.023422
-8.704788
37.451720222925005
18.794052
-33.448425
-7.3079224
39.05661674445749
15.925293
-32.73593
-10.101669
37.779623168552284
17.35968
-30.598434
-8.704788
36.240805676664394
16.642487
-31.310928
-8.006348
36.3517278835159
17.35968
-32.023422
-9.403229
37.62018987888601
18.794052
-32.023422
-7.3079224
37.84338388809281
16.642487
-33.448425
-7.3079224
38.06803505526323
17.35968
-32.73593
-9.403229
38.228528746948264
18.076859
-31.310928
-8.006348
37.030373143626974
16.642487
-32.73593
-8.006348
37.586102323739624
17.35968
-32.73593
-8.704788
38.062751756659196
18.076859
-31.310928
-9.403229
37.35729683680452
18.794052
-32.023422
-9.403229
38.30321914251709
18.794052
-31.310928
-7.3079224
37.24239973324255
16.642487
-32.73593
-8.704788
37.741049810787096
16.642487
-30.598434
-8.006348
35.73986758181436
17.35968
-31.310928
-8.006348
36.68561337248738
15.925293
-32.73593
-5.2126007
36.77536526309936
17.35968
-34.87343
-7.3079224
39.634836799032456
15.925293
-33.448425
-5.9110413
37.51469764055816
17.35968
-32.023422
-7.3079224
37.151901619504116
15.208115
-32.73593
-8.006348
36.97336258734963
16.642487
-32.023422
-8.704788
37.12472544353443
15.925293
-33.448425
-6.609482
37.63106977099342
16.642487
-32.023422
-9.403229
37.29467224852633
18.076859
-32.023422
-8.704788
37.78949132095952
15.925293
-31.310928
-8.704788
36.190640380792864
15.208115
-30.598434
-7.3079224
34.94219207647647
16.642487
-32.73593
-9.403229
37.90823366615095
17.35968
-33.448425
-9.403229
38.84039513116869
15.925293
-31.310928
-8.006348
36.02902577425856
16.642487
-29.885925
-9.403229
35.47621066908781
15.925293
-31.310928
-8.704788
36.190640380792864
16.642487
-32.023422
-8.704788
37.12472544353443
17.35968
-32.023422
-7.3079224
37.151901619504116
17.35968
-30.598434
-8.704788
36.240805676664394
16.642487
-31.310928
-9.403229
36.68469997034271
15.208115
-32.023422
-7.3079224
36.196574652880656
17.35968
-31.310928
-10.101669
37.199144710429835
17.35968
-30.598434
-8.006348
36.07941578191175
17.35968
-32.73593
-9.403229
38.228528746948264
15.208115
-30.598434
-7.3079224
34.94219207647647
15.925293
-30.598434
-10.101669
35.94332833172938
15.925293
-30.598434
-8.704788
35.57600969502219
15.925293
-32.023422
-8.704788
36.808800814245664
16.642487
-31.310928
-8.006348
36.3517278835159
18.076859
-29.885925
-8.704788
35.996037583040824
18.076859
-31.310928
-8.006348
37.030373143626974
18.076859
-29.885925
-7.3079224
35.68399035938596
18.794052
-32.023422
-7.3079224
37.84338388809281
17.35968
-31.310928
-8.006348
36.68561337248738
17.35968
-30.598434
-10.101669
36.60145327491707
17.35968
-29.885925
-9.403229
35.81825835849557
18.794052
-32.023422
-8.704788
38.137766817322955
18.794052
-31.310928
-8.704788
37.54149559622741
18.794052
-31.310928
-10.101669
37.88976480982364
18.076859
-30.598434
-8.006348
36.42991451918327
17.35968
-29.885925
-8.704788
35.641272325335834
17.35968
-29.173431
-9.403229
35.22596040043213
18.076859
-30.598434
-5.9110413
36.027455350919524
18.794052
-29.885925
-8.006348
36.20064157159804
19.51123
-29.173431
-7.3079224
35.84944885766638
20.945618
-29.173431
-7.3079224
36.649880560749274
20.228424
-29.885925
-7.3079224
36.82069292849301
19.51123
-29.885925
-8.704788
36.7373108009121
20.228424
-29.885925
-8.704788
37.12318657450236
18.076859
-29.885925
-8.006348
35.83354529976067
19.51123
-29.173431
-9.403229
36.33452732562463
19.51123
-28.460922
-10.101669
35.95491425904114
18.076859
-29.173431
-9.403229
35.584864658635944
18.076859
-29.885925
-7.3079224
35.68399035938596
18.076859
-29.173431
-8.006348
35.24150253573991
16.642487
-29.885925
-7.3079224
34.979231421793344
17.35968
-29.885925
-5.2126007
34.95280020524107
16.642487
-31.310928
-6.609482
36.06981924478639
17.35968
-31.310928
-7.3079224
36.53954608002643
18.794052
-29.173431
-8.704788
35.77818968899733
17.35968
-30.598434
-6.609482
35.79536259626989
16.642487
-30.598434
-8.006348
35.73986758181436
16.642487
-30.598434
-8.704788
35.90278384325249
15.925293
-32.023422
-8.704788
36.808800814245664
17.35968
-30.598434
-8.006348
36.07941578191175
15.925293
-31.310928
-6.609482
35.744572154056655
16.642487
-33.448425
-7.3079224
38.06803505526323
15.925293
-32.023422
-8.006348
36.649912202529556
14.490921
-31.310928
-8.704788
35.582780629733676
14.490921
-31.310928
-9.403229
35.76005615503054
16.642487
-29.173431
-8.704788
34.69632313181308
15.925293
-31.310928
-9.403229
36.364952771027525
16.642487
-31.310928
-8.006348
36.3517278835159
15.925293
-30.598434
-7.3079224
35.260245491337336
15.208115
-30.598434
-9.403229
35.43969073916278
14.490921
-30.598434
-7.3079224
34.63606124086932
15.208115
-29.173431
-6.609482
33.556834731937435
13.773743
-32.023422
-7.3079224
35.61770930057564
15.208115
-32.023422
-5.9110413
35.94059939080472
15.208115
-31.310928
-8.006348
35.717816998969504
13.773743
-30.598434
-8.006348
34.4975620458805
14.490921
-30.598434
-6.609482
34.495453023505505
14.490921
-30.598434
-7.3079224
34.63606124086932
14.490921
-30.598434
-5.9110413
34.3684652879642
13.056549
-29.885925
-7.3079224
33.42226397915299
14.490921
-30.598434
-6.609482
34.495453023505505
15.208115
-31.310928
-6.609482
35.43086495424928
13.056549
-29.885925
-7.3079224
33.42226397915299
16.642487
-30.598434
-5.9110413
35.329548567072365
15.925293
-31.310928
-7.3079224
35.880285637950784
14.490921
-29.885925
-7.3079224
34.00824951620195
15.208115
-29.885925
-6.609482
34.178072283263724
15.925293
-31.310928
-7.3079224
35.880285637950784
14.490921
-30.598434
-7.3079224
34.63606124086932
14.490921
-29.885925
-8.006348
34.16514065443753
15.925293
-29.885925
-6.609482
34.50317014420559
16.642487
-29.885925
-8.006348
35.13178662750622
15.925293
-29.885925
-6.609482
34.50317014420559
17.35968
-28.460922
-7.3079224
34.12899544490176
17.35968
-29.173431
-7.3079224
34.725399832898795
15.925293
-29.173431
-7.3079224
34.03101325675229
18.076859
-29.885925
-5.9110413
35.424311368571445
18.076859
-29.885925
-6.609482
35.54752746653943
17.35968
-30.598434
-6.609482
35.79536259626989
18.794052
-28.460922
-8.006348
35.03344175235463
18.076859
-29.885925
-6.609482
35.54752746653943
17.35968
-29.173431
-9.403229
35.22596040043213
17.35968
-28.460922
-7.3079224
34.12899544490176
17.35968
-29.885925
-8.704788
35.641272325335834
15.925293
-32.023422
-8.006348
36.649912202529556
16.642487
-27.035934
-8.704788
32.91940916845258
17.35968
-27.748428
-10.101669
34.25459737620996
16.642487
-28.460922
-9.403229
34.28435669890588
14.490921
-28.460922
-8.704788
33.102631008539184
17.35968
-29.885925
-5.9110413
35.06376202329925
14.490921
-30.598434
-6.609482
34.495453023505505
15.208115
-29.885925
-8.704788
34.64431609507269
16.642487
-29.173431
-8.704788
34.69632313181308
16.642487
-29.885925
-8.006348
35.13178662750622
14.490921
-30.598434
-8.006348
34.7901212855388
15.925293
-29.173431
-8.704788
34.35807644487956
13.773743
-31.310928
-7.3079224
34.97850728203946
15.208115
-32.73593
-5.9110413
36.576883522289386
15.208115
-29.885925
-6.609482
34.178072283263724
13.056549
-31.310928
-7.3079224
34.70235464588462
15.208115
-29.885925
-8.006348
34.475453365628496
13.773743
-30.598434
-6.609482
34.200373204743684
12.339355
-30.598434
-8.704788
34.12180008749447
15.208115
-29.173431
-7.3079224
33.70135926355104
14.490921
-29.885925
-7.3079224
34.00824951620195
15.208115
-30.598434
-8.006348
35.09490829010136
14.490921
-30.598434
-8.704788
34.95746403834505
15.208115
-29.173431
-8.006348
33.8596724288967
13.056549
-29.885925
-5.9110413
33.14486985131994
15.208115
-30.598434
-9.403229
35.43969073916278
14.490921
-29.885925
-6.609482
33.86503471387376
16.642487
-29.173431
-8.704788
34.69632313181308
14.490921
-31.310928
-7.3079224
35.2670770497473
13.056549
-30.598434
-8.006348
34.217528160263676
13.773743
-29.173431
-7.3079224
33.078857529087784
13.773743
-29.173431
-8.704788
33.41524156938903
13.056549
-29.885925
-7.3079224
33.42226397915299
13.773743
-29.173431
-8.006348
33.24013562263153
13.056549
-30.598434
-7.3079224
34.0608783300899
13.773743
-31.310928
-6.609482
34.8392811736309
13.056549
-27.748428
-7.3079224
31.525456874601257
13.773743
-29.173431
-8.006348
33.24013562263153
12.339355
-29.173431
-8.006348
32.67186005499419
14.490921
-29.173431
-6.609482
33.237948650131074
13.773743
-29.173431
-9.403229
33.60395375558972
14.490921
-29.173431
-7.3079224
33.383853723815726
13.056549
-30.598434
-7.3079224
34.0608783300899
15.208115
-29.885925
-8.704788
34.64431609507269
12.339355
-28.460922
-8.704788
32.21889397397511
12.339355
-29.173431
-8.704788
32.84999531785069
13.056549
-28.460922
-8.006348
32.32025867925178
13.773743
-30.598434
-7.3079224
34.342189597172236
13.773743
-30.598434
-7.3079224
34.342189597172236
13.773743
-29.173431
-8.006348
33.24013562263153
15.208115
-28.460922
-8.704788
33.422808177131266
14.490921
-29.885925
-7.3079224
34.00824951620195
14.490921
-29.885925
-8.006348
34.16514065443753
15.925293
-29.885925
-8.006348
34.79777305756254
14.490921
-27.748428
-6.609482
31.994488241446078
16.642487
-27.748428
-8.704788
33.50702832639184
15.925293
-28.460922
-8.704788
33.755182617127474
13.056549
-27.035934
-8.704788
31.260015973009555
14.490921
-27.748428
-8.006348
32.31197299195474
15.925293
-29.173431
-8.006348
34.187799930128584
15.925293
-28.460922
-7.3079224
33.42222015074234
15.208115
-28.460922
-7.3079224
33.086501065153065
14.490921
-28.460922
-4.51416
32.25505463961714
15.208115
-28.460922
-7.3079224
33.086501065153065
14.490921
-28.460922
-6.609482
32.61435522882811
14.490921
-28.460922
-5.2126007
32.36019358573508
15.925293
-28.460922
-6.609482
33.27648330007714
15.208115
-29.885925
-8.006348
34.475453365628496
14.490921
-28.460922
-8.006348
32.92586258183394
13.773743
-29.173431
-9.403229
33.60395375558972
16.68155
-28.557114
-7.319641
33.872702657915596
15.247177
-28.557114
-7.319641
33.189791440432025
15.247177
-29.269623
-8.018066
33.96287214842574
13.812805
-28.557114
-7.319641
32.55578895574872
14.5299835
-28.557114
-8.716507
33.205521972303416
13.812805
-29.269623
-10.113388
33.90848026939113
14.5299835
-29.982117
-8.018066
34.2686030967579
14.5299835
-29.982117
-8.716507
34.43871757999545
15.247177
-29.269623
-8.716507
34.134510321987555
15.964355
-29.982117
-8.018066
34.9009654963602
15.247177
-28.557114
-7.319641
33.189791440432025
14.5299835
-29.269623
-7.319641
33.487437155829426
13.812805
-27.84462
-8.716507
32.28148066834334
13.812805
-30.694626
-9.4149475
34.951321128575565
15.964355
-29.982117
-8.018066
34.9009654963602
12.378418
-29.982117
-7.319641
33.25251473690561
14.5299835
-29.982117
-8.018066
34.2686030967579
15.247177
-29.982117
-8.018066
34.578795745866785
14.5299835
-30.694626
-8.018066
34.89369493603483
12.378418
-29.269623
-8.716507
32.95320279151558
13.095612
-28.557114
-9.4149475
32.79702760207471
12.378418
-28.557114
-8.018066
32.140680071051506
13.095612
-29.982117
-4.525879
33.02886440356469
16.005371
-29.347748
-8.634964
34.52571187207351
14.612015
-29.413666
-7.2366333
33.63099134877773
13.177643
-27.988663
-8.633499
32.11779656896333
13.894836
-27.988663
-7.9350586
32.23967820227022
14.612015
-29.413666
-9.33194
34.14322430036449
13.894836
-28.701157
-7.9350586
32.860129122349775
13.894836
-29.413666
-7.2366333
33.32565259816753
13.894836
-30.12616
-9.33194
34.46356134451103
14.612015
-30.12616
-9.33194
34.758905600646976
13.177643
-29.413666
-8.633499
33.36691952157668
14.612015
-30.12616
-7.9350586
34.410196824601464
15.329208
-29.413666
-9.33194
34.456255172432954
15.329208
-29.413666
-9.33194
34.456255172432954
15.329208
-28.701157
-7.9350586
33.49188407402792
14.612015
-28.701157
-9.33194
33.531364675363086
13.894836
-27.988663
-10.728821
33.03845194074058
13.177643
-29.413666
-9.33194
33.55441920003329
13.177643
-29.413666
-6.5381927
32.88710825914065
15.329208
-30.12616
-9.33194
35.06644084359717
15.329208
-28.701157
-8.633499
33.664201199238526
17.480774
-28.701157
-8.633499
34.69684734698979
14.612015
-29.413666
-9.33194
34.14322430036449
15.329208
-30.838669
-7.2366333
35.19058219460588
14.612015
-30.838669
-8.633499
35.20045137982964
16.046387
-29.413666
-7.9350586
34.43276751171223
14.612015
-29.413666
-8.633499
33.958975781563446
14.612015
-28.701157
-7.2366333
33.00963844801621
14.612015
-30.12616
-7.2366333
34.25588025480078
16.046387
-30.838669
-7.9350586
35.65775118717615
15.329208
-30.12616
-7.2366333
34.56789098157512
13.894836
-30.12616
-7.2366333
33.95616106133668
14.612015
-30.12616
-7.9350586
34.410196824601464
16.046387
-28.701157
-7.2366333
33.6691522971139
13.177643
-29.413666
-7.9350586
33.193059135980334
14.612015
-30.12616
-7.9350586
34.410196824601464
15.329208
-29.413666
-8.633499
34.27368948647964
13.894836
-28.701157
-6.5381927
32.55104915023861
14.612015
-30.838669
-8.633499
35.20045137982964
13.177643
-29.413666
-7.2366333
33.033057099338
14.612015
-30.838669
-5.839752
34.62133857841054
14.612015
-31.551163
-8.633499
35.82630555781429
13.177643
-30.12616
-8.633499
33.996664444609486
14.612015
-30.838669
-7.2366333
34.88414138706154
12.460449
-31.551163
-7.2366333
34.6858406838484
13.894836
-28.701157
-6.5381927
32.55104915023861
15.329208
-30.12616
-7.9350586
34.7208208484567
14.612015
-30.12616
-6.5381927
34.115163202768976
13.177643
-29.413666
-8.633499
33.36691952157668
13.177643
-28.701157
-8.633499
32.74055542788733
14.612015
-30.12616
-7.2366333
34.25588025480078
16.046387
-30.838669
-6.5381927
35.37312446717582
14.612015
-30.838669
-7.9350586
35.035690856454686
13.177643
-29.413666
-9.33194
33.55441920003329
12.460449
-28.701157
-8.633499
32.458535372913666
13.177643
-29.413666
-8.633499
33.36691952157668
13.894836
-30.838669
-9.33194
35.08810409281364
13.894836
-29.413666
-7.9350586
33.48425651810582
15.329208
-30.838669
-6.5381927
35.0536175524813
16.046387
-30.838669
-7.9350586
35.65775118717615
15.329208
-29.413666
-7.2366333
33.948745690884884
16.046387
-28.701157
-6.5381927
33.52597268874629
16.76358
-28.701157
-8.633499
34.341103671361346
14.612015
-31.551163
-7.9350586
35.664436436977205
16.046387
-29.413666
-7.9350586
34.43276751171223
15.329208
-28.701157
-8.633499
33.664201199238526
15.329208
-27.276169
-6.5381927
31.96438619562843
15.329208
-29.413666
-7.2366333
33.948745690884884
15.329208
-29.413666
-7.9350586
34.10445201818873
16.046387
-28.701157
-7.2366333
33.6691522971139
14.612015
-27.988663
-8.633499
32.73245444843313
14.612015
-27.988663
-7.9350586
32.555205891900954
14.612015
-30.12616
-7.2366333
34.25588025480078
16.76358
-29.413666
-7.2366333
34.620085109207196
16.76358
-28.701157
-6.5381927
33.8750936922136
15.329208
-30.12616
-5.1413116
34.19069019336167
16.046387
-29.413666
-7.2366333
34.278552551691305
16.046387
-27.988663
-8.633499
33.3974424193867
16.76358
-29.413666
-8.633499
34.938785754516424
16.046387
-29.413666
-5.839752
34.01107069304788
16.046387
-28.701157
-7.9350586
33.82614565514097
15.329208
-30.12616
-7.9350586
34.7208208484567
15.329208
-30.838669
-9.33194
35.680432476621554
15.329208
-29.413666
-7.2366333
33.948745690884884
14.612015
-32.263657
-7.2366333
36.15001195377136
15.329208
-29.413666
-6.5381927
33.806750247616044
14.612015
-30.838669
-5.839752
34.62133857841054
14.612015
-30.838669
-5.1413116
34.510397408561886
16.046387
-30.838669
-7.2366333
35.50885672969492
15.329208
-30.12616
-8.633499
34.887068434382854
14.612015
-30.838669
-7.2366333
34.88414138706154
13.894836
-30.12616
-8.633499
34.281034568033206
14.612015
-30.838669
-6.5381927
34.745968811256546
14.612015
-31.551163
-6.5381927
35.37986349904332
12.460449
-30.838669
-5.839752
33.76964489028016
13.177643
-32.263657
-6.5381927
35.45901401343088
14.612015
-29.413666
-5.1413116
33.243161523626746
13.177643
-30.12616
-7.2366333
33.6690471550373
13.177643
-30.838669
-7.9350586
34.46213919776219
12.460449
-30.838669
-7.9350586
34.194319189651225
12.460449
-30.838669
-7.9350586
34.194319189651225
12.460449
-32.976166
-7.9350586
36.133855559269136
13.894836
-32.263657
-6.5381927
35.73174967127012
13.177643
-30.838669
-6.5381927
34.167554096389274
14.612015
-32.976166
-6.5381927
36.65632825812192
11.026077
-32.976166
-7.2366333
35.51578138713919
13.899719
-30.904587
-7.936035
34.80339591458713
14.616898
-30.192078
-5.8407288
34.04892576430459
13.182526
-32.329575
-6.5391693
35.5209950433147
14.616898
-30.904587
-6.5391693
34.80672254852951
13.182526
-31.61708
-7.936035
35.1624716716914
13.182526
-33.754578
-6.5391693
36.82269860850098
13.182526
-33.042084
-7.936035
36.44912811617978
13.899719
-32.329575
-7.23761
35.92751899441082
13.899719
-31.61708
-8.634476
35.600507273971004
15.334091
-30.904587
-6.5391693
35.11393807964207
13.929016
-32.38231
-5.1222687
35.62118777574223
13.929016
-31.669815
-6.51915
35.206446802885054
16.080566
-32.38231
-6.51915
36.738232863139324
16.080566
-33.09482
-8.614456
37.78968675187302
15.363388
-30.244812
-7.9160156
34.834547201175695
14.646194
-30.957321
-7.9160156
35.15010710221058
14.646194
-30.957321
-6.51915
34.862099288437506
14.646194
-30.957321
-6.51915
34.862099288437506
15.363388
-31.669815
-7.9160156
36.078722182692914
15.363388
-32.38231
-7.2175903
36.56147167357326
16.79776
-29.532318
-7.2175903
34.73350166187269
16.080566
-32.38231
-8.614456
37.16728869090147
16.79776
-30.957321
-8.614456
36.2591970418153
15.363388
-29.532318
-8.614456
34.38604936053282
16.080566
-30.244812
-7.9160156
35.15674305209813
16.080566
-30.244812
-7.9160156
35.15674305209813
16.080566
-31.669815
-5.820709
35.99225448360383
15.363388
-32.38231
-6.51915
36.43002677168845
15.363388
-32.38231
-5.820709
36.31154359487059
16.79776
-32.38231
-7.2175903
37.18698955794637
15.363388
-31.669815
-5.820709
35.67760473311216
15.363388
-33.09482
-7.2175903
37.19400875288082
16.79776
-30.244812
-6.51915
35.205292182514974
16.080566
-30.244812
-7.2175903
35.00609775286032
14.646194
-30.244812
-5.820709
34.104842160447866
15.363388
-31.669815
-5.820709
35.67760473311216
15.363388
-31.669815
-5.1222687
35.57033223286297
15.363388
-31.669815
-6.51915
35.798186152875644
15.363388
-31.669815
-5.820709
35.67760473311216
15.363388
-33.807312
-3.7254028
37.320861186305706
14.646194
-31.669815
-5.820709
35.374691156447746
14.646194
-31.669815
-3.7254028
35.09083671400644
14.646194
-31.669815
-3.7254028
35.09083671400644
13.929016
-31.669815
-3.0269623
34.72977259488158
14.646194
-33.09482
-4.423828
36.46022855937086
14.646194
-33.807312
-4.423828
37.10816116435844
13.929016
-31.669815
-5.1222687
34.97473802338893
12.494629
-34.51982
-5.1222687
37.06712068055563
12.494629
-34.51982
-4.423828
36.977075021537836
12.494629
-31.669815
-3.0269623
34.17975089279835
13.929016
-32.38231
-4.423828
35.52747753719999
12.494629
-34.51982
-5.1222687
37.06712068055563
13.929016
-32.38231
-3.7254028
35.44728494208865
13.929016
-33.09482
-5.1222687
36.270126753659994
14.646194
-32.38231
-5.1222687
35.90769484146991
13.929016
-33.807312
-3.7254028
36.7536453203752
13.929016
-33.807312
-3.7254028
36.7536453203752
13.2118225
-31.669815
-3.0269623
34.4483946582602
13.2118225
-31.669815
-2.3285217
34.394060766586215
13.953918
-33.85858
-4.3427734
36.877840197824085
13.236725
-32.43358
-3.6443481
35.21972741545213
13.236725
-33.146088
-2.9459076
35.81274030514926
13.236725
-33.146088
-2.247467
35.762063291963976
12.519531
-33.85858
-0.15216064
36.099382339223446
13.953918
-35.283585
-0.85058594
37.9521633009075
14.671097
-33.146088
-2.247467
36.31742449934501
13.236725
-32.43358
-0.15216064
35.031002591677634
12.519531
-33.85858
1.2447205
36.12051395426583
13.953918
-33.85858
-0.15216064
36.62155853871716
13.236725
-33.85858
-0.15216064
36.35433530285625
12.519531
-31.721085
0.5462799
34.106662168803254
13.953918
-33.85858
2.6416016
36.71639121413027
14.671097
-33.85858
2.6416016
36.994900738670225
15.38829
-33.146088
1.943161
36.59560633901715
16.105469
-32.43358
4.0384674
36.43668925984838
16.822662
-31.721085
3.3400269
36.06085148420133
