18.80928
-30.801453
-13.097076
38.39338487230743
20.960846
-30.088959
-14.4939575
39.43066501785127
19.526474
-31.513962
-14.4939575
39.80562514229302
20.960846
-29.37645
-15.192383
39.155347468150026
22.395218
-30.801453
-15.192383
41.001021209652514
20.960846
-31.513962
-15.192383
40.78351735794667
20.960846
-30.088959
-14.4939575
39.43066501785127
23.112411
-30.088959
-13.795517
40.3713430159818
21.67804
-27.951462
-14.4939575
38.22690817721285
21.67804
-28.663956
-14.4939575
38.75093087339564
21.67804
-27.951462
-13.795517
37.96759096739201
23.112411
-28.663956
-15.890823
40.10391774814526
23.799316
-28.621475
-13.765732
39.68742464313712
23.799316
-28.621475
-13.067291
39.45060790237823
25.950882
-29.33397
-16.559479
42.522304292038164
23.799316
-27.908981
-12.368851
38.707972420500795
25.950882
-28.621475
-13.067291
40.78469513704712
23.799316
-29.33397
-12.368851
39.74767522191549
24.51651
-27.908981
-13.765732
39.61648419928881
25.950882
-28.621475
-13.765732
41.0138094836285
25.950882
-27.908981
-13.067291
40.287886138779356
25.233704
-27.908981
-14.464172
40.30959443259523
25.950882
-28.621475
-13.765732
41.0138094836285
23.799316
-28.621475
-14.464172
39.93505469822221
24.51651
-27.196472
-13.067291
38.87751825645832
24.51651
-28.621475
-13.067291
39.88736889374411
24.51651
-28.621475
-12.368851
39.66404634257106
25.233704
-30.046478
-13.765732
41.58155842409664
26.668076
-28.621475
-13.067291
41.2447484228106
24.51651
-30.046478
-13.765732
41.150278966057755
23.799316
-30.046478
-13.067291
40.4963256676223
23.799316
-29.33397
-13.067291
39.97053052621237
23.799316
-30.046478
-10.273544
39.68304293378187
23.777832
-29.31102
-11.668457
39.505367638659244
24.495026
-30.736023
-11.668457
40.998320754483345
23.777832
-29.31102
-11.668457
39.505367638659244
22.34346
-29.31102
-10.970032
38.45396782650085
22.34346
-29.31102
-11.668457
38.65900985499693
23.060654
-30.02353
-13.065338
40.048834935457236
23.777832
-30.02353
-11.668457
40.036863506687496
23.777832
-30.02353
-10.970032
39.838915147833156
23.777832
-31.448532
-11.668457
41.116278282983615
21.626282
-30.736023
-12.366898
39.56436977216685
23.777832
-30.736023
-12.366898
40.78024723384012
23.060654
-30.736023
-12.366898
40.36628558238608
21.626282
-32.161026
-11.668457
40.474441564052185
20.191895
-32.161026
-12.366898
39.93725547655973
20.909088
-31.448532
-8.87471
38.79382287632111
21.626282
-32.161026
-10.271591
40.09405446104198
20.191895
-32.161026
-11.668457
39.72652793140089
20.191895
-32.87352
-12.366898
40.51322212552573
19.474716
-32.161026
-10.970032
39.165515725830964
19.46788
-33.575287
-8.172852
39.66224744098993
20.185059
-32.862778
-10.268173
39.9103258123172
21.619446
-33.575287
-10.268173
41.23270381939332
20.902252
-33.575287
-10.268173
40.86122277131691
20.185059
-32.150284
-10.268173
39.32572716915496
20.902252
-32.150284
-12.36348
40.29144465882692
20.902252
-32.862778
-11.665039
40.65635808978714
20.902252
-31.43779
-11.665039
39.51343935483771
19.46788
-32.862778
-10.268173
39.55244460236861
20.185059
-32.862778
-10.268173
39.9103258123172
21.619446
-32.862778
-10.268173
40.65461810954338
18.750687
-33.575287
-8.871292
39.46628957344879
18.033508
-34.28778
-7.4744263
39.45537122318551
20.185059
-33.575287
-9.569733
40.327613446
19.46788
-32.862778
-10.268173
39.55244460236861
20.902252
-32.150284
-7.4744263
39.06932284164505
19.46788
-33.575287
-7.4744263
39.52423819978618
19.46788
-32.862778
-7.4744263
38.92078512374124
20.902252
-33.575287
-7.4744263
40.25010766435523
20.902252
-34.28778
-8.172852
40.97989217286937
21.619446
-32.150284
-7.4744263
39.45767764574231
21.619446
-33.575287
-6.077545
40.39352624976711
21.585754
-33.53427
-7.4890747
40.57805280124497
22.302933
-33.53427
-7.4890747
40.964061337824674
21.585754
-32.821762
-6.790634
39.86634622740636
22.302933
-33.53427
-5.393753
40.633245857860196
21.585754
-32.10927
-6.0921936
39.16713953476737
20.151367
-32.10927
-6.0921936
38.39528137461604
20.151367
-33.53427
-6.790634
39.708156226377945
19.434189
-33.53427
-7.4890747
39.47557838794132
20.86856
-32.821762
-6.790634
39.48262356374716
20.86856
-34.959274
-8.885941
41.67262489951437
20.151367
-32.821762
-9.584381
39.68886562611106
20.151367
-33.53427
-10.282822
40.45196472602181
20.121094
-32.058
-7.4763794
38.580694274508915
18.686722
-32.770493
-7.4763794
38.45770397615005
20.838287
-32.770493
-6.777939
39.421819262743
19.403915
-34.908005
-6.777939
40.50952036539528
21.555481
-32.770493
-6.0794983
39.69262239334833
20.103027
-33.462494
-6.0882874
39.50870157319777
19.385849
-34.887497
-6.786728
40.48466747771618
18.668655
-34.887497
-6.0882874
40.034027884686736
20.82022
-34.174988
-8.183594
40.84583905808981
19.385849
-33.462494
-8.183594
39.52873478905488
20.103027
-33.462494
-7.4851685
39.7479301249606
18.668655
-33.462494
-7.4851685
39.042091543734884
19.385849
-32.749985
-6.0882874
38.541405545286615
19.385849
-32.749985
-6.786728
38.657888885024164
19.385849
-32.03749
-7.4851685
38.18690542704069
18.668655
-32.03749
-6.0882874
37.57641303272906
16.51709
-33.462494
-7.4851685
38.06022128595599
17.24405
-34.195496
-7.482727
39.02153789795931
17.961243
-34.908005
-8.879593
40.249499584428065
17.961243
-34.908005
-6.7842865
39.839698017002306
18.678421
-35.6205
-6.7842865
40.7888447789152
16.526855
-35.6205
-6.085846
39.73656231690941
16.526855
-34.195496
-6.085846
38.46435164741829
17.961243
-33.483
-8.181152
38.867067367904795
18.678421
-35.6205
-8.181152
41.044300987526725
18.678421
-33.483
-7.482727
39.06387185091072
17.961243
-34.195496
-7.482727
39.34373293536167
17.961243
-32.770493
-8.181152
38.2549686570663
17.24405
-34.195496
-8.181152
39.16146681878039
18.678421
-33.483
-9.578033
39.51877582337445
18.678421
-31.345505
-8.879593
37.55357826139042
17.961243
-34.195496
-7.482727
39.34373293536167
18.678421
-34.195496
-6.7842865
39.55049710546079
18.678421
-34.195496
-6.085846
39.436693669946365
18.678421
-34.195496
-6.085846
39.436693669946365
19.395615
-34.195496
-6.7842865
39.894212835616116
17.961243
-32.770493
-6.085846
37.86223485380914
18.678421
-34.195496
-7.482727
39.67627178766612
19.395615
-32.058
-7.482727
38.20859176121255
20.112793
-32.058
-7.482727
38.57759656887985
20.829987
-33.483
-5.3874054
39.799798062066216
17.942688
-34.173035
-4.7001953
38.88223405361374
19.37706
-32.74803
-4.7001953
38.34052490002419
18.659866
-32.74803
-3.3033295
37.835647937927696
17.942688
-34.173035
-4.00177
38.804000931363376
19.37706
-34.173035
-6.0970764
39.754761224777376
19.37706
-34.885544
-4.7001953
40.181631083898274
19.37706
-34.173035
-6.0970764
39.754761224777376
18.659866
-32.035538
-4.7001953
37.370551313417224
20.094238
-32.035538
-4.7001953
38.10703181859534
19.37706
-32.035538
-4.7001953
37.7337765221691
19.37706
-32.74803
-4.7001953
38.34052490002419
20.811432
-32.74803
-4.00177
39.00722338955312
18.659866
-33.46054
-4.7001953
38.59909502460842
17.942688
-33.46054
-5.398636
38.34961688510558
20.094238
-32.74803
-4.7001953
38.7079298465807
20.094238
-33.46054
-5.398636
39.402176261478566
18.659866
-33.46054
-4.00177
38.52028686289862
19.37706
-33.46054
-2.604889
38.75388557888019
19.37706
-34.885544
-2.604889
39.99071242273792
20.811432
-34.885544
-1.9064484
40.66634314569912
17.942688
-33.46054
-2.604889
38.056973762414756
20.094238
-34.173035
-2.604889
39.72858048586527
19.37706
-32.74803
-4.7001953
38.34052490002419
19.37706
-33.46054
-4.7001953
38.95086704998122
18.659866
-34.173035
-6.795517
39.52424437677067
18.659866
-32.035538
-6.0970764
37.57180625149661
20.094238
-33.46054
-6.0970764
39.50393077751884
18.659866
-32.74803
-5.398636
38.075839206115994
18.659866
-33.46054
-4.7001953
38.59909502460842
18.659866
-34.885544
-4.00177
39.76438173400285
18.659866
-35.598038
-3.3033295
40.32769366051774
17.942688
-36.31053
-3.3033295
40.63627397652635
17.225494
-35.598038
-1.9064484
39.592581499134724
17.225494
-34.173035
-4.7001953
38.556526203622454
16.5083
-34.885544
-4.00177
38.80127970364669
17.225494
-34.17401
-4.699707
38.557333527488645
15.791122
-34.17401
-5.3981476
38.031073464052064
15.791122
-32.74901
-3.3028412
36.50706601660321
17.942688
-35.599014
-4.699707
40.14121496257774
15.791122
-36.31151
-6.096588
40.06311853559175
17.225494
-33.461517
-5.3981476
38.0201362664411
17.225494
-33.461517
-7.493469
38.37372599422276
16.5083
-34.17401
-8.191895
38.826461860759345
17.9422
-32.74901
-8.889847
38.38553715777109
15.790634
-34.88652
-7.492981
39.019972162202556
16.507813
-33.461517
-7.492981
38.0568743276921
17.225006
-34.88652
-6.7945404
39.49602401617076
17.9422
-34.17401
-6.7945404
39.19121449949354
16.507813
-35.599014
-6.0961
39.71095671232075
15.790634
-34.17401
-5.3976593
38.030802239044505
15.073441
-34.17401
-6.7945404
37.96363294994056
16.507813
-35.599014
-4.0007935
39.443680800327506
17.216705
-34.159363
-3.3101654
38.39575667778114
16.499512
-34.871872
-6.802353
39.17337545740171
16.499512
-33.44687
-5.405472
37.68482448007089
16.499512
-34.871872
-7.5007935
39.30067700295537
18.651077
-33.44687
-7.5007935
39.023295951945485
17.216705
-34.871872
-7.5007935
39.60712518265337
17.216705
-33.44687
-6.1039124
38.10991472813784
19.36827
-34.159363
-4.7070313
39.54931189400218
17.933899
-32.73436
-5.405472
37.714482657838985
19.36827
-33.44687
-4.7070313
38.935575042706766
20.08545
-33.44687
-4.7070313
39.2972570806475
19.36827
-33.44687
-4.008606
38.85732679563952
18.651077
-34.159363
-5.405472
39.29305088251929
20.08545
-33.44687
-4.008606
39.21973044093209
18.651077
-32.73436
-6.802353
38.2841086305116
17.933899
-33.44687
-6.802353
38.556318829469284
18.651077
-33.44687
-6.802353
38.895084994363366
19.36827
-32.021866
-4.7070313
37.71850889266353
18.651077
-32.021866
-6.1039124
37.55689369039824
19.36827
-32.73436
-4.7070313
38.325244171698536
20.08545
-31.309372
-5.405472
37.5888433258876
18.672562
-32.755844
-6.0868225
38.19239848134459
20.106934
-32.755844
-3.991516
38.64151112257306
20.106934
-34.180847
-3.991516
39.85663547769132
19.389755
-32.755844
-5.388382
38.44401939122814
19.389755
-33.468353
-3.991516
38.884772246926076
18.672562
-34.893356
-3.2930756
39.712154005810994
19.389755
-32.04335
-1.8961945
37.501126285169754
18.672562
-34.893356
-4.6899414
39.852307598160955
19.389755
-33.468353
-3.991516
38.884772246926076
18.672562
-33.468353
-5.388382
38.70180659845707
19.389755
-32.04335
-3.991516
37.66525112856842
18.672562
-32.755844
-5.388382
38.087327698986705
19.389755
-34.893356
-6.0868225
40.380172728820455
18.672562
-31.330856
-5.388382
36.868981235501344
19.389755
-32.04335
-6.0868225
37.94454282341698
18.672562
-32.04335
-5.388382
37.47633204927061
15.803818
-33.468353
-3.991516
37.22665021631848
18.69014
-34.212585
-5.364456
39.3522503724374
18.69014
-35.63759
-5.364456
40.59724562749378
15.821396
-33.50009
-6.0628967
37.54106150374713
16.538574
-34.212585
-7.459778
38.7256207962466
16.538574
-31.362595
-7.459778
36.23237718187975
17.255768
-32.787582
-6.7613373
37.66301644341817
16.538574
-32.07509
-6.7613373
36.71581936443149
17.255768
-34.925095
-6.7613373
39.53782214390181
15.821396
-33.50009
-6.0628967
37.54106150374713
15.821396
-32.787582
-8.158203
37.3081534711876
17.972961
-34.212585
-6.0628967
39.11888274612003
18.69014
-32.787582
-8.856644
38.76579661640771
17.255768
-34.925095
-8.158203
39.800501957320684
17.255768
-32.787582
-8.158203
37.93867925731024
18.69014
-33.50009
-8.158203
39.21904724737953
17.972961
-32.07509
-9.555084
37.98866022465207
18.69014
-34.212585
-5.364456
39.3522503724374
17.972961
-32.07509
-7.459778
37.51648888790851
17.972961
-32.07509
-6.7613373
37.3838778257294
17.255768
-31.362595
-8.158203
36.714168597167635
17.255768
-31.362595
-8.158203
36.714168597167635
17.972961
-31.362595
-10.253525
37.573586654224265
17.972961
-32.07509
-8.856644
37.81902707095662
18.69014
-30.650085
-8.158203
36.81447131022748
20.124512
-32.07509
-10.253525
39.22935146802153
19.407333
-30.650085
-7.459778
37.03674636161615
19.407333
-32.787582
-8.158203
38.964425318868585
19.407333
-31.362595
-7.459778
37.628516758404125
20.124512
-34.212585
-6.0628967
40.152902949031905
19.407333
-31.362595
-6.0628967
37.376672203394456
19.407333
-30.650085
-5.364456
36.67219122680018
20.841705
-31.362595
-5.364456
38.036382023292845
20.124512
-30.650085
-5.364456
37.05672745676131
20.124512
-31.362595
-6.0628967
37.75403376368792
18.69014
-29.937592
-6.0628967
35.809766202374874
20.841705
-31.362595
-6.7613373
38.25839400594414
19.407333
-29.937592
-6.0628967
36.18926249216143
18.69014
-32.787582
-5.364456
38.11986549697956
20.124512
-32.07509
-6.0628967
38.34795845894212
18.69014
-29.937592
-6.0628967
35.809766202374874
20.841705
-33.50009
-4.6660156
39.72913969639445
20.124512
-29.937592
-6.0628967
36.5788742047365
20.841705
-32.07509
-6.0628967
38.72914477849256
19.407333
-30.650085
-7.459778
37.03674636161615
18.69014
-31.362595
-5.364456
36.901369345463486
20.841705
-30.650085
-6.0628967
37.55746410970212
20.124512
-31.362595
-5.364456
37.64818378338456
18.69014
-29.225082
-6.7613373
35.343209475862366
19.407333
-30.650085
-6.7613373
36.902411355725626
19.407333
-30.650085
-8.158203
37.183713370763044
20.841705
-29.225082
-7.459778
36.66238526288303
19.407333
-32.07509
-7.459778
38.224391767254616
18.69014
-31.362595
-7.459778
37.263682470335645
17.972961
-29.937592
-6.7613373
35.56687280892502
19.407333
-32.787582
-6.0628967
38.58016113247601
17.972961
-30.650085
-6.0628967
36.04460771207238
19.407333
-31.362595
-4.6660156
37.17564641702196
20.124512
-31.362595
-6.0628967
37.75403376368792
18.69014
-32.07509
-3.2691498
37.26687465147919
17.255768
-31.362595
-6.7613373
36.4292409968884
19.407333
-30.650085
-4.6660156
36.576549784535786
16.538574
-31.362595
-3.9675903
35.67742510481067
17.255768
-31.362595
-6.0628967
36.30609547113783
18.69014
-31.362595
-5.364456
36.901369345463486
17.255768
-33.50009
-6.0628967
38.16773827615657
18.69014
-31.362595
-6.0628967
37.009355341757846
17.972961
-30.650085
-5.364456
35.9337226275681
17.255768
-29.937592
-6.0628967
35.0824694553553
17.255768
-32.07509
-4.6660156
36.71981049000492
18.69014
-29.937592
-5.364456
35.698151664008634
18.69014
-30.650085
-6.0628967
36.40752244289204
18.69014
-32.07509
-7.459778
37.86529920374409
16.538574
-30.650085
-6.7613373
35.4777091520815
19.407333
-31.362595
-4.6660156
37.17564641702196
19.407333
-29.937592
-6.7613373
36.312804229039685
18.69014
-31.362595
-3.2691498
36.65543743771175
18.69014
-29.937592
-3.9675903
35.515102558849875
20.124512
-29.937592
-6.7613373
36.701104470246364
19.407333
-29.937592
-7.459778
36.44931231400755
20.124512
-28.512589
-9.555084
36.183743665685874
21.558899
-29.937592
-6.7613373
37.50681578685066
19.407333
-29.225082
-6.7613373
35.727660128284185
20.124512
-28.512589
-6.7613373
35.54826748646216
20.124512
-28.512589
-5.364456
35.309219288974305
20.124512
-29.225082
-6.0628967
35.998056995091765
19.407333
-29.225082
-5.364456
35.489820283427754
20.124512
-31.362595
-4.6660156
37.55502798498658
19.407333
-27.800095
-5.364456
34.32589710282985
19.407333
-29.225082
-5.364456
35.489820283427754
20.841705
-29.225082
-5.364456
36.29407005950662
21.558899
-29.225082
-3.9675903
36.53263503843601
21.558899
-29.937592
-3.2691498
37.03691280541954
20.124512
-29.225082
-2.5707092
35.57681774607588
18.69014
-29.937592
-5.364456
35.698151664008634
19.407333
-31.362595
-3.9675903
37.094457528003765
17.972961
-29.225082
-6.0628967
34.84094544486684
21.558899
-29.225082
-3.2691498
36.46339232013647
19.407333
-30.650085
-6.0628967
36.78085008013256
18.69014
-28.512589
-4.6660156
34.410184408335056
19.407333
-32.787582
-5.364456
38.47658391496866
20.841705
-29.225082
-3.2691498
36.04399472400448
20.841705
-29.937592
-3.2691498
36.624083419631475
18.69014
-28.512589
-3.9675903
34.32245451288504
19.407333
-30.650085
-2.5707092
36.36867864155656
19.407333
-29.937592
-5.364456
36.078821994133556
20.124512
-30.650085
-4.6660156
36.962081036791105
20.124512
-29.225082
-6.7613373
36.12225267991844
20.124512
-29.225082
-6.0628967
35.998056995091765
17.972961
-30.650085
-5.364456
35.9337226275681
19.407333
-27.087585
-4.6660156
33.6474897199349
20.124512
-27.800095
-5.364456
34.73641680346074
17.255768
-29.937592
-4.6660156
34.868219406923764
17.972961
-28.512589
-5.364456
34.128762956449215
18.69014
-29.937592
-6.7613373
35.93461265574947
18.69014
-28.512589
-6.0628967
34.62726858260968
17.972961
-29.937592
-4.6660156
35.228659805330196
17.255768
-30.650085
-6.0628967
35.69240641896484
17.972961
-31.362595
-6.0628967
36.65239849491009
17.286041
-30.690125
-6.042389
35.73795483817764
15.134476
-28.552628
-5.3439484
32.754582441216336
15.851669
-31.402634
-6.042389
35.691895115741964
16.568848
-29.97763
-6.042389
34.78067792094664
16.568848
-30.690125
-5.3439484
35.28410604859414
16.568848
-29.97763
-4.645508
34.56538365287318
16.568848
-29.97763
-6.042389
34.78067792094664
17.286041
-28.552628
-5.3439484
33.80262643214189
17.286041
-31.402634
-6.7408295
36.47425582367137
17.286041
-29.265121
-6.042389
34.52194975154847
18.003235
-29.265121
-8.137695
35.309853675731404
18.003235
-29.97763
-6.7408295
35.61198706962131
17.286041
-30.690125
-8.836136
36.314848044244414
17.286041
-28.552628
-7.43927
34.196528886578896
17.286041
-29.97763
-3.9470825
34.82879618857523
18.003235
-29.97763
-6.7408295
35.61198706962131
17.286041
-29.97763
-4.645508
34.91484304201349
18.720413
-29.97763
-6.042389
35.8555808858825
18.720413
-29.265121
-7.43927
35.528071949999976
18.003235
-28.552628
-8.137695
34.721622434055774
20.154785
-29.265121
-8.836136
36.61611653677073
17.286041
-27.840134
-6.7408295
33.456226502653806
17.286041
-28.552628
-6.7408295
34.051410178673216
18.003235
-29.97763
-6.7408295
35.61198706962131
19.437607
-29.265121
-3.9470825
35.35317934838481
20.871979
-29.265121
-5.3439484
36.3406732360588
18.720413
-27.840134
-3.9470825
33.78026529265553
19.437607
-29.97763
-5.3439484
36.12529060220485
18.003235
-28.552628
-4.645508
34.07271205864379
20.154785
-28.552628
-3.9470825
35.17168411209861
18.720413
-28.552628
-3.9470825
34.369839811553895
20.154785
-29.97763
-2.5502014
36.21294239999872
21.589172
-29.97763
-4.645508
37.23347178142857
17.286041
-29.97763
-3.9470825
34.82879618857523
20.871979
-28.552628
-4.645508
35.671736407418024
20.154785
-28.552628
-5.3439484
35.35570158780087
18.003235
-29.265121
-5.3439484
34.77242384362841
16.568848
-27.840134
-6.042389
32.95618651319032
20.154785
-29.265121
-5.3439484
35.93355616946888
18.003235
-29.97763
-6.042389
35.4864097693795
18.720413
-29.97763
-5.3439484
35.74450897515589
17.286041
-29.265121
-6.042389
34.52194975154847
17.286041
-30.690125
-4.645508
35.52846192062517
15.851669
-30.690125
-5.3439484
34.95306737534365
18.720413
-30.690125
-6.042389
36.45336945374529
18.003235
-29.265121
-6.042389
34.886590815813456
18.720413
-28.552628
-6.7408295
34.80151237621542
17.286041
-29.265121
-6.042389
34.52194975154847
16.568848
-29.265121
-3.9470825
33.860795424751544
16.568848
-32.115128
-4.645508
36.43472096231234
15.134476
-31.402634
-3.9470825
35.08214933763947
15.851669
-30.690125
-3.9470825
34.766918866372635
15.134476
-29.97763
-4.645508
33.90120030081439
14.417297
-32.115128
-4.645508
35.50803681859837
15.134476
-32.115128
-4.645508
35.805230433097165
14.417297
-29.97763
-3.9470825
33.497706092754505
15.851669
-31.402634
-4.645508
35.48213025429579
15.134476
-32.115128
-3.248642
35.650912314106705
14.417297
-32.115128
-3.9470825
35.42343091807755
15.134476
-32.115128
-5.3439484
35.90252884057664
15.851669
-30.690125
-4.645508
34.853118485496566
15.851669
-31.402634
-5.3439484
35.58031222690524
15.851669
-32.82762
-4.645508
36.74926923167997
13.700104
-31.402634
-4.645508
34.574541584542374
15.851669
-31.402634
-6.042389
35.691895115741964
14.417297
-31.402634
-5.3439484
34.964862733558135
14.417297
-29.97763
-4.645508
33.587163235076694
15.134476
-32.115128
-6.042389
36.01311338856306
15.851669
-29.97763
-6.042389
34.444799518464144
16.568848
-29.265121
-6.042389
34.16847226713996
15.851669
-30.690125
-4.645508
34.853118485496566
16.568848
-32.115128
-2.5502014
36.22722378493917
15.851669
-31.402634
-3.248642
35.32640074850182
16.568848
-31.402634
-5.3439484
35.90556835460466
15.851669
-30.690125
-4.645508
34.853118485496566
16.568848
-30.690125
-5.3439484
35.28410604859414
15.851669
-30.690125
-6.042389
35.06664622877949
13.700104
-29.265121
-4.645508
32.64537984455553
18.003235
-31.402634
-3.248642
36.34275243149416
16.568848
-29.265121
-3.9470825
33.860795424751544
18.003235
-30.690125
-3.248642
35.72889524010118
17.286041
-32.115128
-3.9470825
36.684713280555464
19.437607
-29.97763
-3.248642
35.87523648386777
18.720413
-29.97763
-4.645508
35.646779252742455
18.003235
-29.265121
-3.9470825
34.58530307047435
19.437607
-29.265121
-4.645508
35.437952970539754
19.437607
-30.690125
-3.9470825
36.54153545592416
18.720413
-29.97763
-4.645508
35.646779252742455
18.003235
-30.690125
-2.5502014
35.672171004575645
18.720413
-30.690125
-3.248642
36.09558639808855
15.851669
-30.690125
-3.9470825
34.766918866372635
18.720413
-29.97763
-2.5502014
35.43466837231936
18.003235
-30.690125
-3.248642
35.72889524010118
15.851669
-29.97763
-1.8517609
33.96119539958436
18.003235
-32.115128
-2.5502014
36.90530402047584
19.437607
-30.690125
-2.5502014
36.4171372535265
16.568848
-29.265121
-3.9470825
33.860795424751544
20.154785
-29.97763
-3.248642
36.26882088190988
19.437607
-29.97763
-3.9470825
35.94521316683732
18.720413
-30.690125
-4.645508
36.248011462160754
19.437607
-30.690125
-3.9470825
36.54153545592416
15.851669
-31.402634
-3.248642
35.32640074850182
18.003235
-30.690125
-3.9470825
35.79915797772431
17.286041
-30.690125
-4.645508
35.52846192062517
17.286041
-32.115128
-4.645508
36.76641686620669
15.851669
-32.115128
-4.645508
36.114229173943684
17.286041
-30.690125
-3.9470825
35.44390477560546
15.851669
-29.97763
-2.5502014
34.00642962528373
18.003235
-31.402634
-3.248642
36.34275243149416
14.417297
-32.115128
-1.1533203
35.221728952873505
16.568848
-30.690125
-1.8517609
34.92620044521108
16.568848
-31.402634
-3.248642
35.65397327854043
15.134476
-29.97763
-5.3439484
34.00394730935201
15.851669
-31.402634
-4.645508
35.48213025429579
15.134476
-30.690125
-4.645508
34.5328354415448
15.851669
-31.402634
-4.645508
35.48213025429579
15.851669
-31.402634
-3.248642
35.32640074850182
15.851669
-32.82762
-2.5502014
36.54355812759617
14.417297
-31.402634
-3.9470825
34.77877735763849
12.98291
-29.265121
-3.248642
32.180071579099035
15.134476
-29.265121
-2.5502014
33.04547130588585
15.851669
-32.115128
-3.9470825
36.03104672535895
14.417297
-31.402634
-3.248642
34.70644893469008
14.417297
-31.402634
-4.645508
34.86494765800334
15.134476
-30.690125
-4.645508
34.5328354415448
15.851669
-32.82762
-4.645508
36.74926923167997
15.134476
-31.402634
-5.3439484
35.266633999189835
15.851669
-31.402634
-5.3439484
35.58031222690524
14.417297
-31.402634
-5.3439484
34.964862733558135
15.134476
-31.402634
-6.7408295
35.50516096397994
15.134476
-31.402634
-4.645508
35.16757630050104
15.134476
-29.97763
-6.042389
34.12068568194739
15.134476
-30.690125
-6.042389
34.7483313729325
15.134476
-31.402634
-5.3439484
35.266633999189835
14.417297
-30.690125
-5.3439484
34.32637363249739
15.851669
-29.97763
-7.43927
34.71709217745364
14.417297
-32.115128
-5.3439484
35.60614735536811
16.568848
-32.115128
-6.042389
36.639032481383495
17.286041
-29.265121
-5.3439484
34.40657285838529
18.003235
-29.265121
-4.645508
34.67195421633583
18.003235
-32.115128
-6.7408295
37.42908985773131
18.003235
-30.690125
-4.645508
35.88287798682246
17.286041
-29.97763
-4.645508
34.91484304201349
17.286041
-29.265121
-6.7408295
34.65102248671747
16.568848
-29.97763
-5.3439484
34.66616214482882
18.003235
-29.265121
-6.7408295
35.014317663011084
18.003235
-30.690125
-6.042389
36.090313689236616
16.568848
-29.97763
-3.9470825
34.47846467531853
19.437607
-30.690125
-3.248642
36.472702897381005
18.003235
-31.402634
-4.645508
36.49414517201269
18.003235
-30.690125
-4.645508
35.88287798682246
18.720413
-31.402634
-6.042389
37.055226942362665
18.003235
-28.552628
-3.9470825
33.98453304560951
18.003235
-29.97763
-3.9470825
35.19025785706713
17.286041
-29.97763
-3.9470825
34.82879618857523
19.437607
-30.690125
-5.3439484
36.718688497288916
18.720413
-30.690125
-3.9470825
36.16513672389215
18.720413
-31.402634
-5.3439484
36.94776156901711
17.286041
-29.97763
-5.3439484
35.01461574014039
17.286041
-32.82762
-3.9470825
37.310044608803906
18.720413
-32.115128
-3.9470825
37.3820116489452
18.003235
-30.690125
-6.042389
36.090313689236616
18.003235
-31.402634
-4.645508
36.49414517201269
18.720413
-31.402634
-5.3439484
36.94776156901711
18.720413
-30.690125
-5.3439484
36.34412450097247
18.720413
-29.97763
-5.3439484
35.74450897515589
18.003235
-32.115128
-4.645508
37.10900986662471
18.720413
-31.402634
-1.1533203
36.57744586351591
15.134476
-31.402634
-2.5502014
34.952557480305536
17.286041
-32.115128
-1.1533203
36.48998384349378
17.286041
-32.82762
-1.8517609
37.14685771483151
15.851669
-33.54013
-1.1533203
37.11530544718041
14.417297
-33.54013
-3.248642
36.65177402340165
13.700104
-33.54013
-3.9470825
36.44465182278979
14.417297
-33.54013
-3.9470825
36.72027091265038
14.417297
-32.82762
-3.248642
36.00090195267683
16.568848
-32.115128
-3.9470825
36.352271880839
12.98291
-32.82762
-3.248642
35.45084384188284
13.700104
-34.252625
-3.248642
37.0336183973638
15.134476
-32.82762
-2.5502014
36.23822040558922
12.98291
-34.252625
-3.248642
36.77433790989224
14.417297
-34.252625
-3.9470825
37.3721861529609
13.700104
-32.82762
-6.042389
36.08124275993778
15.134476
-33.54013
-4.645508
37.0887228717546
15.134476
-34.252625
-3.248642
37.58787555411818
13.700104
-34.252625
-1.8517609
36.93730171266575
12.98291
-34.252625
-5.3439484
37.01831920861954
12.98291
-32.82762
-3.9470825
35.52165657648162
13.700104
-34.252625
-3.9470825
37.101410329494215
13.700104
-33.54013
-3.248642
36.37563593462577
13.700104
-34.252625
-1.8517609
36.93730171266575
13.700104
-33.54013
-1.1533203
36.24863278671693
15.134476
-34.252625
-1.8517609
37.49298274187868
12.98291
-34.252625
-3.248642
36.77433790989224
15.134476
-34.252625
-3.248642
37.58787555411818
13.700104
-34.252625
-4.645508
37.18219828278883
16.568848
-34.252625
-5.3439484
38.42299809003148
17.286041
-33.54013
-3.248642
37.87217011911583
17.286041
-33.54013
-3.248642
37.87217011911583
18.003235
-32.115128
-1.8517609
36.86362708623671
17.286041
-31.402634
-1.8517609
35.893755645459244
18.720413
-32.82762
-2.5502014
37.87624727216089
16.568848
-32.82762
-1.1533203
36.79007534043234
18.003235
-32.82762
-2.5502014
37.526959710028805
18.720413
-32.115128
-2.5502014
37.260419578790305
17.286041
-31.402634
-1.1533203
35.86450637305374
19.437607
-32.115128
-1.1533203
37.55705295363975
20.154785
-32.115128
-1.8517609
37.96084665686805
18.720413
-32.82762
-1.1533203
37.80789292698186
19.437607
-32.82762
0.24354553
38.15144286620674
18.720413
-31.402634
0.24354553
36.56006936365138
19.437607
-32.115128
-0.45489502
37.54209551352821
20.154785
-31.402634
-1.1533203
37.33190352108787
18.720413
-32.115128
-1.1533203
37.19093340242686
18.720413
-30.690125
-1.1533203
35.96759439661885
18.720413
-32.115128
0.24354553
37.173843671596735
18.720413
-31.402634
1.6404266
36.596043307196304
20.154785
-32.115128
-1.8517609
37.96084665686805
20.154785
-31.402634
-1.8517609
37.36000398100805
20.871979
-31.402634
-1.1533203
37.72393262603248
19.437607
-29.97763
0.24354553
35.728674870582765
19.437607
-30.690125
0.24354553
36.32855174480535
20.154785
-31.402634
-1.1533203
37.33190352108787
20.154785
-31.402634
-0.45489502
37.31685583609889
19.437607
-32.82762
-0.45489502
38.153376990526674
19.437607
-31.402634
-0.45489502
36.93444129943707
18.003235
-33.54013
0.9419861
38.078131411571064
16.568848
-30.690125
0.24354553
34.8779260645254
19.437607
-30.690125
2.3388672
36.40294881760525
18.720413
-32.115128
2.3388672
37.246552378206765
20.154785
-31.402634
3.0372925
37.437493478713954
17.286041
-32.115128
0.9419861
36.48391494624292
18.003235
-32.115128
3.0372925
36.94215779378538
18.003235
-30.690125
2.3388672
35.65768614274751
17.286041
-31.402634
2.3388672
35.9221791390996
18.720413
-31.402634
3.0372925
36.68520741878632
18.720413
-32.115128
2.3388672
37.246552378206765
16.568848
-32.82762
3.735733
36.961265289975366
18.003235
-32.115128
2.3388672
36.89130333450893
17.286041
-31.402634
1.6404266
35.883473316090274
18.003235
-30.690125
2.3388672
35.65768614274751
17.286041
-30.690125
3.0372925
35.354151320955225
16.568848
-33.54013
3.0372925
37.53254772423363
18.720413
-31.402634
5.132614
36.91778833710282
16.568848
-34.252625
2.3388672
38.121376941065655
17.286041
-30.690125
0.24354553
35.224284863437965
17.286041
-29.97763
0.9419861
34.61723422333791
18.003235
-32.115128
1.6404266
36.853615356485044
