18.82579
-31.824112
-9.928818
38.28532184977195
18.108597
-31.111618
-11.325684
37.7375823559262
17.391418
-33.96161
-11.325684
39.80104788929479
17.391418
-31.824112
-10.627258
37.79119202057455
18.108597
-32.536606
-9.928818
38.537428856263396
18.82579
-33.96161
-12.024124
40.64948781196388
17.391418
-32.536606
-12.722565
39.02506643872468
18.82579
-32.536606
-12.024124
39.46670403693552
18.108597
-31.824112
-10.627258
38.126551261985554
18.108597
-30.399109
-12.722565
37.601738617653204
18.82579
-30.399109
-14.119446
38.44313983014395
19.542969
-31.111618
-13.421005
39.115006898228174
19.542969
-29.686615
-11.325684
37.30273146049847
18.82579
-32.536606
-12.024124
39.46670403693552
20.260162
-30.399109
-13.421005
38.91919181086546
20.260162
-29.686615
-12.722565
38.12653845512745
19.542969
-30.399109
-13.421005
38.55070505647805
19.542969
-30.399109
-11.325684
37.872213632552395
20.260162
-30.399109
-13.421005
38.91919181086546
20.260162
-28.974106
-12.024124
37.34370750520595
20.260162
-31.824112
-12.722565
39.81346428630096
22.411728
-30.399109
-12.722565
39.85291714395337
20.260162
-29.686615
-13.421005
38.36525381377416
22.411728
-29.686615
-12.024124
39.09169065569194
20.260162
-30.399109
-12.024124
38.459844877076016
19.542969
-31.111618
-10.627258
38.246554749353734
19.542969
-30.399109
-10.627258
37.669245358759675
22.411728
-30.399109
-12.024124
39.63547586778321
18.82579
-29.686615
-14.119446
37.88224134055923
19.542969
-31.111618
-11.325684
38.44647538756397
18.82579
-28.974106
-12.024124
36.58536277708956
20.977356
-30.399109
-11.325684
38.631934867432705
22.411728
-32.536606
-9.928818
40.73693263690901
18.82579
-31.111618
-9.230377
37.517235622444254
20.260162
-31.111618
-9.230377
38.25711452166038
20.260162
-30.399109
-10.627258
38.04627020823214
20.977356
-30.399109
-9.928818
38.24574086530339
20.260162
-31.111618
-10.627258
38.6179437704118
19.542969
-31.824112
-11.325684
39.0252838339494
19.542969
-31.111618
-12.722565
38.88089503886758
18.82579
-31.824112
-10.627258
38.47236731571115
20.260162
-31.824112
-9.928818
39.01063588194971
19.542969
-31.111618
-12.024124
38.65798677383821
19.542969
-30.399109
-10.627258
37.669245358759675
19.542969
-29.686615
-12.722565
37.750315279622995
18.82579
-31.111618
-11.325684
38.086930275522334
20.260162
-33.249115
-12.722565
40.961462750542275
20.260162
-33.249115
-11.325684
40.54933909901846
19.542969
-29.686615
-10.627258
37.09664748845659
19.542969
-33.249115
-10.627258
40.00462314591746
19.542969
-32.536606
-10.627258
39.414425636335075
18.108597
-31.824112
-9.230377
37.761026755128924
19.542969
-32.536606
-10.627258
39.414425636335075
20.260162
-33.249115
-10.627258
40.35983624639646
18.108597
-31.824112
-8.531937
37.59639953256828
18.82579
-33.249115
-10.627258
39.659206511638786
18.108597
-31.111618
-12.722565
38.18006877111653
18.108597
-32.536606
-12.024124
39.12967661247502
18.108597
-32.536606
-12.722565
39.349912953068426
19.542969
-31.824112
-10.627258
38.82834349787617
18.82579
-31.111618
-12.024124
38.30042727558255
18.108597
-31.111618
-12.024124
37.95304459131046
19.542969
-32.536606
-9.928818
39.23187187106693
18.82579
-31.824112
-9.928818
38.28532184977195
19.542969
-32.536606
-9.928818
39.23187187106693
19.542969
-32.536606
-9.230377
39.06095465693251
19.542969
-31.824112
-8.531937
38.30790526077809
20.977356
-33.249115
-8.531937
40.22868436698418
20.260162
-30.399109
-9.230377
37.67996692178169
21.694534
-33.96161
-7.833496
41.05371297011773
20.977356
-33.249115
-9.928818
40.54792869536464
20.260162
-31.111618
-11.325684
38.81595162540702
20.977356
-31.824112
-10.627258
39.569713254347064
21.694534
-31.824112
-9.230377
39.605893892887806
21.694534
-31.824112
-11.325684
40.14596019672699
22.411728
-32.536606
-10.627258
40.91277133608084
19.542969
-31.824112
-11.325684
39.0252838339494
21.694534
-31.111618
-12.024124
39.78900957806219
21.694534
-30.399109
-9.928818
38.64375871846093
21.694534
-30.399109
-11.325684
39.02601421047569
23.128906
-31.824112
-8.531937
40.25561332655205
21.694534
-31.824112
-11.325684
40.14596019672699
22.411728
-31.824112
-11.325684
40.53801685513088
22.411728
-31.111618
-9.928818
39.608077518196964
21.694534
-32.536606
-10.627258
40.524340438417376
20.977356
-32.536606
-9.928818
39.9657552997524
21.694534
-30.399109
-9.230377
38.470228698225206
21.694534
-33.249115
-10.627258
41.09860207809309
22.411728
-29.686615
-10.627258
38.68487155348166
19.542969
-31.111618
-11.325684
38.44647538756397
20.977356
-31.824112
-10.627258
39.569713254347064
21.694534
-31.111618
-9.928818
39.2067228196621
21.694534
-31.111618
-9.928818
39.2067228196621
20.260162
-31.824112
-9.230377
38.83874508937161
18.82579
-32.536606
-7.833496
38.397978920201645
20.977356
-33.249115
-7.833496
40.08636611177016
20.260162
-33.249115
-6.4366302
39.46400839986195
18.083694
-32.51268
-7.8466797
38.02189888632438
20.952454
-33.937683
-9.942001
41.104928078086786
18.800888
-33.22519
-11.338867
39.82406989458448
20.929993
-32.465805
-9.216217
39.71185891243635
20.2128
-33.178314
-9.914658
40.0956132653561
17.344055
-32.465805
-9.216217
37.944478481929686
18.061234
-33.178314
-8.5177765
38.72416761179719
18.778427
-30.328308
-9.914658
37.023451512711
18.778427
-32.465805
-9.216217
38.621191534530304
18.061234
-33.178314
-8.5177765
38.72416761179719
18.061234
-31.753311
-9.216217
37.675186498999246
18.061234
-33.178314
-12.009964
39.638969774764426
17.344055
-33.178314
-9.914658
38.72876497292581
17.344055
-33.178314
-9.216217
38.555874000233416
17.344055
-31.753311
-9.216217
37.33667885458782
18.061234
-34.603317
-8.5177765
39.95184784818313
19.495605
-32.465805
-9.216217
38.97493623210787
18.778427
-32.465805
-9.914658
38.793789836555185
18.061234
-33.178314
-9.914658
39.05520556892832
17.344055
-32.465805
-9.216217
37.944478481929686
17.344055
-33.178314
-9.216217
38.555874000233416
16.626862
-33.89081
-10.613098
39.21322794789725
18.061234
-31.753311
-9.914658
37.852098648163654
18.061234
-32.465805
-9.914658
38.45174881984807
15.909668
-31.753311
-10.613098
37.0678847005312
17.344055
-33.178314
-9.216217
38.555874000233416
17.344055
-33.178314
-7.819336
38.24602971633134
18.061234
-33.178314
-7.819336
38.57655550675339
18.061234
-33.89081
-5.7240295
38.82730444303982
19.485352
-33.163666
-8.526566
39.39809590497363
19.485352
-32.451157
-9.225006
38.95968657130567
17.333801
-33.163666
-9.225006
38.54075942062831
18.05098
-33.87616
-8.526566
39.320915546488266
19.485352
-33.163666
-9.225006
39.555131126536544
17.333801
-33.163666
-8.526566
38.379573984331174
19.485352
-33.163666
-9.225006
39.555131126536544
17.333801
-31.738663
-8.526566
37.1551559710678
18.05098
-32.451157
-8.526566
38.10010073190424
18.05098
-33.163666
-9.225006
38.868590583971205
18.768173
-31.026169
-10.621887
37.78481036780852
16.61905
-31.742569
-8.527542
36.83072686502739
17.336243
-33.880066
-9.924423
39.330628210463246
16.61905
-32.455063
-7.8291016
37.29368047693369
18.053421
-32.455063
-7.8291016
37.954602881374115
18.053421
-33.880066
-7.8291016
39.18009331170693
17.336243
-32.455063
-7.1306763
37.47963314108911
18.770615
-31.030075
-9.225983
37.4208539787643
16.61905
-32.455063
-8.527542
37.446532521070125
18.053421
-32.455063
-9.225983
38.26716418147793
17.336243
-33.880066
-7.8291016
38.85484493096549
17.336243
-33.880066
-8.527542
39.00157905707553
15.901855
-32.455063
-9.225983
37.30038669580049
17.336243
-32.455063
-9.924423
38.10997879031734
16.61905
-33.167572
-9.225983
38.22825413306891
15.184677
-32.455063
-7.8291016
36.6769725765747
14.4674835
-34.592575
-7.8291016
38.30468829670609
16.618073
-33.15976
-6.431259
37.644270008237974
13.749329
-33.15976
-6.431259
36.46882029234871
15.900879
-33.15976
-4.3359375
37.02982592198484
15.900879
-33.872253
-5.034378
37.75595914782029
16.618073
-33.15976
-7.1296997
37.76986394032036
16.618073
-33.872253
-9.225006
38.84058056005584
15.900879
-33.15976
-9.923447
38.09045245674269
14.466507
-34.584763
-9.923447
38.77963836296698
14.466507
-32.44725
-10.621887
37.08002622338019
14.466507
-32.44725
-9.225006
36.70428571493729
14.466507
-33.872253
-10.621887
38.33319498672952
15.183701
-33.15976
-11.3203125
38.18722189444559
14.466507
-34.584763
-8.526566
38.44590863310425
13.749329
-31.734756
-10.621887
36.17959724535277
14.466507
-33.872253
-8.526566
37.80623818244567
14.466507
-33.15976
-9.225006
37.33564242533534
15.183701
-32.44725
-9.225006
36.992831798771334
15.183701
-33.872253
-9.923447
38.423288785497654
15.183701
-33.872253
-8.526566
38.08643669544645
16.618073
-31.734756
-9.923447
37.17162870347155
15.183701
-34.584763
-9.923447
39.05285505928152
15.183701
-31.734756
-9.923447
36.55289670891351
15.183701
-32.44725
-10.621887
37.36567086745533
13.749329
-33.872253
-9.225006
37.70244508297008
13.032135
-32.44725
-11.3203125
36.75336798980129
15.183701
-33.15976
-11.3203125
38.18722189444559
13.032135
-33.872253
-11.3203125
38.01730755627133
15.183701
-33.15976
-11.3203125
38.18722189444559
14.466507
-33.872253
-11.3203125
38.5325679012248
14.466507
-33.15976
-10.621887
37.70509183380028
13.749329
-35.297256
-8.526566
38.82837493631832
15.900879
-33.15976
-7.828125
37.599032645260635
14.466507
-34.584763
-7.828125
38.29706465426316
13.749329
-31.022263
-6.431259
34.53673245505247
14.466507
-36.00975
-8.526566
39.732659162225254
14.466507
-33.15976
-7.828125
37.01525399508036
13.749329
-33.872253
-7.828125
37.38520025681537
15.900879
-34.584763
-9.225006
39.16688085186338
12.314941
-33.15976
-7.828125
36.22853957970325
13.749329
-33.15976
-10.621887
37.435788123423755
15.183701
-33.15976
-9.225006
37.61934621921196
14.466507
-33.872253
-9.225006
37.96985755843459
15.900879
-34.584763
-8.526566
39.00828268668159
13.749329
-33.15976
-8.526566
36.89601658768955
15.183701
-33.15976
-10.621887
37.986036445564444
14.466507
-33.872253
-9.923447
38.14556630220117
14.466507
-34.584763
-9.923447
38.77963836296698
13.749329
-33.872253
-9.225006
37.70244508297008
13.749329
-33.15976
-7.1296997
36.598448206622265
15.183701
-34.584763
-8.526566
38.721478603914875
15.183701
-33.15976
-10.621887
37.986036445564444
14.466507
-34.584763
-9.225006
38.606817119842965
17.335266
-32.44725
-9.225006
37.92672249610919
14.466507
-33.15976
-11.3203125
37.90776996128234
15.183701
-33.872253
-9.225006
38.24885746863885
14.466507
-33.872253
-8.526566
37.80623818244567
13.749329
-33.872253
-10.621887
38.0683348745015
13.749329
-34.584763
-8.526566
38.18183040205855
13.749329
-35.297256
-8.526566
38.82837493631832
11.597763
-34.584763
-7.1296997
37.16781582502696
14.466507
-35.297256
-5.7328186
38.575139427303924
13.032135
-35.297256
-7.1296997
38.295764149025835
12.314941
-36.00975
-7.1296997
38.71940734157501
13.749329
-36.00975
-6.431259
39.0782202742741
12.314941
-33.872253
-7.828125
36.881795586754244
10.880569
-34.584763
-7.828125
37.09140354309709
11.597763
-36.00975
-7.828125
38.63275483438568
11.597763
-34.584763
-7.828125
37.30808803218395
11.597763
-34.584763
-6.431259
37.04018055552561
11.597763
-35.297256
-7.1296997
37.831693863041274
11.597763
-34.584763
-7.1296997
37.16781582502696
10.880569
-36.00975
-7.828125
38.42354135518273
11.597763
-36.72226
-9.225006
39.59965980460722
11.597763
-35.297256
-7.1296997
37.831693863041274
12.314941
-35.297256
-9.225006
38.50525817633953
10.880569
-35.297256
-7.828125
37.75662516884454
13.032135
-34.584763
-8.526566
37.929469457406235
12.314941
-35.297256
-7.1296997
38.05767781697029
10.163391
-33.15976
-7.1296997
35.40758251298813
13.749329
-33.872253
-5.7328186
37.00322812406456
15.900879
-34.584763
-6.431259
38.60446776787144
15.183701
-33.872253
-7.1296997
37.7982411131788
13.749329
-35.297256
-7.1296997
38.54572701725915
14.466507
-35.297256
-5.034378
38.47754043807975
11.597763
-33.872253
-7.1296997
36.50575691703896
12.314941
-34.584763
-6.431259
37.27096397813417
13.032135
-33.872253
-9.923447
37.62500324439355
11.597763
-35.297256
-8.526566
38.11963653359152
12.314941
-35.297256
-7.1296997
38.05767781697029
12.314941
-33.872253
-8.526566
37.03632777686406
13.749329
-33.872253
-7.1296997
37.24521846933006
13.749329
-33.872253
-6.431259
37.11784936133743
14.466507
-34.584763
-7.1296997
38.160427955131084
14.466507
-33.15976
-5.7328186
36.629424260827356
15.183701
-33.872253
-6.431259
37.672741785444984
14.466507
-35.297256
-5.7328186
38.575139427303924
14.466507
-32.44725
-6.431259
36.10353120984584
15.183701
-32.44725
-7.1296997
36.526723615538494
14.466507
-33.15976
-7.828125
37.01525399508036
14.466507
-32.44725
-7.828125
36.37833727442147
14.466507
-33.872253
-9.225006
37.96985755843459
14.466507
-33.15976
-7.828125
37.01525399508036
13.749329
-33.15976
-7.1296997
36.598448206622265
15.183701
-34.584763
-7.1296997
38.43804464807214
15.183701
-33.15976
-7.1296997
37.161097179102335
13.032135
-34.584763
-7.1296997
37.64007205644089
15.900879
-33.15976
-7.1296997
37.4598499255578
13.032135
-33.15976
-5.7328186
36.08699882748633
14.466507
-33.15976
-7.1296997
36.87386783219588
14.466507
-33.15976
-6.431259
36.74521154230933
15.900879
-31.734756
-7.1296997
36.20449393182254
13.749329
-33.15976
-7.828125
36.74089425350008
15.183701
-33.15976
-7.1296997
37.161097179102335
14.466507
-31.734756
-8.526566
35.903717137601156
13.749329
-33.872253
-7.828125
37.38520025681537
16.618073
-32.44725
-8.526566
37.43910583210839
15.183701
-31.734756
-7.828125
36.04051979900973
15.183701
-34.584763
-7.1296997
38.43804464807214
14.466507
-33.872253
-5.7328186
37.27565706161328
14.466507
-33.872253
-6.431259
37.38944314889398
14.466507
-33.872253
-5.7328186
37.27565706161328
15.183701
-32.44725
-5.7328186
36.279941163945885
13.749329
-33.15976
-7.828125
36.74089425350008
14.466507
-33.872253
-8.526566
37.80623818244567
14.466507
-32.44725
-7.1296997
36.23446596042917
13.032135
-33.15976
-7.828125
36.47856618640082
13.749329
-31.734756
-7.828125
35.46009496548109
14.466507
-32.44725
-8.526566
36.534999005662364
15.183701
-33.15976
-7.828125
37.30139465179218
12.314941
-33.15976
-7.1296997
36.08407101012942
13.032135
-33.15976
-7.1296997
36.33509173789936
13.749329
-33.15976
-7.828125
36.74089425350008
13.749329
-32.44725
-9.923447
36.61069539872365
13.749329
-31.734756
-7.828125
35.46009496548109
14.466507
-32.44725
-9.923447
36.88602192269112
14.466507
-31.022263
-9.225006
35.450830068406894
14.466507
-31.022263
-7.1296997
34.96417146355412
15.183701
-31.022263
-7.828125
35.41475791425095
14.466507
-31.734756
-8.526566
35.903717137601156
15.900879
-30.309753
-7.1296997
34.96214645256084
15.183701
-32.44725
-8.526566
36.82487158147585
16.618073
-29.59726
-8.526566
34.99800496546196
16.618073
-30.309753
-8.526566
35.60258169349784
13.749329
-31.734756
-9.225006
35.79440601481082
14.466507
-31.022263
-7.1296997
34.96417146355412
13.032135
-31.734756
-9.225006
35.52509119611359
15.183701
-31.022263
-9.225006
35.74949293510591
15.183701
-32.44725
-9.923447
37.173158999471646
15.183701
-31.022263
-9.225006
35.74949293510591
15.183701
-30.309753
-8.526566
34.95608992230467
15.183701
-30.309753
-7.1296997
34.641861868987355
15.900879
-30.309753
-7.828125
35.11123159310102
16.618073
-30.309753
-9.923447
35.962708549968816
16.618073
-29.59726
-8.526566
34.99800496546196
15.900879
-28.88475
-9.225006
34.23839155180464
17.335266
-30.309753
-8.526566
35.94293946606117
17.335266
-29.59726
-7.828125
35.18222130976187
17.335266
-31.022263
-8.526566
36.545786110328436
18.052444
-31.022263
-7.828125
36.736235863117834
16.618073
-31.022263
-8.526566
36.21109509809286
18.052444
-29.59726
-7.828125
35.5410743893597
18.769638
-30.309753
-7.828125
36.5001371198195
17.335266
-28.88475
-7.1296997
34.433600618618144
18.769638
-29.59726
-7.828125
35.910676130591725
17.335266
-27.459763
-8.526566
33.57457846847727
18.052444
-28.88475
-5.7328186
34.54105842033326
18.052444
-30.309753
-5.7328186
35.7412525492471
18.052444
-29.59726
-5.7328186
35.13906177047667
18.769638
-29.59726
-7.1296997
35.76492360878445
18.052444
-29.59726
-7.828125
35.5410743893597
18.052444
-30.309753
-9.923447
36.64760061531143
19.486816
-28.172256
-7.828125
35.13817938355123
19.486816
-28.172256
-7.1296997
34.98920906474684
18.052444
-27.459763
-7.828125
33.78178299475455
18.769638
-30.309753
-9.225006
36.82500749161923
19.486816
-30.309753
-7.828125
36.874066460640734
19.486816
-28.88475
-6.431259
35.431989830100036
18.052444
-28.88475
-5.7328186
34.54105842033326
19.486816
-30.309753
-5.034378
36.383543079684394
18.769638
-28.88475
-7.1296997
35.17756124903612
18.052444
-28.88475
-6.431259
34.663822155184356
16.618073
-30.309753
-7.828125
35.441798681077124
17.335266
-28.88475
-7.828125
34.584964232691675
16.618073
-28.88475
-7.828125
34.231106858496595
17.335266
-30.309753
-8.526566
35.94293946606117
17.335266
-27.459763
-8.526566
33.57457846847727
16.618073
-28.88475
-7.1296997
34.07817156690995
15.900879
-29.59726
-7.1296997
34.346300164077896
16.618073
-31.022263
-7.1296997
35.907851220824604
15.900879
-28.172256
-7.828125
33.283531318525235
16.618073
-29.59726
-9.923447
35.364287247165045
17.335266
-30.309753
-8.526566
35.94293946606117
15.900879
-29.59726
-8.526566
34.663207639616786
17.335266
-30.309753
-9.225006
36.115001522372076
15.900879
-29.59726
-7.1296997
34.346300164077896
15.183701
-28.172256
-7.828125
32.94693257665936
16.618073
-28.88475
-8.526566
34.39754942216088
18.052444
-29.59726
-7.828125
35.5410743893597
16.618073
-28.88475
-9.225006
34.57730243599116
15.900879
-29.59726
-8.526566
34.663207639616786
15.183701
-30.309753
-9.225006
35.132985357869174
15.900879
-28.88475
-10.621887
34.640889291955254
15.183701
-28.172256
-10.621887
33.72010213635092
15.900879
-28.88475
-11.3203125
34.86138497118804
13.749329
-28.88475
-10.621887
33.70752535599432
14.466507
-30.309753
-10.621887
35.224783894164986
14.466507
-28.88475
-9.225006
33.59626989095572
15.900879
-28.172256
-8.526566
33.45468855815934
15.900879
-31.022263
-7.828125
35.728116253388244
14.466507
-29.59726
-7.1296997
33.70623428228356
15.183701
-29.59726
-8.526566
34.34013324051848
15.183701
-29.59726
-7.828125
34.17341103086397
15.900879
-28.88475
-8.526566
34.05684980374267
15.183701
-28.88475
-10.621887
34.31760478306834
13.749329
-28.88475
-7.828125
32.934060541481976
15.183701
-29.59726
-9.225006
34.5201852323617
15.900879
-29.59726
-8.526566
34.663207639616786
15.183701
-28.88475
-8.526566
33.72796770729097
15.900879
-28.88475
-9.225006
34.23839155180464
15.183701
-29.59726
-9.923447
34.713359589419966
15.900879
-28.88475
-8.526566
34.05684980374267
17.335266
-28.88475
-9.225006
34.92765262608912
15.900879
-28.172256
-7.828125
33.283531318525235
14.466507
-28.172256
-7.828125
32.622620243666816
15.900879
-29.59726
-7.1296997
34.346300164077896
16.618073
-28.172256
-7.828125
33.63206753675538
15.900879
-29.59726
-8.526566
34.663207639616786
15.183701
-28.88475
-7.828125
33.558204304936744
15.900879
-27.459763
-7.828125
32.68265604046548
15.900879
-28.88475
-8.526566
34.05684980374267
16.618073
-29.59726
-9.225006
35.174689608616305
16.618073
-29.59726
-6.431259
34.5473467148935
17.335266
-28.172256
-6.431259
33.69790177421103
17.335266
-29.59726
-5.7328186
34.77606058265423
16.618073
-28.172256
-7.1296997
33.47639567490521
13.749329
-29.59726
-7.1296997
33.40470610031523
15.900879
-28.172256
-5.7328186
32.85390616640014
14.466507
-29.59726
-7.828125
33.860849500658574
15.900879
-29.59726
-5.7328186
34.083734063837184
14.466507
-29.59726
-6.431259
33.56543865161008
13.749329
-30.309753
-7.828125
34.19071161503059
14.466507
-29.59726
-7.828125
33.860849500658574
14.466507
-28.88475
-7.828125
33.23985835700492
13.749329
-30.309753
-8.526566
34.35734987210706
13.032135
-30.309753
-7.828125
33.90866026859418
15.183701
-31.022263
-5.034378
34.903732004078016
13.749329
-30.309753
-6.431259
33.89817552186161
12.314941
-29.59726
-7.1296997
32.840343469270955
12.314941
-31.734756
-7.1296997
34.779091492995114
10.880569
-30.309753
-7.828125
33.14132668104413
13.749329
-29.59726
-7.1296997
33.40470610031523
13.749329
-32.44725
-7.1296997
35.95414865720036
13.032135
-29.59726
-6.431259
32.972644912108585
12.314941
-31.734756
-9.225006
35.26830406305887
13.749329
-29.59726
-7.828125
33.560710496985905
13.749329
-31.022263
-7.828125
34.82390480263701
13.749329
-29.59726
-7.828125
33.560710496985905
13.032135
-30.309753
-6.431259
33.613669603000616
12.314941
-31.734756
-7.1296997
34.779091492995114
13.749329
-30.309753
-7.1296997
34.03759482290317
11.597763
-30.309753
-6.431259
33.083988468271926
14.466507
-31.734756
-6.431259
35.464569894099064
13.032135
-31.734756
-9.225006
35.52509119611359
13.032135
-28.88475
-9.923447
33.20602560859625
15.183701
-30.309753
-9.225006
35.132985357869174
13.032135
-30.309753
-9.225006
34.258114486981405
13.032135
-31.022263
-7.828125
34.547023405380024
14.466507
-31.022263
-7.828125
35.113248006228005
12.314941
-30.309753
-7.1296997
33.48389924708684
13.749329
-29.59726
-7.828125
33.560710496985905
15.183701
-29.59726
-7.828125
34.17341103086397
13.032135
-31.734756
-8.526566
35.35015794861725
13.749329
-29.59726
-6.431259
33.26263417156329
14.466507
-30.309753
-8.526566
34.65058741216103
13.749329
-30.309753
-7.828125
34.19071161503059
13.749329
-28.172256
-9.225006
32.677527458197474
15.183701
-30.309753
-7.1296997
34.641861868987355
13.749329
-29.59726
-7.828125
33.560710496985905
15.183701
-29.59726
-7.828125
34.17341103086397
13.749329
-31.734756
-8.526566
35.62079539332502
13.749329
-31.022263
-9.225006
35.16426471142703
13.749329
-31.022263
-7.828125
34.82390480263701
15.900879
-29.59726
-7.1296997
34.346300164077896
15.900879
-28.172256
-7.1296997
33.12622160188493
13.749329
-31.734756
-6.431259
35.17811646364381
13.749329
-29.59726
-8.526566
33.7304612858272
15.183701
-31.022263
-7.1296997
35.26695590366338
15.183701
-29.59726
-7.1296997
34.02021637306724
13.749329
-28.88475
-9.225006
33.29374582023158
16.618073
-29.59726
-7.828125
34.834431559454394
15.183701
-28.88475
-7.1296997
33.40218820313742
15.183701
-31.734756
-8.526566
36.19864357783313
15.183701
-30.309753
-6.431259
34.504884235899304
16.618073
-30.309753
-6.431259
35.15967344442707
14.466507
-29.59726
-5.7328186
33.438642649868804
15.183701
-29.59726
-6.431259
33.8807255597209
15.183701
-29.59726
-5.034378
33.64353505759873
14.466507
-31.022263
-5.7328186
34.70628010758644
15.183701
-29.59726
-5.7328186
33.75511390654385
13.032135
-31.734756
-5.7328186
34.78213091314813
14.466507
-30.309753
-7.1296997
34.33356344892797
14.466507
-30.309753
-6.431259
34.19535087529261
13.749329
-28.88475
-7.1296997
32.77507352144214
14.466507
-31.022263
-8.526566
35.275528557897786
11.597763
-30.309753
-5.7328186
32.95534013417818
13.032135
-29.59726
-7.828125
33.27331918416391
12.314941
-31.022263
-7.1296997
34.13020972423569
14.466507
-31.022263
-7.1296997
34.96417146355412
13.032135
-31.022263
-5.7328186
34.13330513635106
12.314941
-30.309753
-6.431259
33.34216476433219
13.032135
-29.59726
-7.1296997
33.11596095717573
14.466507
-29.59726
-7.828125
33.860849500658574
14.466507
-30.309753
-7.828125
34.48536615023284
14.466507
-31.022263
-7.1296997
34.96417146355412
12.314941
-31.022263
-7.828125
34.282912875576585
13.032135
-27.459763
-7.828125
31.38717354407589
13.749329
-30.309753
-8.526566
34.35734987210706
13.749329
-29.59726
-8.526566
33.7304612858272
13.749329
-29.59726
-7.828125
33.560710496985905
11.597763
-31.022263
-7.828125
34.03187413339515
13.032135
-29.59726
-7.828125
33.27331918416391
14.466507
-31.022263
-9.923447
35.63896039514726
13.032135
-29.59726
-7.828125
33.27331918416391
12.314941
-31.022263
-6.431259
33.99117029763943
14.466507
-29.59726
-9.225006
34.2107920969164
13.749329
-31.022263
-8.526566
34.98752742328775
13.032135
-28.172256
-9.225006
32.38229888766392
15.900879
-28.172256
-7.1296997
33.12622160188493
14.466507
-29.59726
-6.431259
33.56543865161008
14.466507
-30.309753
-6.431259
34.19535087529261
14.466507
-28.88475
-7.1296997
33.082340971879354
14.466507
-29.59726
-9.923447
34.40570361736917
15.183701
-30.309753
-7.828125
34.792319456513134
14.466507
-28.88475
-8.526566
33.41123932280779
14.466507
-29.59726
-7.828125
33.860849500658574
13.749329
-28.88475
-7.828125
32.934060541481976
13.032135
-30.309753
-7.828125
33.90866026859418
14.466507
-30.309753
-7.828125
34.48536615023284
16.618073
-28.172256
-7.828125
33.63206753675538
15.183701
-29.59726
-9.225006
34.5201852323617
15.183701
-30.309753
-8.526566
34.95608992230467
14.466507
-28.88475
-7.828125
33.23985835700492
15.900879
-29.59726
-8.526566
34.663207639616786
15.183701
-28.172256
-8.526566
33.11982934290461
13.749329
-29.59726
-7.828125
33.560710496985905
15.183701
-30.309753
-6.431259
34.504884235899304
15.183701
-28.88475
-7.828125
33.558204304936744
13.749329
-29.59726
-7.1296997
33.40470610031523
14.466507
-28.172256
-7.1296997
32.462107943700104
14.466507
-28.88475
-9.225006
33.59626989095572
14.466507
-29.59726
-9.225006
34.2107920969164
14.466507
-28.88475
-7.828125
33.23985835700492
15.183701
-28.172256
-8.526566
33.11982934290461
15.183701
-31.734756
-7.828125
36.04051979900973
15.900879
-28.172256
-9.225006
33.63948013901876
14.466507
-29.59726
-8.526566
34.02910310893365
14.466507
-28.172256
-7.828125
32.622620243666816
13.749329
-31.022263
-7.1296997
34.67358427231114
15.900879
-29.59726
-6.431259
34.208139051163684
13.749329
-31.734756
-8.526566
35.62079539332502
12.314941
-31.022263
-7.1296997
34.13020972423569
13.749329
-31.734756
-9.225006
35.79440601481082
13.032135
-29.59726
-9.225006
33.62937609476925
13.749329
-30.309753
-9.225006
34.53731210928805
11.597763
-31.022263
-6.431259
33.737960815674676
13.749329
-31.734756
-7.1296997
35.31248271570374
13.749329
-31.022263
-7.1296997
34.67358427231114
13.749329
-31.022263
-7.828125
34.82390480263701
13.032135
-29.59726
-8.526566
33.44452868592167
14.466507
-29.59726
-7.828125
33.860849500658574
12.314941
-30.309753
-7.1296997
33.48389924708684
15.183701
-31.022263
-8.526566
35.57566313671732
13.749329
-31.022263
-8.526566
34.98752742328775
10.163391
-30.309753
-7.828125
32.912841368577176
12.314941
-31.734756
-7.828125
34.92895796459132
14.466507
-31.022263
-8.526566
35.275528557897786
13.032135
-31.734756
-7.828125
35.188221573418566
11.597763
-31.022263
-9.225006
34.380075974660635
11.597763
-31.734756
-9.923447
35.21473607339334
12.314941
-30.309753
-7.1296997
33.48389924708684
13.032135
-31.734756
-8.526566
35.35015794861725
13.032135
-29.59726
-5.034378
32.7288740903006
10.880569
-31.022263
-8.526566
33.9627715098873
13.032135
-31.734756
-10.621887
35.913171112768644
12.314941
-31.734756
-8.526566
35.09209076108711
11.597763
-31.734756
-8.526566
34.84688186597547
12.314941
-32.44725
-8.526566
35.737714030160944
13.032135
-31.734756
-8.526566
35.35015794861725
12.314941
-31.022263
-9.225006
34.6285905319082
13.749329
-32.44725
-6.431259
35.82218932514978
13.032135
-30.309753
-7.828125
33.90866026859418
12.314941
-32.44725
-7.1296997
35.43041878379809
13.749329
-31.022263
-8.526566
34.98752742328775
14.466507
-30.309753
-8.526566
34.65058741216103
13.749329
-29.59726
-7.828125
33.560710496985905
13.749329
-31.022263
-9.225006
35.16426471142703
14.466507
-31.734756
-8.526566
35.903717137601156
14.466507
-30.309753
-7.828125
34.48536615023284
14.466507
-31.734756
-8.526566
35.903717137601156
14.466507
-31.022263
-8.526566
35.275528557897786
13.032135
-30.309753
-9.225006
34.258114486981405
13.749329
-32.44725
-7.828125
36.09913717913663
13.032135
-31.022263
-9.225006
34.89008445338106
14.466507
-31.022263
-7.828125
35.113248006228005
14.466507
-32.44725
-7.1296997
36.23446596042917
16.618073
-30.309753
-8.526566
35.60258169349784
13.032135
-32.44725
-7.1296997
35.686037691691304
13.749329
-30.309753
-9.225006
34.53731210928805
14.466507
-31.734756
-7.828125
35.74428870189876
14.466507
-32.44725
-7.828125
36.37833727442147
13.032135
-32.44725
-5.7328186
35.433400611658065
15.183701
-31.734756
-7.828125
36.04051979900973
15.183701
-31.734756
-7.1296997
35.89529451012695
15.900879
-31.734756
-6.431259
36.073450392805334
15.183701
-33.15976
-5.034378
36.816565193622424
15.183701
-33.15976
-6.431259
37.033438753881605
16.618073
-31.734756
-5.7328186
36.278373190209685
15.183701
-32.44725
-4.3359375
36.08558146203446
13.749329
-33.15976
-3.6375122
36.08109220691289
15.183701
-33.15976
-5.034378
36.816565193622424
14.466507
-33.872253
-4.3359375
37.086515985850575
14.466507
-33.15976
-4.3359375
36.436930473679446
12.314941
-33.872253
-4.3359375
36.30134429544242
14.466507
-33.15976
-4.3359375
36.436930473679446
13.749329
-31.734756
-5.7328186
35.05715373957664
13.032135
-32.44725
-3.6375122
35.15525693041867
13.749329
-33.872253
-3.6375122
36.73697187492544
15.183701
-33.15976
-3.6375122
36.65168409862806
13.032135
-33.15976
-3.6375122
35.81393158133438
13.749329
-33.15976
-2.9390717
36.01738404055742
13.749329
-33.872253
-3.6375122
36.73697187492544
14.466507
-31.734756
-4.3359375
35.14505724604991
13.749329
-33.872253
-6.431259
37.11784936133743
14.466507
-31.022263
-4.3359375
34.503056929785224
13.749329
-33.872253
-4.3359375
36.81268901161154
15.900879
-31.734756
-4.3359375
35.75937855020519
15.183701
-31.022263
-2.240631
34.611355403271375
13.749329
-33.15976
-5.034378
36.24856880256619
14.466507
-32.44725
-3.6375122
35.71183735329838
14.466507
-33.15976
-2.9390717
36.29721299078536
15.183701
-33.872253
-2.240631
37.18729319795439
13.749329
-33.15976
-2.9390717
36.01738404055742
13.749329
-33.15976
-2.240631
35.96712603577658
13.032135
-32.44725
-2.9390717
35.08986788412005
14.466507
-33.15976
-1.5421906
36.21087934865881
15.183701
-33.15976
-0.84375
36.48049363722515
14.466507
-32.44725
-2.9390717
35.64746927103925
14.466507
-31.734756
-3.6375122
35.06573939191305
13.749329
-33.15976
-2.240631
35.96712603577658
13.032135
-33.872253
-1.5421906
36.32553418180867
13.749329
-32.44725
-2.9390717
35.362499171527034
12.314941
-33.872253
-1.5421906
36.07444525680108
13.749329
-32.44725
-1.5421906
35.27387786962099
14.466507
-33.15976
-0.84375
36.18786262501818
13.032135
-31.734756
-0.1453247
34.30674153353007
14.466507
-32.44725
-2.240631
35.59668899740712
13.032135
-33.872253
-2.240631
36.36188283680453
13.749329
-33.15976
-1.5421906
35.93037803070944
15.183701
-33.15976
-2.9390717
36.58896945182899
14.466507
-31.734756
-0.84375
34.88676751795102
15.900879
-32.44725
-1.5421906
36.16684123991806
13.749329
-32.44725
-1.5421906
35.27387786962099
13.749329
-31.022263
-1.5421906
33.96767729159498
14.466507
-32.44725
-2.240631
35.59668899740712
13.032135
-32.44725
-2.9390717
35.08986788412005
14.466507
-33.872253
-1.5421906
36.864449960611616
15.183701
-31.734756
-2.9390717
35.302658681194785
14.466507
-32.44725
-2.9390717
35.64746927103925
13.032135
-33.15976
-1.5421906
35.66208835582175
15.900879
-33.15976
-4.3359375
37.02982592198484
13.032135
-31.734756
-2.240631
34.37952562538585
15.900879
-31.022263
-2.9390717
34.9836666688006
15.183701
-32.44725
-4.3359375
36.08558146203446
13.032135
-33.872253
-1.5421906
36.32553418180867
14.466507
-33.872253
-1.5421906
36.864449960611616
12.314941
-33.15976
-1.5421906
35.406296543989704
13.032135
-33.15976
-2.9390717
35.74974732209656
12.314941
-33.872253
0.55311584
36.04571004836255
14.466507
-32.44725
-2.9390717
35.64746927103925
10.880569
-34.584763
-1.5421906
36.288716864608034
14.466507
-33.872253
-0.1453247
36.8324652061746
11.597763
-33.872253
-0.84375
35.81270110654703
12.314941
-33.872253
-0.1453247
36.041759430576676
11.597763
-33.872253
0.55311584
35.807032196029596
10.163391
-33.872253
-0.84375
35.37422874877009
9.4461975
-33.872253
-0.84375
35.174878745015775
8.729004
-36.00975
0.55311584
37.056762045290064
10.880569
-33.15976
0.55311584
34.90361659157794
10.163391
-33.872253
0.55311584
35.36848955936537
8.011826
-35.297256
0.55311584
36.199331507121784
7.294632
-36.72226
-0.1453247
37.440046475373464
7.294632
-34.584763
-0.1453247
35.345984539221355
6.5774536
-34.584763
-0.84375
35.21477940405935
