20.055084
-31.357712
-12.410065
39.23674574677256
20.055084
-31.357712
-12.410065
39.23674574677256
20.772278
-29.932709
-13.108505
38.72063371880602
20.055084
-29.932709
-13.806946
38.5850382373952
18.620712
-30.645203
-13.108505
38.179736258153845
19.33789
-31.357712
-13.108505
39.10361898313409
20.055084
-30.645203
-13.806946
39.140344310370786
19.33789
-29.932709
-12.410065
37.735005817708576
20.772278
-30.645203
-12.410065
39.046456080185756
20.772278
-31.357712
-11.711624
39.39486880897768
20.772278
-31.357712
-12.410065
39.608120665543446
21.489456
-31.357712
-13.806946
40.444214630405575
21.489456
-29.932709
-13.108505
39.110058548760826
20.055084
-31.357712
-13.108505
39.46321498451517
20.772278
-30.645203
-13.108505
39.2740226172347
19.33789
-28.507706
-12.410065
36.61492968956618
21.489456
-27.795212
-14.505371
38.0102123792697
22.20665
-29.2202
-13.806946
39.21207768191852
20.772278
-29.2202
-13.806946
38.417955841698394
20.772278
-28.507706
-13.108505
37.629903581522605
22.923828
-29.2202
-13.806946
39.62264170082003
21.489456
-30.645203
-12.410065
39.43266177235725
22.20665
-29.2202
-12.410065
38.74229068976982
21.489456
-28.507706
-14.505371
38.53429282642686
22.20665
-29.2202
-13.806946
39.21207768191852
20.772278
-27.795212
-13.108505
37.09304739488335
22.923828
-29.932709
-13.806946
40.150973935980836
20.772278
-29.2202
-13.108505
38.172509780333904
20.772278
-29.2202
-13.806946
38.417955841698394
22.20665
-29.932709
-13.806946
39.745867820303815
22.923828
-28.507706
-13.806946
39.100164654085056
20.055084
-29.2202
-13.806946
38.03496027505484
22.923828
-29.932709
-13.806946
40.150973935980836
22.20665
-29.2202
-14.505371
39.463414499817105
20.772278
-29.2202
-14.505371
38.67445382815703
19.33789
-30.645203
-14.505371
39.03188644146844
20.772278
-29.932709
-13.108505
38.72063371880602
19.33789
-29.2202
-13.108505
37.41132092821303
20.772278
-31.357712
-13.806946
40.06775877147049
21.489456
-28.507706
-13.806946
38.276855615126614
20.055084
-29.2202
-13.108505
37.78702654351093
19.33789
-30.645203
-14.505371
39.03188644146844
20.772278
-31.357712
-13.108505
39.83248002376641
20.772278
-29.932709
-15.203812
39.47924104681867
18.620712
-30.645203
-12.410065
37.945607659187644
19.33789
-29.932709
-13.108505
37.97043463340919
18.620712
-30.645203
-13.108505
38.179736258153845
19.33789
-30.645203
-13.108505
38.534598521369404
20.772278
-29.2202
-13.108505
38.172509780333904
19.33789
-31.357712
-13.108505
39.10361898313409
18.620712
-31.357712
-13.806946
38.99575234781187
17.18634
-29.932709
-15.902252
38.00288139260792
18.620712
-30.645203
-15.203812
38.94888007105034
17.903519
-29.2202
-14.505371
37.212388270847555
16.469147
-32.7827
-13.806946
39.19910644758452
17.903519
-31.357712
-13.806946
38.6584241127702
18.620712
-30.645203
-13.108505
38.179736258153845
17.18634
-31.357712
-13.806946
38.331554957616184
18.620712
-30.645203
-13.806946
38.42513615938384
17.903519
-29.932709
-14.505371
37.77444656744242
17.903519
-31.357712
-13.108505
38.41451453237191
17.903519
-31.357712
-13.806946
38.6584241127702
17.903519
-32.7827
-13.806946
39.82302310153403
17.903519
-29.932709
-14.505371
37.77444656744242
17.18634
-31.357712
-13.806946
38.331554957616184
18.620712
-32.070206
-12.410065
39.1054826019479
15.751953
-32.070206
-11.711624
37.60032153702279
18.623642
-32.086807
-13.818176
39.589712513657666
17.18927
-32.7993
-13.119736
39.28603540859016
17.906448
-32.7993
-11.722855
39.16452925240517
18.623642
-32.086807
-13.119736
39.35137560135287
19.34082
-32.086807
-12.421295
39.47048504203014
20.058014
-31.374313
-13.818176
39.719181805776316
20.755676
-31.33574
-12.379791
39.57253896130182
20.038483
-32.048233
-11.681351
39.56114235427233
19.32129
-32.048233
-12.379791
39.41650373386207
19.32129
-32.048233
-12.379791
39.41650373386207
19.32129
-32.048233
-12.379791
39.41650373386207
17.169739
-32.048233
-13.078232
38.638443567114116
20.038483
-29.910736
-13.078232
38.30447955914393
20.038483
-29.910736
-11.681351
37.85032328337831
20.038483
-29.910736
-13.776672
38.54853753508361
19.32129
-29.910736
-12.379791
37.69911978829877
20.755676
-31.33574
-12.379791
39.57253896130182
20.755676
-30.62323
-13.776672
39.476284972060284
20.038483
-31.33574
-12.379791
39.20113056654505
20.038483
-30.62323
-13.078232
38.86339098920329
19.32129
-30.62323
-13.776672
38.741337552433095
20.755676
-31.33574
-13.078232
39.796566731727154
20.038483
-32.048233
-11.681351
39.56114235427233
20.755676
-31.33574
-13.776672
40.031529016884775
21.472855
-30.62323
-12.379791
39.397017653624495
21.472855
-30.62323
-13.776672
39.85802899775574
22.190048
-30.62323
-12.379791
39.79245779372801
20.755676
-31.33574
-13.776672
40.031529016884775
19.32129
-29.198227
-13.078232
37.37497550427709
18.60411
-29.198227
-12.379791
36.76831096754718
19.32129
-31.33574
-11.681351
38.622463698583985
19.32129
-31.33574
-11.681351
38.622463698583985
19.32129
-31.33574
-10.284485
38.22317821085869
19.32129
-32.048233
-10.98291
39.00033021444738
19.32129
-32.760727
-11.681351
39.78732831116743
19.32129
-32.760727
-10.98291
39.587899441957795
18.60411
-32.760727
-13.776672
40.11452264152987
18.60411
-31.33574
-11.681351
38.26872722469925
17.169739
-33.473236
-11.681351
39.391768502838886
20.038483
-31.33574
-11.681351
38.98619422107972
17.886917
-32.760727
-12.379791
39.32513583693959
17.169739
-32.048233
-9.586044
37.600284201988586
17.890823
-33.486908
-10.987305
39.52436482777507
15.022079
-34.1994
-12.384186
39.35263656837763
17.173645
-32.7744
-11.685745
38.80273157316457
16.456451
-32.7744
-11.685745
38.49068348111982
16.456451
-33.486908
-10.987305
38.896126946088735
17.890823
-33.486908
-10.987305
39.52436482777507
16.456451
-34.1994
-11.685745
39.711088892835555
17.173645
-33.486908
-10.987305
39.20494808186286
16.456451
-32.7744
-8.891998
37.736503563153214
17.173645
-32.061905
-9.590439
37.614842054346546
17.173645
-33.486908
-9.590439
38.83662821881233
17.890823
-30.636902
-10.987305
37.14057241266786
17.890823
-32.7744
-10.288879
38.7311745475907
16.456451
-32.7744
-9.590439
37.907158119789855
17.890823
-32.7744
-11.685745
39.12543211871995
17.173645
-32.061905
-11.685745
38.202832629249336
17.890823
-32.061905
-11.685745
38.53055776699758
16.456451
-34.1994
-10.288879
39.322703676299554
16.456451
-31.349411
-10.987305
37.07183792304055
17.173645
-33.486908
-10.987305
39.20494808186286
17.890823
-31.349411
-10.987305
37.73046531246749
17.173645
-31.349411
-10.987305
37.39572905771209
19.325195
-32.7744
-9.590439
39.237749070868446
17.173645
-31.349411
-11.685745
37.606865958060105
17.173645
-33.486908
-10.288879
39.01497421363527
17.173645
-32.061905
-10.288879
37.79895321642932
19.325195
-30.636902
-9.590439
37.47078126009902
19.325195
-31.349411
-10.987305
38.431362251320046
18.608017
-29.924408
-9.590439
36.519927137454694
17.890823
-30.636902
-12.384186
37.57751103968303
20.042389
-31.349411
-9.590439
38.4247247570656
19.325195
-30.636902
-9.590439
37.47078126009902
20.759583
-29.924408
-10.987305
38.04144115457756
17.890823
-30.636902
-10.288879
36.9399834587089
19.325195
-30.636902
-11.685745
38.06099744314628
18.608017
-31.349411
-10.987305
38.07577668948872
19.325195
-30.636902
-9.590439
37.47078126009902
19.325195
-30.636902
-10.288879
37.65559679153369
20.042389
-30.636902
-11.685745
38.43011552541672
18.608017
-30.636902
-13.082626
38.1580031333533
19.325195
-31.349411
-13.781067
39.32132533341879
18.595322
-30.608582
-11.65596
37.66341347838443
18.595322
-29.896088
-11.65596
37.08670195520306
18.595322
-31.32109
-9.560654
37.65903451841769
18.600204
-31.331345
-10.960449
38.049338985922276
19.317383
-32.04384
-10.262024
38.79791172346216
18.600204
-31.331345
-10.262024
37.85405935392283
18.600204
-32.04384
-10.262024
38.44586259385966
17.165833
-32.756332
-10.960449
38.57168049402064
19.317383
-33.46884
-10.262024
39.98291718962221
15.731445
-33.46884
-9.563583
38.1982183070878
14.297073
-33.46884
-8.865143
37.4587826869831
15.730469
-32.775375
-12.361237
38.39886746325909
15.01329
-32.775375
-10.26593
37.48350874363785
15.730469
-33.487885
-8.869049
38.04662955516313
16.447662
-32.06288
-9.56749
37.28392173997392
14.296097
-34.912888
-10.26593
39.09830390392993
15.730469
-32.775375
-10.964355
37.97222527819676
13.578918
-33.487885
-10.964355
37.762977643040145
14.296097
-33.487885
-10.964355
38.02675128743662
14.296097
-34.20038
-13.059677
39.30139294356738
15.014755
-32.025284
-11.632523
37.23408649699392
14.297562
-32.737778
-9.537216
36.97486807468858
14.297562
-34.16278
-9.537216
38.24231119106656
14.297562
-33.450287
-10.934082
37.98547246203557
15.014755
-34.16278
-10.235657
38.69505302885952
12.86319
-33.450287
-9.537216
37.0856009372236
13.580383
-33.450287
-9.537216
37.34041891524016
12.86319
-32.737778
-10.235657
36.63321486903143
15.014755
-33.450287
-10.235657
38.06748190662127
13.580383
-34.87529
-9.537216
38.622158699095586
12.86319
-32.737778
-10.235657
36.63321486903143
12.145996
-33.450287
-10.934082
37.2290356930288
13.580383
-34.16278
-10.235657
38.16138120698725
13.580383
-34.16278
-8.838776
37.81066304938826
15.730469
-33.46103
-8.840729
38.01639885669407
14.296097
-33.46103
-10.23761
37.799836464179975
14.296097
-34.173523
-10.23761
38.4319768643655
15.01329
-34.173523
-6.7454224
37.93058620845699
15.01329
-32.74852
-10.23761
37.45227757697955
17.164856
-32.036026
-8.840729
37.40451548035762
16.447662
-33.46103
-8.840729
38.318723686481746
15.730469
-32.74852
-10.936035
37.94087518449759
14.296097
-31.323532
-9.539169
35.72866803739768
15.01329
-32.74852
-11.634476
37.857965950873535
15.01329
-31.323532
-9.539169
36.02163554780741
17.164856
-32.74852
-10.23761
38.36543358468173
17.882034
-32.036026
-10.23761
38.09045566149084
17.882523
-32.75096
-10.936523
38.88467178973371
17.165344
-32.75096
-8.841217
38.0189643518945
18.599716
-32.038467
-10.238098
38.43476870377263
17.882523
-33.46347
-10.238098
39.29894378252264
16.44815
-32.75096
-8.841217
37.700586580524515
17.165344
-33.46347
-9.539658
38.80023205874547
17.165344
-32.038467
-8.841217
37.40694509065963
15.730957
-32.038467
-10.238098
37.13145560191773
15.730957
-32.038467
-8.841217
36.77082411177882
15.730957
-33.46347
-10.936523
38.560010239215934
18.599716
-32.75096
-10.936523
39.219669747681294
17.165344
-32.75096
-9.539658
38.18742647803888
17.165344
-34.175964
-9.539658
39.41637521088951
17.882523
-32.75096
-10.936523
38.88467178973371
17.165344
-31.325974
-10.936523
37.35737035870147
17.165344
-33.46347
-8.841217
38.63444053066108
17.165344
-32.75096
-8.1427765
37.8626378598101
14.296585
-34.888474
-8.1427765
38.57334195997201
14.296585
-32.038467
-9.539658
36.357404195620866
15.013779
-34.175964
-8.841217
38.36114271639744
15.013779
-33.46347
-9.539658
37.897525144913814
13.579407
-34.888474
-8.1427765
38.31332202421568
12.862701
-34.885056
-9.539169
38.38504741737823
12.145508
-34.885056
-10.23761
38.33130655873864
13.579895
-34.172546
-8.142288
37.66262588657189
12.862701
-34.172546
-8.142288
37.41001084112129
13.579895
-34.885056
-9.539169
38.631287097033635
14.297073
-34.172546
-8.840729
38.08316736720766
11.428329
-34.172546
-8.142288
36.94139282574833
12.145508
-34.172546
-9.539169
37.50029459519702
12.145508
-34.885056
-8.142288
37.825617559400136
13.579895
-34.885056
-8.142288
38.31027917197126
12.145508
-33.460052
-8.840729
36.677606603646794
12.862701
-35.59755
-8.142288
38.716036968608854
13.579895
-34.885056
-9.539169
38.631287097033635
12.145508
-33.460052
-8.840729
36.677606603646794
12.862701
-34.885056
-8.142288
38.06196280665663
12.862701
-34.885056
-7.4438477
37.91868967102091
12.862701
-35.59755
-8.840729
38.868921914819204
11.428329
-35.59755
-9.539169
38.58481519804374
12.145508
-34.172546
-9.539169
37.50029459519702
9.276764
-34.885056
-9.539169
37.33659221412772
10.700882
-34.913864
-8.84903
37.5738221938867
11.418076
-34.201355
-10.944336
37.681342132703755
12.8524475
-34.201355
-10.245911
37.94597117633999
12.135254
-34.201355
-7.4521484
37.0476938042159
13.569641
-34.913864
-7.4521484
38.192245063727434
14.286819
-32.776352
-8.150589
36.6719865118671
13.569641
-33.48886
-6.753723
36.759375796990554
13.569641
-34.913864
-8.150589
38.33464707044562
13.569641
-34.913864
-9.54747
38.65575263675592
15.004013
-32.776352
-7.4521484
36.80956687964676
13.569641
-34.201355
-10.245911
38.194848285428165
12.8524475
-32.776352
-8.84903
36.301240051778876
15.004013
-31.351364
-9.54747
36.04417591217061
16.438385
-32.063858
-8.150589
36.94243535926452
15.721191
-32.063858
-8.150589
36.628936035300356
15.004013
-30.638855
-8.150589
35.07551841651809
16.438385
-33.48886
-8.150589
38.1858137541982
16.438385
-31.351364
-7.4521484
36.1754486625598
17.155579
-31.351364
-8.84903
36.817485270991654
15.721191
-32.776352
-7.4521484
37.107677592758684
14.286819
-32.776352
-6.753723
36.38702047144095
14.286819
-32.063858
-8.84903
36.20095854275219
15.721191
-32.063858
-9.54747
36.96486170644444
16.438385
-32.776352
-7.4521484
37.417166000693285
15.721191
-31.351364
-8.84903
36.17138566083694
16.438385
-31.351364
-9.54747
36.66446119669223
15.004013
-29.926361
-8.84903
34.62676446598516
15.721191
-32.063858
-10.245911
37.151385759715446
15.721191
-30.638855
-9.54747
35.73582849853299
16.438385
-33.48886
-8.84903
38.340964268203074
16.438385
-32.776352
-7.4521484
37.417166000693285
15.721191
-32.776352
-6.0552826
36.852566997916675
16.438385
-34.201355
-6.0552826
38.42680872654207
15.721191
-32.776352
-6.753723
36.97374721878265
16.438385
-32.776352
-7.4521484
37.417166000693285
15.004013
-32.063858
-8.84903
36.48995206303373
15.004013
-32.776352
-8.150589
36.957296936802614
12.8524475
-29.926361
-8.84903
33.750226055377205
13.569641
-32.063858
-9.54747
36.10235794270836
15.004013
-31.351364
-8.84903
35.86549512044097
14.286819
-32.063858
-8.150589
36.03659571142577
11.418076
-32.063858
-8.84903
35.16772208656416
13.569641
-30.638855
-9.54747
34.842916189575035
13.569641
-31.351364
-8.84903
35.289495756417196
13.569641
-32.776352
-9.54747
36.73661134728202
14.286819
-34.201355
-9.54747
38.27531841800928
15.004013
-29.213852
-10.245911
34.40273561467805
15.004013
-31.351364
-9.54747
36.04417591217061
16.438385
-32.063858
-8.84903
37.10278559918042
15.721191
-30.638855
-9.54747
35.73582849853299
15.721191
-32.776352
-7.4521484
37.107677592758684
16.438385
-30.638855
-10.245911
36.248290975338584
15.004013
-30.638855
-10.245911
35.62075941044158
13.569641
-31.351364
-10.245911
35.66541532894209
15.721191
-32.063858
-9.54747
36.96486170644444
14.286819
-30.638855
-8.84903
34.945070596357006
15.721191
-32.063858
-8.84903
36.79065267188716
15.721191
-32.063858
-10.944336
37.35003706229336
15.721191
-30.638855
-10.245911
35.92873364547083
15.004013
-30.638855
-10.245911
35.62075941044158
15.721191
-31.351364
-8.84903
36.17138566083694
15.721191
-30.638855
-8.84903
35.55559817417558
15.721191
-30.638855
-8.84903
35.55559817417558
15.721191
-31.351364
-8.150589
36.006887836630476
17.155579
-30.638855
-10.245911
36.57911948669452
17.872757
-29.926361
-8.84903
35.962868084447535
15.721191
-29.926361
-9.54747
35.1268714053296
16.438385
-30.638855
-8.84903
35.878479047878585
16.438385
-29.213852
-8.150589
34.49785220329847
15.004013
-28.501358
-9.54747
33.59467113562711
16.438385
-29.213852
-10.245911
35.05208004426681
17.155579
-29.926361
-8.150589
35.4447898834626
15.721191
-29.926361
-8.150589
34.773194400689235
17.155579
-29.213852
-8.84903
35.01525895056325
15.721191
-30.638855
-10.245911
35.92873364547083
16.438385
-29.926361
-7.4521484
34.9477061205158
15.004013
-30.638855
-8.150589
35.07551841651809
15.721191
-29.926361
-8.84903
34.943500365210085
17.155579
-30.638855
-8.84903
36.21268621047222
15.004013
-32.063858
-7.4521484
36.176592564935895
15.004013
-30.638855
-8.150589
35.07551841651809
16.438385
-30.638855
-8.150589
35.712632076672115
15.721191
-29.926361
-7.4521484
34.61614458342108
15.721191
-29.213852
-7.4521484
34.00205179643116
16.438385
-29.213852
-7.4521484
34.339543148283326
15.721191
-29.926361
-8.150589
34.773194400689235
15.004013
-29.926361
-6.0552826
34.02020022629937
15.004013
-30.638855
-6.0552826
34.64861277435938
15.721191
-31.351364
-7.4521484
35.855242136567355
14.286819
-32.776352
-6.0552826
36.263879683875004
15.004013
-30.638855
-7.4521484
34.91982830971091
14.286819
-30.638855
-6.0552826
34.344128538064005
14.286819
-32.063858
-6.753723
35.74656479343505
13.569641
-32.776352
-7.4521484
36.24857217015589
12.135254
-30.638855
-8.150589
33.94754649582113
12.8524475
-31.351364
-7.4521484
34.693341287450245
15.721191
-29.213852
-8.84903
34.335262898663125
12.8524475
-31.351364
-9.54747
35.20294815201917
12.8524475
-31.351364
-8.150589
34.850043223722295
12.135254
-30.638855
-7.4521484
33.786659054693835
12.8524475
-29.926361
-7.4521484
33.41118086563146
12.8524475
-30.638855
-10.245911
34.769288781664955
12.8524475
-31.351364
-8.84903
35.019975466019744
15.004013
-31.351364
-8.84903
35.86549512044097
13.569641
-30.638855
-9.54747
34.842916189575035
13.569641
-29.926361
-10.944336
34.63380909489852
15.721191
-30.638855
-9.54747
35.73582849853299
14.286819
-30.638855
-8.150589
34.77477232188677
11.418076
-29.926361
-10.245911
33.62942509799826
13.569641
-29.926361
-8.150589
33.85490243591484
12.8524475
-29.926361
-10.245911
34.1430973790137
12.135254
-29.926361
-8.150589
33.30590892523333
12.135254
-30.638855
-10.944336
34.72437510686837
13.569641
-30.638855
-10.245911
35.040737313652166
12.135254
-29.926361
-8.84903
33.483678685013835
12.8524475
-31.351364
-9.54747
35.20294815201917
14.286819
-30.638855
-9.54747
35.128433439843285
11.418076
-27.788864
-8.84903
31.3193020618376
12.8524475
-29.926361
-10.944336
34.359145846780194
12.135254
-30.638855
-8.84903
34.12197359519595
12.8524475
-28.501358
-8.84903
32.49335493965459
13.569641
-28.501358
-10.245911
33.187967128303825
14.286819
-29.926361
-9.54747
34.508759644291764
13.569641
-29.213852
-10.944336
34.02003517001048
13.569641
-29.926361
-10.944336
34.63380909489852
15.004013
-27.788864
-10.944336
33.42334323563212
15.721191
-27.788864
-9.54747
33.32463061849861
14.286819
-29.926361
-8.84903
34.32208640561315
13.569641
-27.788864
-10.245911
32.57813249400393
15.721191
-29.213852
-10.245911
34.72151520547544
15.004013
-27.788864
-10.944336
33.42334323563212
15.721191
-27.788864
-10.245911
33.53141018135086
15.004013
-26.363861
-13.039658
33.01827219628739
15.004013
-27.076355
-11.6427765
33.07270341138595
15.004013
-28.501358
-12.341217
34.49280240816553
15.721191
-28.501358
-10.944336
34.34038029419593
15.004013
-27.788864
-10.944336
33.42334323563212
15.721191
-27.788864
-9.54747
33.32463061849861
14.286819
-28.501358
-11.6427765
33.94104996971772
15.004013
-26.363861
-12.341217
32.74872895314984
15.721191
-27.076355
-11.6427765
33.404178051976146
17.155579
-28.501358
-12.341217
35.48164172377122
16.438385
-26.363861
-10.245911
32.71471105383536
15.004013
-26.363861
-14.436523
33.59444585035133
15.721191
-29.213852
-10.245911
34.72151520547544
17.155579
-29.213852
-10.245911
35.39409130375789
12.8524475
-27.788864
-10.245911
32.28598782390939
15.004013
-30.638855
-9.54747
35.42617729992805
15.721191
-29.926361
-8.150589
34.773194400689235
12.135254
-29.213852
-10.245911
33.25195123210347
14.286819
-29.926361
-10.944336
34.921036063748524
13.569641
-28.501358
-11.6427765
33.64545621079929
12.8524475
-28.501358
-11.6427765
33.36265901575536
12.8524475
-27.788864
-11.6427765
32.75607686047068
12.8524475
-27.788864
-11.6427765
32.75607686047068
12.8524475
-28.501358
-11.6427765
33.36265901575536
11.418076
-29.213852
-11.6427765
33.45707480477317
14.286819
-29.213852
-11.6427765
34.54151961261168
12.8524475
-30.638855
-11.6427765
35.20623529868325
12.8524475
-28.501358
-10.944336
33.125386937598556
12.8524475
-28.501358
-13.039658
33.875441432202216
12.135254
-27.788864
-13.039658
33.00784855767261
11.418076
-30.638855
-11.6427765
34.7083007030784
12.135254
-29.926361
-10.944336
34.0973588832405
12.135254
-29.926361
-9.54747
33.67499985500186
11.418076
-29.926361
-11.6427765
34.080988746591736
12.135254
-30.638855
-10.944336
34.72437510686837
12.8524475
-28.501358
-10.245911
32.9012378958319
12.8524475
-29.213852
-11.6427765
33.97335489429087
11.418076
-29.213852
-10.944336
33.220477083513565
12.135254
-29.213852
-11.6427765
33.70857194046679
12.135254
-29.926361
-12.341217
34.57104430722606
12.135254
-27.788864
-13.738098
33.289948980510616
11.418076
-28.501358
-12.341217
33.09086721686306
12.135254
-31.351364
-10.944336
35.35464333951147
12.8524475
-29.213852
-10.944336
33.7403776792362
12.135254
-29.213852
-9.54747
33.04342291366865
13.569641
-29.926361
-10.944336
34.63380909489852
14.286819
-30.638855
-9.54747
35.128433439843285
12.8524475
-29.213852
-12.341217
34.2190032810261
14.286819
-30.638855
-10.245911
35.32465567883323
15.004013
-32.063858
-10.245911
36.8536286056916
15.004013
-29.926361
-11.6427765
35.443782511887754
13.569641
-28.501358
-12.341217
33.89348297942486
14.286819
-28.501358
-10.245911
33.48759936937011
14.286819
-29.213852
-12.341217
34.78315744713507
14.286819
-29.926361
-10.944336
34.921036063748524
15.004013
-27.076355
-12.341217
33.32499142852009
15.721191
-27.788864
-10.944336
33.75137439331175
15.004013
-28.501358
-11.6427765
34.24911609260887
15.721191
-28.501358
-11.6427765
34.569314074565284
15.004013
-29.926361
-10.245911
35.00980087384906
15.004013
-29.926361
-10.245911
35.00980087384906
15.721191
-27.788864
-10.944336
33.75137439331175
12.8524475
-29.213852
-10.944336
33.7403776792362
12.8524475
-29.213852
-11.6427765
33.97335489429087
14.286819
-27.788864
-10.944336
33.107592345237634
15.004013
-28.501358
-9.54747
33.59467113562711
13.569641
-29.213852
-10.944336
34.02003517001048
14.286819
-28.501358
-9.54747
33.28054760115603
15.721191
-28.501358
-11.6427765
34.569314074565284
13.569641
-28.501358
-12.341217
33.89348297942486
15.004013
-29.926361
-8.84903
34.62676446598516
14.286819
-28.501358
-10.245911
33.48759936937011
13.569641
-29.926361
-8.84903
34.02980440570626
13.569641
-29.926361
-10.245911
34.41948471047141
13.569641
-31.351364
-10.245911
35.66541532894209
13.569641
-30.638855
-10.245911
35.040737313652166
11.418076
-30.638855
-11.6427765
34.7083007030784
11.418076
-28.501358
-10.944336
32.59567872409432
12.8524475
-30.638855
-11.6427765
35.20623529868325
12.135254
-29.926361
-12.341217
34.57104430722606
12.8524475
-30.638855
-10.245911
34.769288781664955
12.8524475
-30.638855
-9.54747
34.56991436917638
11.418076
-29.926361
-11.6427765
34.080988746591736
12.8524475
-31.351364
-10.944336
35.60718784419622
12.135254
-29.926361
-10.944336
34.0973588832405
11.418076
-29.926361
-10.245911
33.62942509799826
12.135254
-29.213852
-10.245911
33.25195123210347
12.8524475
-29.213852
-11.6427765
33.97335489429087
12.135254
-31.351364
-10.944336
35.35464333951147
12.8524475
-30.638855
-10.245911
34.769288781664955
10.700882
-29.213852
-10.245911
32.75571164709771
11.418076
-32.063858
-10.245911
35.54492954841186
11.418076
-30.638855
-11.6427765
34.7083007030784
9.983704
-30.638855
-10.245911
33.81408665119742
12.135254
-31.351364
-10.245911
35.144715121573576
12.8524475
-29.926361
-11.6427765
34.58795542029407
11.418076
-29.926361
-10.245911
33.62942509799826
12.135254
-29.213852
-10.245911
33.25195123210347
9.983704
-29.213852
-12.341217
33.24799358079277
10.700882
-28.501358
-13.039658
33.11901110366031
9.983704
-29.926361
-12.341217
33.87575853913182
9.983704
-28.501358
-12.341217
32.623724083048444
11.418076
-29.926361
-10.245911
33.62942509799826
10.700882
-29.926361
-10.245911
33.39273251713519
12.8524475
-29.926361
-10.245911
34.1430973790137
12.8524475
-31.351364
-8.150589
34.850043223722295
10.700882
-29.213852
-10.245911
32.75571164709771
12.8524475
-29.926361
-11.6427765
34.58795542029407
14.286819
-29.213852
-10.944336
34.3124003869228
13.569641
-28.501358
-11.6427765
33.64545621079929
13.569641
-29.213852
-10.944336
34.02003517001048
13.569641
-27.788864
-9.54747
32.365263074880914
12.135254
-29.213852
-11.6427765
33.70857194046679
12.135254
-29.926361
-11.6427765
34.32791341821459
13.569641
-28.501358
-12.341217
33.89348297942486
12.8524475
-29.213852
-10.245911
33.520341305690785
13.569641
-28.501358
-10.944336
33.410192558512364
15.004013
-29.213852
-11.6427765
34.84427900383182
15.004013
-28.501358
-9.54747
33.59467113562711
14.286819
-28.501358
-10.245911
33.48759936937011
14.286819
-27.788864
-9.54747
32.6724410370623
13.569641
-29.213852
-8.84903
33.4049344923396
14.286819
-27.788864
-10.245911
32.883322006922256
13.569641
-29.213852
-10.245911
33.801819304310385
12.8524475
-29.926361
-10.944336
34.359145846780194
14.286819
-29.926361
-10.944336
34.921036063748524
14.286819
-28.501358
-10.245911
33.48759936937011
12.8524475
-29.926361
-9.54747
33.940044722159506
15.004013
-28.501358
-10.944336
34.01802751908262
14.286819
-29.926361
-8.150589
34.14868147218956
12.8524475
-29.213852
-8.84903
33.12008365638967
14.286819
-29.926361
-10.944336
34.921036063748524
13.569641
-30.638855
-10.245911
35.040737313652166
12.135254
-29.926361
-9.54747
33.67499985500186
11.418076
-31.351364
-10.944336
35.1149392703581
11.418076
-29.213852
-9.54747
32.786824031585084
10.700882
-29.926361
-10.245911
33.39273251713519
11.418076
-30.638855
-12.341217
34.948785422945136
11.418076
-30.638855
-10.245911
34.26500512435209
12.8524475
-31.351364
-10.245911
35.398757343787864
10.700882
-32.063858
-10.245911
35.32107715247282
11.418076
-30.638855
-9.54747
34.06267918530852
12.8524475
-29.926361
-10.944336
34.359145846780194
12.135254
-32.063858
-11.6427765
36.206484859738005
11.418076
-29.926361
-10.944336
33.84875237153321
11.418076
-29.926361
-11.6427765
34.080988746591736
11.418076
-30.638855
-11.6427765
34.7083007030784
12.8524475
-29.926361
-12.341217
34.82927109487076
10.700882
-30.638855
-9.54747
33.82901810310658
11.418076
-31.351364
-10.944336
35.1149392703581
11.418076
-30.638855
-9.54747
34.06267918530852
12.135254
-29.926361
-10.944336
34.0973588832405
9.26651
-29.926361
-9.54747
32.75071750466412
9.983704
-29.926361
-10.245911
33.169867535229734
11.418076
-31.351364
-8.84903
34.519354215131074
9.983704
-34.201355
-9.54747
36.8857853003913
10.700882
-31.351364
-8.84903
34.28880528640142
9.983704
-32.063858
-10.944336
35.32058466633692
10.700882
-31.351364
-10.944336
34.88832630694686
10.700882
-31.351364
-10.245911
34.67557508985972
12.135254
-29.926361
-9.54747
33.67499985500186
10.700882
-32.063858
-9.54747
35.12483492232116
12.8524475
-31.351364
-8.84903
35.019975466019744
12.135254
-33.48886
-9.54747
36.87712520358996
12.135254
-32.776352
-8.150589
35.888519610646384
14.286819
-30.638855
-9.54747
35.128433439843285
13.569641
-29.926361
-8.84903
34.02980440570626
12.8524475
-32.063858
-9.54747
35.83895285847771
12.8524475
-30.638855
-10.944336
34.98147005301968
12.8524475
-30.638855
-10.944336
34.98147005301968
14.286819
-32.063858
-8.84903
36.20095854275219
11.418076
-31.351364
-8.84903
34.519354215131074
12.8524475
-29.926361
-10.245911
34.1430973790137
13.569641
-32.063858
-8.84903
35.92396654143738
14.286819
-31.351364
-10.245911
35.944399813179345
15.004013
-28.501358
-10.245911
33.799798691731326
12.8524475
-31.351364
-10.245911
35.398757343787864
13.569641
-32.063858
-8.84903
35.92396654143738
15.004013
-30.638855
-8.84903
35.24436353706522
15.721191
-31.351364
-8.84903
36.17138566083694
15.004013
-32.776352
-6.753723
36.6745478627549
15.721191
-32.063858
-7.4521484
36.479876261718765
13.569641
-29.926361
-8.84903
34.02980440570626
13.569641
-31.351364
-8.84903
35.289495756417196
14.286819
-31.351364
-7.4521484
35.24990476771267
13.569641
-32.063858
-7.4521484
35.60562624245201
16.438385
-31.351364
-10.245911
36.852505718531205
14.286819
-32.776352
-6.753723
36.38702047144095
12.8524475
-30.638855
-8.150589
34.21047987961803
15.004013
-33.48886
-6.753723
37.312691386129764
14.286819
-32.776352
-6.753723
36.38702047144095
15.004013
-32.776352
-6.753723
36.6745478627549
15.004013
-32.776352
-5.356842
36.44318137525867
13.569641
-33.48886
-7.4521484
36.89408437560231
15.721191
-33.48886
-6.753723
37.60681402269408
13.569641
-32.776352
-5.356842
35.87645800880868
12.135254
-33.48886
-6.753723
36.254392581386774
12.8524475
-32.063858
-7.4521484
35.33851882982559
12.135254
-33.48886
-6.753723
36.254392581386774
12.8524475
-32.776352
-6.753723
35.848117445886366
12.8524475
-33.48886
-6.753723
36.50071234857102
12.8524475
-33.48886
-7.4521484
36.63637202129617
12.8524475
-32.063858
-6.753723
35.197857323369135
13.569641
-33.48886
-8.150589
37.04147735879166
13.569641
-32.776352
-7.4521484
36.24857217015589
15.004013
-32.776352
-6.753723
36.6745478627549
12.135254
-32.776352
-6.753723
35.597282254495916
14.286819
-33.48886
-8.150589
37.31017384394805
12.135254
-31.351364
-6.753723
34.28972377039512
14.286819
-32.776352
-8.84903
36.833514136881846
15.004013
-31.351364
-8.84903
35.86549512044097
13.569641
-34.201355
-8.150589
37.68686676758646
14.286819
-31.351364
-6.753723
35.108888236501095
14.286819
-32.776352
-6.753723
36.38702047144095
15.004013
-29.926361
-6.753723
34.15143207099813
14.286819
-32.063858
-7.4521484
35.88507555322877
15.004013
-32.063858
-5.356842
35.80373031532032
15.721191
-31.351364
-8.150589
36.006887836630476
16.438385
-32.063858
-6.753723
36.659571660562776
15.004013
-31.351364
-6.0552826
35.280234498782214
15.004013
-31.351364
-8.84903
35.86549512044097
17.872757
-32.063858
-5.356842
37.09746848463855
16.438385
-29.213852
-8.84903
34.669510749157354
15.721191
-29.926361
-10.245911
35.323102321528715
17.872757
-29.926361
-8.150589
35.79741208403287
17.155579
-29.213852
-9.54747
35.19825615464671
17.872757
-30.638855
-7.4521484
36.2451303302423
17.872757
-29.213852
-8.150589
35.203931207479336
19.307129
-29.213852
-6.0552826
35.537035039167236
19.307129
-27.788864
-7.4521484
34.648531743107455
