24.459183
10.964554
-24.235352
36.136206766249344
25.176376
11.677063
-24.235352
36.84502721227707
25.893555
9.539566
-22.838486
35.82004924248953
26.610748
10.25206
-24.933792
37.880478667283235
24.459183
11.677063
-24.235352
36.358737102268485
23.742004
11.677063
-24.235352
35.88020228504328
26.610748
10.964554
-24.933792
38.079487434592
27.327942
13.81456
-23.536926
38.62182367097487
25.176376
13.81456
-22.838486
36.69180360991317
25.893555
12.389557
-23.536926
37.12093898769433
27.327942
10.25206
-24.235352
37.93775741263577
27.327942
12.389557
-24.235352
38.57032278585036
27.327942
10.964554
-23.536926
37.69648071376326
27.327942
10.25206
-22.838486
37.060998072434586
28.04512
11.677063
-22.838486
38.0063021603819
28.04512
11.677063
-23.536926
38.43005834975566
28.04512
13.81456
-22.838486
38.716498875237285
26.610748
12.389557
-23.536926
37.624724225525895
27.327942
12.389557
-22.140045
37.28939722639416
25.893555
14.527054
-22.838486
37.45808204054567
25.893555
11.677063
-22.838486
36.447585841477554
28.04512
13.81456
-20.743164
37.518657468026824
28.04512
15.952057
-20.743164
38.357210987839366
26.610748
14.527054
-21.441605
37.13367132264783
25.893555
13.81456
-22.140045
36.76275122905911
28.04512
11.677063
-20.044739
36.39607220931436
28.762314
13.81456
-22.140045
38.83676651825883
28.762314
12.389557
-22.838486
38.760394271246774
28.04512
13.102066
-20.743164
37.262201755767194
27.327942
14.527054
-22.140045
38.053033061706294
28.762314
12.389557
-21.441605
37.95410597229567
29.479492
13.81456
-21.441605
38.98236780904926
27.327942
13.81456
-21.441605
37.38182551596765
27.327942
10.964554
-20.743164
36.018282168790684
28.762314
11.677063
-19.346298
36.57736743662329
28.04512
13.102066
-20.743164
37.262201755767194
28.04512
10.964554
-20.743164
36.56540787047746
28.762314
10.964554
-20.743164
37.11833773344046
30.196686
11.677063
-21.441605
38.832152079897014
27.327942
10.25206
-21.441605
36.21689625325105
28.04512
10.964554
-21.441605
36.966100060879256
28.04512
10.25206
-19.346298
35.57966722338143
28.04512
7.402054
-19.346298
34.86543257543028
28.762314
8.114563
-22.140045
37.19272055004934
28.762314
8.827057
-21.441605
36.94495978764813
28.762314
7.402054
-21.441605
36.630635631897995
30.196686
8.114563
-20.743164
37.5228576170579
28.04512
8.114563
-21.441605
36.22315985071309
28.762314
6.68956
-20.044739
35.69050994312074
28.04512
8.114563
-21.441605
36.22315985071309
28.762314
8.827057
-20.044739
36.15216795777087
28.04512
6.68956
-20.044739
35.11510439455684
27.327942
7.402054
-22.140045
35.94145868142301
28.762314
8.827057
-20.743164
36.544035802499636
28.762314
8.827057
-18.647858
35.39675374637129
28.762314
8.114563
-19.346298
35.600507273971004
27.327942
8.827057
-19.346298
34.62676094066824
28.762314
10.964554
-18.647858
35.98936983625773
29.479492
9.539566
-18.647858
36.163329174083586
28.762314
9.539566
-19.346298
35.95209622061348
28.04512
9.539566
-18.647858
35.003923468707406
28.04512
10.25206
-20.044739
35.96421900762096
29.479492
7.402054
-19.346298
36.02929512801874
28.762314
7.402054
-17.949417
34.70219986947873
28.04512
8.827057
-17.250977
34.08873523786395
29.479492
9.539566
-17.949417
35.808174231547675
28.762314
7.402054
-17.949417
34.70219986947873
29.479492
8.827057
-19.346298
36.34881971035563
28.04512
9.539566
-19.346298
35.38094514419979
29.479492
9.539566
-19.346298
36.52838619549014
29.479492
8.114563
-20.743164
36.94814646695758
28.762314
8.114563
-20.044739
35.9848363517972
28.04512
9.539566
-18.647858
35.003923468707406
27.327942
9.539566
-19.346298
34.815212178348666
28.04512
8.827057
-21.441605
36.38939557551846
28.762314
10.25206
-19.346298
36.147678529691746
28.762314
8.827057
-19.346298
35.769636829933184
28.762314
7.402054
-19.346298
35.44489148003207
29.479492
7.402054
-18.647858
35.65912907416732
29.479492
9.539566
-21.441605
37.680049533042016
29.479492
6.68956
-20.044739
36.27095636167628
28.04512
7.402054
-20.044739
35.25777528111264
28.04512
8.827057
-16.552551
33.74066711236605
29.479492
8.827057
-20.044739
36.72531856141618
28.04512
10.25206
-20.044739
35.96421900762096
28.04512
10.25206
-20.044739
35.96421900762096
28.04512
9.539566
-19.346298
35.38094514419979
29.479492
9.539566
-18.647858
36.163329174083586
29.479492
8.827057
-17.949417
35.624976014246315
28.762314
10.25206
-17.250977
35.07095207842952
28.762314
10.964554
-18.647858
35.98936983625773
27.327942
9.539566
-17.250977
33.69593289337286
28.04512
10.964554
-17.949417
35.05612304142191
29.479492
10.964554
-18.647858
36.56507235876284
28.04512
8.827057
-16.552551
33.74066711236605
28.04512
10.25206
-17.949417
34.83984878664892
29.479492
10.25206
-18.647858
36.35777519847457
29.479492
8.114563
-19.346298
36.182397565041036
30.91388
8.827057
-19.346298
37.52151726426452
29.479492
9.539566
-19.346298
36.52838619549014
30.196686
9.539566
-19.346298
37.10960032826327
29.479492
8.114563
-20.044739
36.56061026099332
30.196686
9.539566
-19.346298
37.10960032826327
29.479492
10.25206
-18.647858
36.35777519847457
30.196686
8.827057
-17.949417
36.22068959161583
29.479492
8.827057
-18.647858
35.98193923584268
28.762314
9.539566
-19.346298
35.95209622061348
30.91388
8.114563
-20.044739
37.726723473719524
30.91388
9.539566
-17.250977
36.66425310918917
30.196686
9.539566
-18.647858
36.75031555455511
28.762314
9.539566
-18.647858
35.58112704176893
30.91388
10.25206
-18.647858
37.53019129699531
29.479492
8.827057
-20.044739
36.72531856141618
29.479492
8.827057
-20.044739
36.72531856141618
29.479492
8.827057
-18.647858
35.98193923584268
30.196686
9.539566
-17.949417
36.4008881512955
29.479492
8.114563
-19.346298
36.182397565041036
31.631058
8.114563
-17.949417
37.263272986573185
30.91388
8.827057
-17.949417
36.82073602689794
29.479492
8.114563
-17.949417
35.455156398391125
30.196686
8.827057
-17.949417
36.22068959161583
28.04512
8.827057
-19.346298
35.19552493692824
29.479492
8.827057
-20.044739
36.72531856141618
30.196686
7.402054
-22.838486
38.57754119394227
28.04512
5.977066
-20.044739
34.98636383359773
28.762314
6.68956
-19.346298
35.30297679939239
29.479492
8.114563
-19.346298
36.182397565041036
28.762314
8.114563
-22.838486
37.61267415161992
28.762314
9.539566
-22.140045
37.52939603039529
26.610748
8.114563
-21.441605
35.12435706150897
28.04512
6.68956
-22.140045
36.35189914281044
29.479492
8.827057
-22.838486
38.321714901708305
27.327942
8.827057
-23.536926
37.131121917385556
28.762314
6.68956
-20.743164
36.08739121476503
28.762314
8.827057
-20.743164
36.544035802499636
30.196686
10.25206
-20.743164
38.04238936596747
30.196686
8.827057
-21.441605
38.0722884196342
29.479492
8.114563
-22.140045
37.75007599071408
26.610748
8.827057
-20.743164
34.87588904556771
29.479492
8.827057
-21.441605
37.50599724179538
28.762314
10.964554
-20.044739
36.73259712307653
29.479492
10.964554
-20.044739
37.296829178857486
30.196686
11.677063
-22.140045
39.222126971145066
28.762314
10.964554
-18.647858
35.98936983625773
28.04512
11.677063
-20.044739
36.39607220931436
28.04512
11.677063
-18.647858
35.64582895754162
29.479492
12.389557
-22.140045
38.89374171420449
30.196686
11.677063
-20.743164
38.450909119413225
28.762314
10.964554
-20.044739
36.73259712307653
30.196686
10.964554
-20.044739
37.86624860219355
29.479492
11.677063
-20.044739
37.51247513848726
28.762314
13.102066
-21.441605
38.19263340087654
28.762314
10.25206
-19.346298
36.147678529691746
27.327942
10.964554
-20.743164
36.018282168790684
30.196686
10.25206
-20.044739
37.66611320516593
28.762314
10.964554
-20.044739
36.73259712307653
29.479492
9.539566
-20.044739
36.90305308708803
30.196686
10.25206
-22.140045
38.82172356687844
29.479492
10.964554
-20.743164
37.6767935403794
30.196686
10.25206
-21.441605
38.42768548480054
30.196686
10.25206
-20.743164
38.04238936596747
30.196686
9.539566
-21.441605
38.24376512961378
30.91388
10.25206
-20.044739
38.24348583725567
28.762314
9.539566
-20.044739
36.33270636434633
30.196686
8.827057
-22.140045
38.46996691566276
29.479492
7.402054
-20.743164
36.798230136936446
29.479492
7.402054
-22.838486
38.01877491574064
30.196686
7.402054
-20.743164
37.37524822241988
30.91388
5.264557
-22.838486
38.79407146032432
30.91388
8.827057
-22.140045
39.03545313637976
30.196686
9.539566
-23.536926
39.45668610166089
30.91388
9.539566
-22.838486
39.601359827603304
30.91388
8.827057
-22.838486
39.43578827010277
30.196686
9.539566
-22.140045
38.63967883243127
28.762314
10.25206
-22.838486
38.1309837773447
30.91388
8.827057
-22.140045
39.03545313637976
29.479492
10.25206
-23.536926
39.09132998604838
30.91388
9.539566
-24.235352
40.423057276390075
28.762314
8.114563
-22.838486
37.61267415161992
30.91388
8.827057
-22.140045
39.03545313637976
29.479492
7.402054
-22.838486
38.01877491574064
28.762314
8.114563
-22.140045
37.19272055004934
30.91388
8.114563
-24.235352
40.110677569421895
30.196686
8.114563
-24.235352
39.56056534072946
30.91388
8.827057
-23.536926
39.84434435831201
30.91388
8.114563
-23.536926
39.69258087555532
30.196686
10.964554
-24.235352
40.24193800276957
30.196686
9.539566
-24.933792
40.30554688098153
28.762314
9.539566
-23.536926
38.37005165826354
30.91388
10.25206
-24.235352
40.597105808173076
30.196686
10.25206
-24.933792
40.480100664458426
30.196686
10.964554
-24.235352
40.24193800276957
31.631058
9.539566
-23.536926
40.56493456195418
30.91388
9.539566
-24.933792
40.84562686965399
32.34825
10.25206
-22.838486
40.90367459902747
30.196686
10.964554
-22.838486
39.41646502216745
30.196686
10.964554
-24.235352
40.24193800276957
30.91388
12.389557
-23.536926
40.78180974232721
31.631058
13.81456
-22.140045
41.00667610708727
30.196686
12.389557
-22.838486
39.83638259091414
32.34825
12.389557
-23.536926
41.87955898690315
30.91388
10.964554
-24.235352
40.78286036092552
31.631058
11.677063
-24.235352
41.523846864162735
33.06543
10.964554
-22.838486
41.65501774011971
32.34825
11.677063
-23.536926
41.674332628129754
32.34825
10.964554
-22.838486
41.08804321115664
31.631058
10.964554
-22.838486
40.52581491845275
33.782623
10.964554
-24.235352
42.99813199975959
32.34825
10.964554
-23.536926
41.480328781016794
34.499817
9.539566
-24.235352
43.22722542077071
32.34825
10.964554
-24.235352
41.88058206731223
32.34825
10.964554
-22.838486
41.08804321115664
33.782623
10.25206
-24.235352
42.82198799974144
33.782623
9.539566
-24.235352
42.65701836533248
33.06543
9.539566
-24.235352
42.091308160429634
33.782623
10.964554
-24.933792
43.395633769694356
35.93419
11.677063
-24.933792
45.269343672760485
34.499817
12.389557
-22.838486
43.18952374057278
35.93419
11.677063
-21.441605
43.44378045873626
36.651367
11.677063
-23.536926
45.09615648897503
36.651367
10.25206
-21.441605
43.68260433942784
36.651367
9.539566
-22.838486
44.225812432917074
36.651367
9.539566
-24.933792
45.34335695039848
36.651367
9.539566
-22.838486
44.225812432917074
35.93419
8.827057
-23.536926
43.85395851840943
35.93419
7.402054
-24.235352
43.970542063248864
35.93419
10.25206
-23.536926
44.16285115201463
35.93419
10.25206
-24.235352
44.53900425908313
35.93419
11.677063
-22.838486
44.14992711718928
35.93419
9.539566
-24.235352
44.38041752801496
35.93419
10.25206
-22.140045
43.43445920111991
35.93419
10.25206
-23.536926
44.16285115201463
36.651367
10.25206
-23.536926
44.74834417764109
36.651367
10.964554
-24.933792
45.664409349623696
35.93419
10.964554
-22.838486
43.96684819536619
35.93419
10.964554
-24.933792
45.090811418891796
35.93419
10.25206
-24.235352
44.53900425908313
35.93419
8.827057
-24.235352
44.23273851176298
35.93419
7.402054
-24.933792
44.35933097039027
34.499817
8.827057
-24.933792
43.47238510366739
35.216995
8.827057
-23.536926
43.2682375520355
34.499817
7.402054
-24.933792
43.20557604936905
35.216995
8.827057
-22.838486
42.892307002538345
33.782623
8.827057
-26.330673
43.73199127122929
35.216995
10.25206
-23.536926
43.58128462012822
34.499817
9.539566
-25.632233
44.02558432542733
34.499817
10.964554
-23.536926
43.17922881179387
35.216995
11.677063
-22.140045
43.206158064870365
33.782623
8.114563
-24.235352
42.3611155581168
35.216995
10.25206
-24.235352
43.96241264518972
34.499817
9.539566
-22.838486
42.45982993610696
34.499817
10.25206
-23.536926
43.00382659208945
35.216995
10.964554
-22.838486
43.38265281687702
33.782623
10.964554
-23.536926
42.60837801363864
32.34825
10.964554
-24.933792
42.288589821624015
33.782623
11.677063
-23.536926
42.79726861812416
32.34825
11.677063
-22.838486
41.28389055237678
32.34825
12.389557
-23.536926
41.87955898690315
31.631058
10.964554
-23.536926
40.92349175882203
32.34825
12.389557
-22.140045
41.11073051024437
31.631058
11.677063
-23.536926
41.12012283484967
31.631058
10.964554
-23.536926
40.92349175882203
31.631058
10.25206
-22.838486
40.338876726874005
30.196686
10.964554
-23.536926
39.825219342812474
32.34825
10.964554
-22.838486
41.08804321115664
32.34825
11.677063
-22.838486
41.28389055237678
32.34825
9.539566
-24.235352
41.53029032704247
30.196686
9.539566
-23.536926
39.45668610166089
32.34825
10.964554
-22.140045
40.70396172364553
30.91388
10.964554
-22.140045
39.57361551490936
30.91388
10.964554
-22.140045
39.57361551490936
30.91388
10.25206
-22.140045
39.38215770755997
30.91388
9.539566
-20.743164
38.43110973303399
30.91388
8.827057
-22.140045
39.03545313637976
30.91388
9.539566
-22.838486
39.601359827603304
33.06543
8.114563
-22.140045
40.612194496196274
30.91388
7.402054
-23.536926
39.55306957114707
31.631058
9.539566
-20.743164
39.01033078817873
29.479492
7.402054
-22.838486
38.01877491574064
31.631058
8.114563
-22.140045
39.45315594058193
30.91388
7.402054
-20.743164
37.95704552105577
29.479492
6.68956
-24.235352
38.74458600031671
29.479492
8.827057
-23.536926
38.74202286842415
28.762314
10.25206
-22.838486
38.1309837773447
29.479492
9.539566
-21.441605
37.680049533042016
30.91388
8.827057
-22.838486
39.43578827010277
30.196686
10.25206
-22.838486
39.224240153570854
28.04512
10.25206
-22.838486
37.59295120722434
28.762314
9.539566
-22.140045
37.52939603039529
29.479492
10.25206
-22.140045
38.26652299630269
29.479492
10.964554
-22.140045
38.46353443776732
28.762314
10.25206
-20.743164
36.91414765201819
29.479492
8.827057
-21.441605
37.50599724179538
28.04512
8.114563
-22.140045
36.64091317850426
28.04512
9.539566
-22.838486
37.40492504963417
28.762314
8.827057
-22.838486
37.77279520524246
29.479492
7.402054
-22.838486
38.01877491574064
28.04512
10.25206
-22.140045
37.172773147514334
28.04512
8.827057
-20.743164
35.98228188115645
28.762314
8.114563
-22.838486
37.61267415161992
27.327942
9.539566
-22.140045
36.44175274013912
28.04512
8.827057
-22.140045
36.8052621147566
26.610748
10.25206
-21.441605
35.67883131362699
28.04512
8.114563
-22.140045
36.64091317850426
25.893555
10.964554
-22.838486
36.225599613847834
27.327942
9.539566
-21.441605
36.021689768652756
28.762314
11.677063
-22.838486
38.538564416252264
28.762314
9.539566
-22.838486
37.94562374409103
26.610748
9.539566
-22.838486
36.3418723988339
27.327942
9.539566
-21.441605
36.021689768652756
28.04512
10.964554
-22.838486
37.7934740357049
27.327942
10.964554
-22.838486
37.26438349609114
28.04512
10.964554
-22.140045
37.375550333009315
25.176376
9.539566
-20.044739
33.56552957113332
26.610748
10.25206
-21.441605
35.67883131362699
26.610748
10.964554
-21.441605
35.89005019674673
28.762314
9.539566
-20.044739
36.33270636434633
28.04512
10.964554
-21.441605
36.966100060879256
27.327942
10.25206
-21.441605
36.21689625325105
28.04512
10.964554
-22.140045
37.375550333009315
28.04512
10.964554
-22.140045
37.375550333009315
26.610748
10.25206
-20.743164
35.263515181128604
27.327942
10.25206
-20.743164
35.80781969307647
27.327942
10.25206
-22.140045
36.63472100621383
27.327942
9.539566
-22.140045
36.44175274013912
28.762314
8.827057
-21.441605
36.94495978764813
27.327942
9.539566
-21.441605
36.021689768652756
28.762314
8.827057
-20.044739
36.15216795777087
28.04512
7.402054
-20.743164
35.65947310969327
27.327942
9.539566
-20.044739
35.20811452101631
28.762314
8.827057
-20.044739
36.15216795777087
29.479492
8.114563
-21.441605
37.34473227003124
27.327942
7.402054
-20.044739
34.690033691249134
27.327942
9.539566
-21.441605
36.021689768652756
28.04512
8.114563
-22.838486
37.067119033943854
28.04512
7.402054
-18.647858
34.48277494022378
28.04512
5.977066
-20.743164
35.39114238032413
26.610748
6.68956
-21.441605
34.82275853114957
27.327942
8.114563
-21.441605
35.67078506602515
28.04512
5.977066
-20.743164
35.39114238032413
25.176376
8.114563
-20.743164
33.61509859446533
26.610748
7.402054
-22.140045
35.39920736169014
25.893555
8.114563
-20.743164
34.15554415155851
26.610748
8.827057
-20.743164
34.87588904556771
27.327942
8.114563
-20.743164
35.255374147071535
26.610748
6.68956
-20.044739
33.98048828348961
26.610748
7.402054
-19.346298
33.72241892400273
28.04512
7.402054
-22.140045
36.48973461703819
26.610748
7.402054
-21.441605
34.966622268265525
28.04512
7.402054
-21.441605
36.07023043227614
27.327942
5.977066
-20.743164
34.825573313882785
27.327942
7.402054
-21.441605
35.51547892347874
27.327942
7.402054
-20.743164
35.098229901057685
27.327942
6.68956
-20.044739
34.545016345297554
27.327942
5.977066
-22.140045
35.67524896439932
27.327942
5.977066
-20.743164
34.825573313882785
29.479492
5.264557
-21.441605
36.83067217803576
27.327942
6.68956
-20.743164
34.954906078895064
25.893555
7.402054
-22.140045
34.86327928046213
24.459183
7.402054
-21.441605
33.35842358128041
26.610748
7.402054
-22.140045
35.39920736169014
27.327942
6.68956
-21.441605
35.37384743042874
25.893555
6.68956
-20.044739
33.42182021384009
26.610748
7.402054
-20.044739
34.12790452382771
26.610748
6.68956
-20.743164
34.39710581824981
27.327942
7.402054
-22.140045
35.94145868142301
25.176376
8.114563
-21.441605
34.050528286100054
24.459183
8.114563
-21.441605
33.52372607513875
26.610748
8.114563
-22.140045
35.55502310460155
26.610748
8.827057
-21.441605
35.29576829827656
27.327942
8.114563
-21.441605
35.67078506602515
25.176376
9.539566
-20.743164
33.98723407513658
25.893555
8.827057
-20.743164
34.331792803031895
25.893555
10.25206
-22.140045
35.57755715675526
25.176376
10.25206
-20.743164
34.1940568009678
25.176376
8.114563
-20.044739
33.188665969395714
26.610748
8.114563
-20.044739
34.289495931698966
25.893555
8.114563
-21.441605
34.58416830380087
27.327942
8.114563
-21.441605
35.67078506602515
24.459183
8.114563
-20.743164
33.08136498067114
25.893555
8.114563
-20.743164
34.15554415155851
25.893555
6.68956
-22.140045
34.71898732760919
25.893555
9.539566
-22.838486
35.82004924248953
27.327942
8.827057
-21.441605
35.83958297759354
26.610748
10.964554
-21.441605
35.89005019674673
27.327942
9.539566
-22.140045
36.44175274013912
27.327942
7.402054
-21.441605
35.51547892347874
27.327942
7.402054
-20.044739
34.690033691249134
26.610748
6.68956
-20.743164
34.39710581824981
27.327942
8.114563
-22.140045
36.09493200174974
26.610748
5.977066
-20.743164
34.26566953086482
27.327942
7.402054
-20.044739
34.690033691249134
27.327942
5.977066
-20.044739
34.41414319655692
27.327942
6.68956
-22.140045
35.8015124124055
28.04512
5.977066
-21.441605
35.80497814495824
26.610748
8.114563
-20.044739
34.289495931698966
27.327942
5.977066
-20.044739
34.41414319655692
26.610748
7.402054
-19.346298
33.72241892400273
27.327942
6.68956
-19.346298
34.14448633770356
28.04512
5.977066
-20.743164
35.39114238032413
25.893555
6.68956
-21.441605
34.27781895147812
27.327942
6.68956
-20.044739
34.545016345297554
28.762314
6.68956
-22.140045
36.90802778053086
28.04512
5.977066
-20.743164
35.39114238032413
28.04512
5.264557
-20.044739
34.871706133653326
27.327942
5.977066
-20.044739
34.41414319655692
25.893555
5.264557
-21.441605
34.02843228980087
26.610748
5.264557
-21.441605
34.57730243599116
25.176376
3.8395538
-20.743164
32.84617133974198
27.327942
3.12706
-22.140045
35.309722305022625
25.893555
7.402054
-20.743164
33.99331419788677
26.610748
5.977066
-20.044739
33.84743422640685
23.742004
5.264557
-21.441605
32.421300823229046
25.893555
4.552063
-22.140045
34.37119474676888
27.327942
6.68956
-23.536926
36.68178658131137
27.327942
6.68956
-20.044739
34.545016345297554
26.610748
6.68956
-21.441605
34.82275853114957
26.610748
7.402054
-21.441605
34.966622268265525
28.04512
6.68956
-20.743164
35.51841580543993
25.893555
5.264557
-20.743164
33.59271800740452
26.610748
6.68956
-20.044739
33.98048828348961
25.893555
6.68956
-21.441605
34.27781895147812
27.327942
7.402054
-20.044739
34.690033691249134
27.327942
8.114563
-20.044739
34.849018659963725
25.893555
7.402054
-21.441605
34.42396016153756
27.327942
7.402054
-20.044739
34.690033691249134
27.327942
6.68956
-19.346298
34.14448633770356
25.893555
7.402054
-21.441605
34.42396016153756
27.327942
7.402054
-21.441605
35.51547892347874
26.610748
9.539566
-19.346298
34.255137260138625
28.04512
8.114563
-20.044739
35.41421330350641
26.610748
7.402054
-20.044739
34.12790452382771
26.610748
5.977066
-20.743164
34.26566953086482
28.04512
6.68956
-20.044739
35.11510439455684
27.327942
7.402054
-21.441605
35.51547892347874
27.327942
6.68956
-20.044739
34.545016345297554
28.04512
5.977066
-19.346298
34.59094282027179
28.04512
6.68956
-20.044739
35.11510439455684
27.327942
6.68956
-21.441605
35.37384743042874
28.762314
6.68956
-21.441605
36.493332345293744
28.762314
7.402054
-20.743164
36.226233116628514
28.04512
5.977066
-19.346298
34.59094282027179
30.196686
5.264557
-20.044739
36.62440339211173
28.04512
7.402054
-20.743164
35.65947310969327
28.762314
7.402054
-21.441605
36.630635631897995
30.196686
6.68956
-20.044739
36.85622867029228
26.610748
5.264557
-20.743164
34.14859210528946
27.327942
8.114563
-22.140045
36.09493200174974
27.327942
5.977066
-21.441605
35.24605197305792
28.04512
5.264557
-22.140045
36.11683683990491
25.893555
6.68956
-21.441605
34.27781895147812
26.610748
5.977066
-19.346298
33.4385477347533
28.04512
5.264557
-21.441605
35.69295020499059
27.327942
6.68956
-22.140045
35.8015124124055
27.327942
6.68956
-20.743164
34.954906078895064
28.04512
5.264557
-20.044739
34.871706133653326
29.479492
6.68956
-20.743164
36.66155452348038
28.762314
6.68956
-20.044739
35.69050994312074
28.04512
5.977066
-20.044739
34.98636383359773
27.327942
4.552063
-21.441605
35.032556705111816
29.479492
7.402054
-20.044739
36.409098265728
27.327942
5.264557
-21.441605
35.13224180240282
28.762314
5.977066
-21.441605
36.36947075942008
27.327942
5.977066
-20.743164
34.825573313882785
28.762314
3.8395538
-19.346298
34.875379772237785
27.327942
4.552063
-20.743164
34.6094861030948
27.327942
2.414566
-20.044739
33.977023270904155
27.327942
4.552063
-20.743164
34.6094861030948
25.893555
5.264557
-21.441605
34.02843228980087
26.610748
5.977066
-21.441605
34.6929331330604
25.176376
6.68956
-19.346298
32.44810309604014
25.893555
6.68956
-20.743164
33.84531534930277
25.893555
7.402054
-22.140045
34.86327928046213
26.610748
6.68956
-20.743164
34.39710581824981
26.610748
5.977066
-20.044739
33.84743422640685
26.610748
6.68956
-20.743164
34.39710581824981
26.610748
4.552063
-20.044739
33.62506171578909
25.893555
4.552063
-20.743164
33.48845052192435
25.893555
5.977066
-20.044739
33.28653127110874
25.176376
7.402054
-20.044739
33.0216880968497
25.893555
7.402054
-20.044739
33.5716860683039
25.176376
7.402054
-19.346298
32.60244708091806
23.742004
7.402054
-18.647858
31.08401229430493
27.327942
8.827057
-21.441605
35.83958297759354
23.742004
7.402054
-20.044739
31.941583719468458
23.742004
8.114563
-19.346298
31.682932748390932
23.02481
10.25206
-20.044739
32.20307761701997
25.176376
9.539566
-20.743164
33.98723407513658
25.176376
8.827057
-20.743164
33.79416598019361
24.459183
8.827057
-19.346298
32.410613631595474
25.176376
7.402054
-19.346298
32.60244708091806
24.459183
8.114563
-18.647858
31.80943778238229
24.459183
7.402054
-20.044739
32.47820220030756
24.459183
7.402054
-20.044739
32.47820220030756
24.459183
8.114563
-20.044739
32.64796171733965
23.02481
7.402054
-20.743164
31.86237878188986
25.176376
8.114563
-21.441605
34.050528286100054
26.610748
7.402054
-20.044739
34.12790452382771
25.893555
6.68956
-18.647858
32.60320527403134
23.02481
9.539566
-20.044739
31.983382678793138
23.742004
10.964554
-20.044739
32.949898342502514
23.742004
8.114563
-18.647858
31.261341691856412
24.459183
7.402054
-21.441605
33.35842358128041
23.02481
8.114563
-20.743164
32.03539988361508
23.02481
6.68956
-19.346298
30.80862520007587
23.742004
8.114563
-19.346298
31.682932748390932
23.742004
8.827057
-20.044739
32.3015689622327
23.742004
8.827057
-20.044739
32.3015689622327
23.02481
10.25206
-19.346298
31.77303697958774
24.459183
9.539566
-18.647858
32.20244646907669
23.02481
8.827057
-19.346298
31.342273924615377
23.02481
8.827057
-18.647858
30.916037773323453
24.459183
9.539566
-17.949417
31.803089841043747
24.459183
6.68956
-19.346298
31.894844848810404
22.307617
8.827057
-18.647858
30.385676010920424
24.459183
8.827057
-17.949417
31.596679551677678
24.459183
8.114563
-18.647858
31.80943778238229
22.307617
8.827057
-19.346298
30.819248040870296
23.742004
8.114563
-18.647858
31.261341691856412
25.893555
8.827057
-21.441605
34.75824359841669
22.307617
8.114563
-19.346298
30.622789700212447
22.307617
8.827057
-20.743164
31.714754020149577
23.02481
8.114563
-19.346298
31.149114497596475
23.02481
8.114563
-20.044739
31.58764951766404
23.02481
8.114563
-20.044739
31.58764951766404
21.590439
8.827057
-18.647858
29.863129751496032
24.459183
8.114563
-20.044739
32.64796171733965
23.742004
8.827057
-20.044739
32.3015689622327
22.307617
10.25206
-19.346298
31.257219869100844
23.02481
8.827057
-20.044739
31.778143476799134
23.02481
10.25206
-17.949417
30.942337058733138
24.459183
10.25206
-20.044739
33.243765569182294
23.02481
8.827057
-20.743164
32.223246988538804
23.02481
8.827057
-19.346298
31.342273924615377
23.02481
10.964554
-19.346298
32.01003870858328
23.02481
10.25206
-19.346298
31.77303697958774
23.02481
9.539566
-18.647858
31.126962867951196
23.02481
9.539566
-18.647858
31.126962867951196
23.02481
10.25206
-19.346298
31.77303697958774
21.590439
8.827057
-19.346298
30.304178948104667
23.02481
11.677063
-19.346298
32.26104499879169
24.459183
11.677063
-19.346298
33.29992140568803
22.307617
10.964554
-20.044739
31.931846521390288
23.742004
11.677063
-20.044739
33.1937964836805
24.459183
10.25206
-18.647858
32.42065698013286
22.307617
9.539566
-18.647858
30.600257064637137
21.590439
11.677063
-19.346298
31.253482227860427
22.307617
10.964554
-18.647858
31.074006373017184
24.459183
10.964554
-20.044739
33.47035477011709
25.176376
10.25206
-19.346298
33.36515977361341
24.459183
9.539566
-18.647858
32.20244646907669
24.459183
9.539566
-18.647858
32.20244646907669
23.02481
10.25206
-22.838486
34.01239505795093
23.742004
8.827057
-20.743164
32.73955806221848
24.459183
10.964554
-19.346298
33.05680443321673
23.742004
8.827057
-20.743164
32.73955806221848
23.742004
9.539566
-19.346298
32.07748949078232
22.307617
9.539566
-19.346298
31.03082908198917
23.742004
8.827057
-20.044739
32.3015689622327
24.459183
9.539566
-17.949417
31.803089841043747
23.02481
10.25206
-20.044739
32.20307761701997
24.459183
8.114563
-19.346298
32.2238587880985
21.590439
10.25206
-19.346298
30.749489880804322
23.02481
8.827057
-18.647858
30.916037773323453
23.02481
8.827057
-20.044739
31.778143476799134
23.02481
10.25206
-20.743164
32.642388281118656
25.893555
10.25206
-19.346298
33.90958904929677
24.459183
10.25206
-17.250977
31.637834560595227
24.459183
10.964554
-18.647858
32.65295849141678
24.459183
10.25206
-18.647858
32.42065698013286
25.176376
10.25206
-17.949417
32.57508603931461
24.459183
8.827057
-19.346298
32.410613631595474
23.742004
9.539566
-18.647858
31.661154605249315
25.176376
9.539566
-20.743164
33.98723407513658
23.742004
10.25206
-19.346298
32.29654428047895
23.742004
10.25206
-17.949417
31.479661945626695
23.02481
8.114563
-20.743164
32.03539988361508
23.742004
10.964554
-20.044739
32.949898342502514
24.459183
8.827057
-20.743164
33.26330575522561
22.307617
10.964554
-17.949417
30.659954939857013
23.02481
10.964554
-20.044739
32.436937389750014
22.307617
8.827057
-18.647858
30.385676010920424
25.176376
11.677063
-18.647858
33.435703806896306
24.459183
10.964554
-18.647858
32.65295849141678
24.459183
11.677063
-18.647858
32.89905807862799
22.307617
12.389557
-17.949417
31.197956663858612
24.459183
11.677063
-19.346298
33.29992140568803
24.459183
10.964554
-17.949417
32.259179516626546
25.176376
11.677063
-19.346298
33.830208870572505
24.459183
8.827057
-18.647858
31.998611420067903
24.459183
10.964554
-20.743164
33.89324347307292
22.307617
10.25206
-17.949417
30.412432928987386
23.742004
12.389557
-19.346298
33.037299144536995
23.02481
10.25206
-18.647858
31.352659501428263
23.742004
10.964554
-17.250977
31.328907214361845
23.02481
11.677063
-19.346298
32.26104499879169
23.02481
11.677063
-19.346298
32.26104499879169
24.459183
10.25206
-20.044739
33.243765569182294
23.02481
10.964554
-19.346298
32.01003870858328
23.742004
10.964554
-20.044739
32.949898342502514
22.307617
11.677063
-17.949417
30.921920398526552
24.459183
10.964554
-18.647858
32.65295849141678
24.459183
10.25206
-17.250977
31.637834560595227
23.742004
10.964554
-19.346298
32.52973211816672
23.02481
11.677063
-17.250977
31.04982961217843
24.459183
10.25206
-19.346298
32.82736084605626
25.176376
11.677063
-17.250977
32.67720806246783
23.742004
10.25206
-18.647858
31.88306998027617
23.742004
10.964554
-20.743164
33.379381442272866
24.459183
10.964554
-20.743164
33.89324347307292
23.02481
11.677063
-19.346298
32.26104499879169
23.742004
10.25206
-18.647858
31.88306998027617
23.742004
8.114563
-20.044739
32.1141799932775
23.02481
8.827057
-19.346298
31.342273924615377
23.02481
8.827057
-19.346298
31.342273924615377
23.02481
10.25206
-20.743164
32.642388281118656
23.02481
9.539566
-18.647858
31.126962867951196
22.307617
8.114563
-19.346298
30.622789700212447
22.307617
8.827057
-21.441605
32.17591000376388
22.307617
9.539566
-19.346298
31.03082908198917
22.307617
10.964554
-19.346298
31.498103008975992
23.742004
9.539566
-19.346298
32.07748949078232
23.742004
10.964554
-19.346298
32.52973211816672
24.459183
9.539566
-18.647858
32.20244646907669
25.176376
9.539566
-18.647858
32.750508777655845
23.742004
9.539566
-19.346298
32.07748949078232
24.459183
12.389557
-19.346298
33.55640002178236
24.459183
10.964554
-17.949417
32.259179516626546
24.459183
9.539566
-19.346298
32.61187175995116
23.02481
10.964554
-17.949417
31.1856525003887
23.742004
10.964554
-19.346298
32.52973211816672
24.459183
10.25206
-18.647858
32.42065698013286
25.176376
8.827057
-17.250977
31.770474297834696
25.176376
8.827057
-19.346298
32.95521419408657
25.176376
9.539566
-17.949417
32.357916960754174
25.893555
7.402054
-19.346298
33.159401358249816
23.742004
8.827057
-19.346298
31.872857234962673
25.893555
8.827057
-19.346298
33.5063033365552
23.02481
8.827057
-19.346298
31.342273924615377
24.459183
8.114563
-18.647858
31.80943778238229
23.742004
8.114563
-18.647858
31.261341691856412
25.176376
8.114563
-20.044739
33.188665969395714
24.459183
10.964554
-19.346298
33.05680443321673
23.02481
10.25206
-19.346298
31.77303697958774
24.459183
8.114563
-19.346298
32.2238587880985
25.893555
9.539566
-18.647858
33.304985300979155
24.459183
8.827057
-20.044739
32.8323042913245
25.176376
8.114563
-20.044739
33.188665969395714
24.459183
9.539566
-19.346298
32.61187175995116
24.459183
8.827057
-18.647858
31.998611420067903
23.742004
7.402054
-17.949417
30.670095943055834
23.742004
8.827057
-18.647858
31.45381193363135
23.742004
8.114563
-19.346298
31.682932748390932
24.459183
10.964554
-18.647858
32.65295849141678
23.742004
10.964554
-18.647858
32.1192598075662
25.176376
9.539566
-17.949417
32.357916960754174
25.893555
10.964554
-19.346298
34.13175835949472
25.176376
9.539566
-17.949417
32.357916960754174
24.459183
10.25206
-17.949417
32.02402166916559
25.176376
8.827057
-20.044739
33.37002172024128
24.459183
8.114563
-18.647858
31.80943778238229
25.893555
10.25206
-18.647858
33.51601835433507
25.893555
9.539566
-20.044739
34.10675880369974
25.176376
9.539566
-21.441605
34.41795434151611
25.893555
7.402054
-17.949417
32.36430506263807
25.176376
8.827057
-19.346298
32.95521419408657
25.176376
8.827057
-19.346298
32.95521419408657
25.893555
8.114563
-19.346298
33.3256892276814
23.742004
6.68956
-17.250977
30.100318516665027
25.176376
7.402054
-17.949417
31.793425411774404
25.176376
6.68956
-17.949417
31.635133589825312
26.610748
7.402054
-18.647858
33.32663974948851
26.610748
6.68956
-17.949417
32.78816433872328
25.893555
6.68956
-15.854111
31.08985822849581
26.610748
7.402054
-16.552551
32.20107420083218
25.176376
6.68956
-18.647858
32.03658301640778
25.893555
7.402054
-17.949417
32.36430506263807
25.176376
6.68956
-17.949417
31.635133589825312
25.893555
7.402054
-17.949417
32.36430506263807
24.459183
7.402054
-16.552551
30.447150797721925
25.893555
7.402054
-18.647858
32.75681845468875
25.893555
5.977066
-17.250977
31.682767074423715
26.610748
6.68956
-16.552551
32.04479705903421
26.610748
5.977066
-17.949417
32.65024989734956
26.610748
6.68956
-16.552551
32.04479705903421
27.327942
7.402054
-16.552551
32.796245974196495
25.893555
6.68956
-17.949417
32.208818031470436
25.893555
4.552063
-17.250977
31.445089284922037
26.610748
6.68956
-18.647858
33.17566327579695
26.610748
4.552063
-17.949417
32.4196648343062
26.610748
5.977066
-18.647858
33.03936823723518
26.610748
5.977066
-17.949417
32.65024989734956
26.610748
5.977066
-19.346298
33.4385477347533
24.459183
5.977066
-17.949417
30.921813810576143
25.176376
5.977066
-18.647858
31.895420848356117
25.176376
6.68956
-18.647858
32.03658301640778
24.459183
6.68956
-19.346298
31.894844848810404
26.610748
5.264557
-18.647858
32.91792958086254
23.742004
6.68956
-18.647858
30.922088175111572
25.893555
8.114563
-18.647858
32.925141478910156
23.742004
8.827057
-17.949417
31.044827444119516
25.176376
9.539566
-16.552551
31.604432425306758
24.459183
8.827057
-17.949417
31.596679551677678
25.176376
9.539566
-17.949417
32.357916960754174
24.459183
8.827057
-17.250977
31.20520422153671
24.459183
9.539566
-18.647858
32.20244646907669
25.176376
10.964554
-17.949417
32.806294055981084
23.742004
10.25206
-17.250977
31.086713046369887
23.02481
10.964554
-18.647858
31.592814958962585
23.742004
10.964554
-18.647858
32.1192598075662
23.02481
9.539566
-17.250977
30.31074717064838
23.742004
10.25206
-17.250977
31.086713046369887
23.02481
10.964554
-16.552551
30.403129456714137
24.459183
10.964554
-18.647858
32.65295849141678
23.742004
13.102066
-17.250977
32.139432403736926
23.742004
12.389557
-18.647858
32.6332118197378
23.742004
13.102066
-17.250977
32.139432403736926
23.02481
10.964554
-18.647858
31.592814958962585
23.02481
12.389557
-20.044739
32.94593404826307
22.307617
11.677063
-19.346298
31.753154447752312
21.590439
10.964554
-17.949417
30.142164983014762
23.02481
10.964554
-18.647858
31.592814958962585
23.02481
10.964554
-18.647858
31.592814958962585
23.02481
11.677063
-18.647858
31.84710789459539
23.742004
10.25206
-18.647858
31.88306998027617
24.459183
9.539566
-19.346298
32.61187175995116
23.02481
10.964554
-19.346298
32.01003870858328
23.742004
10.964554
-19.346298
32.52973211816672
21.590439
10.964554
-19.346298
30.994319272222086
21.590439
11.677063
-20.044739
31.690573037318114
22.307617
11.677063
-20.044739
32.183460759905465
23.742004
11.677063
-20.743164
33.620164034214646
24.459183
10.964554
-20.743164
33.89324347307292
23.02481
10.964554
-20.743164
32.87312294130362
22.307617
13.81456
-20.044739
33.01913729542877
23.02481
11.677063
-21.441605
33.559471974089334
22.307617
11.677063
-21.441605
33.07152781696723
22.307617
12.389557
-20.743164
32.88479572749483
23.02481
13.102066
-19.346298
32.80373952994441
22.307617
10.964554
-22.140045
33.28712719526968
23.02481
11.677063
-20.044739
32.684665418443934
22.307617
11.677063
-21.441605
33.07152781696723
23.02481
10.964554
-21.441605
33.31824894694535
24.459183
9.539566
-19.346298
32.61187175995116
20.873245
11.677063
-20.044739
31.206372867084877
23.742004
13.102066
-22.140045
35.00755010641454
23.02481
9.539566
-21.441605
32.876854673800345
22.307617
11.677063
-21.441605
33.07152781696723
23.02481
10.25206
-21.441605
33.090618212295084
23.02481
10.25206
-22.140045
33.54740262160768
22.307617
9.539566
-23.536926
33.802662544793534
21.590439
10.25206
-22.838486
33.058255649709686
23.02481
11.677063
-21.441605
33.559471974089334
23.02481
10.25206
-22.140045
33.54740262160768
23.02481
10.964554
-21.441605
33.31824894694535
22.307617
11.677063
-21.441605
33.07152781696723
22.307617
10.25206
-21.441605
32.59565812667291
22.307617
10.964554
-22.140045
33.28712719526968
22.307617
12.389557
-22.140045
33.783316888665624
23.02481
11.677063
-22.140045
34.009959837730804
23.742004
11.677063
-20.743164
33.620164034214646
22.307617
11.677063
-22.838486
33.99382411740403
22.307617
12.389557
-22.140045
33.783316888665624
21.590439
11.677063
-22.838486
33.5275601563708
21.590439
13.102066
-22.838486
34.05007657618041
23.02481
13.81456
-20.743164
33.93026583233802
22.307617
14.527054
-22.140045
34.6243654048345
21.590439
14.527054
-22.140045
34.166709143139244
21.590439
13.102066
-20.044739
32.24287182003373
21.590439
13.81456
-21.441605
33.41753383155035
21.590439
13.102066
-20.743164
32.68164757001435
22.307617
12.389557
-22.140045
33.783316888665624
21.590439
15.952057
-23.536926
35.701569304181156
21.590439
13.102066
-22.838486
34.05007657618041
21.590439
14.527054
-24.235352
35.560296230047776
18.72168
13.81456
-22.140045
32.117363285519914
20.873245
13.81456
-22.140045
33.41730187272942
22.307617
13.102066
-23.536926
34.975430829637396
21.590439
12.389557
-22.838486
33.782312367661426
21.590439
13.102066
-23.536926
34.522428878963964
21.590439
13.102066
-22.838486
34.05007657618041
21.590439
14.527054
-23.536926
35.08802059753621
20.156067
13.81456
-23.536926
33.92780492848933
19.438873
13.102066
-23.536926
33.21928283321488
22.307617
14.527054
-24.933792
36.47408848565478
22.307617
13.102066
-22.838486
34.50927963402562
22.307617
10.964554
-22.838486
33.75570698276441
21.590439
13.81456
-23.536926
34.79908151401054
21.590439
13.81456
-22.838486
34.330534095598665
21.590439
13.102066
-22.838486
34.05007657618041
22.307617
13.102066
-25.632233
36.41847467771766
20.873245
12.389557
-24.235352
34.30081305694061
21.590439
11.677063
-24.235352
34.494248062743196
22.307617
13.102066
-25.632233
36.41847467771766
22.307617
12.389557
-24.235352
35.19208937100602
21.590439
13.81456
-24.235352
35.27522403421504
23.742004
10.964554
-24.235352
35.654685411553906
22.307617
14.527054
-25.632233
36.95506073154088
23.02481
12.389557
-24.933792
36.12944663377091
21.590439
12.389557
-24.235352
34.7419125593461
22.307617
12.389557
-24.235352
35.19208937100602
22.307617
12.389557
-25.632233
36.168250358351244
22.307617
13.81456
-24.235352
35.71868164910346
20.156067
13.102066
-23.536926
33.64398859751917
21.590439
14.527054
-25.632233
36.526616673132175
22.307617
13.81456
-23.536926
35.24852819954863
24.459183
11.677063
-23.536926
35.8969676317687
21.590439
12.389557
-23.536926
34.25835678729535
20.873245
11.677063
-24.933792
34.55054431271218
23.02481
11.677063
-24.235352
35.40971649788992
20.156067
13.102066
-24.235352
34.13624828925442
22.307617
11.677063
-23.536926
34.466947340667915
20.873245
12.389557
-23.536926
33.810951183335185
22.307617
11.677063
-24.933792
35.435539931463936
22.307617
11.677063
-24.933792
35.435539931463936
20.873245
14.527054
-24.933792
35.61490742455152
21.590439
13.102066
-26.330673
36.48445697260598
23.02481
13.102066
-23.536926
35.43716931062638
21.590439
13.81456
-25.632233
36.24914465585705
22.307617
13.102066
-25.632233
36.41847467771766
22.307617
12.389557
-24.235352
35.19208937100602
21.590439
11.677063
-24.933792
34.98849559810696
20.873245
14.527054
-25.632233
36.10732631574754
20.156067
14.527054
-23.536926
34.22410239247061
21.590439
15.239563
-23.536926
35.388955534574976
22.307617
15.952057
-24.933792
37.0646984355355
21.590439
13.102066
-24.235352
35.00233669655142
22.307617
15.239563
-22.140045
34.929295212793804
22.307617
15.239563
-24.235352
36.293612638581116
21.590439
13.81456
-24.235352
35.27522403421504
22.307617
14.527054
-24.235352
36.00024074897799
22.307617
13.102066
-24.235352
35.44920648243589
22.307617
15.952057
-24.933792
37.0646984355355
21.590439
15.239563
-24.933792
36.33297850642633
20.873245
15.239563
-23.536926
34.95602357225969
22.307617
14.527054
-23.536926
35.533814564989534
20.156067
13.102066
-24.235352
34.13624828925442
21.590439
13.81456
-24.235352
35.27522403421504
22.307617
11.677063
-24.235352
34.94761705037985
22.307617
13.81456
-24.933792
36.19621211514231
22.307617
12.389557
-24.235352
35.19208937100602
22.307617
13.81456
-24.235352
35.71868164910346
22.307617
13.102066
-24.235352
35.44920648243589
21.590439
13.102066
-23.536926
34.522428878963964
20.873245
13.81456
-24.933792
35.330275877138114
21.590439
12.389557
-23.536926
34.25835678729535
22.307617
14.527054
-24.235352
36.00024074897799
23.02481
13.81456
-24.933792
36.64257057734385
23.02481
13.102066
-23.536926
35.43716931062638
22.307617
12.389557
-23.536926
34.71480660829846
23.742004
12.389557
-22.838486
35.196310508880046
22.307617
12.389557
-22.838486
34.24510614557757
23.02481
10.964554
-24.933792
35.66591332136154
22.307617
13.102066
-24.235352
35.44920648243589
21.590439
13.81456
-23.536926
34.79908151401054
20.156067
13.81456
-22.140045
32.97409242851689
23.742004
9.539566
-22.838486
34.29697465816956
22.307617
11.677063
-24.235352
34.94761705037985
22.307617
13.102066
-22.140045
34.051073198028575
23.742004
12.389557
-23.536926
35.65348196694381
23.02481
11.677063
-22.140045
34.009959837730804
23.02481
11.677063
-24.933792
35.89135964637764
21.590439
11.677063
-22.140045
33.05574829159352
22.307617
13.102066
-24.235352
35.44920648243589
25.176376
13.102066
-22.838486
36.429527496699876
24.459183
12.389557
-22.140045
35.241088606509805
23.02481
12.389557
-22.140045
34.261123521579634
24.459183
11.677063
-22.838486
35.44293870853368
23.02481
11.677063
-20.743164
33.117588351254156
23.742004
10.25206
-21.441605
33.593599200242934
23.742004
12.389557
-20.743164
33.87421982208133
22.307617
14.527054
-22.140045
34.6243654048345
23.02481
10.964554
-20.743164
32.87312294130362
24.459183
8.827057
-21.441605
33.70327893161417
21.590439
10.25206
-22.140045
32.579648120869685
21.590439
10.964554
-21.441605
32.34363866224798
22.307617
10.25206
-22.140045
33.05928217150688
23.742004
13.102066
-22.838486
35.45339700755063
25.176376
10.964554
-21.441605
34.839829515988235
26.610748
10.25206
-21.441605
35.67883131362699
22.307617
9.539566
-19.346298
31.03082908198917
23.02481
8.114563
-20.743164
32.03539988361508
23.02481
9.539566
-20.743164
32.42566995862422
23.02481
13.102066
-20.743164
33.64647025970926
24.459183
11.677063
-19.346298
33.29992140568803
23.02481
10.964554
-20.044739
32.436937389750014
22.307617
13.102066
-20.044739
32.72744183737479
23.742004
10.964554
-21.441605
33.81784449732585
23.02481
10.25206
-20.044739
32.20307761701997
22.307617
10.25206
-20.743164
32.140526251671346
23.02481
10.964554
-20.044739
32.436937389750014
24.459183
13.81456
-18.647858
33.71700318401589
24.459183
11.677063
-20.044739
33.71048757666151
23.742004
11.677063
-19.346298
32.77675880816695
25.176376
13.102066
-19.346298
34.34811981697015
23.02481
13.102066
-17.949417
31.99980640352815
22.307617
11.677063
-19.346298
31.753154447752312
23.742004
13.102066
-18.647858
32.91032478628952
25.176376
12.389557
-17.949417
33.30964714273385
23.02481
12.389557
-19.346298
32.5257166133344
23.02481
10.964554
-20.044739
32.436937389750014
25.176376
12.389557
-18.647858
33.69115058779809
24.459183
12.389557
-19.346298
33.55640002178236
25.176376
13.102066
-19.346298
34.34811981697015
25.893555
10.964554
-19.346298
34.13175835949472
25.176376
10.25206
-17.250977
32.19550871239652
23.742004
10.964554
-18.647858
32.1192598075662
26.610748
10.964554
-19.346298
34.678993185491635
23.742004
10.25206
-17.949417
31.479661945626695
23.742004
10.964554
-18.647858
32.1192598075662
23.742004
11.677063
-17.250977
31.58532590460323
24.459183
9.539566
-18.647858
32.20244646907669
23.742004
11.677063
-17.949417
31.97214726419847
23.742004
12.389557
-19.346298
33.037299144536995
23.02481
11.677063
-17.250977
31.04982961217843
24.459183
13.81456
-17.250977
32.96498053095512
24.459183
13.102066
-19.346298
33.825952586133845
24.459183
12.389557
-16.552551
32.02717199650556
25.176376
12.389557
-17.949417
33.30964714273385
25.893555
12.389557
-17.949417
33.854969141130155
23.742004
11.677063
-17.949417
31.97214726419847
23.742004
13.102066
-18.647858
32.91032478628952
23.742004
12.389557
-17.250977
31.855613168357493
25.176376
12.389557
-17.250977
32.938537697126144
24.459183
13.102066
-17.949417
33.04689716311314
25.176376
13.81456
-17.949417
33.86552133300549
25.176376
13.102066
-16.552551
32.85576017325577
25.176376
11.677063
-17.949417
33.05125192645885
25.176376
11.677063
-17.250977
32.67720806246783
25.176376
12.389557
-15.15567
31.891148444687495
26.610748
11.677063
-17.250977
33.79470238335718
25.176376
13.81456
-17.250977
33.50057026391958
25.893555
12.389557
-17.949417
33.854969141130155
25.176376
14.527054
-17.250977
33.8006130907784
23.742004
16.664566
-18.647858
34.48381038561338
24.459183
13.81456
-17.949417
33.33579743496471
23.742004
13.81456
-19.346298
33.59768145599857
24.459183
13.81456
-18.647858
33.71700318401589
25.176376
15.239563
-17.949417
34.471375905756034
23.742004
15.239563
-17.250977
33.068462216428735
23.742004
15.952057
-16.552551
33.04751033668232
23.02481
13.81456
-17.949417
32.29807312122118
21.590439
14.527054
-17.250977
31.221443984113307
23.742004
15.239563
-18.647858
33.818185606776346
23.742004
15.952057
-18.647858
34.145183477139206
24.459183
13.81456
-17.949417
33.33579743496471
22.307617
15.239563
-17.949417
32.43540756738691
21.590439
15.952057
-17.250977
31.90942438757073
24.459183
17.37706
-19.346298
35.70004431457334
23.02481
16.664566
-17.250977
33.24824507821804
23.02481
15.952057
-17.250977
32.89690409184617
23.02481
18.089554
-15.854111
33.297547726076054
23.02481
15.952057
-18.647858
33.65044815649284
24.459183
16.664566
-18.647858
34.98145260516189
23.02481
19.514557
-17.949417
35.11611250440281
23.742004
17.37706
-16.552551
33.758435360777796
21.590439
16.664566
-17.250977
32.27152072345968
21.590439
17.37706
-15.854111
31.929016539316848
22.307617
17.37706
-16.552551
32.765515095786114
23.742004
15.239563
-15.854111
32.361704331301254
22.307617
17.37706
-15.854111
32.41827916806736
24.459183
16.664566
-16.552551
33.91085798181019
24.459183
15.239563
-16.552551
33.233761601062405
24.459183
16.664566
-17.949417
34.61417327065515
24.459183
16.664566
-17.250977
34.25719871884594
23.742004
15.952057
-18.647858
34.145183477139206
25.893555
14.527054
-16.552551
33.99262292153898
24.459183
15.952057
-18.647858
34.64768971149086
24.459183
15.239563
-17.250977
33.58708146022254
25.176376
14.527054
-16.552551
33.44954514358155
26.610748
15.239563
-15.854111
34.521428184625414
25.893555
13.81456
-17.250977
34.04283226629267
25.893555
13.81456
-17.250977
34.04283226629267
25.893555
15.239563
-17.250977
34.64558630461642
27.327942
13.81456
-17.250977
35.14618953274842
26.610748
13.81456
-17.250977
34.591475690257674
25.893555
14.527054
-17.949417
34.69428072801589
23.742004
13.81456
-16.552551
32.07042002874787
26.610748
13.102066
-15.854111
33.63255571185362
25.893555
13.81456
-15.854111
33.35672376759763
25.893555
13.81456
-15.854111
33.35672376759763
25.893555
12.389557
-15.854111
32.79222587939099
24.459183
13.81456
-16.552551
32.604918163929845
28.04512
13.102066
-17.949417
35.78232121758942
28.04512
10.964554
-16.552551
34.361854730891274
25.893555
11.677063
-16.552551
32.875779755486406
25.893555
11.677063
-16.552551
32.875779755486406
25.893555
12.389557
-17.949417
33.854969141130155
26.610748
10.964554
-17.250977
33.555170434534006
27.327942
12.389557
-17.949417
34.9642535089411
27.327942
10.964554
-17.949417
34.48506172854958
26.610748
10.964554
-19.346298
34.678993185491635
26.610748
9.539566
-17.949417
33.486068333874876
27.327942
9.539566
-20.044739
35.20811452101631
25.893555
10.964554
-19.346298
34.13175835949472
26.610748
10.964554
-18.647858
34.2942553099732
28.04512
10.964554
-17.949417
35.05612304142191
26.610748
10.964554
-20.743164
35.47720679744162
27.327942
10.964554
-18.647858
34.853699882620965
25.893555
12.389557
-20.044739
35.010981117759684
25.176376
10.25206
-20.044739
33.77493472710662
25.176376
11.677063
-17.949417
33.05125192645885
26.610748
12.389557
-17.949417
34.40660656320691
27.327942
12.389557
-20.044739
36.08474928358759
28.762314
10.964554
-18.647858
35.98936983625773
25.176376
13.102066
-19.346298
34.34811981697015
26.610748
12.389557
-19.346298
35.155543395676766
24.459183
9.539566
-20.044739
33.030993154748806
25.893555
10.964554
-19.346298
34.13175835949472
25.893555
13.102066
-19.346298
34.87720682141938
25.176376
11.677063
-20.743164
34.64798213483182
25.176376
13.102066
-20.044739
34.74630432236643
26.610748
11.677063
-19.346298
34.91081515302153
25.176376
13.81456
-20.044739
35.02118848037749
25.893555
13.102066
-19.346298
34.87720682141938
26.610748
13.102066
-20.044739
35.79926879818043
26.610748
12.389557
-20.044739
35.54468399841072
26.610748
12.389557
-18.647858
34.77607813356133
27.327942
13.102066
-19.346298
35.95496858050358
26.610748
11.677063
-19.346298
34.91081515302153
25.176376
13.81456
-17.949417
33.86552133300549
27.327942
13.102066
-21.441605
37.12442457992615
26.610748
11.677063
-18.647858
34.52865869802033
27.327942
10.964554
-20.044739
35.62063089984686
28.04512
10.964554
-19.346298
35.79147131573823
26.610748
12.389557
-19.346298
35.155543395676766
27.327942
10.964554
-20.044739
35.62063089984686
27.327942
10.964554
-20.044739
35.62063089984686
28.04512
11.677063
-20.743164
36.78534187625725
28.762314
9.539566
-20.044739
36.33270636434633
28.04512
10.25206
-17.949417
34.83984878664892
29.479492
9.539566
-18.647858
36.163329174083586
27.327942
9.539566
-17.949417
34.05879065238701
29.479492
9.539566
-18.647858
36.163329174083586
28.04512
8.114563
-18.647858
34.642711089645175
28.762314
8.827057
-17.949417
35.033828517948194
28.762314
10.964554
-20.044739
36.73259712307653
28.762314
8.827057
-17.949417
35.033828517948194
27.327942
10.964554
-19.346298
35.23233087196865
28.04512
9.539566
-17.949417
34.63688240946166
28.04512
10.964554
-20.044739
36.17377154855262
28.04512
12.389557
-19.346298
36.25340097192607
26.610748
10.964554
-17.949417
33.91953584749318
28.762314
11.677063
-20.044739
36.951536038776524
28.04512
11.677063
-20.743164
36.78534187625725
28.04512
12.389557
-18.647858
35.88554668578284
28.04512
12.389557
-20.743164
37.01768112429941
27.327942
10.964554
-20.044739
35.62063089984686
28.762314
10.964554
-20.044739
36.73259712307653
27.327942
10.964554
-20.743164
36.018282168790684
27.327942
10.25206
-20.743164
35.80781969307647
28.762314
8.827057
-19.346298
35.769636829933184
28.762314
11.677063
-20.743164
37.3350146687061
26.610748
10.964554
-18.647858
34.2942553099732
27.327942
10.25206
-21.441605
36.21689625325105
28.04512
10.25206
-22.140045
37.172773147514334
26.610748
9.539566
-20.743164
35.0630013333143
27.327942
10.25206
-22.838486
37.060998072434586
25.893555
10.25206
-20.044739
34.31286287376427
25.893555
9.539566
-22.140045
35.37882322537735
27.327942
9.539566
-22.140045
36.44175274013912
24.459183
10.964554
-23.536926
35.671556749565895
26.610748
11.677063
-22.838486
36.960548606863405
26.610748
10.964554
-20.044739
35.073421524866056
25.176376
10.25206
-22.838486
35.50423954108333
27.327942
12.389557
-21.441605
36.87899044881025
27.327942
10.964554
-20.743164
36.018282168790684
26.610748
10.25206
-21.441605
35.67883131362699
27.327942
10.25206
-21.441605
36.21689625325105
25.893555
11.677063
-21.441605
35.588936310253956
25.893555
11.677063
-22.140045
36.01404721327065
26.610748
11.677063
-22.140045
36.53309949071441
26.610748
12.389557
-22.140045
36.76703109030307
27.327942
12.389557
-21.441605
36.87899044881025
28.04512
13.102066
-20.743164
37.262201755767194
28.762314
12.389557
-20.743164
37.563954253774824
27.327942
10.25206
-22.838486
37.060998072434586
26.610748
13.102066
-21.441605
36.59970562925933
26.610748
13.102066
-20.044739
35.79926879818043
27.327942
12.389557
-20.044739
36.08474928358759
25.893555
10.964554
-21.441605
35.36156194905087
27.327942
13.81456
-20.743164
36.98563580444947
26.610748
12.389557
-19.346298
35.155543395676766
25.893555
10.964554
-19.346298
34.13175835949472
25.893555
11.677063
-18.647858
33.979002808145175
25.893555
12.389557
-22.140045
36.25133012107108
27.327942
11.677063
-20.743164
36.24153827695076
28.04512
10.25206
-20.743164
36.358112623122025
28.04512
10.964554
-19.346298
35.79147131573823
27.327942
9.539566
-20.044739
35.20811452101631
26.610748
10.25206
-20.044739
34.85725459989911
29.479492
10.964554
-21.441605
38.06578874082261
30.196686
10.25206
-20.743164
38.04238936596747
28.04512
8.827057
-18.647858
34.81649368362465
29.479492
9.539566
-20.743164
37.28703034348455
28.762314
8.114563
-18.647858
35.22583391489831
28.762314
9.539566
-20.044739
36.33270636434633
27.327942
9.539566
-20.743164
35.61037254526411
27.327942
8.827057
-20.044739
35.02177754403323
26.610748
9.539566
-18.647858
33.86558441275135
28.762314
9.539566
-20.044739
36.33270636434633
27.327942
9.539566
-19.346298
34.815212178348666
29.479492
7.402054
-20.743164
36.798230136936446
28.762314
8.827057
-20.044739
36.15216795777087
28.762314
6.68956
-18.647858
34.92511170682744
28.762314
8.114563
-18.647858
35.22583391489831
29.479492
6.68956
-19.346298
35.88969136519653
28.04512
5.977066
-19.346298
34.59094282027179
28.762314
8.114563
-20.743164
36.37850673066619
29.479492
7.402054
-19.346298
36.02929512801874
28.04512
5.264557
-18.647858
34.087929512901816
28.762314
6.68956
-20.044739
35.69050994312074
28.762314
5.264557
-20.044739
35.45106249509667
31.631058
5.977066
-19.346298
37.557002574524134
28.04512
5.977066
-20.743164
35.39114238032413
29.479492
8.114563
-20.044739
36.56061026099332
28.04512
7.402054
-20.044739
35.25777528111264
30.196686
5.977066
-20.743164
37.119321035555394
28.762314
7.402054
-18.647858
35.06855729763487
28.04512
5.264557
-19.346298
34.47497004451654
28.04512
6.68956
-19.346298
34.72114957110525
29.479492
7.402054
-20.044739
36.409098265728
28.762314
6.68956
-20.743164
36.08739121476503
28.762314
5.977066
-19.346298
35.17492385997001
28.762314
5.977066
-21.441605
36.36947075942008
28.04512
8.114563
-20.743164
35.81415653891279
28.762314
7.402054
-20.743164
36.226233116628514
30.91388
8.114563
-20.044739
37.726723473719524
28.762314
7.402054
-20.743164
36.226233116628514
30.91388
7.402054
-20.044739
37.579914848227105
28.04512
7.402054
-21.441605
36.07023043227614
27.327942
6.68956
-20.743164
34.954906078895064
26.610748
7.402054
-20.743164
34.542744127747
25.176376
5.977066
-19.346298
32.30873708747372
28.04512
8.114563
-20.743164
35.81415653891279
29.479492
8.827057
-20.044739
36.72531856141618
28.04512
10.964554
-19.346298
35.79147131573823
28.04512
10.25206
-19.346298
35.57966722338143
27.327942
10.964554
-20.743164
36.018282168790684
28.04512
8.827057
-19.346298
35.19552493692824
28.762314
10.25206
-20.044739
36.52625072721672
26.610748
9.539566
-19.346298
34.255137260138625
28.04512
9.539566
-20.044739
35.767633530867506
26.610748
9.539566
-20.044739
34.65439016650704
28.762314
7.402054
-18.647858
35.06855729763487
29.479492
10.25206
-19.346298
36.72089920571884
27.327942
7.402054
-17.949417
33.522952287621166
28.04512
9.539566
-18.647858
35.003923468707406
28.762314
8.827057
-17.949417
35.033828517948194
28.762314
10.964554
-17.949417
35.632481053873974
28.762314
9.539566
-18.647858
35.58112704176893
26.610748
8.827057
-18.647858
33.671818807957756
29.479492
10.25206
-19.346298
36.72089920571884
29.479492
8.827057
-19.346298
36.34881971035563
30.91388
8.114563
-19.346298
37.36031765069641
29.479492
6.68956
-16.552551
34.464149313317236
30.196686
7.402054
-17.250977
35.5559620939961
30.91388
9.539566
-17.949417
36.99801053033967
30.91388
7.402054
-17.250977
36.16703700097214
30.196686
8.827057
-17.250977
35.87970216353182
30.91388
8.114563
-17.250977
36.3195588018701
29.479492
7.402054
-17.250977
34.94891989680261
31.631058
5.264557
-15.854111
35.7713874917641
30.196686
5.977066
-18.647858
35.99038398319491
30.196686
5.977066
-17.250977
35.2868442475822
30.91388
5.264557
-19.346298
36.84647665377078
30.196686
5.977066
-18.647858
35.99038398319491
30.91388
5.977066
-16.552551
35.572183641483655
30.91388
4.552063
-18.647858
36.38862234184609
28.762314
5.264557
-17.949417
34.309879724063265
30.91388
5.977066
-17.949417
36.243274564695106
30.91388
5.977066
-16.552551
35.572183641483655
30.91388
3.8395538
-17.250977
35.6090767593917
30.196686
5.264557
-15.854111
34.50953785730837
31.631058
5.264557
-17.250977
36.4120250918438
30.91388
6.68956
-16.552551
35.69881162401891
30.91388
6.68956
-16.552551
35.69881162401891
31.631058
6.68956
-18.647858
37.32313761679878
33.06543
5.977066
-17.949417
38.09500613187377
33.06543
5.264557
-16.552551
37.350035428154214
30.91388
5.264557
-15.15567
34.82926759005097
31.631058
5.977066
-15.854111
35.883170549868325
31.631058
5.264557
-17.250977
36.4120250918438
30.91388
5.977066
-17.949417
36.243274564695106
31.631058
5.264557
-15.854111
35.7713874917641
30.91388
4.552063
-18.647858
36.38862234184609
31.631058
2.414566
-16.552551
35.78185043164341
31.631058
2.414566
-17.250977
36.11025055732098
31.631058
1.7020569
-17.250977
36.06961280320926
31.631058
0.989563
-17.250977
36.04301934028367
32.34825
3.12706
-17.250977
36.79380626800522
33.06543
3.8395538
-18.647858
38.15504387426222
31.631058
3.8395538
-15.854111
35.58958800568029
30.91388
3.12706
-16.552551
35.20558690903157
32.34825
2.414566
-18.647858
37.41633407569564
30.91388
2.414566
-17.949417
35.82847593046626
31.631058
3.8395538
-17.949417
36.571129457067975
