27.327942
8.827057
-24.235352
37.57772868813887
27.327942
10.964554
-22.140045
36.840459856275885
26.610748
10.964554
-22.838486
36.74166173475623
28.762314
11.677063
-22.140045
38.12881000429662
27.327942
10.964554
-22.838486
37.26438349609114
28.04512
10.964554
-22.140045
37.375550333009315
26.610748
10.25206
-22.140045
36.102883719872366
28.04512
10.964554
-23.536926
38.21959001018816
28.762314
11.677063
-22.838486
38.538564416252264
28.04512
10.25206
-24.235352
38.45758494554423
27.327942
12.389557
-22.140045
37.28939722639416
28.04512
12.389557
-23.536926
38.6525125138433
28.762314
11.677063
-22.838486
38.538564416252264
25.893555
12.389557
-21.441605
35.8290346864453
26.610748
12.389557
-22.140045
36.76703109030307
26.610748
12.389557
-23.536926
37.624724225525895
27.327942
13.81456
-22.140045
37.786771334563966
28.04512
12.389557
-22.838486
38.23122049716861
28.762314
13.81456
-22.140045
38.83676651825883
28.04512
13.102066
-22.140045
38.057515837463036
27.327942
13.102066
-21.441605
37.12442457992615
25.893555
13.102066
-22.140045
36.50098491019198
26.610748
13.81456
-20.743164
36.458921126214086
27.327942
13.81456
-22.140045
37.786771334563966
27.327942
13.102066
-22.140045
37.532147678690066
25.176376
13.102066
-22.140045
35.99577306727746
28.762314
14.527054
-21.441605
38.70463101379553
26.610748
12.389557
-23.536926
37.624724225525895
27.327942
14.527054
-21.441605
37.650951066486186
28.04512
12.389557
-21.441605
37.41352986283004
27.327942
13.102066
-20.743164
36.7254598257675
27.327942
15.239563
-21.441605
37.93155810912514
25.893555
11.677063
-20.743164
35.172558717254994
26.610748
12.389557
-20.743164
35.94317550292927
26.610748
12.389557
-22.140045
36.76703109030307
27.327942
13.102066
-21.441605
37.12442457992615
28.04512
12.389557
-21.441605
37.41352986283004
26.610748
10.964554
-21.441605
35.89005019674673
28.762314
10.964554
-20.743164
37.11833773344046
28.04512
13.102066
-18.647858
36.13772855070843
28.762314
12.389557
-20.743164
37.563954253774824
26.610748
11.677063
-21.441605
36.11409903921268
27.327942
12.389557
-22.140045
37.28939722639416
25.893555
10.25206
-18.647858
33.51601835433507
25.176376
12.389557
-21.441605
35.31420937510937
27.327942
11.677063
-19.346298
35.46053387768753
27.327942
11.677063
-20.044739
35.846363720636816
25.893555
12.389557
-20.743164
35.41547830420514
27.327942
12.389557
-22.140045
37.28939722639416
25.893555
11.677063
-20.044739
34.76523525062429
26.610748
12.389557
-19.346298
35.155543395676766
26.610748
11.677063
-21.441605
36.11409903921268
25.893555
10.964554
-19.346298
34.13175835949472
26.610748
13.102066
-20.044739
35.79926879818043
25.176376
11.677063
-20.044739
34.23441778865423
25.893555
14.527054
-20.044739
35.82321842765701
25.893555
10.964554
-21.441605
35.36156194905087
25.176376
10.964554
-20.044739
33.99798398492273
28.04512
11.677063
-19.346298
36.01613340205157
25.893555
10.964554
-18.647858
33.74077926703642
26.610748
11.677063
-18.647858
34.52865869802033
27.327942
11.677063
-20.743164
36.24153827695076
28.04512
10.964554
-21.441605
36.966100060879256
25.893555
10.25206
-19.346298
33.90958904929677
26.610748
10.25206
-19.346298
34.46035213314897
26.610748
9.539566
-20.044739
34.65439016650704
26.610748
8.114563
-20.044739
34.289495931698966
28.04512
10.964554
-21.441605
36.966100060879256
25.893555
10.964554
-20.044739
34.53243776237785
27.327942
9.539566
-20.044739
35.20811452101631
25.176376
10.964554
-20.743164
34.41438971893243
25.176376
9.539566
-19.346298
33.153166459466014
25.176376
8.827057
-20.044739
33.37002172024128
27.327942
10.25206
-20.743164
35.80781969307647
25.893555
8.827057
-19.346298
33.5063033365552
25.893555
10.25206
-20.044739
34.31286287376427
25.176376
8.114563
-22.140045
34.4946037163333
26.610748
10.964554
-20.743164
35.47720679744162
25.176376
6.68956
-20.044739
32.869310938358595
27.327942
8.827057
-19.346298
34.62676094066824
26.610748
10.964554
-20.743164
35.47720679744162
25.893555
10.25206
-17.949417
33.13249841427409
24.459183
11.677063
-20.044739
33.71048757666151
25.176376
11.677063
-20.743164
34.64798213483182
25.893555
11.677063
-21.441605
35.588936310253956
24.459183
10.25206
-20.743164
33.669500351300876
25.176376
10.964554
-20.044739
33.99798398492273
25.176376
10.964554
-20.743164
34.41438971893243
25.893555
12.389557
-19.346298
34.6158430750556
26.610748
12.389557
-20.044739
35.54468399841072
26.610748
13.81456
-19.346298
35.68267501040859
25.893555
11.677063
-20.743164
35.172558717254994
26.610748
11.677063
-21.441605
36.11409903921268
27.327942
11.677063
-21.441605
36.64577189330647
26.610748
11.677063
-20.743164
35.70384640956069
27.327942
10.25206
-20.044739
35.40780488090691
27.327942
11.677063
-20.044739
35.846363720636816
26.610748
11.677063
-18.647858
34.52865869802033
25.893555
10.964554
-20.044739
34.53243776237785
25.176376
11.677063
-19.346298
33.830208870572505
25.893555
11.677063
-20.044739
34.76523525062429
26.610748
10.964554
-18.647858
34.2942553099732
27.327942
10.964554
-19.346298
35.23233087196865
28.04512
11.677063
-19.346298
36.01613340205157
28.762314
12.389557
-19.346298
36.811017717398485
28.762314
11.677063
-18.647858
36.212802507258225
28.04512
13.102066
-21.441605
37.65548170896736
28.04512
9.539566
-20.044739
35.767633530867506
29.479492
10.25206
-20.743164
37.475646388896685
28.04512
10.25206
-20.743164
36.358112623122025
26.610748
10.25206
-21.441605
35.67883131362699
27.327942
8.827057
-20.743164
35.42615145667463
26.610748
9.539566
-21.441605
35.48066464254246
28.762314
10.25206
-20.743164
36.91414765201819
28.04512
8.827057
-20.743164
35.98228188115645
28.762314
8.114563
-20.743164
36.37850673066619
28.04512
9.539566
-20.743164
36.16366841300724
28.762314
9.539566
-20.044739
36.33270636434633
28.762314
9.539566
-20.044739
36.33270636434633
28.04512
8.827057
-18.647858
34.81649368362465
28.762314
8.827057
-20.044739
36.15216795777087
29.479492
8.114563
-19.346298
36.182397565041036
30.196686
8.827057
-17.949417
36.22068959161583
28.04512
10.25206
-17.250977
34.48521039993993
30.196686
8.114563
-20.044739
37.141318488477225
28.762314
8.114563
-20.044739
35.9848363517972
27.327942
5.977066
-20.044739
34.41414319655692
29.479492
8.827057
-20.743164
37.11113482669319
28.762314
8.827057
-20.743164
36.544035802499636
28.762314
8.827057
-21.441605
36.94495978764813
30.196686
9.539566
-20.743164
37.856598768411565
28.04512
8.114563
-22.140045
36.64091317850426
26.610748
9.539566
-21.441605
35.48066464254246
28.04512
9.539566
-22.838486
37.40492504963417
26.610748
8.114563
-21.441605
35.12435706150897
28.04512
8.114563
-20.044739
35.41421330350641
27.327942
8.114563
-22.838486
36.52751063517914
28.762314
8.114563
-21.441605
36.78123506531133
28.762314
8.827057
-22.140045
37.35464178245205
28.04512
9.539566
-22.838486
37.40492504963417
28.04512
9.539566
-21.441605
36.56876281831941
26.610748
10.964554
-20.743164
35.47720679744162
26.610748
12.389557
-21.441605
36.35072717582053
27.327942
10.25206
-20.743164
35.80781969307647
27.327942
11.677063
-20.743164
36.24153827695076
25.893555
12.389557
-21.441605
35.8290346864453
27.327942
11.677063
-20.743164
36.24153827695076
28.04512
10.964554
-21.441605
36.966100060879256
26.610748
10.964554
-20.044739
35.073421524866056
28.04512
12.389557
-22.838486
38.23122049716861
28.762314
12.389557
-21.441605
37.95410597229567
28.04512
10.964554
-21.441605
36.966100060879256
26.610748
10.964554
-22.140045
36.311636042863384
28.762314
10.964554
-20.743164
37.11833773344046
28.762314
12.389557
-21.441605
37.95410597229567
27.327942
10.964554
-22.140045
36.840459856275885
28.762314
12.389557
-21.441605
37.95410597229567
27.327942
12.389557
-21.441605
36.87899044881025
28.762314
12.389557
-22.140045
38.353009909792284
28.762314
10.25206
-20.044739
36.52625072721672
28.762314
13.102066
-20.044739
37.42627844655911
30.196686
10.25206
-22.140045
38.82172356687844
28.762314
10.964554
-21.441605
37.51312433096332
30.196686
10.964554
-22.140045
39.01593161673671
30.196686
11.677063
-22.140045
39.222126971145066
30.196686
8.114563
-22.140045
38.31275967234594
31.631058
8.827057
-21.441605
39.219677528872545
30.91388
9.539566
-22.140045
39.20271553442998
29.479492
8.827057
-22.838486
38.321714901708305
30.196686
10.964554
-22.838486
39.41646502216745
29.479492
9.539566
-22.140045
38.08182429712205
30.196686
9.539566
-20.743164
37.856598768411565
30.91388
8.827057
-21.441605
38.64359445727228
31.631058
10.25206
-22.140045
39.94759292703457
31.631058
9.539566
-21.441605
39.38615913300001
30.196686
8.827057
-20.743164
37.68336031368819
32.34825
7.402054
-20.044739
38.76843374548584
31.631058
8.114563
-20.743164
38.68654393507677
30.91388
8.827057
-21.441605
38.64359445727228
33.06543
6.68956
-21.441605
39.97268201681228
33.06543
7.402054
-22.140045
40.475853020466104
31.631058
6.68956
-22.838486
39.58371487617651
30.91388
5.977066
-22.140045
38.49123213371943
30.91388
7.402054
-22.140045
38.73809513448535
31.631058
7.402054
-23.536926
40.116094343674895
30.91388
7.402054
-24.235352
39.972623993744925
30.91388
10.25206
-24.235352
40.597105808173076
30.91388
8.827057
-23.536926
39.84434435831201
31.631058
8.114563
-22.838486
39.84929495729818
30.91388
8.827057
-24.235352
40.260865065959216
30.91388
8.827057
-23.536926
39.84434435831201
30.91388
9.539566
-23.536926
40.00822669308151
31.631058
10.25206
-24.933792
41.56106964174076
30.91388
8.827057
-24.235352
40.260865065959216
31.631058
8.114563
-23.536926
40.25365436147537
32.34825
10.964554
-22.140045
40.70396172364553
32.34825
8.827057
-22.140045
40.18094146035686
31.631058
10.25206
-22.838486
40.338876726874005
29.479492
10.25206
-23.536926
39.09132998604838
31.631058
10.25206
-22.140045
39.94759292703457
31.631058
12.389557
-22.838486
40.934354006025615
30.91388
11.677063
-22.838486
40.169866368491945
31.631058
11.677063
-23.536926
41.12012283484967
31.631058
12.389557
-24.235352
41.72981185274653
31.631058
14.527054
-24.933792
42.81650443179373
32.34825
12.389557
-22.140045
41.11073051024437
30.196686
13.81456
-22.838486
40.30233641257663
30.91388
14.527054
-24.235352
41.88144627388347
32.34825
12.389557
-23.536926
41.87955898690315
33.782623
15.239563
-22.838486
43.53281892138605
32.34825
13.81456
-24.235352
42.7153808336719
33.06543
13.81456
-22.838486
42.49424794485058
33.06543
14.527054
-24.235352
43.493795018118675
33.782623
13.81456
-23.536926
43.42918929040554
35.216995
13.102066
-22.838486
43.97155119452946
34.499817
13.102066
-23.536926
43.77086277119032
33.06543
13.81456
-23.536926
42.87367037388011
35.216995
13.102066
-22.838486
43.97155119452946
33.782623
13.102066
-23.536926
43.20783202206372
34.499817
13.81456
-22.838486
43.61967335182959
35.93419
11.677063
-22.140045
43.79270794928363
35.216995
11.677063
-22.838486
43.568186669270936
35.93419
10.964554
-22.140045
43.60812934892415
35.93419
12.389557
-22.838486
44.343696319999225
36.651367
13.102066
-23.536926
45.48597450811761
35.93419
12.389557
-23.536926
44.70742562762924
35.216995
13.102066
-23.536926
44.338332121455586
35.216995
13.81456
-22.838486
44.18908429576741
35.93419
12.389557
-23.536926
44.70742562762924
35.216995
12.389557
-22.838486
43.76453162682796
36.651367
11.677063
-23.536926
45.09615648897503
36.651367
12.389557
-21.441605
44.233090375641716
38.085754
9.539566
-22.140045
45.074489400619534
37.36856
10.964554
-20.743164
44.123799337418234
38.085754
10.25206
-20.743164
44.56352996705939
37.36856
8.827057
-20.743164
43.64178021653963
38.085754
10.25206
-20.044739
44.242749670850024
35.93419
8.114563
-22.140045
42.98015473648129
36.651367
10.25206
-22.140045
44.02963923153783
35.216995
9.539566
-22.838486
43.04458648635447
35.216995
8.827057
-22.140045
42.52452474840989
35.93419
10.964554
-23.536926
44.33366803112224
35.93419
8.827057
-22.140045
43.12034904720885
35.93419
8.827057
-23.536926
43.85395851840943
35.216995
8.827057
-23.536926
43.2682375520355
35.93419
10.964554
-22.838486
43.96684819536619
35.93419
10.25206
-22.838486
43.794600592032175
35.216995
10.964554
-22.838486
43.38265281687702
32.34825
10.964554
-22.140045
40.70396172364553
32.34825
11.677063
-19.346298
39.45937759859816
34.499817
11.677063
-21.441605
42.265040141517225
35.93419
10.25206
-20.044739
42.40474159071129
35.216995
11.677063
-22.140045
43.206158064870365
34.499817
10.964554
-22.838486
42.80251508791934
33.06543
10.964554
-22.140045
41.27621237477844
32.34825
10.964554
-22.140045
40.70396172364553
31.631058
13.102066
-22.838486
41.155612300488556
32.34825
12.389557
-21.441605
40.738838399021176
31.631058
12.389557
-22.838486
40.934354006025615
32.34825
13.81456
-22.838486
41.938620630519374
31.631058
13.102066
-22.140045
40.77216733148055
30.91388
15.952057
-23.536926
42.001464818206045
31.631058
13.81456
-23.536926
41.77741953739035
32.34825
14.527054
-23.536926
42.560916820775844
30.91388
14.527054
-21.441605
40.32921619261819
30.196686
13.102066
-22.838486
40.06370506914191
28.04512
13.102066
-22.838486
38.46802966933223
30.91388
12.389557
-23.536926
40.78180974232721
30.196686
13.81456
-22.838486
40.30233641257663
28.762314
13.102066
-23.536926
39.40712665063738
30.196686
12.389557
-22.838486
39.83638259091414
27.327942
13.102066
-24.235352
38.80506105744295
28.762314
13.81456
-23.536926
39.64971134037422
29.479492
14.527054
-24.235352
40.83415360437801
28.04512
14.527054
-22.140045
38.571305467520155
29.479492
11.677063
-22.838486
39.07672865857952
29.479492
12.389557
-24.235352
40.12348188814282
28.762314
13.102066
-22.838486
38.993989921525085
29.479492
11.677063
-21.441605
38.277104367363
29.479492
13.81456
-21.441605
38.98236780904926
29.479492
12.389557
-22.838486
39.29552060290237
30.196686
10.964554
-22.838486
39.41646502216745
28.762314
11.677063
-22.838486
38.538564416252264
28.762314
13.102066
-22.140045
38.58907170531736
26.610748
13.81456
-22.140045
37.27137829016305
28.04512
11.677063
-20.743164
36.78534187625725
28.04512
13.102066
-21.441605
37.65548170896736
28.04512
10.964554
-20.743164
36.56540787047746
28.04512
13.102066
-23.536926
38.88675465373782
28.762314
11.677063
-20.044739
36.951536038776524
28.762314
11.677063
-20.743164
37.3350146687061
30.196686
11.677063
-18.647858
37.36222901844271
28.04512
11.677063
-20.743164
36.78534187625725
28.762314
9.539566
-19.346298
35.95209622061348
29.479492
10.25206
-22.140045
38.26652299630269
30.196686
8.827057
-22.140045
38.46996691566276
29.479492
9.539566
-22.140045
38.08182429712205
28.04512
11.677063
-22.140045
37.590746321194196
30.196686
10.964554
-20.044739
37.86624860219355
29.479492
10.964554
-20.743164
37.6767935403794
27.327942
11.677063
-20.743164
36.24153827695076
25.893555
10.964554
-20.044739
34.53243776237785
27.327942
11.677063
-20.044739
35.846363720636816
28.04512
13.81456
-22.140045
38.30864772129623
25.893555
13.102066
-20.743164
35.67098526047641
25.176376
13.81456
-20.044739
35.02118848037749
27.327942
13.81456
-20.044739
36.59849656983023
26.610748
13.102066
-20.044739
35.79926879818043
26.610748
12.389557
-20.743164
35.94317550292927
28.04512
13.102066
-20.743164
37.262201755767194
25.176376
10.964554
-20.044739
33.99798398492273
25.893555
12.389557
-21.441605
35.8290346864453
28.762314
13.102066
-21.441605
38.19263340087654
25.893555
13.102066
-20.044739
35.26941854873178
28.04512
11.677063
-20.743164
36.78534187625725
26.610748
11.677063
-18.647858
34.52865869802033
27.327942
13.102066
-21.441605
37.12442457992615
25.893555
11.677063
-21.441605
35.588936310253956
26.610748
12.389557
-20.743164
35.94317550292927
27.327942
12.389557
-20.743164
36.477341399105214
27.327942
10.964554
-22.140045
36.840459856275885
25.893555
13.102066
-22.838486
36.92880740568601
26.610748
13.81456
-21.441605
36.86077089080019
25.176376
13.102066
-20.044739
34.74630432236643
25.893555
12.389557
-21.441605
35.8290346864453
26.610748
11.677063
-21.441605
36.11409903921268
28.04512
11.677063
-20.743164
36.78534187625725
28.762314
11.677063
-20.044739
36.951536038776524
27.327942
10.964554
-17.949417
34.48506172854958
28.04512
10.964554
-20.743164
36.56540787047746
28.04512
10.25206
-20.743164
36.358112623122025
28.762314
10.25206
-19.346298
36.147678529691746
27.327942
10.964554
-17.949417
34.48506172854958
27.327942
12.389557
-20.743164
36.477341399105214
26.610748
10.25206
-21.441605
35.67883131362699
28.04512
10.25206
-19.346298
35.57966722338143
26.610748
10.25206
-20.044739
34.85725459989911
26.610748
8.114563
-21.441605
35.12435706150897
26.610748
9.539566
-22.140045
35.90705741857633
26.610748
8.114563
-21.441605
35.12435706150897
28.04512
10.964554
-22.140045
37.375550333009315
25.893555
9.539566
-22.140045
35.37882322537735
26.610748
9.539566
-22.140045
35.90705741857633
25.176376
10.25206
-20.044739
33.77493472710662
27.327942
9.539566
-20.743164
35.61037254526411
26.610748
9.539566
-21.441605
35.48066464254246
25.893555
9.539566
-19.346298
33.70102059378173
28.04512
10.25206
-20.743164
36.358112623122025
28.04512
8.827057
-20.743164
35.98228188115645
27.327942
10.964554
-21.441605
36.42499517415891
27.327942
8.827057
-20.743164
35.42615145667463
25.893555
8.114563
-20.044739
33.73594361510528
25.893555
8.827057
-21.441605
34.75824359841669
25.893555
9.539566
-20.743164
34.521852510855354
27.327942
8.114563
-22.838486
36.52751063517914
27.327942
5.977066
-21.441605
35.24605197305792
27.327942
7.402054
-20.743164
35.098229901057685
27.327942
8.827057
-21.441605
35.83958297759354
26.610748
6.68956
-21.441605
34.82275853114957
27.327942
8.827057
-21.441605
35.83958297759354
27.327942
7.402054
-22.838486
36.37586077428701
25.893555
9.539566
-21.441605
34.94598580421112
25.893555
10.964554
-22.140045
35.78937373664056
27.327942
11.677063
-21.441605
36.64577189330647
25.893555
8.114563
-21.441605
34.58416830380087
27.327942
8.827057
-21.441605
35.83958297759354
25.893555
8.114563
-21.441605
34.58416830380087
25.893555
8.114563
-21.441605
34.58416830380087
26.610748
8.114563
-20.743164
34.702403892778094
24.459183
10.25206
-20.743164
33.669500351300876
26.610748
9.539566
-21.441605
35.48066464254246
25.176376
10.964554
-20.743164
34.41438971893243
25.176376
10.25206
-20.743164
34.1940568009678
24.459183
9.539566
-22.838486
34.797288951287214
25.893555
10.964554
-21.441605
35.36156194905087
26.610748
10.25206
-20.743164
35.263515181128604
25.893555
8.114563
-21.441605
34.58416830380087
25.893555
11.677063
-21.441605
35.588936310253956
25.176376
10.25206
-22.140045
35.0590392120028
25.176376
8.827057
-21.441605
34.22731770594579
25.176376
10.964554
-20.743164
34.41438971893243
25.893555
9.539566
-22.140045
35.37882322537735
25.893555
6.68956
-21.441605
34.27781895147812
25.893555
8.114563
-21.441605
34.58416830380087
25.893555
8.114563
-22.140045
35.02147778506784
28.04512
8.114563
-21.441605
36.22315985071309
27.327942
6.68956
-21.441605
35.37384743042874
25.893555
6.68956
-20.044739
33.42182021384009
25.893555
6.68956
-19.346298
33.00766179699325
27.327942
5.977066
-20.743164
34.825573313882785
27.327942
8.114563
-22.140045
36.09493200174974
28.04512
5.264557
-20.044739
34.871706133653326
28.04512
5.977066
-20.743164
35.39114238032413
26.610748
5.977066
-21.441605
34.6929331330604
27.327942
4.552063
-20.044739
34.19545618401387
27.327942
5.977066
-20.044739
34.41414319655692
25.893555
7.402054
-20.743164
33.99331419788677
26.610748
5.264557
-20.743164
34.14859210528946
25.176376
7.402054
-22.140045
34.33397587542204
27.327942
5.977066
-22.838486
36.11285344020533
28.04512
5.264557
-20.743164
35.2778002908256
28.04512
7.402054
-20.743164
35.65947310969327
25.893555
5.977066
-21.441605
34.14592171440921
26.610748
8.114563
-20.044739
34.289495931698966
28.762314
6.68956
-20.743164
36.08739121476503
29.479492
4.552063
-19.346298
35.55335449187601
28.04512
6.68956
-19.346298
34.72114957110525
25.893555
5.977066
-17.949417
32.068412131576224
27.327942
3.8395538
-20.743164
34.52299816562504
28.762314
3.8395538
-19.346298
34.875379772237785
26.610748
3.8395538
-20.044739
33.536035087858295
25.893555
4.552063
-20.044739
33.06038435456967
28.04512
5.264557
-22.140045
36.11683683990491
28.04512
5.264557
-20.743164
35.2778002908256
28.04512
3.12706
-20.743164
35.022652407272425
26.610748
5.264557
-22.140045
35.01469766732786
26.610748
5.977066
-20.044739
33.84743422640685
25.893555
5.264557
-21.441605
34.02843228980087
26.610748
6.68956
-20.743164
34.39710581824981
26.610748
6.68956
-21.441605
34.82275853114957
27.327942
5.977066
-19.346298
34.01207204687587
26.610748
5.977066
-20.743164
34.26566953086482
26.610748
8.827057
-20.743164
34.87588904556771
28.04512
6.68956
-20.743164
35.51841580543993
27.327942
6.68956
-20.044739
34.545016345297554
27.327942
7.402054
-19.346298
34.29119578548461
26.610748
6.68956
-18.647858
33.17566327579695
29.479492
8.827057
-20.044739
36.72531856141618
27.327942
9.539566
-20.743164
35.61037254526411
28.04512
8.827057
-20.743164
35.98228188115645
26.610748
8.827057
-18.647858
33.671818807957756
28.762314
7.402054
-20.044739
35.8308897619472
26.610748
8.114563
-18.647858
33.49209729256571
27.327942
8.114563
-20.044739
34.849018659963725
28.04512
8.827057
-21.441605
36.38939557551846
25.893555
8.114563
-20.044739
33.73594361510528
25.893555
7.402054
-20.044739
33.5716860683039
26.610748
8.827057
-20.044739
34.46505958258668
28.04512
6.68956
-20.044739
35.11510439455684
28.762314
7.402054
-22.140045
37.04379402519739
28.762314
7.402054
-18.647858
35.06855729763487
27.327942
8.827057
-20.044739
35.02177754403323
28.762314
8.114563
-22.140045
37.19272055004934
28.762314
8.114563
-20.044739
35.9848363517972
30.196686
6.68956
-20.743164
37.24068872193927
28.762314
6.68956
-21.441605
36.493332345293744
28.04512
5.977066
-20.743164
35.39114238032413
28.762314
4.552063
-19.346298
34.96099598458795
28.762314
4.552063
-19.346298
34.96099598458795
28.04512
6.68956
-21.441605
35.93078571788665
29.479492
3.8395538
-20.743164
36.24998653016991
27.327942
5.264557
-20.044739
34.29757260110583
28.04512
4.552063
-20.044739
34.77127411968463
29.479492
5.264557
-21.441605
36.83067217803576
28.04512
5.977066
-22.140045
36.22755400168927
29.479492
8.114563
-19.346298
36.182397565041036
28.04512
6.68956
-20.044739
35.11510439455684
28.762314
6.68956
-22.140045
36.90802778053086
29.479492
5.264557
-17.949417
34.91328718511496
28.762314
5.264557
-18.647858
34.680381800607925
29.479492
5.977066
-17.949417
35.02780877667503
29.479492
5.977066
-18.647858
35.39079573634312
28.762314
5.977066
-18.647858
34.79566995275328
28.762314
6.68956
-20.044739
35.69050994312074
28.762314
5.264557
-17.949417
34.309879724063265
28.762314
4.552063
-20.044739
35.35227640853733
30.196686
3.8395538
-19.346298
36.06745524881122
26.610748
5.264557
-20.044739
33.72890508282084
28.762314
4.552063
-20.044739
35.35227640853733
27.327942
3.8395538
-19.346298
33.702194151494055
28.04512
3.12706
-18.647858
33.823805295789825
28.04512
5.264557
-20.743164
35.2778002908256
27.327942
4.552063
-20.044739
34.19545618401387
27.327942
3.8395538
-19.346298
33.702194151494055
27.327942
5.264557
-20.044739
34.29757260110583
25.893555
5.264557
-19.346298
32.748604082249635
28.04512
6.68956
-20.044739
35.11510439455684
28.04512
8.827057
-21.441605
36.38939557551846
27.327942
6.68956
-20.044739
34.545016345297554
27.327942
5.264557
-20.743164
34.71038448383459
28.04512
5.977066
-19.346298
34.59094282027179
26.610748
6.68956
-20.044739
33.98048828348961
26.610748
6.68956
-19.346298
33.57322410721265
25.893555
7.402054
-17.949417
32.36430506263807
26.610748
7.402054
-20.044739
34.12790452382771
25.176376
7.402054
-19.346298
32.60244708091806
25.893555
7.402054
-19.346298
33.159401358249816
26.610748
5.977066
-19.346298
33.4385477347533
25.893555
6.68956
-20.743164
33.84531534930277
25.176376
6.68956
-20.044739
32.869310938358595
25.893555
6.68956
-18.647858
32.60320527403134
25.893555
7.402054
-19.346298
33.159401358249816
25.893555
6.68956
-20.743164
33.84531534930277
26.610748
5.264557
-16.552551
31.777891868736255
25.893555
8.114563
-19.346298
33.3256892276814
27.327942
7.402054
-19.346298
34.29119578548461
25.176376
8.114563
-19.346298
32.77156300509445
26.610748
6.68956
-18.647858
33.17566327579695
25.176376
5.977066
-18.647858
31.895420848356117
25.893555
8.114563
-18.647858
32.925141478910156
26.610748
8.114563
-17.949417
33.10830210036072
25.893555
8.827057
-17.949417
32.71963794162842
25.893555
6.68956
-19.346298
33.00766179699325
23.02481
6.68956
-18.647858
30.374901539835278
26.610748
6.68956
-17.949417
32.78816433872328
25.893555
7.402054
-17.250977
31.98222620407701
27.327942
7.402054
-17.949417
33.522952287621166
26.610748
5.264557
-18.647858
32.91792958086254
25.176376
6.68956
-20.044739
32.869310938358595
25.176376
5.977066
-17.250977
31.099380182793134
25.893555
6.68956
-18.647858
32.60320527403134
24.459183
8.114563
-18.647858
31.80943778238229
24.459183
8.114563
-18.647858
31.80943778238229
24.459183
5.977066
-20.044739
32.183358350046376
25.176376
5.977066
-20.044739
32.73174027284621
25.176376
5.977066
-18.647858
31.895420848356117
25.176376
8.114563
-20.044739
33.188665969395714
25.176376
8.827057
-19.346298
32.95521419408657
25.176376
9.539566
-18.647858
32.750508777655845
24.459183
8.827057
-18.647858
31.998611420067903
24.459183
7.402054
-18.647858
31.63518085879627
24.459183
8.827057
-17.949417
31.596679551677678
25.893555
8.827057
-17.949417
32.71963794162842
25.893555
8.114563
-19.346298
33.3256892276814
24.459183
6.68956
-19.346298
31.894844848810404
22.307617
6.68956
-17.949417
29.403428107495497
23.742004
8.114563
-18.647858
31.261341691856412
23.02481
5.977066
-19.346298
30.66180823720284
23.742004
8.827057
-20.743164
32.73955806221848
25.893555
9.539566
-19.346298
33.70102059378173
23.02481
8.827057
-20.044739
31.778143476799134
23.02481
6.68956
-21.441605
32.165735208205255
24.459183
8.114563
-19.346298
32.2238587880985
23.742004
8.827057
-19.346298
31.872857234962673
22.307617
9.539566
-19.346298
31.03082908198917
25.176376
8.827057
-20.044739
33.37002172024128
22.307617
8.827057
-20.044739
31.26241062156106
24.459183
7.402054
-17.949417
31.22857077761485
21.590439
9.539566
-20.044739
30.96678794396355
21.590439
8.114563
-20.044739
30.557891435828918
21.590439
10.25206
-20.743164
31.6469698499492
23.02481
10.25206
-20.743164
32.642388281118656
23.02481
12.389557
-19.346298
32.5257166133344
22.307617
10.25206
-18.647858
30.82980782913267
23.02481
10.964554
-20.044739
32.436937389750014
23.02481
9.539566
-17.250977
30.31074717064838
22.307617
8.827057
-17.949417
29.962114954047074
22.307617
11.677063
-17.949417
30.921920398526552
22.307617
11.677063
-17.949417
30.921920398526552
24.459183
11.677063
-20.044739
33.71048757666151
22.307617
11.677063
-18.647858
31.33251021365927
21.590439
9.539566
-20.044739
30.96678794396355
23.02481
11.677063
-20.044739
32.684665418443934
23.02481
10.25206
-17.949417
30.942337058733138
23.742004
10.964554
-20.044739
32.949898342502514
24.459183
10.25206
-18.647858
32.42065698013286
24.459183
10.25206
-18.647858
32.42065698013286
25.893555
10.964554
-17.949417
33.3598433807868
25.176376
11.677063
-19.346298
33.830208870572505
24.459183
10.25206
-18.647858
32.42065698013286
23.02481
11.677063
-20.044739
32.684665418443934
23.742004
10.964554
-17.949417
31.71885583418304
24.459183
11.677063
-19.346298
33.29992140568803
24.459183
10.25206
-19.346298
32.82736084605626
26.610748
10.25206
-16.552551
32.973074360946384
24.459183
9.539566
-18.647858
32.20244646907669
23.742004
11.677063
-20.044739
33.1937964836805
23.02481
10.25206
-18.647858
31.352659501428263
25.176376
10.964554
-19.346298
33.59093011420642
23.02481
9.539566
-15.854111
29.538077914363353
23.02481
9.539566
-19.346298
31.55034767600133
25.893555
9.539566
-19.346298
33.70102059378173
23.742004
12.389557
-18.647858
32.6332118197378
23.742004
10.964554
-19.346298
32.52973211816672
25.176376
8.827057
-18.647858
32.5501059816103
24.459183
9.539566
-19.346298
32.61187175995116
24.459183
9.539566
-17.250977
31.414186846931216
23.742004
10.25206
-19.346298
32.29654428047895
24.459183
12.389557
-17.949417
32.7709372183933
27.327942
10.25206
-18.647858
34.63616168528295
25.176376
9.539566
-17.250977
31.97576272515589
25.176376
8.827057
-18.647858
32.5501059816103
23.742004
8.114563
-19.346298
31.682932748390932
26.610748
8.827057
-19.346298
34.06358943211945
25.176376
9.539566
-18.647858
32.750508777655845
24.459183
9.539566
-19.346298
32.61187175995116
25.176376
9.539566
-20.044739
33.56552957113332
24.459183
9.539566
-17.949417
31.803089841043747
25.176376
9.539566
-18.647858
32.750508777655845
24.459183
10.25206
-21.441605
34.10423367974734
24.459183
9.539566
-19.346298
32.61187175995116
23.02481
10.964554
-19.346298
32.01003870858328
23.742004
10.964554
-18.647858
32.1192598075662
24.459183
10.964554
-20.044739
33.47035477011709
22.307617
9.539566
-17.949417
30.179706712717156
24.459183
9.539566
-19.346298
32.61187175995116
24.459183
10.964554
-19.346298
33.05680443321673
21.590439
10.25206
-17.949417
29.890356482392967
22.307617
9.539566
-19.346298
31.03082908198917
23.742004
10.25206
-20.743164
33.15217046061992
23.02481
10.964554
-20.044739
32.436937389750014
23.02481
11.677063
-19.346298
32.26104499879169
23.02481
11.677063
-18.647858
31.84710789459539
23.742004
10.964554
-17.250977
31.328907214361845
24.459183
10.964554
-19.346298
33.05680443321673
24.459183
9.539566
-18.647858
32.20244646907669
23.02481
10.25206
-18.647858
31.352659501428263
23.02481
11.677063
-18.647858
31.84710789459539
24.459183
10.964554
-18.647858
32.65295849141678
24.459183
10.25206
-20.044739
33.243765569182294
23.742004
11.677063
-18.647858
32.36941727626074
24.459183
11.677063
-17.949417
32.50826217094664
23.742004
13.102066
-18.647858
32.91032478628952
23.742004
10.25206
-16.552551
30.704632795356083
24.459183
11.677063
-20.044739
33.71048757666151
24.459183
10.964554
-17.949417
32.259179516626546
22.307617
10.964554
-17.949417
30.659954939857013
24.459183
13.102066
-19.346298
33.825952586133845
24.459183
9.539566
-18.647858
32.20244646907669
23.02481
10.25206
-17.250977
30.54247590606656
23.742004
10.964554
-18.647858
32.1192598075662
25.176376
9.539566
-19.346298
33.153166459466014
23.742004
8.827057
-17.949417
31.044827444119516
24.459183
11.677063
-18.647858
32.89905807862799
24.459183
9.539566
-20.044739
33.030993154748806
24.459183
10.25206
-18.647858
32.42065698013286
22.307617
9.539566
-20.044739
31.471013371310235
23.742004
8.827057
-18.647858
31.45381193363135
25.176376
9.539566
-19.346298
33.153166459466014
23.742004
8.827057
-17.949417
31.044827444119516
24.459183
10.964554
-18.647858
32.65295849141678
23.742004
8.827057
-19.346298
31.872857234962673
23.742004
8.827057
-18.647858
31.45381193363135
24.459183
9.539566
-20.044739
33.030993154748806
23.02481
10.25206
-19.346298
31.77303697958774
24.459183
8.827057
-18.647858
31.998611420067903
25.176376
10.25206
-18.647858
32.96509162166852
25.176376
9.539566
-19.346298
33.153166459466014
25.176376
8.827057
-17.949417
32.15506937215538
25.176376
8.827057
-20.044739
33.37002172024128
23.742004
8.114563
-18.647858
31.261341691856412
25.176376
10.25206
-19.346298
33.36515977361341
22.307617
9.539566
-18.647858
30.600257064637137
24.459183
10.964554
-20.044739
33.47035477011709
24.459183
9.539566
-19.346298
32.61187175995116
23.742004
10.964554
-17.949417
31.71885583418304
23.742004
10.964554
-18.647858
32.1192598075662
22.307617
10.964554
-17.949417
30.659954939857013
23.742004
10.964554
-18.647858
32.1192598075662
23.02481
13.81456
-17.250977
31.91520327673494
24.459183
10.964554
-18.647858
32.65295849141678
23.742004
10.964554
-20.044739
32.949898342502514
24.459183
10.25206
-20.743164
33.669500351300876
24.459183
11.677063
-19.346298
33.29992140568803
23.02481
12.389557
-20.743164
33.37546816151048
23.742004
9.539566
-20.044739
32.50350229025808
23.742004
10.25206
-18.647858
31.88306998027617
23.02481
10.25206
-19.346298
31.77303697958774
22.307617
10.964554
-20.743164
32.37483786759596
23.02481
10.25206
-20.743164
32.642388281118656
22.307617
10.25206
-20.044739
31.69425913334651
23.02481
10.964554
-20.044739
32.436937389750014
22.307617
10.25206
-20.044739
31.69425913334651
24.459183
11.677063
-19.346298
33.29992140568803
22.307617
9.539566
-19.346298
31.03082908198917
20.873245
9.539566
-19.346298
30.0162451946598
22.307617
10.25206
-18.647858
30.82980782913267
23.02481
10.25206
-18.647858
31.352659501428263
24.459183
10.25206
-20.044739
33.243765569182294
24.459183
10.25206
-18.647858
32.42065698013286
23.742004
9.539566
-19.346298
32.07748949078232
23.742004
8.827057
-19.346298
31.872857234962673
24.459183
10.25206
-19.346298
32.82736084605626
24.459183
11.677063
-19.346298
33.29992140568803
24.459183
9.539566
-17.949417
31.803089841043747
25.176376
9.539566
-18.647858
32.750508777655845
26.610748
9.539566
-17.250977
33.11693592880386
25.893555
8.827057
-17.949417
32.71963794162842
25.176376
9.539566
-18.647858
32.750508777655845
25.893555
8.114563
-17.949417
32.534657002187686
26.610748
8.114563
-17.949417
33.10830210036072
25.176376
8.114563
-20.044739
33.188665969395714
25.176376
7.402054
-19.346298
32.60244708091806
25.893555
9.539566
-17.949417
32.91900868514269
26.610748
8.827057
-17.250977
32.9187639429437
25.893555
9.539566
-16.552551
32.17866421503638
25.176376
9.539566
-16.552551
31.604432425306758
24.459183
8.827057
-17.949417
31.596679551677678
24.459183
8.827057
-15.15567
30.097556629053173
25.893555
9.539566
-18.647858
33.304985300979155
25.893555
8.827057
-16.552551
31.974678511565504
25.176376
8.827057
-15.15567
30.683239425468507
26.610748
8.114563
-15.854111
32.02078716313631
24.459183
8.827057
-17.250977
31.20520422153671
23.02481
10.25206
-16.552551
30.15350031991259
25.893555
8.827057
-17.949417
32.71963794162842
24.459183
8.827057
-17.949417
31.596679551677678
23.742004
8.114563
-17.250977
30.44872939993248
23.742004
8.114563
-17.949417
30.849805676112553
24.459183
8.827057
-17.949417
31.596679551677678
23.02481
9.539566
-17.250977
30.31074717064838
25.893555
8.114563
-17.250977
32.15460242377831
24.459183
10.25206
-17.949417
32.02402166916559
23.02481
8.114563
-16.552551
29.49533820090791
22.307617
9.539566
-17.250977
29.76960377771312
23.02481
10.25206
-17.949417
30.942337058733138
24.459183
10.25206
-16.552551
31.26249066779399
22.307617
8.827057
-17.250977
29.5489922727652
24.459183
10.964554
-16.552551
31.50333350572057
23.02481
10.964554
-17.949417
31.1856525003887
23.742004
9.539566
-19.346298
32.07748949078232
22.307617
11.677063
-19.346298
31.753154447752312
23.742004
10.964554
-18.647858
32.1192598075662
23.742004
11.677063
-17.949417
31.97214726419847
20.873245
9.539566
-17.949417
29.135498250429514
22.307617
11.677063
-18.647858
31.33251021365927
21.590439
11.677063
-19.346298
31.253482227860427
21.590439
13.81456
-20.044739
32.53891150175048
21.590439
13.102066
-18.647858
31.393531706512608
21.590439
12.389557
-17.250977
30.28604273862178
20.873245
12.389557
-19.346298
31.039857897875635
20.873245
13.102066
-19.346298
31.331066725975035
21.590439
12.389557
-17.949417
30.689245232641657
20.873245
11.677063
-17.949417
29.903640617288872
23.02481
12.389557
-19.346298
32.5257166133344
24.459183
12.389557
-17.250977
32.39365488723254
22.307617
10.25206
-17.949417
30.412432928987386
23.02481
12.389557
-19.346298
32.5257166133344
23.02481
13.102066
-18.647858
32.39673724288258
21.590439
11.677063
-16.552551
29.60553652560193
23.02481
10.25206
-16.552551
30.15350031991259
23.02481
13.102066
-17.250977
31.613323483615062
23.742004
13.102066
-17.949417
32.51966427337658
23.02481
13.81456
-18.647858
32.691383612505604
23.02481
11.677063
-19.346298
32.26104499879169
22.307617
14.527054
-18.647858
32.502426291643985
22.307617
13.102066
-18.647858
31.891009689620013
24.459183
10.964554
-18.647858
32.65295849141678
22.307617
11.677063
-18.647858
31.33251021365927
23.02481
13.102066
-19.346298
32.80373952994441
24.459183
13.102066
-17.250977
32.67280157700935
23.02481
12.389557
-17.250977
31.324737776673306
23.02481
12.389557
-18.647858
32.11519297960371
24.459183
13.102066
-19.346298
33.825952586133845
24.459183
11.677063
-17.949417
32.50826217094664
23.742004
10.964554
-18.647858
32.1192598075662
24.459183
11.677063
-18.647858
32.89905807862799
24.459183
11.677063
-17.949417
32.50826217094664
23.02481
11.677063
-19.346298
32.26104499879169
23.742004
11.677063
-18.647858
32.36941727626074
25.176376
9.539566
-20.743164
33.98723407513658
24.459183
12.389557
-19.346298
33.55640002178236
24.459183
11.677063
-20.044739
33.71048757666151
23.742004
10.25206
-20.044739
32.71970509589749
23.742004
10.964554
-19.346298
32.52973211816672
23.02481
10.964554
-18.647858
31.592814958962585
25.176376
11.677063
-20.743164
34.64798213483182
23.742004
11.677063
-19.346298
32.77675880816695
23.742004
10.964554
-20.044739
32.949898342502514
23.02481
11.677063
-20.044739
32.684665418443934
21.590439
14.527054
-19.346298
32.4262497048591
23.742004
15.239563
-20.044739
34.60807171643181
23.02481
14.527054
-20.743164
34.22654020913449
22.307617
14.527054
-19.346298
32.90811960500782
22.307617
13.81456
-18.647858
32.19028545289809
21.590439
13.102066
-20.044739
32.24287182003373
21.590439
12.389557
-21.441605
32.85408079675948
22.307617
12.389557
-20.044739
32.44876708523088
23.02481
14.527054
-20.743164
34.22654020913449
23.02481
14.527054
-20.044739
33.8078208407463
22.307617
15.239563
-21.441605
34.490816967391844
22.307617
14.527054
-19.346298
32.90811960500782
23.02481
14.527054
-20.743164
34.22654020913449
21.590439
13.81456
-20.044739
32.53891150175048
20.156067
13.81456
-20.044739
31.605390296605755
22.307617
15.952057
-21.441605
34.81149712424403
22.307617
14.527054
-21.441605
34.18197581625622
21.590439
16.664566
-20.743164
34.26563568741283
22.307617
13.81456
-20.743164
33.44773134940358
23.02481
15.239563
-21.441605
34.95895507647593
22.307617
14.527054
-22.140045
34.6243654048345
23.742004
13.81456
-21.441605
34.84633888924883
22.307617
16.664566
-20.044739
34.30931579601413
23.02481
13.81456
-20.044739
33.50784437658778
22.307617
13.81456
-21.441605
33.88530999413223
22.307617
13.81456
-21.441605
33.88530999413223
23.742004
12.389557
-20.743164
33.87421982208133
22.307617
13.81456
-21.441605
33.88530999413223
23.742004
13.102066
-22.140045
35.00755010641454
23.742004
13.102066
-20.743164
34.141261435715506
24.459183
14.527054
-20.044739
34.80055303024562
23.742004
13.102066
-21.441605
34.57006444120042
25.893555
13.102066
-21.441605
36.081611527614555
22.307617
11.677063
-21.441605
33.07152781696723
24.459183
11.677063
-21.441605
34.55933883034548
23.02481
11.677063
-20.743164
33.117588351254156
23.02481
13.102066
-21.441605
34.08149735434261
24.459183
13.102066
-21.441605
35.066482616952044
25.176376
12.389557
-22.838486
36.179379621071796
25.176376
12.389557
-21.441605
35.31420937510937
23.742004
12.389557
-20.743164
33.87421982208133
25.893555
11.677063
-20.044739
34.76523525062429
25.176376
11.677063
-20.743164
34.64798213483182
24.459183
11.677063
-21.441605
34.55933883034548
24.459183
10.964554
-22.140045
34.76571102517447
25.893555
10.964554
-22.140045
35.78937373664056
23.742004
11.677063
-22.838486
34.95186771319417
25.176376
9.539566
-22.140045
34.85734915393112
26.610748
10.25206
-23.536926
36.97598559527775
26.610748
11.677063
-22.140045
36.53309949071441
25.176376
10.25206
-22.838486
35.50423954108333
25.893555
10.25206
-23.536926
36.46323999720472
25.176376
11.677063
-22.838486
35.94162170657353
25.893555
10.25206
-22.838486
36.01634862342465
25.176376
12.389557
-21.441605
35.31420937510937
25.176376
10.25206
-24.933792
36.88697170601871
23.742004
11.677063
-22.140045
34.499540021843046
23.742004
13.102066
-22.838486
35.45339700755063
22.307617
13.102066
-22.838486
34.50927963402562
23.742004
13.81456
-22.838486
35.722840563015495
24.459183
13.81456
-22.140045
35.7669594825308
23.742004
12.389557
-23.536926
35.65348196694381
23.742004
14.527054
-23.536926
36.45140540575476
22.307617
13.102066
-23.536926
34.975430829637396
23.02481
13.81456
-24.235352
36.170931750660465
23.02481
13.102066
-24.235352
35.904850998093735
23.742004
13.102066
-22.838486
35.45339700755063
23.742004
14.527054
-23.536926
36.45140540575476
23.742004
15.952057
-22.838486
36.60255885116675
21.590439
15.239563
-24.235352
35.85726777577664
21.590439
13.81456
-24.933792
35.75867874333097
23.02481
16.664566
-24.235352
37.35240158673703
21.590439
13.81456
-24.235352
35.27522403421504
23.02481
14.527054
-23.536926
35.98838788414952
22.307617
15.239563
-24.933792
36.76367929403116
21.590439
13.81456
-22.838486
34.330534095598665
23.02481
13.102066
-24.235352
35.904850998093735
23.02481
13.81456
-24.933792
36.64257057734385
21.590439
15.239563
-22.838486
34.92832364956483
22.307617
14.527054
-23.536926
35.533814564989534
23.02481
13.81456
-21.441605
34.361700197017136
22.307617
13.81456
-22.838486
34.786036844903734
22.307617
13.81456
-22.140045
34.33152257594779
23.02481
13.81456
-22.140045
34.80180526084908
23.02481
13.81456
-22.140045
34.80180526084908
23.02481
13.102066
-22.838486
34.97717063772186
23.02481
14.527054
-22.838486
35.5355270347947
23.02481
13.102066
-21.441605
34.08149735434261
23.742004
13.81456
-22.838486
35.722840563015495
22.307617
13.102066
-22.140045
34.051073198028575
23.742004
13.102066
-23.536926
35.907293691315346
23.02481
13.102066
-20.044739
33.2204403379907
23.02481
11.677063
-21.441605
33.559471974089334
23.742004
14.527054
-22.140045
35.56542785069688
23.742004
13.81456
-20.743164
34.420977774280324
24.459183
11.677063
-22.838486
35.44293870853368
24.459183
12.389557
-20.044739
33.96386773504216
23.742004
12.389557
-18.647858
32.6332118197378
25.176376
12.389557
-20.044739
34.48394667269105
23.742004
13.102066
-20.044739
33.7214831781518
24.459183
11.677063
-20.044739
33.71048757666151
23.742004
12.389557
-20.044739
33.45109062298548
25.893555
12.389557
-20.743164
35.41547830420514
24.459183
13.102066
-20.743164
34.6438245590484
24.459183
10.964554
-20.743164
33.89324347307292
23.742004
11.677063
-19.346298
32.77675880816695
22.307617
10.25206
-20.743164
32.140526251671346
23.742004
9.539566
-22.838486
34.29697465816956
23.742004
10.964554
-20.743164
33.379381442272866
24.459183
12.389557
-20.743164
34.38068667451157
23.742004
13.102066
-20.044739
33.7214831781518
25.176376
10.25206
-22.140045
35.0590392120028
23.742004
10.25206
-21.441605
33.593599200242934
23.742004
12.389557
-19.346298
33.037299144536995
21.590439
13.81456
-18.647858
31.69750288986697
22.307617
11.677063
-18.647858
31.33251021365927
22.307617
12.389557
-19.346298
32.022026110944324
24.459183
12.389557
-20.044739
33.96386773504216
22.307617
13.102066
-21.441605
33.6011365425803
23.02481
11.677063
-19.346298
32.26104499879169
25.893555
13.81456
-18.647858
34.771551461153194
23.02481
12.389557
-20.044739
32.94593404826307
22.307617
11.677063
-20.743164
32.62303559100341
20.873245
14.527054
-20.044739
32.38084753537768
23.02481
14.527054
-20.044739
33.8078208407463
22.307617
12.389557
-19.346298
32.022026110944324
21.590439
13.102066
-19.346298
31.81336910956717
23.02481
12.389557
-19.346298
32.5257166133344
22.307617
12.389557
-18.647858
31.604960609946186
22.307617
13.102066
-19.346298
32.304384256436464
24.459183
15.239563
-18.647858
34.32547924487909
23.742004
13.102066
-20.044739
33.7214831781518
23.742004
13.81456
-19.346298
33.59768145599857
23.742004
12.389557
-19.346298
33.037299144536995
23.742004
12.389557
-19.346298
33.037299144536995
22.307617
13.81456
-18.647858
32.19028545289809
24.459183
13.102066
-18.647858
33.431397296483325
23.02481
13.102066
-17.949417
31.99980640352815
22.307617
10.964554
-17.949417
30.659954939857013
23.742004
12.389557
-17.949417
32.23919165419048
22.307617
12.389557
-18.647858
31.604960609946186
23.02481
13.81456
-19.346298
33.094762511069064
23.02481
13.102066
-17.949417
31.99980640352815
24.459183
12.389557
-18.647858
33.158639316596286
25.176376
11.677063
-17.949417
33.05125192645885
23.02481
12.389557
-17.250977
31.324737776673306
23.02481
10.964554
-18.647858
31.592814958962585
23.742004
10.25206
-17.949417
31.479661945626695
23.742004
11.677063
-18.647858
32.36941727626074
22.307617
12.389557
-20.044739
32.44876708523088
23.02481
12.389557
-18.647858
32.11519297960371
23.02481
12.389557
-19.346298
32.5257166133344
25.176376
13.102066
-20.044739
34.74630432236643
25.176376
13.102066
-17.250977
33.21310328006384
24.459183
11.677063
-17.250977
32.127895358336964
24.459183
12.389557
-17.250977
32.39365488723254
25.176376
12.389557
-16.552551
32.57818120498749
25.176376
12.389557
-16.552551
32.57818120498749
25.176376
12.389557
-16.552551
32.57818120498749
25.893555
12.389557
-16.552551
33.13554335450737
25.893555
13.102066
-17.949417
34.12216141181655
25.893555
12.389557
-15.854111
32.79222587939099
27.327942
10.964554
-17.949417
34.48506172854958
25.893555
11.677063
-16.552551
32.875779755486406
25.176376
13.81456
-15.854111
32.8031217996807
25.176376
12.389557
-17.250977
32.938537697126144
25.176376
12.389557
-18.647858
33.69115058779809
25.893555
12.389557
-16.552551
33.13554335450737
25.176376
12.389557
-16.552551
32.57818120498749
24.459183
12.389557
-16.552551
32.02717199650556
25.176376
12.389557
-16.552551
32.57818120498749
25.893555
11.677063
-18.647858
33.979002808145175
25.893555
13.81456
-17.949417
34.40203127519326
23.742004
13.102066
-17.250977
32.139432403736926
25.893555
12.389557
-17.949417
33.854969141130155
26.610748
14.527054
-17.250977
34.882136226647226
25.176376
11.677063
-15.854111
31.961798753978847
24.459183
13.102066
-18.647858
33.431397296483325
24.459183
13.102066
-17.250977
32.67280157700935
25.893555
13.102066
-17.250977
33.759984778812104
25.176376
14.527054
-15.854111
33.10948560623338
23.742004
14.527054
-17.250977
32.746209078065434
26.610748
13.102066
-17.250977
34.31314925672172
23.02481
13.102066
-16.552551
31.23768507348136
25.176376
14.527054
-15.15567
32.780780799788005
25.176376
14.527054
-15.854111
33.10948560623338
23.02481
15.952057
-16.552551
32.53608648605614
23.742004
13.81456
-16.552551
32.07042002874787
25.176376
14.527054
-15.854111
33.10948560623338
25.176376
14.527054
-17.250977
33.8006130907784
24.459183
15.952057
-16.552551
33.566453299527716
23.02481
14.527054
-16.552551
31.861640314571947
25.893555
14.527054
-15.854111
33.65804893056786
25.176376
13.81456
-18.647858
34.240831916185975
25.893555
13.81456
-16.552551
33.69428995811086
25.176376
13.102066
-17.250977
33.21310328006384
25.176376
13.102066
-17.250977
33.21310328006384
24.459183
14.527054
-17.949417
33.63730824336833
24.459183
12.389557
-15.854111
31.671842239129578
25.176376
13.81456
-16.552551
33.14632641904869
25.176376
13.102066
-17.949417
33.58117860708026
25.893555
13.102066
-15.854111
33.068008165937364
25.893555
13.81456
-17.250977
34.04283226629267
25.176376
13.102066
-15.854111
32.50948817328662
25.893555
13.102066
-16.552551
33.408489898012824
25.893555
12.389557
-17.949417
33.854969141130155
27.327942
11.677063
-15.854111
33.68268206792717
25.893555
11.677063
-17.949417
33.600767798960895
25.893555
12.389557
-17.250977
33.48990125885899
25.893555
12.389557
-17.949417
33.854969141130155
26.610748
12.389557
-18.647858
34.77607813356133
25.893555
13.102066
-15.854111
33.068008165937364
26.610748
11.677063
-17.250977
33.79470238335718
23.742004
12.389557
-16.552551
31.48286577493135
27.327942
12.389557
-17.949417
34.9642535089411
25.176376
13.102066
-15.854111
32.50948817328662
27.327942
12.389557
-17.250977
34.61088985115902
26.610748
13.81456
-18.647858
35.30887356932213
25.893555
13.81456
-17.949417
34.40203127519326
25.893555
12.389557
-17.949417
33.854969141130155
25.176376
10.964554
-17.949417
32.806294055981084
27.327942
12.389557
-17.949417
34.9642535089411
27.327942
13.102066
-17.949417
35.22303379004994
26.610748
10.25206
-18.647858
34.073145555508596
25.893555
10.964554
-20.044739
34.53243776237785
24.459183
13.81456
-20.044739
34.50920535025763
26.610748
12.389557
-19.346298
35.155543395676766
25.893555
11.677063
-19.346298
34.367270082590025
25.893555
11.677063
-20.044739
34.76523525062429
24.459183
10.964554
-21.441605
34.325143176708856
24.459183
12.389557
-20.044739
33.96386773504216
25.176376
13.102066
-21.441605
35.57044376623045
23.742004
11.677063
-19.346298
32.77675880816695
26.610748
13.102066
-19.346298
35.412925851767916
25.893555
13.81456
-17.949417
34.40203127519326
26.610748
13.81456
-21.441605
36.86077089080019
25.176376
11.677063
-20.743164
34.64798213483182
25.176376
10.964554
-20.044739
33.99798398492273
24.459183
13.102066
-20.743164
34.6438245590484
24.459183
13.102066
-20.044739
34.230209981690514
25.176376
13.81456
-20.743164
35.42556911703219
23.02481
12.389557
-20.044739
32.94593404826307
25.176376
12.389557
-20.743164
34.894553770072775
25.176376
11.677063
-20.743164
34.64798213483182
25.176376
12.389557
-19.346298
34.082697208751505
23.742004
14.527054
-20.743164
34.71306595854344
23.742004
14.527054
-21.441605
35.134889344051594
25.176376
14.527054
-20.743164
35.70943940332864
23.02481
15.952057
-21.441605
35.27537975688125
24.459183
14.527054
-20.044739
34.80055303024562
23.742004
15.239563
-20.743164
35.01722337103825
25.176376
15.239563
-20.743164
36.005180833805014
26.610748
11.677063
-20.743164
35.70384640956069
25.176376
13.102066
-20.743164
35.15384714010687
25.176376
13.81456
-20.044739
35.02118848037749
25.176376
13.81456
-20.743164
35.42556911703219
25.176376
14.527054
-20.743164
35.70943940332864
23.742004
12.389557
-21.441605
34.30635902469468
26.610748
13.102066
-21.441605
36.59970562925933
25.893555
11.677063
-20.743164
35.172558717254994
27.327942
11.677063
-22.140045
37.05876153678945
25.176376
11.677063
-22.838486
35.94162170657353
27.327942
10.25206
-21.441605
36.21689625325105
25.893555
11.677063
-20.044739
34.76523525062429
25.893555
10.964554
-22.140045
35.78937373664056
25.893555
10.25206
-23.536926
36.46323999720472
26.610748
10.964554
-22.838486
36.74166173475623
24.459183
11.677063
-20.044739
33.71048757666151
25.893555
10.25206
-21.441605
35.14716722949109
24.459183
11.677063
-21.441605
34.55933883034548
25.893555
9.539566
-21.441605
34.94598580421112
28.04512
10.964554
-20.743164
36.56540787047746
25.893555
10.25206
-20.743164
34.725492988311196
25.893555
10.25206
-21.441605
35.14716722949109
26.610748
10.25206
-20.743164
35.263515181128604
27.327942
10.964554
-20.044739
35.62063089984686
25.893555
10.964554
-21.441605
35.36156194905087
26.610748
8.827057
-20.743164
34.87588904556771
26.610748
8.114563
-22.140045
35.55502310460155
25.893555
9.539566
-20.743164
34.521852510855354
27.327942
9.539566
-22.140045
36.44175274013912
28.04512
8.114563
-20.044739
35.41421330350641
28.04512
8.114563
-20.743164
35.81415653891279
25.893555
6.68956
-22.140045
34.71898732760919
26.610748
9.539566
-22.140045
35.90705741857633
27.327942
9.539566
-21.441605
36.021689768652756
25.176376
8.827057
-20.743164
33.79416598019361
27.327942
9.539566
-21.441605
36.021689768652756
25.893555
10.25206
-21.441605
35.14716722949109
27.327942
10.25206
-22.838486
37.060998072434586
27.327942
10.964554
-22.140045
36.840459856275885
27.327942
8.827057
-22.140045
36.261755569638204
28.04512
10.964554
-21.441605
36.966100060879256
28.04512
10.964554
-20.044739
36.17377154855262
28.762314
10.25206
-22.140045
37.71680006092693
28.04512
9.539566
-21.441605
36.56876281831941
27.327942
10.964554
-20.743164
36.018282168790684
25.893555
10.25206
-20.743164
34.725492988311196
26.610748
9.539566
-22.140045
35.90705741857633
27.327942
11.677063
-22.140045
37.05876153678945
27.327942
11.677063
-20.044739
35.846363720636816
27.327942
10.964554
-20.743164
36.018282168790684
26.610748
11.677063
-20.743164
35.70384640956069
27.327942
10.964554
-22.140045
36.840459856275885
28.04512
11.677063
-20.743164
36.78534187625725
28.04512
10.964554
-20.743164
36.56540787047746
26.610748
10.25206
-20.044739
34.85725459989911
25.176376
10.964554
-20.044739
33.99798398492273
28.762314
11.677063
-20.044739
36.951536038776524
26.610748
10.964554
-21.441605
35.89005019674673
25.893555
10.964554
-21.441605
35.36156194905087
26.610748
10.25206
-22.140045
36.102883719872366
28.04512
9.539566
-22.140045
36.98261244215821
29.479492
9.539566
-20.044739
36.90305308708803
28.04512
10.25206
-20.743164
36.358112623122025
26.610748
7.402054
-21.441605
34.966622268265525
27.327942
9.539566
-22.140045
36.44175274013912
28.762314
10.25206
-20.743164
36.91414765201819
28.04512
8.114563
-20.044739
35.41421330350641
28.04512
8.114563
-19.346298
35.023623096485714
28.762314
7.402054
-20.044739
35.8308897619472
30.196686
8.827057
-20.743164
37.68336031368819
28.762314
6.68956
-20.743164
36.08739121476503
28.04512
5.977066
-19.346298
34.59094282027179
29.479492
6.68956
-20.044739
36.27095636167628
27.327942
6.68956
-18.647858
33.75365467770212
28.762314
8.114563
-20.044739
35.9848363517972
28.762314
7.402054
-20.743164
36.226233116628514
28.04512
8.827057
-20.044739
35.5842283137839
28.04512
7.402054
-19.346298
34.86543257543028
28.04512
6.68956
-17.250977
33.59873691182918
27.327942
8.827057
-18.647858
34.24143618700065
29.479492
7.402054
-19.346298
36.02929512801874
28.04512
8.827057
-19.346298
35.19552493692824
28.762314
10.25206
-19.346298
36.147678529691746
28.762314
8.827057
-18.647858
35.39675374637129
25.893555
8.827057
-19.346298
33.5063033365552
27.327942
8.114563
-18.647858
34.06472003946587
27.327942
7.402054
-17.949417
33.522952287621166
28.762314
10.25206
-20.044739
36.52625072721672
28.762314
8.114563
-19.346298
35.600507273971004
28.04512
7.402054
-20.743164
35.65947310969327
28.762314
7.402054
-20.743164
36.226233116628514
28.04512
8.114563
-19.346298
35.023623096485714
27.327942
8.114563
-20.044739
34.849018659963725
28.762314
8.114563
-20.743164
36.37850673066619
26.610748
8.827057
-19.346298
34.06358943211945
28.762314
9.539566
-18.647858
35.58112704176893
27.327942
9.539566
-20.743164
35.61037254526411
27.327942
8.827057
-19.346298
34.62676094066824
27.327942
9.539566
-21.441605
36.021689768652756
26.610748
9.539566
-20.044739
34.65439016650704
26.610748
10.25206
-20.044739
34.85725459989911
29.479492
9.539566
-21.441605
37.680049533042016
28.04512
8.827057
-20.044739
35.5842283137839
26.610748
8.827057
-20.044739
34.46505958258668
25.893555
8.827057
-18.647858
33.10794077238118
26.610748
8.114563
-20.044739
34.289495931698966
28.04512
8.114563
-20.743164
35.81415653891279
28.04512
9.539566
-20.044739
35.767633530867506
28.04512
7.402054
-20.044739
35.25777528111264
28.04512
8.827057
-18.647858
34.81649368362465
28.762314
8.114563
-20.743164
36.37850673066619
28.762314
8.114563
-19.346298
35.600507273971004
28.762314
7.402054
-19.346298
35.44489148003207
28.762314
7.402054
-20.743164
36.226233116628514
28.762314
7.402054
-18.647858
35.06855729763487
29.479492
7.402054
-18.647858
35.65912907416732
28.04512
8.114563
-20.743164
35.81415653891279
30.91388
7.402054
-17.949417
36.50534060350793
28.04512
5.977066
-19.346298
34.59094282027179
29.479492
6.68956
-16.552551
34.464149313317236
30.196686
5.977066
-18.647858
35.99038398319491
30.91388
7.402054
-18.647858
36.85377765893715
30.196686
6.68956
-17.949417
35.75991790420701
31.631058
5.264557
-17.250977
36.4120250918438
29.479492
5.977066
-17.250977
34.67509279795622
28.762314
5.264557
-19.346298
35.06088280305685
31.631058
6.68956
-17.949417
36.979123386124904
28.762314
5.264557
-17.250977
33.94970573556198
32.34825
5.264557
-18.647858
37.7076590855351
30.91388
5.977066
-15.854111
35.25260407047967
30.91388
5.264557
-17.250977
35.790777252361046
30.196686
5.264557
-15.15567
34.19429420033955
30.91388
4.552063
-17.250977
35.69293139492048
31.631058
3.12706
-17.250977
36.16487850802212
32.34825
2.414566
-15.854111
36.10529442001893
33.06543
1.7020569
-17.250977
37.333842501120046
31.631058
1.7020569
-15.854111
35.42278305794609
30.91388
3.12706
-16.552551
35.20558690903157
31.631058
3.8395538
-15.854111
35.58958800568029
30.91388
0.989563
-18.647858
36.11633661527443
31.631058
3.12706
-16.552551
35.83698238748102
32.34825
1.7020569
-16.552551
36.37709904542881
33.782623
2.414566
-15.854111
37.39583514681983
30.91388
1.7020569
-15.854111
34.78387161615819
31.631058
2.414566
-15.854111
35.464162010533606
33.782623
0.989563
-16.552551
37.63285547926755
33.06543
0.989563
-15.854111
36.68316593597038
32.34825
3.8395538
-14.45723
35.639347439838176
32.34825
3.12706
-15.854111
36.15993323395903
31.631058
2.414566
-16.552551
35.78185043164341
31.631058
2.414566
-15.15567
35.157479145179764
