28.04512
11.677063
-21.441605
37.18366576872162
28.762314
11.677063
-21.441605
37.72753561206159
28.762314
11.677063
-22.140045
38.12881000429662
28.762314
10.25206
-22.838486
38.1309837773447
26.610748
12.389557
-22.140045
36.76703109030307
28.762314
11.677063
-22.140045
38.12881000429662
27.327942
10.964554
-23.536926
37.69648071376326
26.610748
12.389557
-21.441605
36.35072717582053
26.610748
13.102066
-22.838486
37.4351767199607
28.04512
13.102066
-24.235352
39.313422211957395
26.610748
11.677063
-22.140045
36.53309949071441
26.610748
14.527054
-22.838486
37.95739284875872
26.610748
11.677063
-22.838486
36.960548606863405
25.893555
13.102066
-22.140045
36.50098491019198
26.610748
13.102066
-21.441605
36.59970562925933
26.610748
15.239563
-20.743164
37.022358505325876
26.610748
12.389557
-20.743164
35.94317550292927
28.04512
13.81456
-20.743164
37.518657468026824
27.327942
15.239563
-21.441605
37.93155810912514
28.04512
13.81456
-20.743164
37.518657468026824
26.610748
13.102066
-21.441605
36.59970562925933
28.04512
15.239563
-22.140045
38.84526470296927
26.610748
13.102066
-21.441605
36.59970562925933
28.04512
13.102066
-20.044739
36.87796598241286
27.327942
13.81456
-20.743164
36.98563580444947
27.327942
13.102066
-23.536926
38.372743024529306
26.610748
14.527054
-22.838486
37.95739284875872
27.327942
12.389557
-20.044739
36.08474928358759
25.176376
14.527054
-18.647858
34.53444378612731
27.327942
14.527054
-20.743164
37.257624927447736
28.04512
10.964554
-19.346298
35.79147131573823
28.762314
13.102066
-21.441605
38.19263340087654
25.893555
10.25206
-18.647858
33.51601835433507
28.04512
13.102066
-21.441605
37.65548170896736
25.893555
12.389557
-19.346298
34.6158430750556
26.610748
11.677063
-20.743164
35.70384640956069
28.04512
10.964554
-19.346298
35.79147131573823
27.327942
8.827057
-20.743164
35.42615145667463
27.327942
11.677063
-20.743164
36.24153827695076
28.04512
9.539566
-20.743164
36.16366841300724
28.04512
9.539566
-20.743164
36.16366841300724
25.893555
8.827057
-18.647858
33.10794077238118
28.762314
8.114563
-20.743164
36.37850673066619
28.762314
8.827057
-20.044739
36.15216795777087
27.327942
7.402054
-21.441605
35.51547892347874
28.04512
8.114563
-20.044739
35.41421330350641
27.327942
8.114563
-20.743164
35.255374147071535
27.327942
10.964554
-20.044739
35.62063089984686
28.762314
8.827057
-19.346298
35.769636829933184
29.479492
10.25206
-21.441605
37.86670797999461
27.327942
10.25206
-20.743164
35.80781969307647
27.327942
9.539566
-20.743164
35.61037254526411
27.327942
7.402054
-20.743164
35.098229901057685
25.893555
8.827057
-20.044739
33.914372946920494
29.479492
8.114563
-19.346298
36.182397565041036
27.327942
10.25206
-20.044739
35.40780488090691
30.196686
10.25206
-20.743164
38.04238936596747
28.04512
8.827057
-18.647858
34.81649368362465
28.04512
8.114563
-20.044739
35.41421330350641
28.762314
8.827057
-20.044739
36.15216795777087
27.327942
7.402054
-20.044739
34.690033691249134
27.327942
8.114563
-20.044739
34.849018659963725
28.04512
5.977066
-18.647858
34.205214574704286
27.327942
8.114563
-20.743164
35.255374147071535
25.893555
8.114563
-19.346298
33.3256892276814
28.04512
6.68956
-19.346298
34.72114957110525
27.327942
8.114563
-17.949417
33.68744745763528
26.610748
8.827057
-18.647858
33.671818807957756
25.176376
9.539566
-19.346298
33.153166459466014
28.762314
10.25206
-20.044739
36.52625072721672
27.327942
9.539566
-17.250977
33.69593289337286
27.327942
7.402054
-19.346298
34.29119578548461
29.479492
8.114563
-18.647858
35.8138122850755
28.04512
6.68956
-19.346298
34.72114957110525
28.762314
6.68956
-21.441605
36.493332345293744
25.893555
8.114563
-20.044739
33.73594361510528
27.327942
8.827057
-19.346298
34.62676094066824
26.610748
8.827057
-20.044739
34.46505958258668
29.479492
6.68956
-18.647858
35.51806868517769
28.04512
7.402054
-19.346298
34.86543257543028
27.327942
7.402054
-20.743164
35.098229901057685
26.610748
7.402054
-20.743164
34.542744127747
29.479492
8.114563
-19.346298
36.182397565041036
25.176376
8.827057
-20.743164
33.79416598019361
26.610748
8.114563
-19.346298
33.88594582151648
29.479492
8.827057
-19.346298
36.34881971035563
26.610748
10.25206
-20.044739
34.85725459989911
28.762314
8.827057
-19.346298
35.769636829933184
27.327942
10.964554
-20.044739
35.62063089984686
26.610748
9.539566
-21.441605
35.48066464254246
25.893555
7.402054
-19.346298
33.159401358249816
26.610748
8.827057
-20.044739
34.46505958258668
27.327942
8.114563
-20.743164
35.255374147071535
27.327942
9.539566
-20.743164
35.61037254526411
27.327942
10.964554
-19.346298
35.23233087196865
28.762314
8.827057
-20.743164
36.544035802499636
26.610748
8.827057
-20.743164
34.87588904556771
28.04512
8.827057
-20.044739
35.5842283137839
28.04512
10.25206
-20.044739
35.96421900762096
28.762314
7.402054
-19.346298
35.44489148003207
27.327942
8.827057
-20.044739
35.02177754403323
27.327942
8.114563
-20.743164
35.255374147071535
26.610748
5.264557
-20.044739
33.72890508282084
28.04512
8.114563
-19.346298
35.023623096485714
28.04512
7.402054
-21.441605
36.07023043227614
27.327942
8.114563
-20.743164
35.255374147071535
27.327942
7.402054
-22.838486
36.37586077428701
28.04512
8.114563
-21.441605
36.22315985071309
26.610748
6.68956
-20.743164
34.39710581824981
28.762314
7.402054
-22.140045
37.04379402519739
28.04512
6.68956
-22.838486
36.78145410680412
28.04512
6.68956
-22.140045
36.35189914281044
28.04512
6.68956
-20.044739
35.11510439455684
28.04512
7.402054
-22.140045
36.48973461703819
28.762314
5.264557
-20.743164
35.8505946494441
28.04512
7.402054
-21.441605
36.07023043227614
28.762314
7.402054
-22.838486
37.465416996253026
28.04512
6.68956
-20.044739
35.11510439455684
28.762314
5.977066
-21.441605
36.36947075942008
28.04512
4.552063
-21.441605
35.59483714867403
27.327942
5.977066
-22.140045
35.67524896439932
28.762314
7.402054
-20.743164
36.226233116628514
28.762314
7.402054
-22.140045
37.04379402519739
28.762314
5.977066
-21.441605
36.36947075942008
28.04512
6.68956
-21.441605
35.93078571788665
29.479492
8.114563
-21.441605
37.34473227003124
28.04512
8.827057
-20.743164
35.98228188115645
27.327942
7.402054
-20.743164
35.098229901057685
28.762314
8.827057
-22.140045
37.35464178245205
29.479492
6.68956
-22.140045
37.46961822649202
28.762314
7.402054
-20.743164
36.226233116628514
28.762314
8.114563
-20.743164
36.37850673066619
28.762314
7.402054
-20.743164
36.226233116628514
29.479492
8.114563
-20.044739
36.56061026099332
29.479492
8.114563
-20.044739
36.56061026099332
27.327942
10.964554
-21.441605
36.42499517415891
28.04512
8.827057
-21.441605
36.38939557551846
27.327942
9.539566
-22.838486
36.870260884557254
28.04512
9.539566
-21.441605
36.56876281831941
27.327942
9.539566
-22.140045
36.44175274013912
29.479492
10.964554
-22.140045
38.46353443776732
28.04512
11.677063
-22.140045
37.590746321194196
28.762314
10.964554
-20.743164
37.11833773344046
26.610748
12.389557
-22.140045
36.76703109030307
27.327942
10.964554
-21.441605
36.42499517415891
28.04512
12.389557
-21.441605
37.41352986283004
28.04512
10.964554
-22.140045
37.375550333009315
28.762314
10.25206
-22.140045
37.71680006092693
28.762314
10.25206
-22.838486
38.1309837773447
28.04512
9.539566
-20.743164
36.16366841300724
28.04512
11.677063
-22.140045
37.590746321194196
26.610748
9.539566
-22.838486
36.3418723988339
28.762314
10.25206
-21.441605
37.31109483587372
30.91388
11.677063
-23.536926
40.571030858506354
27.327942
8.827057
-23.536926
37.131121917385556
28.04512
8.827057
-22.140045
36.8052621147566
29.479492
9.539566
-22.140045
38.08182429712205
28.04512
9.539566
-22.838486
37.40492504963417
29.479492
8.114563
-22.140045
37.75007599071408
30.196686
8.114563
-23.536926
39.13659223236612
29.479492
8.827057
-23.536926
38.74202286842415
29.479492
9.539566
-22.140045
38.08182429712205
30.196686
8.827057
-21.441605
38.0722884196342
29.479492
9.539566
-23.536926
38.910546637748965
28.762314
10.964554
-22.140045
37.91666791866985
30.91388
10.25206
-21.441605
38.993783308608954
29.479492
10.964554
-22.140045
38.46353443776732
31.631058
10.25206
-22.838486
40.338876726874005
30.196686
10.25206
-21.441605
38.42768548480054
30.196686
9.539566
-22.838486
39.04407221583467
30.91388
9.539566
-22.140045
39.20271553442998
31.631058
9.539566
-23.536926
40.56493456195418
31.631058
8.114563
-22.140045
39.45315594058193
30.91388
8.114563
-24.933792
40.5365021654866
30.196686
8.827057
-24.235352
39.712833327016284
28.762314
9.539566
-23.536926
38.37005165826354
29.479492
7.402054
-24.235352
38.873938641058096
30.196686
7.402054
-23.536926
38.995091838589126
30.196686
8.827057
-22.838486
38.87612726962879
30.196686
7.402054
-22.838486
38.57754119394227
29.479492
8.827057
-22.838486
38.321714901708305
29.479492
8.114563
-23.536926
38.585924054715214
30.91388
8.827057
-23.536926
39.84434435831201
32.34825
10.25206
-23.536926
41.29771151725601
30.196686
11.677063
-25.632233
41.294127379745994
31.631058
8.827057
-22.140045
39.605836873535765
31.631058
8.827057
-24.235352
40.81412707323287
31.631058
10.25206
-24.235352
41.14584833201204
31.631058
10.25206
-23.536926
40.7383784473023
32.34825
10.964554
-24.235352
41.88058206731223
31.631058
10.964554
-24.235352
41.329136625142404
31.631058
10.964554
-22.838486
40.52581491845275
30.91388
12.389557
-22.838486
40.3827376849278
32.34825
11.677063
-22.838486
41.28389055237678
32.34825
10.964554
-22.140045
40.70396172364553
30.91388
10.964554
-22.140045
39.57361551490936
31.631058
10.964554
-22.838486
40.52581491845275
31.631058
13.102066
-24.235352
41.94687453438128
32.34825
11.677063
-24.933792
42.478902449572686
33.782623
13.102066
-23.536926
43.20783202206372
31.631058
11.677063
-24.235352
41.523846864162735
33.782623
12.389557
-24.933792
43.77739934440344
33.782623
10.25206
-24.235352
42.82198799974144
33.06543
11.677063
-22.838486
41.848211755682435
35.216995
10.964554
-22.838486
43.38265281687702
33.782623
10.25206
-23.536926
42.430616042362324
34.499817
11.677063
-24.235352
43.74863976680089
35.216995
11.677063
-24.933792
44.70217471027696
34.499817
9.539566
-24.235352
43.22722542077071
36.651367
9.539566
-24.235352
44.9630775717873
36.651367
10.25206
-23.536926
44.74834417764109
35.216995
9.539566
-23.536926
43.41919859509875
37.36856
8.827057
-22.838486
44.67574965707767
37.36856
9.539566
-22.140045
44.47014996917876
37.36856
7.402054
-23.536926
44.779309099599786
37.36856
8.114563
-22.838486
44.540451352008375
38.085754
8.827057
-22.140045
44.92909181160493
36.651367
9.539566
-23.536926
44.590503341869216
36.651367
9.539566
-23.536926
44.590503341869216
38.085754
10.964554
-23.536926
46.09482519932416
35.93419
10.25206
-21.441605
43.082630341117465
38.085754
8.827057
-22.838486
45.27734627755363
38.085754
8.827057
-22.838486
45.27734627755363
37.36856
8.827057
-21.441605
43.97804683607067
38.085754
8.114563
-21.441605
44.45349571462294
38.085754
7.402054
-21.441605
44.32896902835873
38.085754
7.402054
-21.441605
44.32896902835873
40.237305
6.68956
-20.743164
45.76100768360275
38.085754
5.977066
-20.743164
43.77817731009081
36.651367
4.552063
-20.044739
42.021847809911634
38.802933
5.264557
-21.441605
44.64443537946877
38.085754
5.264557
-22.140045
44.36690066930527
38.802933
5.264557
-23.536926
45.687745809872254
36.651367
5.264557
-20.743164
42.44192666069573
35.216995
5.977066
-22.838486
42.39762342018344
35.216995
7.402054
-21.441605
41.88996933932991
35.216995
6.68956
-21.441605
41.76995774617431
34.499817
7.402054
-21.441605
41.28886367620057
35.216995
7.402054
-21.441605
41.88996933932991
35.93419
8.114563
-22.140045
42.98015473648129
37.36856
9.539566
-22.140045
44.47014996917876
35.93419
5.977066
-20.743164
41.91980462181628
35.216995
8.114563
-20.044739
41.326435456958116
33.06543
7.402054
-22.140045
40.475853020466104
35.216995
7.402054
-22.140045
42.25173061821699
34.499817
8.114563
-20.743164
41.0653418917644
34.499817
10.25206
-20.743164
41.54059573176581
33.782623
10.25206
-21.441605
41.305118241796016
33.06543
10.25206
-20.044739
40.0027373330954
34.499817
9.539566
-19.346298
40.688082033087404
32.34825
9.539566
-21.441605
39.96442357106114
32.34825
9.539566
-20.743164
39.59408605323054
31.631058
10.964554
-21.441605
39.755347701893356
32.34825
11.677063
-20.044739
39.80646539822394
31.631058
11.677063
-20.044739
39.22587397946826
32.34825
10.964554
-20.044739
39.60331252914647
32.34825
10.964554
-21.441605
40.32831872289775
33.782623
11.677063
-22.140045
42.04522595242681
30.91388
13.81456
-21.441605
40.078079312839456
31.631058
13.102066
-22.838486
41.155612300488556
33.06543
13.102066
-21.441605
41.52985971619547
30.91388
12.389557
-20.743164
39.23579995421114
31.631058
12.389557
-21.441605
40.17172306466795
33.06543
10.964554
-22.140045
41.27621237477844
32.34825
11.677063
-20.743164
40.16269403547899
30.91388
11.677063
-21.441605
39.39243785495193
30.196686
11.677063
-21.441605
38.832152079897014
30.91388
10.25206
-21.441605
38.993783308608954
31.631058
10.964554
-21.441605
39.755347701893356
31.631058
10.964554
-21.441605
39.755347701893356
30.91388
10.964554
-18.647858
37.731047666448546
30.91388
9.539566
-20.743164
38.43110973303399
30.196686
10.25206
-20.743164
38.04238936596747
30.196686
10.964554
-20.743164
38.240555538467596
30.196686
11.677063
-20.743164
38.450909119413225
30.91388
11.677063
-20.044739
38.64988010876457
30.91388
11.677063
-20.743164
39.01666999001036
30.91388
11.677063
-18.647858
37.94422594053755
31.631058
10.964554
-19.346298
38.66554714643015
31.631058
10.964554
-18.647858
38.320853239049235
31.631058
11.677063
-18.647858
38.530768447923535
29.479492
10.25206
-17.949417
36.00453835597066
30.196686
10.25206
-19.346298
37.2991136215477
31.631058
9.539566
-20.743164
39.01033078817873
29.479492
9.539566
-18.647858
36.163329174083586
31.631058
7.402054
-19.346298
37.80996569503039
29.479492
9.539566
-20.044739
36.90305308708803
29.479492
9.539566
-19.346298
36.52838619549014
29.479492
8.114563
-18.647858
35.8138122850755
30.91388
9.539566
-21.441605
38.81254560434116
30.196686
10.964554
-20.044739
37.86624860219355
29.479492
10.25206
-18.647858
36.35777519847457
30.196686
9.539566
-20.743164
37.856598768411565
30.196686
10.25206
-21.441605
38.42768548480054
29.479492
8.827057
-20.044739
36.72531856141618
28.762314
11.677063
-19.346298
36.57736743662329
29.479492
10.25206
-20.044739
37.09362165626491
27.327942
8.827057
-19.346298
34.62676094066824
30.196686
10.964554
-20.743164
38.240555538467596
29.479492
8.827057
-18.647858
35.98193923584268
28.04512
8.827057
-19.346298
35.19552493692824
28.04512
10.964554
-20.743164
36.56540787047746
30.196686
12.389557
-20.743164
38.673244925230605
28.04512
11.677063
-19.346298
36.01613340205157
27.327942
9.539566
-20.743164
35.61037254526411
27.327942
10.25206
-20.044739
35.40780488090691
28.762314
10.25206
-20.044739
36.52625072721672
25.893555
12.389557
-20.044739
35.010981117759684
28.04512
10.964554
-21.441605
36.966100060879256
27.327942
11.677063
-20.743164
36.24153827695076
28.04512
12.389557
-20.743164
37.01768112429941
28.04512
10.25206
-20.044739
35.96421900762096
27.327942
8.827057
-20.743164
35.42615145667463
28.04512
10.964554
-20.044739
36.17377154855262
28.04512
10.964554
-20.044739
36.17377154855262
29.479492
9.539566
-22.140045
38.08182429712205
25.893555
10.25206
-20.743164
34.725492988311196
28.04512
8.827057
-21.441605
36.38939557551846
27.327942
11.677063
-21.441605
36.64577189330647
26.610748
11.677063
-20.743164
35.70384640956069
25.893555
8.827057
-18.647858
33.10794077238118
27.327942
9.539566
-20.044739
35.20811452101631
28.04512
11.677063
-20.044739
36.39607220931436
27.327942
10.964554
-17.949417
34.48506172854958
28.762314
9.539566
-20.044739
36.33270636434633
27.327942
11.677063
-20.044739
35.846363720636816
27.327942
8.827057
-21.441605
35.83958297759354
28.04512
9.539566
-20.743164
36.16366841300724
26.610748
7.402054
-20.044739
34.12790452382771
27.327942
8.827057
-20.743164
35.42615145667463
28.04512
10.25206
-20.743164
36.358112623122025
27.327942
9.539566
-20.044739
35.20811452101631
26.610748
10.25206
-19.346298
34.46035213314897
27.327942
5.977066
-19.346298
34.01207204687587
28.04512
8.827057
-18.647858
34.81649368362465
28.04512
6.68956
-19.346298
34.72114957110525
28.762314
8.114563
-20.044739
35.9848363517972
28.04512
8.114563
-20.044739
35.41421330350641
28.04512
8.114563
-18.647858
34.642711089645175
28.762314
9.539566
-18.647858
35.58112704176893
29.479492
8.114563
-20.743164
36.94814646695758
28.04512
7.402054
-18.647858
34.48277494022378
30.196686
8.114563
-19.346298
36.76907953649285
27.327942
8.114563
-20.044739
34.849018659963725
28.762314
6.68956
-20.044739
35.69050994312074
28.04512
7.402054
-21.441605
36.07023043227614
28.762314
7.402054
-20.743164
36.226233116628514
28.762314
6.68956
-20.044739
35.69050994312074
28.762314
5.977066
-20.743164
35.96213150445549
28.762314
7.402054
-20.044739
35.8308897619472
27.327942
7.402054
-20.743164
35.098229901057685
27.327942
5.977066
-19.346298
34.01207204687587
27.327942
8.827057
-18.647858
34.24143618700065
28.762314
8.114563
-19.346298
35.600507273971004
29.479492
7.402054
-20.044739
36.409098265728
28.04512
6.68956
-20.044739
35.11510439455684
26.610748
6.68956
-20.743164
34.39710581824981
28.04512
7.402054
-20.743164
35.65947310969327
27.327942
7.402054
-20.044739
34.690033691249134
27.327942
7.402054
-20.044739
34.690033691249134
26.610748
7.402054
-20.044739
34.12790452382771
27.327942
8.827057
-20.743164
35.42615145667463
27.327942
8.827057
-20.743164
35.42615145667463
26.610748
10.25206
-20.044739
34.85725459989911
28.04512
8.827057
-20.743164
35.98228188115645
27.327942
9.539566
-19.346298
34.815212178348666
28.04512
8.114563
-20.044739
35.41421330350641
29.479492
8.114563
-21.441605
37.34473227003124
28.04512
8.827057
-22.140045
36.8052621147566
26.610748
8.827057
-20.743164
34.87588904556771
26.610748
7.402054
-19.346298
33.72241892400273
27.327942
8.827057
-18.647858
34.24143618700065
28.04512
7.402054
-20.044739
35.25777528111264
28.04512
8.827057
-20.743164
35.98228188115645
27.327942
8.114563
-20.044739
34.849018659963725
28.04512
7.402054
-18.647858
34.48277494022378
27.327942
8.827057
-20.044739
35.02177754403323
29.479492
6.68956
-18.647858
35.51806868517769
28.762314
7.402054
-18.647858
35.06855729763487
27.327942
4.552063
-18.647858
33.39581221407109
26.610748
5.977066
-18.647858
33.03936823723518
28.04512
5.977066
-18.647858
34.205214574704286
28.762314
5.977066
-20.044739
35.563852401789234
30.196686
5.977066
-20.044739
36.73359075087984
29.479492
4.552063
-20.743164
36.332361984101034
29.479492
5.977066
-21.441605
36.939249839580356
28.762314
5.977066
-19.346298
35.17492385997001
27.327942
6.68956
-20.743164
34.954906078895064
28.04512
5.264557
-19.346298
34.47497004451654
28.762314
6.68956
-20.044739
35.69050994312074
28.04512
6.68956
-20.743164
35.51841580543993
28.04512
5.977066
-19.346298
34.59094282027179
29.479492
5.977066
-19.346298
35.763739233269675
27.327942
5.977066
-20.044739
34.41414319655692
29.479492
4.552063
-19.346298
35.55335449187601
26.610748
6.68956
-20.044739
33.98048828348961
27.327942
5.977066
-21.441605
35.24605197305792
29.479492
5.977066
-19.346298
35.763739233269675
29.479492
5.264557
-17.949417
34.91328718511496
27.327942
3.8395538
-20.743164
34.52299816562504
27.327942
4.552063
-20.743164
34.6094861030948
28.04512
4.552063
-20.743164
35.17852766381433
28.762314
4.552063
-21.441605
36.16261017957636
28.04512
3.12706
-19.346298
34.21383562028032
26.610748
4.552063
-21.441605
34.47601457614681
28.762314
4.552063
-22.140045
36.581054987306956
26.610748
4.552063
-20.743164
34.046028844464736
28.04512
5.977066
-20.743164
35.39114238032413
27.327942
7.402054
-19.346298
34.29119578548461
27.327942
5.977066
-20.743164
34.825573313882785
28.762314
5.264557
-20.044739
35.45106249509667
28.04512
3.8395538
-20.044739
34.685191364615534
26.610748
5.977066
-20.044739
33.84743422640685
28.04512
4.552063
-21.441605
35.59483714867403
26.610748
7.402054
-20.044739
34.12790452382771
28.04512
6.68956
-20.743164
35.51841580543993
25.176376
5.264557
-21.441605
33.48593527629361
25.893555
7.402054
-22.140045
34.86327928046213
25.893555
5.264557
-20.743164
33.59271800740452
25.893555
8.114563
-21.441605
34.58416830380087
25.893555
7.402054
-21.441605
34.42396016153756
25.176376
8.114563
-20.044739
33.188665969395714
26.610748
7.402054
-21.441605
34.966622268265525
25.176376
7.402054
-21.441605
33.88779559708314
28.04512
6.68956
-20.743164
35.51841580543993
26.610748
8.827057
-20.743164
34.87588904556771
28.04512
5.977066
-21.441605
35.80497814495824
27.327942
6.68956
-21.441605
35.37384743042874
28.04512
7.402054
-21.441605
36.07023043227614
28.04512
7.402054
-21.441605
36.07023043227614
27.327942
8.114563
-22.140045
36.09493200174974
27.327942
9.539566
-22.140045
36.44175274013912
26.610748
7.402054
-19.346298
33.72241892400273
28.762314
5.977066
-22.140045
36.78556255251083
28.762314
6.68956
-20.743164
36.08739121476503
28.04512
5.977066
-20.044739
34.98636383359773
30.196686
6.68956
-20.743164
37.24068872193927
28.04512
5.264557
-20.743164
35.2778002908256
30.196686
5.977066
-20.044739
36.73359075087984
28.762314
3.12706
-21.441605
36.010993126773975
29.479492
4.552063
-22.140045
37.14758887700519
27.327942
2.414566
-21.441605
34.81937558336773
29.479492
5.264557
-20.743164
36.428490390206605
26.610748
2.414566
-20.743164
33.826631029366126
28.762314
5.977066
-20.044739
35.563852401789234
30.196686
4.552063
-20.743164
36.91666244150888
29.479492
3.8395538
-20.743164
36.24998653016991
30.196686
4.552063
-19.346298
36.150246638595014
30.196686
3.12706
-19.346298
35.998577513671464
28.762314
5.264557
-19.346298
35.06088280305685
28.762314
3.8395538
-19.346298
34.875379772237785
29.479492
3.12706
-20.743164
36.18145796386079
28.762314
2.414566
-19.346298
34.74737582829997
28.762314
2.414566
-20.044739
35.14103490201128
29.479492
3.8395538
-20.743164
36.24998653016991
28.762314
3.12706
-20.044739
35.19717062936309
29.479492
4.552063
-20.044739
35.93818613475435
28.762314
4.552063
-20.743164
35.752912496090794
28.04512
3.8395538
-20.044739
34.685191364615534
29.479492
3.12706
-20.044739
35.78561995694814
28.04512
4.552063
-20.743164
35.17852766381433
28.04512
5.264557
-19.346298
34.47497004451654
27.327942
3.8395538
-20.044739
34.10791840110226
26.610748
5.264557
-20.743164
34.14859210528946
27.327942
6.68956
-20.743164
34.954906078895064
27.327942
7.402054
-20.044739
34.690033691249134
27.327942
6.68956
-21.441605
35.37384743042874
25.893555
3.12706
-20.044739
32.89447164263986
28.762314
3.8395538
-20.743164
35.66919887027006
27.327942
3.8395538
-20.743164
34.52299816562504
27.327942
4.552063
-20.044739
34.19545618401387
26.610748
4.552063
-20.044739
33.62506171578909
27.327942
5.977066
-21.441605
35.24605197305792
26.610748
6.68956
-19.346298
33.57322410721265
27.327942
5.264557
-19.346298
33.89411865349024
25.176376
7.402054
-21.441605
33.88779559708314
27.327942
5.977066
-19.346298
34.01207204687587
25.893555
5.264557
-19.346298
32.748604082249635
26.610748
7.402054
-20.743164
34.542744127747
24.459183
6.68956
-17.949417
31.06740109253639
25.893555
8.827057
-18.647858
33.10794077238118
25.893555
8.827057
-20.044739
33.914372946920494
24.459183
6.68956
-20.044739
32.32326495005184
25.176376
7.402054
-19.346298
32.60244708091806
25.176376
9.539566
-20.743164
33.98723407513658
25.176376
6.68956
-20.044739
32.869310938358595
23.742004
8.827057
-20.044739
32.3015689622327
25.176376
6.68956
-20.044739
32.869310938358595
24.459183
6.68956
-20.044739
32.32326495005184
25.176376
8.827057
-20.044739
33.37002172024128
25.893555
8.827057
-18.647858
33.10794077238118
23.742004
8.114563
-20.044739
32.1141799932775
25.176376
6.68956
-17.949417
31.635133589825312
25.176376
7.402054
-20.044739
33.0216880968497
24.459183
6.68956
-20.743164
32.760963992513254
24.459183
8.114563
-18.647858
31.80943778238229
25.176376
7.402054
-21.441605
33.88779559708314
25.176376
7.402054
-20.743164
33.45024946772632
24.459183
6.68956
-19.346298
31.894844848810404
24.459183
8.114563
-21.441605
33.52372607513875
23.742004
8.114563
-20.044739
32.1141799932775
23.742004
8.114563
-20.044739
32.1141799932775
25.176376
10.25206
-19.346298
33.36515977361341
24.459183
9.539566
-20.044739
33.030993154748806
23.742004
7.402054
-20.044739
31.941583719468458
23.742004
8.114563
-19.346298
31.682932748390932
25.893555
5.977066
-20.044739
33.28653127110874
24.459183
5.264557
-19.346298
31.62667323575051
25.176376
7.402054
-19.346298
32.60244708091806
25.893555
5.977066
-19.346298
32.87066830718441
23.742004
5.977066
-20.044739
31.64173994949156
25.893555
6.68956
-19.346298
33.00766179699325
25.176376
5.264557
-19.346298
32.18454173298883
23.02481
5.977066
-19.346298
30.66180823720284
24.459183
5.264557
-20.743164
32.49993990379059
24.459183
5.977066
-19.346298
31.75305065007042
24.459183
7.402054
-19.346298
32.05185312992838
24.459183
5.977066
-20.044739
32.183358350046376
25.893555
5.977066
-20.044739
33.28653127110874
23.742004
8.827057
-20.743164
32.73955806221848
23.742004
8.114563
-19.346298
31.682932748390932
24.459183
9.539566
-20.044739
33.030993154748806
22.307617
8.827057
-20.044739
31.26241062156106
24.459183
8.114563
-19.346298
32.2238587880985
22.307617
8.114563
-19.346298
30.622789700212447
23.742004
8.114563
-19.346298
31.682932748390932
22.307617
8.827057
-20.044739
31.26241062156106
22.307617
10.964554
-20.044739
31.931846521390288
23.02481
10.964554
-20.743164
32.87312294130362
23.742004
10.25206
-20.044739
32.71970509589749
21.590439
10.25206
-18.647858
30.314920167561468
23.02481
10.964554
-20.044739
32.436937389750014
23.742004
9.539566
-20.743164
32.93880638123234
23.02481
10.25206
-20.044739
32.20307761701997
22.307617
10.964554
-20.044739
31.931846521390288
22.307617
10.25206
-20.044739
31.69425913334651
20.156067
10.964554
-18.647858
29.567398923502935
24.459183
10.25206
-20.044739
33.243765569182294
22.307617
10.964554
-19.346298
31.498103008975992
23.02481
8.827057
-20.044739
31.778143476799134
23.742004
9.539566
-21.441605
33.38305658259703
23.02481
8.827057
-20.743164
32.223246988538804
22.307617
10.964554
-20.743164
32.37483786759596
25.176376
9.539566
-22.140045
34.85734915393112
23.742004
11.677063
-20.044739
33.1937964836805
22.307617
10.25206
-19.346298
31.257219869100844
22.307617
9.539566
-20.044739
31.471013371310235
24.459183
10.25206
-19.346298
32.82736084605626
25.176376
10.964554
-18.647858
33.19358318777516
23.02481
7.402054
-18.647858
30.539727024939378
25.176376
9.539566
-18.647858
32.750508777655845
25.176376
9.539566
-19.346298
33.153166459466014
24.459183
8.827057
-19.346298
32.410613631595474
24.459183
8.827057
-17.949417
31.596679551677678
24.459183
10.25206
-20.743164
33.669500351300876
23.742004
8.827057
-20.044739
32.3015689622327
23.742004
9.539566
-20.044739
32.50350229025808
23.02481
10.25206
-19.346298
31.77303697958774
25.893555
10.25206
-20.044739
34.31286287376427
24.459183
8.114563
-18.647858
31.80943778238229
24.459183
10.25206
-17.949417
32.02402166916559
25.893555
8.827057
-17.949417
32.71963794162842
23.02481
7.402054
-19.346298
30.97114056426664
25.893555
7.402054
-17.949417
32.36430506263807
25.176376
7.402054
-20.044739
33.0216880968497
23.742004
7.402054
-18.647858
31.08401229430493
23.742004
8.114563
-20.044739
32.1141799932775
24.459183
8.827057
-19.346298
32.410613631595474
23.742004
8.114563
-19.346298
31.682932748390932
25.176376
7.402054
-20.044739
33.0216880968497
25.176376
8.114563
-20.743164
33.61509859446533
23.742004
8.114563
-20.044739
32.1141799932775
24.459183
8.827057
-19.346298
32.410613631595474
25.176376
7.402054
-20.044739
33.0216880968497
25.176376
8.827057
-19.346298
32.95521419408657
25.893555
10.25206
-20.044739
34.31286287376427
24.459183
9.539566
-20.044739
33.030993154748806
25.176376
10.25206
-20.044739
33.77493472710662
23.742004
8.827057
-18.647858
31.45381193363135
25.893555
10.25206
-19.346298
33.90958904929677
24.459183
8.827057
-17.949417
31.596679551677678
23.02481
9.539566
-17.949417
30.71362535140654
24.459183
10.964554
-20.743164
33.89324347307292
22.307617
10.964554
-18.647858
31.074006373017184
25.176376
10.964554
-18.647858
33.19358318777516
23.742004
10.25206
-17.949417
31.479661945626695
23.742004
10.964554
-20.743164
33.379381442272866
23.742004
10.964554
-17.949417
31.71885583418304
23.02481
10.25206
-20.044739
32.20307761701997
23.742004
9.539566
-19.346298
32.07748949078232
25.176376
8.827057
-19.346298
32.95521419408657
23.02481
10.25206
-19.346298
31.77303697958774
23.02481
12.389557
-18.647858
32.11519297960371
24.459183
11.677063
-19.346298
33.29992140568803
23.02481
10.25206
-18.647858
31.352659501428263
23.02481
11.677063
-18.647858
31.84710789459539
24.459183
11.677063
-19.346298
33.29992140568803
22.307617
11.677063
-18.647858
31.33251021365927
23.742004
11.677063
-18.647858
32.36941727626074
24.459183
12.389557
-18.647858
33.158639316596286
24.459183
10.964554
-20.044739
33.47035477011709
23.742004
13.102066
-18.647858
32.91032478628952
23.742004
10.25206
-19.346298
32.29654428047895
24.459183
9.539566
-20.044739
33.030993154748806
23.742004
10.964554
-19.346298
32.52973211816672
23.742004
10.25206
-19.346298
32.29654428047895
24.459183
8.827057
-17.949417
31.596679551677678
23.742004
10.25206
-17.949417
31.479661945626695
25.176376
10.25206
-18.647858
32.96509162166852
23.02481
10.25206
-19.346298
31.77303697958774
23.02481
9.539566
-20.044739
31.983382678793138
23.742004
10.964554
-18.647858
32.1192598075662
23.02481
10.25206
-18.647858
31.352659501428263
23.742004
10.25206
-20.044739
32.71970509589749
24.459183
12.389557
-18.647858
33.158639316596286
24.459183
10.964554
-17.949417
32.259179516626546
25.176376
10.25206
-17.250977
32.19550871239652
24.459183
8.827057
-17.250977
31.20520422153671
25.893555
10.25206
-17.949417
33.13249841427409
26.610748
10.25206
-19.346298
34.46035213314897
24.459183
10.964554
-17.250977
31.87584155598631
25.176376
8.827057
-17.949417
32.15506937215538
25.176376
9.539566
-17.949417
32.357916960754174
24.459183
9.539566
-17.949417
31.803089841043747
24.459183
9.539566
-18.647858
32.20244646907669
23.742004
8.827057
-17.949417
31.044827444119516
24.459183
10.25206
-19.346298
32.82736084605626
23.742004
10.25206
-19.346298
32.29654428047895
23.02481
10.25206
-18.647858
31.352659501428263
25.893555
8.114563
-19.346298
33.3256892276814
24.459183
9.539566
-20.044739
33.030993154748806
23.742004
10.25206
-19.346298
32.29654428047895
23.02481
10.25206
-18.647858
31.352659501428263
24.459183
10.964554
-19.346298
33.05680443321673
24.459183
8.114563
-18.647858
31.80943778238229
23.742004
11.677063
-20.044739
33.1937964836805
23.02481
10.25206
-17.250977
30.54247590606656
25.176376
9.539566
-20.743164
33.98723407513658
23.742004
9.539566
-17.949417
31.254882431089868
23.742004
10.25206
-19.346298
32.29654428047895
25.176376
9.539566
-18.647858
32.750508777655845
25.893555
13.102066
-21.441605
36.081611527614555
25.176376
12.389557
-19.346298
34.082697208751505
23.02481
10.25206
-18.647858
31.352659501428263
25.176376
10.964554
-18.647858
33.19358318777516
24.459183
10.25206
-19.346298
32.82736084605626
23.742004
10.25206
-19.346298
32.29654428047895
23.742004
9.539566
-18.647858
31.661154605249315
25.176376
11.677063
-17.949417
33.05125192645885
25.176376
11.677063
-18.647858
33.435703806896306
24.459183
8.827057
-18.647858
31.998611420067903
23.742004
11.677063
-18.647858
32.36941727626074
25.893555
8.827057
-20.044739
33.914372946920494
24.459183
10.25206
-19.346298
32.82736084605626
24.459183
9.539566
-18.647858
32.20244646907669
23.742004
7.402054
-19.346298
31.507974251072536
26.610748
8.114563
-17.949417
33.10830210036072
24.459183
10.25206
-17.949417
32.02402166916559
24.459183
9.539566
-15.854111
30.66932976258101
25.176376
10.25206
-18.647858
32.96509162166852
25.176376
8.114563
-17.949417
31.96682068194644
25.176376
9.539566
-17.949417
32.357916960754174
25.176376
7.402054
-18.647858
32.19290192838031
25.176376
8.827057
-18.647858
32.5501059816103
26.610748
8.827057
-17.949417
33.29009565546485
26.610748
10.25206
-17.949417
33.69596730902119
25.893555
10.25206
-17.949417
33.13249841427409
26.610748
8.827057
-18.647858
33.671818807957756
25.893555
8.827057
-17.949417
32.71963794162842
24.459183
8.827057
-17.949417
31.596679551677678
25.176376
10.25206
-17.250977
32.19550871239652
25.893555
8.827057
-16.552551
31.974678511565504
25.893555
8.114563
-16.552551
31.78536243519521
25.893555
6.68956
-15.854111
31.08985822849581
25.893555
8.827057
-17.949417
32.71963794162842
25.893555
8.114563
-17.250977
32.15460242377831
27.327942
8.114563
-17.250977
33.320546049884896
26.610748
8.114563
-18.647858
33.49209729256571
27.327942
7.402054
-16.552551
32.796245974196495
25.893555
5.977066
-16.552551
31.307961871742783
27.327942
6.68956
-16.552551
32.64281833523551
26.610748
5.264557
-17.250977
32.147217663673864
25.893555
4.552063
-18.647858
32.23259318572681
26.610748
8.114563
-16.552551
32.37228700324264
25.176376
6.68956
-18.647858
32.03658301640778
26.610748
6.68956
-17.250977
32.411082541074975
26.610748
5.264557
-17.250977
32.147217663673864
26.610748
7.402054
-16.552551
32.20107420083218
24.459183
5.977066
-17.250977
30.52168378632384
27.327942
6.68956
-18.647858
33.75365467770212
25.176376
6.68956
-17.949417
31.635133589825312
25.176376
8.827057
-17.949417
32.15506937215538
25.893555
7.402054
-16.552551
31.610971830031776
25.893555
9.539566
-16.552551
32.17866421503638
23.742004
8.114563
-17.250977
30.44872939993248
24.459183
8.827057
-18.647858
31.998611420067903
23.742004
9.539566
-17.949417
31.254882431089868
24.459183
8.114563
-17.949417
31.405084905316787
23.02481
8.827057
-16.552551
29.699255485065404
24.459183
10.25206
-16.552551
31.26249066779399
23.742004
12.389557
-17.949417
32.23919165419048
24.459183
9.539566
-17.250977
31.414186846931216
24.459183
10.964554
-17.949417
32.259179516626546
23.742004
9.539566
-18.647858
31.661154605249315
22.307617
10.25206
-17.949417
30.412432928987386
22.307617
10.25206
-18.647858
30.82980782913267
23.02481
10.25206
-17.949417
30.942337058733138
22.307617
11.677063
-19.346298
31.753154447752312
21.590439
9.539566
-19.346298
30.519333012043365
22.307617
12.389557
-19.346298
32.022026110944324
21.590439
10.25206
-17.250977
29.476228090801197
23.742004
10.964554
-19.346298
32.52973211816672
23.02481
10.25206
-16.552551
30.15350031991259
23.742004
10.25206
-18.647858
31.88306998027617
23.02481
10.964554
-18.647858
31.592814958962585
20.873245
10.964554
-17.250977
29.21489362920264
23.02481
11.677063
-17.949417
31.443239450300062
23.02481
10.964554
-17.949417
31.1856525003887
23.742004
10.964554
-17.949417
31.71885583418304
23.02481
12.389557
-17.949417
31.714737661865303
23.02481
10.964554
-17.949417
31.1856525003887
23.02481
10.964554
-17.949417
31.1856525003887
24.459183
11.677063
-18.647858
32.89905807862799
22.307617
10.25206
-17.949417
30.412432928987386
23.02481
10.25206
-17.949417
30.942337058733138
23.742004
11.677063
-17.949417
31.97214726419847
23.742004
10.964554
-17.949417
31.71885583418304
22.307617
11.677063
-17.949417
30.921920398526552
23.742004
12.389557
-17.949417
32.23919165419048
24.459183
12.389557
-15.15567
31.32805583689373
23.742004
10.25206
-18.647858
31.88306998027617
24.459183
10.964554
-17.949417
32.259179516626546
25.893555
11.677063
-17.250977
33.23290943524581
24.459183
9.539566
-16.552551
31.036138328152532
23.742004
10.964554
-17.949417
31.71885583418304
23.742004
10.25206
-18.647858
31.88306998027617
25.176376
10.25206
-17.250977
32.19550871239652
24.459183
10.25206
-17.250977
31.637834560595227
24.459183
9.539566
-19.346298
32.61187175995116
25.176376
9.539566
-18.647858
32.750508777655845
23.742004
9.539566
-20.044739
32.50350229025808
25.893555
9.539566
-19.346298
33.70102059378173
23.742004
10.25206
-21.441605
33.593599200242934
23.742004
10.25206
-19.346298
32.29654428047895
25.176376
10.25206
-19.346298
33.36515977361341
25.176376
10.25206
-18.647858
32.96509162166852
23.742004
10.964554
-20.044739
32.949898342502514
24.459183
12.389557
-20.044739
33.96386773504216
25.176376
12.389557
-19.346298
34.082697208751505
23.02481
13.102066
-19.346298
32.80373952994441
23.742004
13.102066
-17.949417
32.51966427337658
24.459183
13.81456
-20.044739
34.50920535025763
23.742004
12.389557
-20.743164
33.87421982208133
23.742004
13.81456
-19.346298
33.59768145599857
23.742004
15.239563
-20.044739
34.60807171643181
23.02481
14.527054
-19.346298
33.398449378652856
21.590439
14.527054
-17.949417
31.612718210187474
23.742004
15.952057
-19.346298
34.53158229478125
23.742004
16.664566
-20.044739
35.2587879670622
23.02481
15.239563
-20.044739
34.1200488624357
24.459183
15.952057
-19.346298
35.02854583675292
23.02481
14.527054
-18.647858
32.99878482315201
21.590439
15.952057
-20.044739
33.50233929565591
22.307617
14.527054
-20.743164
33.748243950264474
23.02481
15.239563
-20.743164
34.534982829914654
23.02481
14.527054
-20.743164
34.22654020913449
22.307617
15.239563
-20.044739
33.6402385457366
23.02481
15.239563
-22.140045
35.39163388462643
23.742004
14.527054
-22.838486
36.00436713962627
21.590439
15.239563
-20.743164
33.59568671742885
22.307617
13.81456
-22.140045
34.33152257594779
23.02481
14.527054
-21.441605
34.654286252411296
23.742004
14.527054
-21.441605
35.134889344051594
22.307617
13.102066
-20.743164
33.1598063007951
23.742004
12.389557
-21.441605
34.30635902469468
22.307617
13.102066
-20.743164
33.1598063007951
23.742004
12.389557
-21.441605
34.30635902469468
24.459183
15.239563
-22.838486
36.77080751297488
23.742004
12.389557
-20.044739
33.45109062298548
24.459183
12.389557
-21.441605
34.80653842581161
25.176376
13.102066
-22.838486
36.429527496699876
23.02481
10.25206
-22.140045
33.54740262160768
25.893555
13.102066
-21.441605
36.081611527614555
23.02481
14.527054
-20.743164
34.22654020913449
25.176376
13.81456
-20.743164
35.42556911703219
25.176376
12.389557
-20.743164
34.894553770072775
24.459183
13.102066
-20.743164
34.6438245590484
24.459183
14.527054
-21.441605
35.62343746573315
25.893555
13.102066
-21.441605
36.081611527614555
25.176376
13.81456
-22.140045
36.261186649454295
25.176376
13.81456
-20.044739
35.02118848037749
25.893555
10.964554
-22.838486
36.225599613847834
27.327942
12.389557
-20.743164
36.477341399105214
24.459183
10.964554
-21.441605
34.325143176708856
26.610748
11.677063
-22.838486
36.960548606863405
24.459183
10.964554
-22.140045
34.76571102517447
25.176376
10.25206
-22.140045
35.0590392120028
24.459183
12.389557
-23.536926
36.135019358282314
25.893555
11.677063
-21.441605
35.588936310253956
25.176376
10.964554
-22.140045
35.27396957655177
24.459183
12.389557
-22.140045
35.241088606509805
27.327942
10.25206
-24.235352
37.93775741263577
24.459183
10.964554
-23.536926
35.671556749565895
24.459183
13.102066
-22.838486
35.937615488944864
23.742004
13.81456
-21.441605
34.84633888924883
24.459183
13.81456
-21.441605
35.33887634943456
24.459183
13.81456
-22.838486
36.20345543655847
23.02481
13.102066
-22.140045
34.525174451383116
23.742004
13.81456
-21.441605
34.84633888924883
25.176376
13.102066
-23.536926
36.871411371989815
23.02481
13.81456
-22.140045
34.80180526084908
23.742004
14.527054
-22.838486
36.00436713962627
23.742004
13.81456
-22.140045
35.280398849343385
25.893555
14.527054
-22.838486
37.45808204054567
24.459183
13.81456
-21.441605
35.33887634943456
23.742004
14.527054
-20.743164
34.71306595854344
24.459183
12.389557
-24.933792
37.060042867537945
23.742004
14.527054
-22.838486
36.00436713962627
24.459183
12.389557
-22.140045
35.241088606509805
23.02481
14.527054
-23.536926
35.98838788414952
23.02481
14.527054
-22.838486
35.5355270347947
22.307617
13.81456
-24.235352
35.71868164910346
24.459183
13.81456
-22.838486
36.20345543655847
24.459183
13.81456
-23.536926
36.64806361059544
25.176376
13.102066
-23.536926
36.871411371989815
23.742004
13.102066
-21.441605
34.57006444120042
23.742004
12.389557
-22.838486
35.196310508880046
25.176376
13.102066
-23.536926
36.871411371989815
23.742004
13.81456
-21.441605
34.84633888924883
25.893555
13.102066
-22.140045
36.50098491019198
24.459183
14.527054
-22.140045
36.04814150354183
24.459183
13.81456
-21.441605
35.33887634943456
26.610748
13.81456
-20.743164
36.458921126214086
25.176376
11.677063
-21.441605
35.070588346821154
25.893555
13.102066
-22.140045
36.50098491019198
24.459183
10.964554
-23.536926
35.671556749565895
23.742004
11.677063
-22.140045
34.499540021843046
24.459183
13.102066
-21.441605
35.066482616952044
24.459183
13.81456
-22.140045
35.7669594825308
25.176376
13.102066
-22.140045
35.99577306727746
25.176376
12.389557
-22.838486
36.179379621071796
25.893555
13.81456
-22.140045
36.76275122905911
23.742004
11.677063
-21.441605
34.05552895983815
25.176376
11.677063
-21.441605
35.070588346821154
24.459183
11.677063
-21.441605
34.55933883034548
23.742004
12.389557
-20.044739
33.45109062298548
26.610748
10.964554
-21.441605
35.89005019674673
25.893555
11.677063
-20.743164
35.172558717254994
27.327942
11.677063
-21.441605
36.64577189330647
27.327942
12.389557
-20.743164
36.477341399105214
26.610748
10.964554
-18.647858
34.2942553099732
25.893555
10.25206
-18.647858
33.51601835433507
25.176376
9.539566
-20.743164
33.98723407513658
24.459183
8.827057
-20.743164
33.26330575522561
25.893555
9.539566
-20.743164
34.521852510855354
23.742004
9.539566
-20.743164
32.93880638123234
24.459183
8.827057
-20.743164
33.26330575522561
25.176376
9.539566
-20.044739
33.56552957113332
24.459183
9.539566
-22.140045
34.34292537681524
24.459183
10.25206
-20.044739
33.243765569182294
23.742004
10.964554
-20.044739
32.949898342502514
25.176376
10.25206
-20.743164
34.1940568009678
24.459183
10.964554
-21.441605
34.325143176708856
25.176376
9.539566
-20.044739
33.56552957113332
21.590439
9.539566
-21.441605
31.888756988406197
24.459183
10.964554
-19.346298
33.05680443321673
23.742004
10.964554
-20.743164
33.379381442272866
23.742004
11.677063
-21.441605
34.05552895983815
23.742004
13.81456
-20.743164
34.420977774280324
24.459183
11.677063
-17.949417
32.50826217094664
24.459183
13.81456
-19.346298
34.10825482013115
23.742004
11.677063
-19.346298
32.77675880816695
25.176376
11.677063
-18.647858
33.435703806896306
24.459183
11.677063
-17.949417
32.50826217094664
23.742004
11.677063
-20.743164
33.620164034214646
23.742004
11.677063
-18.647858
32.36941727626074
25.893555
10.964554
-18.647858
33.74077926703642
24.459183
10.964554
-20.743164
33.89324347307292
25.176376
10.964554
-19.346298
33.59093011420642
23.742004
11.677063
-20.743164
33.620164034214646
23.742004
10.25206
-18.647858
31.88306998027617
23.02481
10.25206
-20.044739
32.20307761701997
24.459183
10.964554
-19.346298
33.05680443321673
23.742004
10.964554
-20.743164
33.379381442272866
23.742004
10.964554
-20.044739
32.949898342502514
24.459183
8.827057
-20.044739
32.8323042913245
23.742004
10.25206
-19.346298
32.29654428047895
23.742004
9.539566
-18.647858
31.661154605249315
25.176376
10.964554
-17.250977
32.429423067158474
25.176376
8.827057
-19.346298
32.95521419408657
25.176376
10.25206
-17.250977
32.19550871239652
25.176376
8.827057
-17.949417
32.15506937215538
24.459183
10.25206
-17.949417
32.02402166916559
25.176376
8.827057
-17.250977
31.770474297834696
25.893555
9.539566
-17.250977
32.543443019965636
25.176376
10.964554
-17.949417
32.806294055981084
25.893555
11.677063
-16.552551
32.875779755486406
24.459183
12.389557
-17.250977
32.39365488723254
25.176376
10.964554
-15.854111
31.708424658691854
25.176376
9.539566
-15.854111
31.244296354494846
25.176376
11.677063
-15.15567
31.621164926186108
26.610748
10.964554
-15.15567
32.52764374223677
25.893555
9.539566
-16.552551
32.17866421503638
27.327942
11.677063
-15.854111
33.68268206792717
25.893555
11.677063
-15.15567
32.19509922429965
26.610748
10.25206
-14.45723
31.972614968284283
25.893555
10.25206
-15.15567
31.706076208744083
26.610748
12.389557
-15.854111
33.361442412517924
28.04512
13.102066
-14.45723
34.1643724617199
25.893555
11.677063
-14.45723
31.87226838019564
27.327942
10.964554
-15.854111
33.442347779424814
26.610748
14.527054
-17.250977
34.882136226647226
26.610748
11.677063
-15.15567
32.77468617257742
27.327942
12.389557
-16.552551
34.26812576373816
27.327942
13.81456
-15.15567
34.166544794625125
26.610748
13.102066
-16.552551
33.96738080842229
27.327942
13.81456
-15.854111
34.482042144698305
24.459183
10.964554
-15.15567
30.792327281866726
28.762314
13.81456
-16.552551
35.945788785966464
27.327942
14.527054
-15.15567
34.460789609465024
26.610748
13.102066
-13.758789
32.697099898872914
26.610748
12.389557
-15.854111
33.361442412517924
25.176376
13.102066
-14.45723
31.85161711271992
27.327942
13.102066
-15.15567
33.88472819261651
25.893555
13.81456
-14.45723
32.71589387307127
25.893555
13.81456
-15.854111
33.35672376759763
25.893555
12.389557
-14.45723
32.1401426495162
26.610748
14.527054
-13.758789
33.293714655275025
26.610748
15.239563
-15.15567
34.20629410855004
26.610748
15.239563
-15.15567
34.20629410855004
28.762314
15.239563
-13.060364
35.072612317385556
25.176376
15.952057
-15.15567
33.43669318535963
24.459183
15.239563
-14.45723
32.241393367673524
24.459183
15.952057
-14.45723
32.58421892944785
25.893555
14.527054
-15.854111
33.65804893056786
25.893555
14.527054
-15.15567
33.33475379460414
25.893555
14.527054
-15.15567
33.33475379460414
25.893555
16.664566
-14.45723
34.01757537759433
26.610748
13.81456
-14.45723
33.28641575226766
28.04512
15.239563
-15.854111
35.63882509977268
28.762314
14.527054
-13.758789
35.037270892044376
27.327942
13.102066
-14.45723
33.57814863016851
26.610748
13.102066
-14.45723
32.997083130440295
27.327942
14.527054
-13.758789
33.86969155246878
26.610748
12.389557
-13.060364
32.12796374947376
28.04512
13.81456
-13.758789
34.15662704217788
28.04512
13.81456
-14.45723
34.443901117886604
27.327942
13.81456
-15.15567
34.166544794625125
27.327942
13.81456
-15.15567
34.166544794625125
27.327942
11.677063
-15.854111
33.68268206792717
27.327942
12.389557
-16.552551
34.26812576373816
28.04512
10.964554
-16.552551
34.361854730891274
27.327942
10.25206
-17.250977
33.904532646600146
26.610748
12.389557
-17.250977
34.04745582340735
28.04512
11.677063
-17.949417
35.28546739075983
27.327942
11.677063
-16.552551
34.017013780790634
28.762314
11.677063
-17.949417
35.85813927609393
28.04512
10.964554
-15.15567
33.71119369108909
28.04512
11.677063
-17.250977
34.93535114702048
27.327942
9.539566
-15.854111
33.002613310941946
27.327942
10.964554
-15.854111
33.442347779424814
27.327942
10.964554
-15.854111
33.442347779424814
27.327942
11.677063
-15.854111
33.68268206792717
28.04512
10.964554
-15.854111
34.030912819725394
25.893555
11.677063
-15.854111
32.5297227367238
28.04512
10.964554
-15.15567
33.71119369108909
28.04512
10.964554
-15.854111
34.030912819725394
25.893555
8.827057
-16.552551
31.974678511565504
28.04512
9.539566
-17.250977
34.28014255845686
28.04512
8.827057
-17.949417
34.44745559929826
28.04512
9.539566
-17.250977
34.28014255845686
28.04512
8.827057
-17.949417
34.44745559929826
28.762314
9.539566
-19.346298
35.95209622061348
27.327942
9.539566
-17.949417
34.05879065238701
25.893555
12.389557
-19.346298
34.6158430750556
28.04512
10.964554
-20.044739
36.17377154855262
27.327942
10.964554
-19.346298
35.23233087196865
26.610748
12.389557
-19.346298
35.155543395676766
26.610748
12.389557
-20.044739
35.54468399841072
27.327942
10.25206
-19.346298
35.01714493577575
26.610748
11.677063
-19.346298
34.91081515302153
25.893555
10.25206
-20.743164
34.725492988311196
25.893555
10.964554
-20.743164
34.94247504828471
27.327942
12.389557
-19.346298
35.70149579160252
25.893555
10.25206
-18.647858
33.51601835433507
26.610748
10.25206
-21.441605
35.67883131362699
25.893555
9.539566
-21.441605
34.94598580421112
26.610748
11.677063
-19.346298
34.91081515302153
25.893555
11.677063
-18.647858
33.979002808145175
25.176376
10.25206
-19.346298
33.36515977361341
24.459183
11.677063
-20.044739
33.71048757666151
24.459183
11.677063
-20.743164
34.1304010721197
25.893555
12.389557
-20.044739
35.010981117759684
25.176376
13.102066
-19.346298
34.34811981697015
25.176376
11.677063
-21.441605
35.070588346821154
25.893555
10.964554
-21.441605
35.36156194905087
24.459183
10.964554
-20.044739
33.47035477011709
25.176376
10.964554
-20.044739
33.99798398492273
25.176376
10.25206
-21.441605
34.62220416848666
26.610748
9.539566
-20.743164
35.0630013333143
25.176376
10.964554
-22.140045
35.27396957655177
25.893555
10.964554
-20.044739
34.53243776237785
24.459183
11.677063
-21.441605
34.55933883034548
25.893555
10.964554
-22.140045
35.78937373664056
25.893555
11.677063
-20.743164
35.172558717254994
27.327942
12.389557
-21.441605
36.87899044881025
25.893555
11.677063
-19.346298
34.367270082590025
27.327942
10.964554
-21.441605
36.42499517415891
25.893555
10.964554
-21.441605
35.36156194905087
27.327942
10.25206
-20.743164
35.80781969307647
27.327942
10.25206
-20.044739
35.40780488090691
27.327942
10.964554
-20.743164
36.018282168790684
28.04512
10.25206
-21.441605
36.76106438192708
27.327942
8.827057
-20.044739
35.02177754403323
26.610748
8.114563
-22.838486
35.99408927713861
27.327942
10.964554
-21.441605
36.42499517415891
25.893555
7.402054
-21.441605
34.42396016153756
26.610748
8.114563
-22.140045
35.55502310460155
28.04512
7.402054
-22.140045
36.48973461703819
28.04512
7.402054
-22.140045
36.48973461703819
28.04512
6.68956
-20.044739
35.11510439455684
25.176376
6.68956
-19.346298
32.44810309604014
26.610748
5.264557
-22.140045
35.01469766732786
28.04512
7.402054
-20.743164
35.65947310969327
27.327942
8.114563
-20.743164
35.255374147071535
26.610748
8.114563
-20.743164
34.702403892778094
29.479492
7.402054
-22.140045
37.603356913603804
26.610748
7.402054
-22.838486
35.840184134964
27.327942
5.264557
-21.441605
35.13224180240282
26.610748
6.68956
-21.441605
34.82275853114957
27.327942
5.264557
-23.536926
36.44885181769276
26.610748
8.827057
-21.441605
35.29576829827656
25.893555
7.402054
-22.838486
35.31094783646249
27.327942
5.977066
-22.140045
35.67524896439932
26.610748
8.827057
-21.441605
35.29576829827656
26.610748
8.827057
-22.838486
36.16137806654878
25.176376
7.402054
-22.140045
34.33397587542204
26.610748
8.827057
-23.536926
36.60649729940369
28.04512
8.827057
-20.743164
35.98228188115645
28.04512
8.114563
-20.743164
35.81415653891279
27.327942
10.964554
-20.743164
36.018282168790684
27.327942
9.539566
-21.441605
36.021689768652756
25.893555
7.402054
-22.140045
34.86327928046213
26.610748
10.964554
-23.536926
37.17983606689165
27.327942
10.964554
-22.140045
36.840459856275885
25.893555
10.964554
-21.441605
35.36156194905087
25.893555
11.677063
-22.140045
36.01404721327065
26.610748
10.25206
-22.140045
36.102883719872366
25.893555
9.539566
-21.441605
34.94598580421112
25.176376
10.25206
-20.743164
34.1940568009678
28.04512
12.389557
-21.441605
37.41352986283004
25.176376
10.964554
-20.743164
34.41438971893243
25.893555
12.389557
-20.743164
35.41547830420514
27.327942
12.389557
-21.441605
36.87899044881025
25.893555
12.389557
-20.044739
35.010981117759684
27.327942
10.25206
-22.140045
36.63472100621383
27.327942
10.964554
-20.743164
36.018282168790684
25.893555
12.389557
-20.743164
35.41547830420514
26.610748
11.677063
-22.140045
36.53309949071441
28.04512
10.25206
-20.044739
35.96421900762096
28.04512
10.25206
-20.044739
35.96421900762096
25.893555
10.25206
-20.743164
34.725492988311196
26.610748
10.25206
-20.743164
35.263515181128604
26.610748
9.539566
-21.441605
35.48066464254246
26.610748
8.827057
-21.441605
35.29576829827656
28.04512
8.827057
-20.743164
35.98228188115645
28.04512
9.539566
-20.044739
35.767633530867506
28.762314
10.964554
-20.044739
36.73259712307653
26.610748
8.827057
-20.044739
34.46505958258668
27.327942
10.25206
-18.647858
34.63616168528295
26.610748
8.827057
-20.044739
34.46505958258668
28.762314
8.114563
-17.949417
34.86112935410656
28.762314
7.402054
-21.441605
36.630635631897995
28.04512
9.539566
-20.743164
36.16366841300724
26.610748
8.827057
-20.044739
34.46505958258668
28.762314
8.114563
-20.044739
35.9848363517972
28.762314
8.827057
-20.743164
36.544035802499636
30.196686
7.402054
-20.743164
37.37524822241988
28.04512
8.827057
-20.743164
35.98228188115645
28.762314
6.68956
-18.647858
34.92511170682744
29.479492
8.827057
-18.647858
35.98193923584268
28.762314
7.402054
-18.647858
35.06855729763487
28.04512
7.402054
-20.743164
35.65947310969327
28.04512
6.68956
-19.346298
34.72114957110525
28.04512
9.539566
-19.346298
35.38094514419979
28.762314
8.827057
-19.346298
35.769636829933184
29.479492
8.114563
-21.441605
37.34473227003124
27.327942
8.114563
-20.044739
34.849018659963725
28.762314
5.977066
-19.346298
35.17492385997001
26.610748
7.402054
-20.743164
34.542744127747
27.327942
7.402054
-18.647858
33.90205547211518
28.762314
8.827057
-20.743164
36.544035802499636
27.327942
8.114563
-19.346298
34.452021311687034
28.04512
8.114563
-18.647858
34.642711089645175
28.04512
9.539566
-20.044739
35.767633530867506
28.762314
8.827057
-20.743164
36.544035802499636
26.610748
8.827057
-20.044739
34.46505958258668
27.327942
9.539566
-20.743164
35.61037254526411
29.479492
10.964554
-18.647858
36.56507235876284
28.04512
10.25206
-18.647858
35.20477380459662
28.762314
10.964554
-17.250977
35.28580988026561
29.479492
9.539566
-17.250977
35.463218869388115
27.327942
8.827057
-17.949417
33.86613230045893
27.327942
10.25206
-20.044739
35.40780488090691
25.893555
10.25206
-20.743164
34.725492988311196
26.610748
10.964554
-19.346298
34.678993185491635
27.327942
10.964554
-20.044739
35.62063089984686
27.327942
8.827057
-18.647858
34.24143618700065
27.327942
11.677063
-20.044739
35.846363720636816
27.327942
12.389557
-19.346298
35.70149579160252
27.327942
9.539566
-17.949417
34.05879065238701
28.04512
11.677063
-19.346298
36.01613340205157
28.762314
10.964554
-20.044739
36.73259712307653
28.04512
9.539566
-20.044739
35.767633530867506
25.893555
12.389557
-21.441605
35.8290346864453
26.610748
12.389557
-19.346298
35.155543395676766
28.762314
13.102066
-18.647858
36.69710299416103
25.893555
11.677063
-20.743164
35.172558717254994
26.610748
11.677063
-18.647858
34.52865869802033
26.610748
10.25206
-17.949417
33.69596730902119
28.04512
10.964554
-20.044739
36.17377154855262
28.04512
11.677063
-20.044739
36.39607220931436
28.04512
8.827057
-19.346298
35.19552493692824
30.196686
8.827057
-19.346298
36.932858144776546
30.196686
10.964554
-21.441605
38.62387488248039
28.762314
9.539566
-19.346298
35.95209622061348
27.327942
10.25206
-19.346298
35.01714493577575
30.196686
9.539566
-17.949417
36.4008881512955
28.04512
9.539566
-16.552551
33.93403959107654
28.762314
8.114563
-18.647858
35.22583391489831
29.479492
8.827057
-18.647858
35.98193923584268
26.610748
9.539566
-17.250977
33.11693592880386
28.762314
6.68956
-17.949417
34.55723357819785
29.479492
7.402054
-17.949417
35.29890155758214
28.762314
8.114563
-19.346298
35.600507273971004
28.04512
7.402054
-17.949417
34.110126537758184
27.327942
8.114563
-17.949417
33.68744745763528
28.762314
8.827057
-17.949417
35.033828517948194
28.762314
7.402054
-17.949417
34.70219986947873
30.91388
8.114563
-17.949417
36.65645480281662
30.91388
8.827057
-17.949417
36.82073602689794
30.91388
5.977066
-18.647858
36.59420533715431
30.196686
5.264557
-17.250977
35.173166069151705
28.04512
5.977066
-18.647858
34.205214574704286
28.762314
5.977066
-17.949417
34.426408646628936
28.04512
5.264557
-18.647858
34.087929512901816
30.196686
5.264557
-17.949417
35.52093833989856
28.762314
6.68956
-20.743164
36.08739121476503
29.479492
7.402054
-18.647858
35.65912907416732
29.479492
6.68956
-19.346298
35.88969136519653
29.479492
8.114563
-18.647858
35.8138122850755
29.479492
5.977066
-20.044739
36.146332774527416
28.762314
5.977066
-18.647858
34.79566995275328
28.762314
5.264557
-17.949417
34.309879724063265
29.479492
3.8395538
-20.044739
35.85490508633372
29.479492
4.552063
-20.044739
35.93818613475435
30.196686
3.8395538
-17.949417
35.33785041389756
29.479492
3.8395538
-19.346298
35.46916815557474
30.196686
5.264557
-17.949417
35.52093833989856
31.631058
3.8395538
-19.346298
37.27660510408556
29.479492
5.264557
-17.949417
34.91328718511496
28.762314
5.264557
-19.346298
35.06088280305685
29.479492
5.264557
-19.346298
35.65158170853451
30.196686
7.402054
-18.647858
36.25427978507331
