-31.611908
-20.791199
-7.471878
38.567028008573104
-32.3291
-20.791199
-6.7734375
39.02978630161841
-30.177536
-18.653702
-6.7734375
36.11819045357374
-29.460342
-20.791199
-6.7734375
36.68876102496342
-30.894714
-18.653702
-6.075012
36.5971273660285
-30.894714
-17.941208
-5.3765717
36.12862898078544
-28.743164
-20.078705
-8.170319
36.00108335772255
-30.894714
-19.366196
-6.075012
36.965371913496625
-30.894714
-17.228699
-5.3765717
35.78014804525863
-31.611908
-17.228699
-7.471878
36.76914261487222
-29.460342
-19.366196
-8.170319
36.18999107628465
-29.460342
-19.366196
-7.471878
36.03873309653275
-30.177536
-18.653702
-8.868759
36.569101634247694
-30.177536
-20.791199
-8.868759
37.704277593240334
-30.894714
-21.503708
-9.5672
38.83843550229109
-30.894714
-20.078705
-7.471878
37.59610082009835
-28.743164
-20.078705
-8.170319
36.00108335772255
-30.177536
-20.791199
-8.170319
37.54612885494572
-29.460342
-20.791199
-10.265625
37.49091686870634
-28.02597
-20.791199
-8.868759
36.00533170424642
-30.894714
-20.078705
-7.471878
37.59610082009835
-30.177536
-22.216202
-10.265625
38.85391026362002
-28.743164
-22.216202
-9.5672
37.56674723804119
-29.460342
-20.791199
-8.868759
37.132744286440605
-28.02597
-20.791199
-9.5672
36.18370149537289
-28.743164
-20.078705
-8.868759
36.16598899194691
-28.02597
-21.503708
-10.265625
36.786513270405905
-28.02597
-22.216202
-10.265625
37.207495280899046
-28.743164
-20.078705
-10.964066
36.73601156764895
-28.743164
-22.216202
-10.265625
37.75065804217441
-27.308777
-20.791199
-8.170319
35.28168594726235
-27.308777
-21.503708
-10.964066
36.447076759280364
-28.743164
-21.503708
-8.868759
36.976125901975585
-28.02597
-20.078705
-9.5672
35.77905288014203
-30.177536
-22.216202
-10.964066
39.04425667741912
-30.177536
-21.503708
-11.662506
38.84722870082723
-29.460342
-21.503708
-9.5672
37.70745999218855
-26.591599
-20.791199
-10.964066
35.490812590307264
-30.177536
-20.078705
-11.662506
38.07692281134664
-28.02597
-22.216202
-10.265625
37.207495280899046
-29.460342
-20.078705
-11.662506
37.5110677026836
-28.743164
-20.791199
-11.662506
37.3424359078415
-29.460342
-18.653702
-11.662506
36.7680088474937
-28.743164
-20.791199
-10.964066
37.13023262524337
-28.02597
-20.791199
-9.5672
36.18370149537289
-28.743164
-20.078705
-10.964066
36.73601156764895
-29.460342
-20.791199
-9.5672
37.30572397120347
-29.460342
-21.503708
-10.964066
38.08585016015626
-28.743164
-18.653702
-10.265625
35.77028352688514
-28.02597
-20.078705
-10.265625
35.972106299751545
-29.460342
-19.366196
-9.5672
36.53070866793101
-28.743164
-20.078705
-10.265625
36.53364078735772
-29.460342
-19.366196
-10.964066
36.92115920539755
-29.460342
-17.228699
-13.059387
36.54158556474989
-27.308777
-18.653702
-12.360947
35.30613016387434
-30.177536
-18.653702
-11.662506
37.34512451706799
-31.611908
-19.366196
-10.265625
38.46745847242998
-29.460342
-18.653702
-8.868759
35.97954062727872
-28.743164
-18.653702
-11.662506
36.195913651116236
-30.177536
-17.228699
-9.5672
36.04223867561503
-30.177536
-17.228699
-13.059387
37.12222146062753
-30.894714
-18.653702
-10.964066
37.718094637533554
-28.743164
-19.366196
-9.5672
35.954836171795094
-32.3291
-17.228699
-10.265625
38.044471818353585
-30.894714
-18.653702
-11.662506
37.92700894893374
-30.177536
-16.516205
-8.868759
35.52637973712721
-32.3291
-17.941208
-8.868759
38.022528144303806
-32.3291
-19.366196
-8.868759
38.7153102033372
-30.894714
-16.516205
-9.5672
36.31528334857791
-31.611908
-17.941208
-8.868759
37.41463101859769
-30.894714
-17.941208
-8.868759
36.81066786346979
-30.177536
-17.228699
-8.868759
35.86316530894286
-31.611908
-18.653702
-8.170319
37.60355655812775
-29.460342
-19.366196
-8.868759
36.354039815920046
-30.177536
-20.078705
-8.868759
37.316121447999855
-30.177536
-19.366196
-9.5672
37.111513096300385
-30.894714
-20.791199
-8.868759
38.280703121093694
-30.894714
-20.078705
-8.170319
37.741117733493766
-29.460342
-19.366196
-11.662506
37.13455724519783
-28.743164
-20.078705
-9.5672
36.3435719847317
-30.894714
-18.653702
-9.5672
37.33597918626047
-28.743164
-20.078705
-10.265625
36.53364078735772
-28.743164
-21.503708
-10.265625
37.335800997605666
-28.743164
-22.216202
-10.265625
37.75065804217441
-28.02597
-22.216202
-10.265625
37.207495280899046
-28.02597
-21.503708
-11.662506
37.20051800767111
-28.02597
-23.641205
-10.964066
38.26973040962008
-27.293152
-22.203506
-10.257324
36.64866316414216
-27.293152
-22.916
-10.955765
37.28388408810585
-26.575974
-23.62851
-10.257324
37.0108296809444
-28.010345
-22.203506
-10.955765
37.3845423123816
-27.293152
-24.341003
-12.352646
38.600369498110055
-26.575974
-22.203506
-11.654205
36.53900153004321
-25.85878
-24.341003
-11.654205
37.37621496771042
-28.010345
-22.916
-10.257324
37.61562415624739
-25.85878
-22.916
-10.257324
36.04208965310558
-25.85878
-23.62851
-9.558899
36.309165079219326
-27.293152
-24.341003
-10.257324
37.981749317929
-26.575974
-22.916
-10.257324
36.560061016407474
-25.85878
-22.916
-11.654205
36.46423092180541
-25.85878
-24.341003
-10.955765
37.16436057926498
-26.575974
-22.203506
-10.257324
36.117734184971376
-25.85878
-22.203506
-12.352646
36.25272585387115
-28.010345
-22.203506
-11.654205
37.59515596394202
-25.85878
-23.62851
-10.257324
36.499254192936945
-27.293152
-22.203506
-10.955765
36.85024659114407
-25.85878
-25.053513
-11.654205
37.844095141902585
-25.141602
-23.62851
-13.051086
36.88817461948764
-28.010345
-22.203506
-12.352646
37.81749708716192
-27.293152
-21.491013
-10.955765
36.42538392042011
-27.293152
-22.203506
-12.352646
37.28940541037595
-27.293152
-22.203506
-12.352646
37.28940541037595
-25.85878
-22.203506
-13.051086
36.496616990589864
-26.575974
-23.62851
-10.955765
37.21045116336605
-26.575974
-22.203506
-13.051086
37.00822728419655
-26.575974
-22.203506
-11.654205
36.53900153004321
-28.010345
-21.491013
-11.654205
37.17880675700876
-27.293152
-20.778503
-13.051086
36.70140547802632
-27.293152
-20.06601
-10.955765
35.60322628189316
-27.293152
-20.778503
-11.654205
36.22820600245408
-26.575974
-22.916
-10.955765
36.762130292364894
-28.010345
-20.778503
-13.749512
37.48832826173201
-27.293152
-22.203506
-10.955765
36.85024659114407
-28.010345
-22.916
-10.257324
37.61562415624739
-26.575974
-22.916
-10.257324
36.560061016407474
-28.010345
-22.916
-12.352646
38.24016768797814
-27.293152
-21.491013
-8.860458
35.85090620313436
-28.72754
-23.62851
-10.257324
38.584848416752266
-28.010345
-22.203506
-10.257324
37.18585539955851
-28.010345
-22.203506
-8.860458
36.82503069573992
-28.010345
-23.62851
-10.257324
38.05389116519492
-27.293152
-22.916
-9.558899
36.897584781328334
-27.293152
-22.203506
-10.257324
36.64866316414216
-29.444717
-22.203506
-8.860458
37.92749333895614
-27.293152
-22.203506
-8.860458
36.2824965467381
-29.444717
-22.916
-8.162018
38.193625800096704
-29.444717
-23.62851
-10.257324
39.12173945579203
-27.293152
-24.341003
-8.162018
37.47024372804456
-28.010345
-23.62851
-7.4635773
37.39773980313266
-28.72754
-23.62851
-8.860458
38.23722755756571
-28.72754
-22.916
-9.558899
37.970871854291154
-26.575974
-22.916
-9.558899
36.370289710597746
-26.575974
-23.62851
-10.257324
37.0108296809444
-26.575974
-24.341003
-10.955765
37.666903964845254
-26.575974
-25.053513
-9.558899
37.75358756493795
-26.575974
-24.341003
-8.860458
37.111649601342336
-25.141602
-25.053513
-10.257324
36.94578745861969
-26.575974
-26.4785
-9.558899
38.71389762269649
-24.424408
-25.053513
-8.162018
35.92838369427175
-25.141602
-24.341003
-9.558899
36.276123736147895
-28.010345
-25.766006
-8.860458
39.076517797317386
-25.85878
-25.053513
-9.558899
37.25221522356087
-25.141602
-26.4785
-9.558899
37.74365827837009
-28.010345
-25.053513
-7.4635773
38.314003844873746
-26.575974
-25.053513
-8.162018
37.42431489958266
-25.141602
-26.4785
-7.4635773
37.26816520430423
-27.293152
-26.4785
-8.162018
38.89274520887941
-25.141602
-25.766006
-8.162018
36.91349123235213
-25.85878
-24.341003
-7.4635773
36.288646223392824
-23.707214
-25.766006
-7.4635773
35.79977686295684
-25.216309
-25.826553
-6.779785
36.726536740843976
-28.085052
-25.11406
-6.779785
38.28121811223162
-25.918839
-24.391296
-6.777832
36.23065721817557
-26.636032
-25.103806
-7.4762726
37.35738016161014
-26.636032
-25.8163
-6.777832
37.70806859943903
-25.918839
-25.8163
-6.777832
37.20492632661366
-25.20166
-24.391296
-6.777832
35.72111486047153
-26.636032
-24.391296
-6.777832
36.747143277573294
-25.918839
-24.391296
-6.0794067
36.1065199947712
-25.918839
-22.966293
-6.777832
35.28704834992578
-24.484467
-25.8163
-8.174713
36.50748398231176
-25.918839
-24.391296
-6.0794067
36.1065199947712
-26.636032
-24.391296
-6.777832
36.747143277573294
-25.918839
-22.2538
-6.777832
34.827529155961884
-27.35321
-22.966293
-6.0794067
36.229931136509904
-26.636032
-22.2538
-7.4762726
35.50499249665461
-27.35321
-23.678802
-6.777832
36.807917000371674
-26.636032
-24.391296
-5.380966
36.515317446287185
-25.918839
-22.2538
-6.0794067
34.698372451474576
-28.070404
-23.678802
-6.0794067
37.22354804820297
-27.35321
-22.2538
-7.4762726
36.046141829886764
-25.918839
-23.678802
-4.6825256
35.41748084235735
-28.787598
-22.966293
-5.380966
37.217351136075465
-28.070404
-22.2538
-4.6825256
36.126240111716236
-27.35321
-22.966293
-4.6825256
36.02186429144458
-28.070404
-22.2538
-3.2856445
35.97185857548926
-28.070404
-22.2538
-4.6825256
36.126240111716236
-28.787598
-22.2538
-4.6825256
36.68628385175531
-27.35321
-22.966293
-2.5872192
35.809808813041194
-27.35321
-22.966293
-3.2856445
35.867033495912025
-26.636032
-22.966293
-2.5872192
35.26503308652567
-27.35321
-23.678802
-3.2856445
36.32738910544976
-26.636032
-23.678802
-3.2856445
35.79049075544543
-26.636032
-22.966293
-3.2856445
35.3231403355373
-26.636032
-23.678802
-1.8887787
35.68937269331288
-27.35321
-22.966293
-1.1903381
35.73605394776839
-27.35321
-22.2538
-1.8887787
35.31284741256095
-25.20166
-23.678802
-2.5872192
34.67712577128924
-26.636032
-24.391296
-1.8887787
36.16602105708565
-23.767273
-25.103806
-3.984085
34.79880965378432
-26.636032
-24.391296
-2.5872192
36.20921567508315
-25.20166
-25.8163
-3.984085
36.29707846746674
-26.636032
-23.678802
-4.6825256
35.94565124949053
-26.636032
-25.103806
-3.2856445
36.7488041897284
-25.20166
-25.103806
-2.5872192
35.665367411779
-28.070404
-25.103806
-1.1903381
37.67712239221319
-25.20166
-24.391296
-3.2856445
35.22576460756388
-25.918839
-23.678802
-2.5872192
35.20178474756731
-24.484467
-24.391296
-4.6825256
34.87621630663492
-24.484467
-25.103806
-3.2856445
35.22052804407005
-23.767273
-25.8163
-3.984085
35.316248763958676
-25.918839
-26.528793
-1.8887787
37.136646229352245
-25.20166
-26.528793
-2.5872192
36.68234232272048
-24.484467
-25.8163
-2.5872192
35.674419190371026
-26.636032
-25.103806
-0.49189758
36.6049333092976
-23.767273
-25.103806
-2.5872192
34.66666920979809
-24.484467
-24.391296
-3.984085
34.78932829591928
-25.918839
-25.103806
-1.1903381
36.10268930155602
-25.918839
-24.391296
-3.2856445
35.74236936429141
-25.20166
-26.528793
-1.8887787
36.639705478867114
-27.35321
-24.391296
-1.1903381
36.668111691755584
-25.918839
-23.678802
-1.1903381
35.126753250838775
-26.636032
-23.678802
-1.1903381
35.65923006006387
-26.636032
-24.391296
-2.5872192
36.20921567508315
-25.918839
-24.391296
-0.49189758
35.59443075786664
-26.636032
-24.391296
-1.1903381
36.13627601643448
-25.918839
-24.391296
-0.49189758
35.59443075786664
-24.484467
-24.391296
-1.1903381
34.58093851522469
-25.918839
-24.391296
-1.8887787
35.641114776336615
-25.918839
-25.8163
-3.2856445
36.729592813986514
-26.636032
-22.966293
-1.8887787
35.220680542695725
-26.636032
-22.2538
-3.2856445
34.86409684795287
-26.636032
-24.391296
-3.2856445
36.265810129859226
-25.918839
-22.966293
-3.2856445
34.78551748303452
-25.20166
-24.391296
-1.8887787
35.123020754400706
-26.636032
-23.678802
-1.8887787
35.68937269331288
-26.636032
-25.103806
-1.8887787
36.65033020453653
-29.504776
-25.103806
-2.5872192
38.825592535622526
-25.20166
-22.2538
-2.5872192
33.72015643788315
-25.20166
-22.966293
-3.984085
34.328517934141686
-26.636032
-21.541306
-3.984085
34.48737491199225
-26.636032
-23.678802
-1.8887787
35.68937269331288
-28.070404
-22.966293
-3.2856445
36.41694116088863
-25.918839
-21.541306
-2.5872192
33.801001322885206
-28.070404
-22.966293
-1.8887787
36.317567350280875
-25.20166
-24.391296
-3.984085
35.29776206554656
-27.35321
-22.966293
-1.1903381
35.73605394776839
-26.636032
-22.966293
-2.5872192
35.26503308652567
-25.918839
-22.966293
-3.2856445
34.78551748303452
-25.918839
-24.391296
-3.2856445
35.74236936429141
-27.35321
-24.391296
-2.5872192
36.73999551589266
-26.636032
-24.391296
-2.5872192
36.20921567508315
-25.20166
-22.2538
-3.2856445
33.780921165143276
-25.918839
-22.966293
-2.5872192
34.726510650973665
-25.20166
-22.2538
-5.380966
34.04864253672604
-23.767273
-25.8163
-2.5872192
35.18605160484851
-24.484467
-25.103806
-4.6825256
35.37818835013319
-23.767273
-25.103806
-3.2856445
34.725777725946976
-24.484467
-23.678802
-3.984085
34.293552302031756
-24.484467
-25.8163
-4.6825256
35.887274685813075
-23.050095
-24.391296
-2.5872192
33.65911337343777
-23.767273
-24.391296
-3.984085
34.28835849556395
-21.615723
-23.678802
-5.380966
32.50969093797744
-23.050095
-25.103806
-3.2856445
34.238915647645186
-23.050095
-25.103806
-1.8887787
34.13320142402592
-23.050095
-26.528793
-3.984085
35.36886575844725
-21.615723
-27.953796
-3.984085
35.56018981402342
-21.615723
-25.8163
-4.6825256
33.994806229568916
-21.615723
-25.8163
-4.6825256
33.994806229568916
-21.615723
-23.678802
-4.6825256
32.40140731957584
-21.615723
-25.8163
-3.984085
33.905659557071
-20.89853
-25.8163
-5.380966
33.6479522762205
-20.181335
-26.528793
-6.0794067
33.882478346000426
-22.332901
-26.528793
-5.380966
35.09259341092772
-21.615723
-25.103806
-5.380966
33.561814398840056
-20.89853
-25.103806
-3.984085
32.906268548190404
-20.89853
-27.953796
-6.0794067
35.42770718693827
-21.615723
-27.241302
-4.6825256
35.08922952018629
-20.181335
-26.528793
-4.6825256
33.65990397701972
-21.615723
-26.528793
-4.6825256
34.53899799954394
-21.615723
-25.8163
-7.4762726
34.49080281054103
-21.615723
-26.528793
-6.777832
34.884886731443245
-22.332901
-26.528793
-3.2856445
34.83289664206183
-21.615723
-26.528793
-4.6825256
34.53899799954394
-23.050095
-25.8163
-6.777832
35.26651631294992
-22.332901
-25.8163
-7.4762726
34.944733500401206
-23.767273
-26.528793
-5.380966
36.02242343644268
-23.050095
-25.103806
-5.380966
34.50308346444832
-23.767273
-26.528793
-6.0794067
36.1333555702432
-24.484467
-24.391296
-5.380966
34.97683908618584
-23.050095
-25.103806
-6.777832
34.74833664240725
-23.050095
-23.678802
-7.4762726
33.88048416170067
-25.20166
-25.103806
-6.0794067
36.08717134310855
-24.484467
-25.8163
-6.777832
36.22029022285886
-23.050095
-24.391296
-6.0794067
34.10573875487269
-23.767273
-26.528793
-4.6825256
35.92472938855107
-25.20166
-26.528793
-7.4762726
37.34695658304201
-24.484467
-25.8163
-6.777832
36.22029022285886
-24.484467
-25.8163
-5.380966
35.98507041772671
-24.484467
-25.103806
-7.4762726
35.85505318455388
-25.918839
-25.103806
-5.380966
36.482079692252675
-26.636032
-25.103806
-5.380966
36.995054172188006
-26.636032
-25.103806
-6.0794067
37.10307841317719
-27.35321
-25.8163
-5.380966
37.99518755505426
-25.20166
-23.678802
-5.380966
34.99663069720069
-24.484467
-25.103806
-6.777832
35.715950923790686
-25.918839
-26.528793
-6.0794067
37.58353651263908
-25.918839
-23.678802
-6.0794067
35.62907734342485
-25.20166
-25.103806
-6.0794067
36.08717134310855
-27.35321
-25.103806
-5.380966
37.51471716415106
-25.20166
-23.678802
-6.777832
35.2384490438445
-25.20166
-25.8163
-8.174713
36.992308770920545
-24.484467
-24.391296
-8.174713
35.514086870014516
-24.484467
-25.8163
-7.4762726
36.357462951981226
-26.636032
-27.241302
-6.0794067
38.58142041159919
-24.484467
-27.241302
-7.4762726
37.38278066221215
-25.20166
-25.8163
-8.174713
36.992308770920545
-23.767273
-26.528793
-6.777832
36.257400914761526
-24.484467
-26.528793
-7.4762726
36.86679430681406
-25.20166
-26.528793
-8.174713
37.493018555855
-24.484467
-25.8163
-7.4762726
36.357462951981226
-24.484467
-26.528793
-8.174713
37.01475107136343
-23.767273
-27.953796
-6.777832
37.312691386129764
-23.767273
-27.241302
-6.777832
36.78193532974526
-24.484467
-26.528793
-8.174713
37.01475107136343
-23.050095
-28.666306
-8.174713
37.68142636071683
-23.767273
-26.528793
-6.777832
36.257400914761526
-23.767273
-27.953796
-7.4762726
37.445862614621724
-23.767273
-28.666306
-7.4762726
37.98071924252735
-23.050095
-28.666306
-6.777832
37.40324758209506
-23.767273
-27.953796
-7.4762726
37.445862614621724
-23.050095
-27.953796
-5.380966
36.62890270908856
-23.767273
-28.666306
-6.777832
37.84942992573501
-25.20166
-30.091293
-6.777832
39.83150240681834
-24.484467
-30.091293
-6.777832
39.38164626447198
-23.767273
-28.666306
-5.380966
37.624396537934665
-23.050095
-27.241302
-5.380966
36.088091412498876
-23.767273
-28.666306
-6.777832
37.84942992573501
-24.484467
-29.3788
-6.0794067
38.72418022100742
-24.484467
-28.666306
-6.777832
38.303851746185394
-23.767273
-27.953796
-6.0794067
37.192165870629765
-23.767273
-27.241302
-6.0794067
36.65966489581482
-23.767273
-27.953796
-6.0794067
37.192165870629765
-25.20166
-27.241302
-5.380966
37.49889321283363
-23.767273
-27.953796
-5.380966
37.084401136019274
-23.050095
-29.3788
-5.380966
37.72764885705509
-25.20166
-28.666306
-5.380966
38.546537734134596
-23.767273
-27.241302
-7.4762726
36.9170212107928
-24.484467
-28.666306
-6.777832
38.303851746185394
-24.484467
-29.3788
-6.777832
38.83995198397119
-25.918839
-27.241302
-7.4762726
38.33757176947554
-25.20166
-27.241302
-7.4762726
37.85639723380234
-24.484467
-27.953796
-6.0794067
37.654522133594725
-25.20166
-26.528793
-7.4762726
37.34695658304201
-25.918839
-27.241302
-5.380966
37.98459674451935
-25.20166
-28.666306
-6.0794067
38.65022594785589
-25.918839
-25.8163
-6.777832
37.20492632661366
-25.918839
-27.953796
-6.0794067
38.60259261047113
-25.20166
-25.8163
-4.6825256
36.38036566417901
-28.070404
-27.953796
-6.0794067
40.078941268490674
-25.828018
-26.45897
-6.763672
37.58870693003252
-27.26239
-25.746475
-6.763672
38.103362199909604
-27.979584
-25.033981
-4.6683655
37.83319907367652
-25.828018
-25.746475
-3.969925
36.68416256646899
-25.828018
-23.608978
-4.6683655
35.30246504262751
-25.11084
-26.45897
-6.0652466
36.97862327212254
-27.26239
-25.033981
-5.366806
37.39974228061271
-26.545212
-25.746475
-4.6683655
37.273621718000015
-25.828018
-25.746475
-4.6683655
36.76630398066193
-27.979584
-25.746475
-4.6683655
38.30837527500922
-26.545212
-25.746475
-6.0652466
37.4742115103215
-27.26239
-26.45897
-5.366806
38.36818413361437
-27.26239
-25.746475
-5.366806
37.880357822875204
-27.26239
-25.746475
-7.4621124
38.23351935086705
-25.828018
-25.746475
-5.366806
36.861499448632884
-26.545212
-27.171478
-4.6683655
38.27180527622864
-26.545212
-25.746475
-4.6683655
37.273621718000015
-26.545212
-25.033981
-5.366806
36.88022506678291
-26.545212
-25.746475
-6.763672
37.59357140959243
-24.393646
-27.171478
-6.763672
37.136054554187126
-25.828018
-26.45897
-4.6683655
37.26871547719766
-24.393646
-25.033981
-4.6683655
35.263916731443594
-25.11084
-25.746475
-5.366806
36.3625894985363
-23.676453
-27.171478
-6.763672
36.66893728912883
-25.11084
-27.171478
-6.763672
37.61104651977262
-25.828018
-25.746475
-6.0652466
36.969646478458344
-24.393646
-26.45897
-5.366806
36.38584292591952
-24.393646
-27.171478
-4.6683655
36.81212860593639
-22.959274
-26.45897
-6.763672
35.67846180426995
-22.24208
-27.883972
-6.0652466
36.18028891073235
-23.676453
-25.746475
-5.366806
35.38725666917842
-24.393646
-26.45897
-5.366806
36.38584292591952
-24.393646
-27.171478
-3.969925
36.73008967188465
-23.676453
-25.746475
-4.6683655
35.28808441056538
-26.545212
-25.033981
-5.366806
36.88022506678291
-25.11084
-25.033981
-4.6683655
35.76378019215548
-24.393646
-26.45897
-3.969925
36.20617636579773
-24.393646
-26.45897
-5.366806
36.38584292591952
-25.828018
-26.45897
-4.6683655
37.26871547719766
-22.959274
-26.45897
-5.366806
35.44020223658878
-24.393646
-26.45897
-7.4621124
36.75336798980129
-24.393646
-26.45897
-4.6683655
36.28939972259892
-23.676453
-24.321472
-6.763672
34.61005219427768
-24.393646
-25.033981
-6.763672
35.60193195029941
-25.11084
-25.033981
-6.763672
36.09711496760337
-25.11084
-24.321472
-4.6683655
35.268709020001005
-22.959274
-24.321472
-6.0652466
33.99190469745609
-25.11084
-25.033981
-6.0652466
35.972790077731844
-25.828018
-26.45897
-4.6683655
37.26871547719766
-24.393646
-25.033981
-6.0652466
35.475871738210145
-25.11084
-25.033981
-6.763672
36.09711496760337
-25.11084
-24.321472
-5.366806
35.36793560756162
-23.676453
-25.746475
-3.969925
35.202493891369045
-25.11084
-23.608978
-4.6683655
34.78119735508145
-25.11084
-25.746475
-4.6683655
36.26608445691287
-24.393646
-23.608978
-3.969925
34.17885445413399
-25.11084
-24.321472
-4.6683655
35.268709020001005
-25.828018
-22.89647
-3.2714844
34.67041210579905
-25.11084
-22.183975
-1.176178
33.52709958004122
-25.828018
-23.608978
-4.6683655
35.30246504262751
-26.545212
-23.608978
-2.573059
35.61815141133714
-25.11084
-23.608978
-1.8746185
34.51741981243402
-26.545212
-22.89647
-3.969925
35.27969300151647
-26.545212
-22.89647
-3.969925
35.27969300151647
-25.828018
-22.183975
-3.2714844
34.20406362919471
-25.828018
-21.471481
-1.176178
33.607953029542536
-25.828018
-23.608978
-2.573059
35.086907308184415
-25.11084
-23.608978
-1.176178
34.486541334310765
-26.545212
-22.183975
-2.573059
34.69002137514205
-26.545212
-21.471481
-2.573059
34.238769472061016
-26.545212
-21.471481
-1.176178
34.16220356393524
-25.11084
-22.89647
-2.573059
34.079658092520894
-25.828018
-22.183975
-3.969925
34.27791688445347
-25.11084
-20.758972
-3.969925
32.821479426112866
-25.11084
-22.183975
-3.969925
33.740824490588366
-25.11084
-20.758972
-4.6683655
32.91326232560459
-26.545212
-20.046478
-3.2714844
33.424723756571645
-25.11084
-21.471481
-3.969925
33.27670340129581
-25.828018
-22.89647
-5.366806
34.93046594553063
-27.26239
-21.471481
-3.969925
34.928823413881624
-26.545212
-20.758972
-5.366806
34.12309869073752
-25.828018
-23.608978
-3.969925
35.216909473868164
-24.393646
-21.471481
-4.6683655
32.83090071856372
-25.828018
-21.471481
-4.6683655
33.910244220381806
-24.393646
-22.89647
-4.6683655
33.78005208618413
-25.11084
-22.183975
-6.0652466
34.05099432973654
-25.11084
-22.89647
-3.2714844
34.1394951186031
-24.393646
-21.471481
-3.969925
32.73888692055481
-24.393646
-22.183975
-3.969925
33.21052491069285
-23.676453
-23.608978
-3.969925
33.67073663969018
-25.828018
-21.471481
-3.969925
33.82116700959068
-25.828018
-22.183975
-2.573059
34.14433975785738
-25.11084
-21.471481
-4.6683655
33.367234144488584
-25.828018
-21.471481
-6.0652466
34.130606725191505
-25.828018
-21.471481
-6.0652466
34.130606725191505
-25.828018
-21.471481
-3.969925
33.82116700959068
-25.828018
-21.471481
-4.6683655
33.910244220381806
-26.545212
-22.89647
-3.969925
35.27969300151647
-25.828018
-21.471481
-4.6683655
33.910244220381806
-25.11084
-22.183975
-6.0652466
34.05099432973654
-25.828018
-21.471481
-5.366806
34.013434056105865
-25.11084
-21.471481
-5.366806
33.47209804682476
-27.26239
-20.046478
-6.0652466
34.378575808334105
-25.828018
-20.046478
-5.366806
33.1323178827146
-26.545212
-20.046478
-4.6683655
33.590223288718065
-25.11084
-20.758972
-5.366806
33.01956798804593
-25.828018
-20.758972
-3.969925
33.37336869842854
-26.545212
-20.758972
-4.6683655
34.02024149024647
-27.26239
-17.908981
-4.6683655
32.95091897843575
-26.545212
-18.621475
-4.6683655
32.759749264531926
-27.979584
-21.471481
-5.366806
35.674699775913496
-27.979584
-20.758972
-3.2714844
34.99277966818655
-27.979584
-20.046478
-3.969925
34.647924002677456
-28.696777
-20.046478
-6.0652466
35.52680065039807
-27.979584
-19.33397
-3.2714844
34.166680560845755
-26.545212
-20.046478
-5.366806
33.69439320998469
-27.979584
-20.758972
-3.2714844
34.99277966818655
-28.696777
-18.621475
-3.2714844
34.36520101811752
-28.696777
-20.758972
-5.366806
35.822375042854674
-27.979584
-20.758972
-3.969925
35.06497178230363
-27.979584
-19.33397
-3.2714844
34.166680560845755
-27.979584
-20.046478
-3.969925
34.647924002677456
-28.696777
-20.046478
-6.0652466
35.52680065039807
-27.979584
-18.621475
-3.2714844
33.76861104334727
-26.545212
-19.33397
-5.366806
33.27541578851326
-27.26239
-20.758972
-4.6683655
34.58274758696976
-26.545212
-20.046478
-3.969925
33.50029515378372
-27.979584
-20.046478
-3.969925
34.647924002677456
-27.979584
-18.621475
-5.366806
34.03555592880499
-27.979584
-20.758972
-5.366806
35.25045537992648
-27.26239
-20.758972
-4.6683655
34.58274758696976
-27.26239
-22.183975
-5.366806
35.55515871886156
-27.26239
-21.471481
-4.6683655
35.015082896852284
-26.545212
-20.758972
-5.366806
34.12309869073752
-25.828018
-20.758972
-5.366806
33.568200676826386
-27.26239
-20.758972
-5.366806
34.683936683531
-26.545212
-20.758972
-6.763672
34.370489760930816
-27.26239
-22.183975
-6.0652466
35.6672669357222
-25.828018
-22.183975
-6.763672
34.71257187942684
-26.545212
-22.89647
-4.6683655
35.36509668411162
-26.545212
-21.471481
-3.969925
34.37197962582949
-25.828018
-24.321472
-5.366806
35.88068028582286
-25.11084
-22.89647
-3.2714844
34.1394951186031
-25.828018
-20.758972
-4.6683655
33.463637929498375
-25.828018
-22.183975
-5.366806
34.46763618724002
-24.393646
-20.758972
-4.6683655
32.36940596277313
-25.828018
-21.471481
-3.969925
33.82116700959068
-25.828018
-22.89647
-5.366806
34.93046594553063
-25.828018
-24.321472
-4.6683655
35.78287557715719
-25.828018
-22.183975
-3.969925
34.27791688445347
-26.545212
-22.89647
-5.366806
35.4640535849991
-25.11084
-22.183975
-3.969925
33.740824490588366
-25.11084
-21.471481
-3.969925
33.27670340129581
-23.676453
-24.321472
-5.366806
34.364385790265295
-24.393646
-22.89647
-3.969925
33.690630652304506
-23.676453
-22.89647
-3.969925
33.175035912753735
-25.11084
-22.89647
-6.0652466
34.51941079566231
-25.828018
-23.608978
-3.969925
35.216909473868164
-25.828018
-22.183975
-4.6683655
34.36581020626187
-25.11084
-22.89647
-3.2714844
34.1394951186031
-25.11084
-22.89647
-4.6683655
34.30154616538353
-24.393646
-22.183975
-6.763672
33.658966493203934
-25.828018
-22.183975
-6.763672
34.71257187942684
-25.11084
-22.183975
-5.366806
33.93354675985292
-25.11084
-21.471481
-6.763672
33.72426500021442
-25.828018
-22.89647
-5.366806
34.93046594553063
-25.828018
-22.89647
-5.366806
34.93046594553063
-25.11084
-22.89647
-5.366806
34.40356235245214
-26.545212
-22.183975
-5.366806
35.00827887577094
-24.393646
-22.183975
-5.366806
33.406306638749925
-27.26239
-22.89647
-5.366806
36.004011142640415
-25.11084
-22.89647
-4.6683655
34.30154616538353
-25.11084
-22.183975
-3.2714844
33.66579302670869
-26.545212
-21.471481
-2.573059
34.238769472061016
-27.26239
-21.471481
-4.6683655
35.015082896852284
-25.11084
-22.89647
-5.366806
34.40356235245214
-25.11084
-22.183975
-3.2714844
33.66579302670869
-26.545212
-22.183975
-3.969925
34.821505301254746
-27.979584
-23.608978
-5.366806
37.00058890209131
-25.828018
-25.033981
-6.0652466
36.477033522606725
-27.26239
-22.89647
-3.969925
35.82242956530081
-25.11084
-22.183975
-3.969925
33.740824490588366
-24.393646
-23.608978
-4.6683655
34.26700186757207
-25.828018
-22.89647
-3.969925
34.74327406525524
-25.11084
-22.89647
-3.2714844
34.1394951186031
-26.545212
-25.033981
-6.0652466
36.98831734638908
-26.545212
-22.183975
-3.969925
34.821505301254746
-25.11084
-20.758972
-5.366806
33.01956798804593
-25.828018
-22.89647
-5.366806
34.93046594553063
-25.828018
-22.183975
-5.366806
34.46763618724002
-24.393646
-22.89647
-5.366806
33.88363841367154
-25.828018
-23.608978
-5.366806
35.40159701608195
-25.828018
-22.89647
-4.6683655
34.829993080228284
-25.828018
-22.89647
-6.0652466
35.04457262276856
-24.393646
-22.89647
-5.366806
33.88363841367154
-25.828018
-22.89647
-4.6683655
34.829993080228284
-23.676453
-22.89647
-5.366806
33.37102584894473
-25.828018
-22.89647
-6.0652466
35.04457262276856
-25.828018
-22.89647
-4.6683655
34.829993080228284
-25.11084
-22.89647
-4.6683655
34.30154616538353
-24.393646
-22.183975
-4.6683655
33.30123556324994
-25.828018
-22.89647
-3.969925
34.74327406525524
-25.11084
-22.89647
-4.6683655
34.30154616538353
-26.545212
-24.321472
-5.366806
36.400341526986395
-27.26239
-22.183975
-3.969925
35.371272992712605
-25.828018
-24.321472
-5.366806
35.88068028582286
-24.393646
-23.608978
-5.366806
34.369120590950715
-23.676453
-23.608978
-3.969925
33.67073663969018
-26.545212
-22.183975
-6.0652466
35.12213275107842
-26.545212
-22.89647
-5.366806
35.4640535849991
-25.828018
-24.321472
-5.366806
35.88068028582286
-27.26239
-22.89647
-5.366806
36.004011142640415
-25.828018
-24.321472
-3.2714844
35.62756295605272
-25.11084
-22.89647
-5.366806
34.40356235245214
-25.828018
-23.608978
-4.6683655
35.30246504262751
-25.11084
-22.89647
-3.969925
34.213487751771595
-24.393646
-22.183975
-5.366806
33.406306638749925
-23.676453
-22.183975
-6.0652466
33.00742880694151
-24.393646
-23.608978
-5.366806
34.369120590950715
-25.11084
-22.89647
-3.969925
34.213487751771595
-25.11084
-22.89647
-5.366806
34.40356235245214
-23.676453
-23.608978
-6.0652466
33.98154621847625
-24.393646
-22.89647
-3.2714844
33.61548715343123
-24.393646
-23.608978
-6.0652466
34.48508473725906
-24.393646
-21.471481
-5.366806
32.937472204091684
-23.676453
-24.321472
-4.6683655
34.26225295480527
-23.676453
-23.608978
-5.366806
33.86385778758546
-25.828018
-22.89647
-5.366806
34.93046594553063
-25.11084
-22.89647
-5.366806
34.40356235245214
-27.26239
-21.471481
-4.6683655
35.015082896852284
-25.828018
-22.89647
-4.6683655
34.829993080228284
-24.393646
-22.183975
-3.2714844
33.134292623447536
-25.11084
-20.758972
-4.6683655
32.91326232560459
-24.393646
-23.608978
-6.0652466
34.48508473725906
-25.11084
-22.183975
-6.0652466
34.05099432973654
-24.393646
-22.89647
-6.0652466
34.001258378022754
-25.11084
-22.89647
-6.0652466
34.51941079566231
-24.393646
-22.89647
-4.6683655
33.78005208618413
-25.11084
-22.89647
-6.763672
34.64895098971252
-24.393646
-22.183975
-6.0652466
33.52560129785613
-25.11084
-22.183975
-5.366806
33.93354675985292
-26.545212
-23.608978
-3.969925
35.74622159611331
-25.828018
-20.758972
-4.6683655
33.463637929498375
-26.545212
-23.608978
-5.366806
35.9281883316829
-25.11084
-20.758972
-4.6683655
32.91326232560459
-25.11084
-21.471481
-4.6683655
33.367234144488584
-25.828018
-22.183975
-4.6683655
34.36581020626187
-25.11084
-22.183975
-6.0652466
34.05099432973654
-25.11084
-22.183975
-3.969925
33.740824490588366
-25.11084
-22.183975
-5.366806
33.93354675985292
-24.393646
-22.183975
-6.0652466
33.52560129785613
-25.11084
-22.183975
-6.763672
34.1823097208419
-22.959274
-22.89647
-6.0652466
32.98732814823558
-24.393646
-23.608978
-6.763672
34.61475339134673
-25.828018
-22.89647
-7.4621124
35.313141241412346
-25.11084
-22.183975
-5.366806
33.93354675985292
-24.393646
-20.758972
-4.6683655
32.36940596277313
-24.393646
-22.89647
-8.160553
34.43679637155491
-25.11084
-22.183975
-5.366806
33.93354675985292
-22.959274
-22.89647
-8.160553
33.43607619632199
-25.11084
-22.89647
-6.763672
34.64895098971252
-24.393646
-22.183975
-4.6683655
33.30123556324994
-23.676453
-22.183975
-7.4621124
33.29243503363414
-25.11084
-21.471481
-6.0652466
33.59115905706255
-25.11084
-23.608978
-6.0652466
34.99607609142595
-24.393646
-21.471481
-6.763672
33.193700868444154
-24.393646
-21.471481
-6.763672
33.193700868444154
-23.676453
-22.183975
-5.366806
32.88625453445083
-23.676453
-21.471481
-6.763672
32.670264636305745
-23.676453
-21.471481
-6.763672
32.670264636305745
-23.676453
-23.608978
-7.4621124
34.25844943108014
-23.676453
-21.471481
-6.0652466
32.532846607673875
-24.393646
-21.471481
-6.0652466
33.05845874108376
-23.676453
-22.89647
-7.4621124
33.771376332258065
-26.545212
-21.471481
-6.763672
34.805459973189734
-25.11084
-21.471481
-5.366806
33.47209804682476
-25.11084
-20.046478
-7.4621124
32.986340094234464
-25.11084
-20.758972
-5.366806
33.01956798804593
-25.828018
-21.471481
-6.0652466
34.130606725191505
-25.11084
-19.33397
-6.0652466
32.26675996793178
-27.26239
-20.046478
-6.0652466
34.378575808334105
-25.11084
-22.183975
-6.763672
34.1823097208419
-25.11084
-20.046478
-6.763672
32.835390081387416
-25.11084
-22.183975
-6.763672
34.1823097208419
-25.11084
-20.046478
-6.0652466
32.69866600932005
-25.11084
-20.046478
-8.858994
33.33012659542696
-27.979584
-20.758972
-6.763672
35.48998882277402
-27.26239
-20.046478
-6.763672
34.508644679517445
-24.393646
-19.33397
-6.763672
31.852780245608074
-26.545212
-20.046478
-4.6683655
33.590223288718065
-25.828018
-19.33397
-5.366806
32.706139000504365
-27.26239
-19.33397
-6.0652466
33.968036661668236
-25.828018
-20.046478
-5.366806
33.1323178827146
-27.26239
-19.33397
-4.6683655
33.74661260489247
-27.979584
-21.471481
-5.366806
35.674699775913496
-25.828018
-21.471481
-4.6683655
33.910244220381806
-27.26239
-18.621475
-5.366806
33.448466732539664
-27.979584
-20.758972
-3.969925
35.06497178230363
-26.545212
-20.758972
-7.4621124
34.51472667459319
-26.545212
-20.046478
-7.4621124
34.09094640741329
-24.393646
-21.471481
-8.160553
33.5062541532594
-26.545212
-20.046478
-6.0652466
33.81267148466219
-26.545212
-20.046478
-7.4621124
34.09094640741329
-26.545212
-20.046478
-6.0652466
33.81267148466219
-26.545212
-18.621475
-6.763672
33.12332874616563
-25.828018
-19.33397
-6.763672
32.964165854284104
-26.545212
-20.758972
-6.763672
34.370489760930816
-24.393646
-20.758972
-6.0652466
32.60018550141337
-26.545212
-19.33397
-7.4621124
33.67690290187772
-26.545212
-20.046478
-6.763672
33.94490883678287
-25.828018
-20.758972
-8.160553
34.12647196630773
-25.828018
-20.758972
-8.160553
34.12647196630773
-25.828018
-20.046478
-7.4621124
33.53551820749625
-25.828018
-21.471481
-8.160553
34.564514874023075
-25.11084
-20.046478
-7.4621124
32.986340094234464
-26.545212
-21.471481
-9.557434
35.45444025766554
-25.828018
-20.758972
-8.160553
34.12647196630773
-25.828018
-21.471481
-8.858994
34.73604605460749
-26.545212
-22.183975
-8.160553
35.54393875235622
-27.979584
-20.758972
-8.858994
35.94821002095845
-27.26239
-21.471481
-7.4621124
35.49571180636649
-27.26239
-20.758972
-8.160553
35.224529181448084
-27.26239
-19.33397
-6.763672
34.09967151830425
-28.696777
-21.471481
-9.557434
37.09277589285412
-26.545212
-19.33397
-8.160553
33.83851781750994
-26.545212
-21.471481
-8.858994
35.272574913317925
-28.696777
-20.758972
-8.160553
36.34603892996371
-27.979584
-20.046478
-8.858994
35.54152775715332
-26.545212
-19.33397
-7.4621124
33.67690290187772
-28.696777
-19.33397
-8.858994
35.718191227584754
-29.413956
-20.046478
-7.4621124
36.36928951363447
-27.979584
-20.758972
-8.858994
35.94821002095845
-29.413956
-21.471481
-9.557434
37.65036261030563
-27.979584
-20.758972
-8.160553
35.78249008495199
-27.26239
-20.046478
-8.160553
34.80939309520133
-28.696777
-20.046478
-10.9543
36.67919079136527
-27.26239
-19.33397
-9.557434
34.76182914670918
-27.979584
-20.758972
-8.858994
35.94821002095845
-27.979584
-21.471481
-8.858994
36.364314971140494
-27.26239
-20.758972
-8.858994
35.39286175326795
-30.13115
-18.621475
-10.255859
36.87584744788925
-29.413956
-19.33397
-10.9543
36.86434399793976
-29.413956
-17.908981
-8.160553
35.39077504107267
-30.13115
-20.758972
-8.858994
37.647082973921265
-30.13115
-20.046478
-8.858994
37.258948563356896
-30.13115
-17.196472
-10.255859
36.17716787679679
-30.848328
-20.046478
-8.858994
37.84127907911874
-30.848328
-20.046478
-7.4621124
37.53882918111675
-30.13115
-19.33397
-7.4621124
36.570091359350606
-30.13115
-17.908981
-7.4621124
35.83714418477444
-31.565521
-18.621475
-7.4621124
37.40086342534003
-32.282715
-18.621475
-8.160553
38.151378873651964
-30.848328
-18.621475
-8.160553
36.945544610975254
-31.565521
-18.621475
-8.160553
37.54645234884882
-29.413956
-19.33397
-8.160553
36.1327795607958
-30.848328
-18.621475
-8.858994
37.10607057656217
-29.413956
-20.046478
-8.160553
36.51899120663111
-30.848328
-18.621475
-7.4621124
36.797578284149694
-31.565521
-18.621475
-10.255859
38.05685347844311
-30.848328
-20.758972
-10.255859
38.57119153469659
-30.13115
-19.33397
-10.255859
37.24071822280016
-30.13115
-18.621475
-8.160553
36.348866726552664
-29.413956
-20.046478
-8.858994
36.68138391311388
-29.413956
-18.621475
-9.557434
36.101034167579606
-30.848328
-17.908981
-9.557434
36.92824876216885
-30.848328
-20.046478
-8.858994
37.84127907911874
-30.13115
-20.758972
-10.255859
38.00004818561912
-29.413956
-20.758972
-9.557434
37.24862688849248
-30.13115
-22.89647
-10.255859
39.20863602156896
-30.13115
-21.471481
-8.858994
38.0446113931354
-28.696777
-20.046478
-8.858994
36.10883748518152
-29.413956
-20.046478
-9.557434
36.8562982236415
-28.696777
-22.183975
-10.255859
37.693718392458976
-30.848328
-20.046478
-9.557434
38.01085628228467
-27.979584
-20.758972
-10.255859
36.3176900335773
-31.565521
-19.33397
-10.255859
38.41050881594775
-27.979584
-21.471481
-8.858994
36.364314971140494
-30.13115
-21.471481
-9.557434
38.21328469201679
-27.979584
-21.471481
-9.557434
36.54074539768928
-28.696777
-21.471481
-10.255859
37.27884330559527
-29.413956
-21.471481
-9.557434
37.65036261030563
-27.979584
-22.89647
-8.858994
37.223477541377534
-27.26239
-22.183975
-8.858994
36.24704830385762
-27.26239
-22.183975
-8.160553
36.082700892684535
-29.413956
-22.89647
-7.4621124
38.014631165081525
-29.413956
-22.183975
-8.858994
37.89183793161711
-27.979584
-22.89647
-8.858994
37.223477541377534
-28.696777
-22.183975
-8.858994
37.3378574718199
-28.696777
-22.183975
-10.255859
37.693718392458976
-28.696777
-22.183975
-8.160553
37.178332312715256
-30.13115
-21.471481
-8.858994
38.0446113931354
-29.413956
-22.183975
-9.557434
38.06118827275858
-27.26239
-20.758972
-8.858994
35.39286175326795
-29.413956
-21.471481
-8.160553
37.320234816488124
-27.26239
-21.471481
-8.858994
35.81541934272601
-29.413956
-20.758972
-9.557434
37.24862688849248
-29.413956
-22.183975
-10.255859
38.24254420798909
-27.26239
-22.183975
-8.858994
36.24704830385762
-27.979584
-20.046478
-10.255859
35.915191785323415
-26.545212
-20.758972
-8.858994
34.84343644758023
-29.413956
-19.33397
-8.858994
36.29690022330161
-27.979584
-20.758972
-10.255859
36.3176900335773
-30.13115
-21.471481
-9.557434
38.21328469201679
-28.696777
-19.33397
-8.858994
35.718191227584754
-28.696777
-20.046478
-9.557434
36.28651178468385
-29.413956
-18.621475
-9.557434
36.101034167579606
-29.413956
-20.758972
-7.4621124
36.76681694306702
-30.848328
-18.621475
-9.557434
37.278990658697424
-30.848328
-19.33397
-8.160553
37.30973378826982
-30.13115
-20.046478
-8.160553
37.099084099417134
-30.13115
-20.046478
-8.858994
37.258948563356896
-29.413956
-18.621475
-9.557434
36.101034167579606
-28.696777
-20.046478
-8.160553
35.94385813320545
-29.413956
-17.908981
-8.160553
35.39077504107267
-30.848328
-18.621475
-7.4621124
36.797578284149694
-31.565521
-20.046478
-8.160553
38.27320227907919
-30.13115
-21.471481
-8.160553
37.88806209115791
-30.848328
-20.758972
-8.160553
38.06768713372192
-30.13115
-20.758972
-8.858994
37.647082973921265
-30.848328
-20.758972
-6.763672
37.79287649375045
-30.852722
-19.33641
-6.7631836
37.034144137960716
-30.135544
-20.761414
-6.7631836
37.214618853957276
-30.135544
-18.623917
-7.461624
36.20327335964422
-29.41835
-20.04892
-10.255371
37.04822593487946
-30.135544
-20.04892
-9.556946
37.43588268626773
-28.701172
-20.04892
-10.255371
36.48135192239917
-27.983978
-20.761414
-8.858505
35.95291958600598
-28.701172
-22.186417
-8.160065
37.18307484175428
-28.701172
-20.761414
-8.160065
36.35079433827323
-30.135544
-19.33641
-10.255371
37.24540692372769
-29.41835
-19.33641
-8.858505
36.3016418926412
-30.852722
-20.761414
-11.652252
38.970524531067866
-27.940033
-20.729675
-8.835556
35.89473338479651
-27.940033
-22.154678
-8.835556
36.73611623903818
-28.657227
-22.867172
-8.835556
37.71221690262902
-29.374405
-21.442184
-8.835556
37.42579246196732
-28.657227
-22.867172
-9.533997
37.881940048470824
-27.940033
-23.579681
-9.533997
37.782852530116095
-27.22284
-22.867172
-8.835556
36.634104563746334
-28.657227
-22.154678
-10.232422
37.63998935743905
-27.940033
-23.579681
-6.7402344
37.17630477493359
-28.657227
-20.729675
-8.1371155
36.29281886505752
-29.374405
-21.442184
-8.1371155
37.26708428746556
-29.374405
-22.867172
-6.041809
37.71295005117606
-28.657227
-21.442184
-8.1371155
36.70444867770629
-27.940033
-22.867172
-6.7402344
36.72851432672492
-30.091599
-22.154678
-7.438675
38.10075913521524
-26.505661
-22.867172
-7.438675
35.78814753387286
-29.374405
-25.004684
-7.438675
39.2864315770049
-27.940033
-22.154678
-6.041809
36.165987304307244
-29.374405
-22.154678
-8.835556
37.83850474590995
-27.940033
-22.154678
-5.3433685
36.055885171061185
-27.940033
-22.154678
-8.1371155
36.574415459593304
-28.657227
-21.442184
-6.7402344
36.420251130144784
-27.940033
-23.579681
-5.3433685
36.94859248101509
-27.22284
-22.867172
-6.7402344
36.18592802069266
-28.657227
-23.579681
-6.041809
37.59975339118762
-28.657227
-23.579681
-8.1371155
37.99277146502674
-27.940033
-23.579681
-7.438675
37.3092577370634
-27.22284
-23.579681
-6.7402344
36.6403501455576
-28.657227
-21.442184
-7.438675
36.55595394124858
-29.374405
-23.579681
-6.7402344
38.266014187485936
-27.940033
-22.867172
-6.041809
36.60678074461581
-29.374405
-21.442184
-6.041809
36.86633074735588
-30.808777
-22.154678
-6.041809
38.42543319229628
-30.808777
-22.154678
-6.041809
38.42543319229628
-30.808777
-22.867172
-5.3433685
38.73809513448535
-30.091599
-21.442184
-5.3433685
37.33394059186878
-30.091599
-21.442184
-6.041809
37.44028448534746
-30.808777
-22.867172
-5.3433685
38.73809513448535
-29.374405
-22.154678
-6.041809
37.28523625744428
-28.657227
-22.867172
-4.644928
36.955643743441776
-30.808777
-20.729675
-4.644928
37.42292698156022
-30.808777
-23.579681
-3.9464874
38.99688238741015
-31.52597
-22.867172
-7.438675
39.650073088185316
-30.091599
-20.017181
-5.3433685
36.534141980802524
-30.808777
-21.442184
-4.644928
37.8222595230598
-30.808777
-22.867172
-5.3433685
38.73809513448535
-30.808777
-22.867172
-5.3433685
38.73809513448535
-31.52597
-22.154678
-5.3433685
38.9007479166733
-29.374405
-22.867172
-5.3433685
37.60737719299151
-29.374405
-21.442184
-6.041809
36.86633074735588
-30.091599
-22.867172
-3.2480469
37.93364825483933
-27.940033
-21.442184
-6.041809
35.73396336393869
-28.657227
-22.154678
-7.438675
36.978375688430226
-28.657227
-22.154678
-6.7402344
36.844228752720724
-29.374405
-22.154678
-7.438675
37.53690566774751
-28.657227
-24.292175
-8.1371155
38.43903071139086
-29.374405
-23.579681
-5.3433685
38.04482476508796
-27.940033
-24.292175
-6.041809
37.51344648245729
-28.657227
-23.579681
-6.7402344
37.71828234745304
-29.374405
-22.867172
-6.7402344
37.83112435186882
-30.091599
-22.867172
-7.438675
38.5194201350314
-27.940033
-23.579681
-6.041809
37.05604226782304
-30.091599
-22.867172
-8.835556
38.8133853436664
-28.657227
-23.579681
-7.438675
37.84933155835203
-30.808777
-23.579681
-5.3433685
39.162913127708435
-30.091599
-22.867172
-5.3433685
38.17019126198561
-29.374405
-22.867172
-5.3433685
37.60737719299151
-30.091599
-22.154678
-6.041809
37.85283876202352
-30.808777
-23.579681
-5.3433685
39.162913127708435
-31.52597
-25.004684
-6.7402344
40.798920082311156
-28.657227
-22.154678
-4.644928
36.519059730951625
-30.808777
-22.867172
-5.3433685
38.73809513448535
-29.374405
-22.867172
-6.041809
37.71295005117606
-30.808777
-22.867172
-4.644928
38.64794556362683
-29.374405
-22.154678
-5.3433685
37.17844887225495
-30.808777
-23.579681
-5.3433685
39.162913127708435
-30.091599
-22.867172
-3.9464874
37.9998233188738
-30.808777
-22.867172
-2.5496216
38.45242501140614
-30.808777
-21.442184
-4.644928
37.8222595230598
-30.091599
-22.867172
-3.2480469
37.93364825483933
-31.52597
-23.579681
-3.9464874
39.565930933380045
-29.374405
-22.867172
-3.9464874
37.43444791398692
-29.374405
-22.867172
-3.9464874
37.43444791398692
-30.091599
-21.442184
-3.9464874
37.15973885008142
-27.22284
-23.579681
-5.3433685
36.40928601879523
-30.808777
-22.867172
-3.9464874
38.570235751645335
-30.808777
-23.579681
-3.2480469
38.932402104079706
-30.808777
-22.867172
-3.9464874
38.570235751645335
-31.52597
-22.867172
-3.9464874
39.14548684874158
-31.52597
-22.154678
-3.2480469
38.66867410995462
-30.808777
-22.867172
-3.9464874
38.570235751645335
-30.091599
-22.154678
-3.9464874
37.57537346995037
-31.52597
-22.154678
-3.2480469
38.66867410995462
-32.960342
-22.867172
-3.2480469
40.247255219882696
-32.960342
-23.579681
-1.1527405
40.54274726099293
-32.960342
-22.867172
-1.1527405
40.13253798937652
-32.243164
-22.154678
-1.851181
39.16475834086606
-32.243164
-23.579681
-3.2480469
40.07708636568407
-32.960342
-22.867172
-1.851181
40.15866815433111
-31.52597
-22.154678
-2.5496216
38.616281062343866
-32.243164
-23.579681
-2.5496216
40.02653691273531
-32.960342
-22.154678
-3.2480469
39.84675233786312
-32.960342
-22.154678
-3.2480469
39.84675233786312
-30.808777
-22.154678
-4.644928
38.23069206056421
-33.677536
-22.867172
-2.5496216
40.78706406112804
-31.52597
-24.292175
-4.644928
40.06958821118658
-33.677536
-24.292175
-4.644928
41.78350691595085
-30.808777
-22.867172
-3.2480469
38.50504101534953
-31.52597
-22.867172
-4.644928
39.22205694474172
-30.808777
-23.579681
-4.644928
39.07374369431553
-32.243164
-23.579681
-4.644928
40.21440493477198
-32.960342
-24.292175
-6.7402344
41.496080328353756
-32.801163
-24.191101
-4.629303
41.018971589661255
-32.801163
-23.478607
-5.3277435
40.68840304777425
-31.36679
-23.478607
-6.026184
39.64133634068105
-31.36679
-22.766098
-5.3277435
39.12231670111702
-33.518356
-22.053604
-5.3277435
40.475011581221324
-32.801163
-24.191101
-4.629303
41.018971589661255
-32.801163
-24.191101
-6.026184
41.20000669608941
-33.518356
-25.616104
-3.9308624
42.368817533874484
-32.801163
-22.766098
-6.026184
40.37977671047105
-32.083984
-23.478607
-4.629303
40.02571042613969
-34.235535
-24.191101
-3.2324219
42.044378177446326
-33.518356
-24.191101
-5.3277435
41.678225284800995
-33.518356
-22.766098
-3.9308624
40.70905367091269
-32.801163
-25.616104
-4.629303
41.87518948184742
-33.518356
-24.191101
-5.3277435
41.678225284800995
-34.95273
-23.478607
-3.9308624
42.289359093962695
-34.235535
-23.478607
-3.2324219
41.63850838898261
-34.235535
-23.478607
-6.026184
41.94796435903878
-35.66992
-22.766098
-5.3277435
42.650012421690015
-35.66992
-22.766098
-4.629303
42.568404853798256
-34.95273
-22.766098
-6.026184
42.14621533182873
-34.95273
-24.90361
-6.026184
43.33818175750888
-35.66992
-21.34111
-6.7246094
42.10708626665098
-35.66992
-23.478607
-7.42305
43.34385842857743
-34.95273
-22.766098
-7.42305
42.368504929498485
-37.104294
-21.34111
-6.7246094
43.32888145075335
-38.27841
-20.496765
-8.119049
44.17321805528068
-35.409668
-19.071762
-6.722168
40.77700528675751
-34.692474
-19.784271
-6.722168
40.499044524801754
-38.27841
-20.496765
-5.325302
43.74600707225318
-38.995605
-19.784271
-6.0237427
44.140232299138106
-36.84404
-19.784271
-7.4206085
42.473121670688684
-37.56122
-19.784271
-7.4206085
43.09672703186838
-37.56122
-19.071762
-6.722168
42.65869956336574
-38.995605
-18.359268
-6.722168
43.622327662598714
-38.995605
-17.646774
-6.0237427
43.22443105964135
-40.429977
-19.071762
-6.722168
45.20511791320619
-38.27841
-19.071762
-8.81749
43.66597259979374
-39.712784
-21.209274
-7.4206085
45.6289809907037
-40.429977
-17.646774
-6.0237427
44.522771945148335
-41.147156
-16.221771
-6.722168
44.73725240702303
-41.522064
-17.535446
-6.774414
45.57923111016409
-39.3705
-19.672943
-6.774414
44.530365945172036
-40.087692
-20.385437
-6.774414
45.480563864722754
-40.087692
-19.672943
-8.171295
45.3962319041322
-39.3705
-17.535446
-8.869736
44.00227627501573
-40.80487
-18.24794
-8.171295
45.44001454527716
-39.3705
-18.960434
-7.4728546
44.33258040704235
-38.65332
-18.24794
-8.171295
43.51823236129384
-40.80487
-18.24794
-9.568176
45.71186615126591
-40.087692
-20.385437
-6.774414
45.480563864722754
-40.80487
-20.385437
-8.171295
46.33976192381927
-40.087692
-20.385437
-8.171295
45.70950810126242
-39.3705
-20.385437
-8.171295
45.081838830983955
-39.3705
-18.960434
-9.568176
44.733479950878234
-39.3705
-20.385437
-10.266602
45.508300024212616
-40.80487
-21.81044
-8.869736
47.110559168367445
-39.3705
-19.672943
-8.869736
44.896915620413864
-40.087692
-21.81044
-7.4728546
46.244586359682415
-39.3705
-21.81044
-9.568176
46.01392717580868
-39.3705
-23.235443
-8.869736
46.56816502870416
-37.936127
-23.947937
-7.4728546
45.480730273071416
-40.087692
-21.81044
-8.171295
46.362574143914834
-40.087692
-21.097946
-8.171295
46.03169021344154
-39.3705
-23.235443
-8.869736
46.56816502870416
-37.936127
-23.235443
-8.171295
45.23058058351534
-39.3705
-22.522934
-9.568176
46.35589123664597
-38.65332
-24.660446
-7.4728546
46.45492764749908
-40.087692
-23.947937
-8.171295
47.40566290012197
-38.65332
-23.235443
-6.774414
45.605456537739265
-37.936127
-23.947937
-8.869736
45.73101179126835
-37.218933
-23.235443
-7.4728546
44.50818207346122
-38.65332
-22.522934
-9.568176
45.74835368878726
-37.218933
-25.37294
-8.869736
45.90977320125449
-37.218933
-23.947937
-8.869736
45.13784362104389
-37.218933
-22.522934
-8.869736
44.39824160281435
-37.936127
-23.947937
-7.4728546
45.480730273071416
-37.936127
-22.522934
-8.869736
45.00116100932841
-37.936127
-21.097946
-10.266602
44.605784662873326
-38.65332
-21.81044
-8.869736
45.25976996565217
-37.936127
-21.81044
-9.568176
44.792800978854295
-36.501755
-22.522934
-9.568176
43.945542360509954
-35.78456
-21.097946
-10.965042
42.96382500184385
-37.936127
-22.522934
-9.568176
45.14401732017973
-37.936127
-21.097946
-11.663483
44.94785661689693
-37.936127
-21.097946
-9.568176
44.45023057360755
-37.218933
-19.672943
-9.568176
43.172024859493796
-37.218933
-19.672943
-10.965042
43.502940812949646
-37.936127
-21.097946
-10.965042
44.77170006771158
-36.501755
-21.81044
-10.965042
43.912475926462946
-37.218933
-18.960434
-10.965042
43.18540549823372
-36.501755
-19.672943
-10.965042
42.8909651056643
-35.78456
-21.81044
-10.266602
43.1466473635083
-35.067383
-20.385437
-10.965042
42.01808576375178
-34.35019
-19.672943
-10.266602
40.894538525945
-35.067383
-18.960434
-11.663483
41.53620379362969
-34.35019
-20.385437
-10.965042
41.4214167387891
-34.35019
-20.385437
-10.965042
41.4214167387891
-36.501755
-21.097946
-10.266602
43.39244656556383
-35.78456
-20.385437
-10.266602
42.44412687581169
-35.067383
-20.385437
-7.4728546
41.24476766057726
-35.067383
-20.385437
-8.869736
41.520592417817966
-34.35019
-21.097946
-8.869736
41.27627743754955
-34.35019
-20.385437
-9.568176
41.07373413438554
-34.35019
-20.385437
-10.266602
41.242025448393505
-35.78456
-20.385437
-8.171295
41.98655558163083
-32.915817
-21.097946
-8.171295
39.94176210874481
-34.35019
-21.097946
-8.869736
41.27627743754955
-33.632996
-23.947937
-8.869736
42.22977916171094
-32.915817
-22.522934
-7.4728546
40.578037759821505
-31.481445
-21.81044
-9.568176
39.475647964619434
-32.198624
-22.522934
-10.965042
40.79541779760626
-32.915817
-21.81044
-9.568176
40.62876334732344
-32.915817
-22.522934
-10.266602
41.184180442859365
-33.632996
-22.522934
-10.266602
41.75959786290901
-32.198624
-23.235443
-9.568176
40.84344813870855
-32.198624
-23.235443
-10.266602
41.01268441839823
-31.481445
-22.522934
-9.568176
39.87372646869113
-32.915817
-22.522934
-10.266602
41.184180442859365
-30.764252
-21.81044
-8.869736
38.74024732362085
-31.481445
-23.235443
-8.171295
39.971706301926865
-31.481445
-22.522934
-8.171295
39.56177489955582
-32.198624
-22.522934
-10.965042
40.79541779760626
-30.764252
-23.947937
-8.869736
39.98268515626092
-30.764252
-21.81044
-9.568176
38.906099397298874
-32.915817
-24.660446
-8.869736
42.0744680805095
-32.198624
-23.947937
-8.171295
40.951495997265624
-31.481445
-23.947937
-8.171295
40.39003716932014
-31.481445
-22.522934
-10.965042
40.23178086297262
-30.047058
-23.235443
-8.171295
38.85204557436455
-30.764252
-21.81044
-8.171295
38.58632582943892
-31.481445
-21.81044
-9.568176
39.475647964619434
-30.047058
-23.235443
-8.869736
39.004918497443214
-30.047058
-21.81044
-9.568176
38.34150551193674
-31.481445
-20.385437
-9.568176
38.70655641833338
-32.198624
-22.522934
-9.568176
40.442353843155566
-30.764252
-19.672943
-9.568176
37.749356498033514
-32.198624
-20.385437
-8.869736
39.127862502613624
-30.764252
-20.385437
-8.869736
37.956257589946546
-32.915817
-20.385437
-9.568176
39.88191493235844
-32.198624
-18.960434
-10.266602
38.75116083190686
-32.915817
-18.960434
-10.266602
39.349106379326614
-34.35019
-18.24794
-8.869736
39.89480032251618
-32.915817
-18.960434
-8.171295
38.85510412044906
-32.915817
-18.24794
-8.869736
38.66666000190765
-31.481445
-18.960434
-8.171295
37.64770228453109
-31.481445
-18.960434
-9.568176
37.97538040101195
-32.915817
-17.535446
-8.171295
38.18000642515661
-33.632996
-18.24794
-8.171295
39.12717302521756
-32.915817
-18.24794
-8.869736
38.66666000190765
-32.198624
-18.24794
-8.869736
38.057993755213566
-32.915817
-17.535446
-9.568176
38.50315467493378
-32.915817
-18.24794
-8.171295
38.512444404678305
-32.915817
-16.822937
-8.171295
37.85805462255935
-32.198624
-17.535446
-7.4728546
37.41773202536299
-32.915817
-17.535446
-8.869736
38.33555937122462
-32.915817
-18.24794
-8.869736
38.66666000190765
-32.198624
-17.535446
-8.171295
37.56345542670096
-31.481445
-18.960434
-8.171295
37.64770228453109
-35.067383
-18.960434
-8.869736
40.839828618182274
-32.915817
-20.385437
-7.4728546
39.43172067895497
-33.632996
-18.24794
-9.568176
39.442562014176865
-32.198624
-18.960434
-8.869736
38.40470844648316
-32.198624
-18.960434
-9.568176
38.57200329872124
-30.764252
-17.535446
-7.4728546
36.190809029408626
-32.915817
-18.24794
-7.4728546
38.37032525730741
-32.198624
-18.960434
-7.4728546
38.10633668443888
-32.198624
-19.672943
-8.171295
38.607590192963514
-30.764252
-21.097946
-9.568176
38.511200303653546
-32.915817
-18.24794
-8.171295
38.512444404678305
-30.764252
-19.672943
-7.4728546
37.273413756280426
-31.481445
-18.960434
-8.171295
37.64770228453109
-32.198624
-20.385437
-7.4728546
38.83504716968778
-30.764252
-20.385437
-8.171295
37.79914375425305
-30.047058
-19.672943
-9.568176
37.1671950868639
-30.764252
-19.672943
-8.869736
37.57839949224072
-31.481445
-19.672943
-8.869736
38.1677654613484
-31.481445
-20.385437
-8.869736
38.53984564250923
-30.764252
-20.385437
-8.171295
37.79914375425305
-30.047058
-20.385437
-7.4728546
37.070678837757846
-32.198624
-19.672943
-10.266602
39.104719371815435
-30.764252
-19.672943
-8.171295
37.41969917996068
-30.047058
-18.960434
-7.4728546
36.306572908057916
-30.047058
-20.385437
-8.869736
37.377318855741244
-30.047058
-20.385437
-6.075989
36.81452602128506
-29.32988
-19.672943
-7.4728546
36.09861472898319
-32.198624
-20.385437
-8.171295
38.975471803991674
-30.047058
-21.81044
-6.774414
37.74140559503663
-32.198624
-20.385437
-8.171295
38.975471803991674
-30.764252
-21.81044
-8.171295
38.58632582943892
-30.764252
-19.672943
-7.4728546
37.273413756280426
-30.764252
-18.960434
-8.171295
37.05006444516156
-30.764252
-20.385437
-7.4728546
37.65433248489226
-30.047058
-19.672943
-10.965042
37.551065491291325
-30.047058
-18.960434
-10.266602
36.982790682162225
-30.047058
-17.535446
-8.171295
35.73636308418045
-29.32988
-17.535446
-8.869736
35.304473991111415
-31.481445
-18.24794
-8.869736
37.453183667037905
-31.481445
-16.822937
-10.266602
37.14156334269012
-31.481445
-17.535446
-10.266602
37.4696719809418
-30.764252
-17.535446
-8.869736
36.50484068660877
-32.198624
-18.960434
-8.869736
38.40470844648316
-32.198624
-18.24794
-9.568176
38.22680599120285
-31.481445
-16.822937
-10.965042
37.34065919479144
-30.047058
-16.110443
-10.965042
35.81346461942596
-31.481445
-17.535446
-10.266602
37.4696719809418
-30.764252
-18.960434
-10.266602
37.5678097848577
-29.32988
-15.397934
-8.171295
34.11902921093851
-30.047058
-18.24794
-7.4728546
35.939622899254594
-30.764252
-18.24794
-7.4728546
36.54134671206372
-30.764252
-16.110443
-8.869736
35.84212377795242
-30.764252
-17.535446
-6.075989
35.92838369427175
-31.481445
-19.672943
-7.4728546
37.86752678695742
-32.198624
-16.822937
-8.869736
37.39565234693901
-31.481445
-18.960434
-7.4728546
37.50230624418734
-30.764252
-19.672943
-6.774414
37.13968992039126
-30.047058
-17.535446
-8.171295
35.73636308418045
-31.481445
-19.672943
-6.774414
37.73590835393889
-30.764252
-19.672943
-7.4728546
37.273413756280426
-29.32988
-20.385437
-6.075989
36.23155342884414
-30.764252
-17.535446
-8.171295
36.341452528414436
-29.32988
-18.960434
-5.377548
35.33635290906608
-30.047058
-20.385437
-6.774414
36.93622102798451
-28.612686
-19.672943
-6.075989
35.250929799904746
-29.32988
-21.097946
-6.774414
36.759458816745386
-30.047058
-19.672943
-6.075989
36.42482593418859
-31.481445
-21.81044
-6.774414
38.893051225042115
-28.612686
-20.385437
-7.4728546
35.91789716720708
-29.32988
-21.81044
-6.774414
37.17297182072446
-30.047058
-19.672943
-7.4728546
36.68370002680005
-30.047058
-21.81044
-5.377548
37.515849515154926
-28.612686
-22.522934
-6.075989
36.91728573890725
-29.32988
-21.81044
-7.4728546
37.30657635924848
-28.612686
-21.097946
-5.377548
35.954513635721035
-30.047058
-22.522934
-5.377548
37.93449940512182
-27.895508
-21.097946
-6.774414
35.62548827790382
-27.895508
-22.522934
-6.774414
36.487458046931174
-27.895508
-22.522934
-5.377548
36.25410133048742
-27.895508
-21.81044
-7.4728546
36.189751589603205
-27.895508
-23.235443
-7.4728546
37.066004260980165
-27.895508
-23.947937
-6.774414
37.38389741764243
-28.612686
-23.235443
-5.377548
37.24902014755724
-27.895508
-23.235443
-8.171295
37.213105024263626
-27.895508
-23.235443
-6.774414
36.93152943232838
-27.895508
-22.522934
-6.075989
36.364261261165645
-28.612686
-22.522934
-6.774414
37.038643117484405
-27.178314
-23.947937
-8.171295
37.13400662791705
-27.178314
-23.235443
-6.075989
36.26932910047327
-27.178314
-24.660446
-7.4728546
37.451860377064385
-25.026749
-25.37294
-7.4728546
36.41384041044696
-28.612686
-23.947937
-6.075989
37.80353231728568
-27.178314
-23.947937
-7.4728546
36.98659128076434
-28.612686
-24.660446
-6.774414
38.37598450233476
-29.32988
-22.522934
-6.774414
37.59544007267122
-28.612686
-23.235443
-8.171295
37.753695881785866
-29.32988
-21.097946
-9.568176
37.375328241138064
-30.047058
-23.947937
-7.4728546
39.14297959484561
-29.32988
-22.522934
-7.4728546
37.72754855436376
-28.612686
-23.235443
-8.171295
37.753695881785866
-30.047058
-24.660446
-7.4728546
39.58291152461659
-29.32988
-22.522934
-6.075989
37.47588580142653
-29.32988
-23.235443
-8.171295
38.300100588355185
-29.32988
-23.235443
-8.869736
38.45516775100341
-29.32988
-22.522934
-7.4728546
37.72754855436376
-28.612686
-23.947937
-8.869736
38.35181474631856
-27.895508
-25.37294
-8.869736
38.737806801382675
-29.32988
-21.097946
-10.266602
37.560194201795106
-28.612686
-21.81044
-8.171295
36.89378163114856
-29.32988
-23.235443
-7.4728546
38.15719055966057
-30.047058
-23.235443
-6.774414
38.58243286751838
-28.612686
-21.81044
-8.869736
37.05473444415116
-31.481445
-23.235443
-9.568176
40.280483288863046
-31.481445
-23.235443
-7.4728546
39.834793723774006
-31.481445
-22.522934
-8.171295
39.56177489955582
-30.047058
-21.81044
-8.171295
38.016983252554375
-31.481445
-23.235443
-8.171295
39.971706301926865
-28.612686
-22.522934
-7.4728546
37.17273045726447
-30.047058
-22.522934
-8.171295
38.430174289201936
-29.32988
-24.660446
-8.171295
39.18098281133974
-30.047058
-23.235443
-9.568176
39.16964991686006
-30.764252
-23.235443
-8.171295
39.40932593566052
-30.764252
-23.947937
-7.4728546
39.69617584797212
-30.764252
-24.660446
-8.869736
40.41347727562938
-30.764252
-23.947937
-6.774414
39.57064026887943
-30.764252
-24.660446
-6.774414
40.005869625496054
-30.047058
-24.660446
-8.869736
39.870234763758134
-32.198624
-23.235443
-6.075989
40.16907777843938
-30.047058
-24.660446
-6.774414
39.45701558787185
-30.764252
-21.81044
-6.774414
38.31484335971749
-32.198624
-25.37294
-7.4728546
41.66990352010669
-30.764252
-24.660446
-8.171295
40.26595241426837
-32.915817
-24.660446
-7.4728546
41.80229812948386
-30.047058
-24.660446
-8.171295
39.720692320722456
-30.047058
-23.947937
-8.869736
39.43350842765658
-29.32988
-25.37294
-6.774414
39.369030115390984
-30.764252
-23.947937
-7.4728546
39.69617584797212
-30.764252
-24.660446
-7.4728546
40.130043734791144
-30.764252
-25.37294
-8.171295
40.706207896684816
-30.047058
-26.085434
-8.171295
40.62075398483976
-30.764252
-25.37294
-5.377548
40.23857987736241
-30.764252
-24.660446
-6.075989
39.893539662907045
-30.764252
-25.37294
-7.4728546
40.571774026486075
-29.32988
-24.660446
-7.4728546
39.04129737074096
