-30.764252
-21.097946
-5.377548
37.68926198202878
-31.481445
-21.097946
-7.4728546
38.62703998203121
-30.047058
-21.097946
-6.075989
37.213795521935644
-30.047058
-22.522934
-7.4728546
38.28774976708036
-30.764252
-21.097946
-8.869736
38.34364016640749
-31.481445
-20.385437
-8.869736
38.53984564250923
-31.481445
-21.81044
-6.075989
38.77749780397776
-31.481445
-19.672943
-9.568176
38.336094322840026
-28.612686
-21.097946
-8.171295
36.47710379899287
-30.047058
-22.522934
-7.4728546
38.28774976708036
-28.612686
-21.097946
-10.266602
37.00286689167645
-30.047058
-20.385437
-8.869736
37.377318855741244
-30.047058
-21.81044
-8.869736
38.173200511676875
-29.32988
-21.097946
-8.869736
37.20265250644939
-29.32988
-21.097946
-9.568176
37.375328241138064
-28.612686
-21.81044
-8.869736
37.05473444415116
-30.047058
-20.385437
-7.4728546
37.070678837757846
-29.32988
-20.385437
-9.568176
36.97780293846905
-32.198624
-20.385437
-9.568176
39.29207848460838
-27.895508
-19.672943
-9.568176
35.45044613061132
-28.612686
-21.097946
-8.869736
36.63988705280336
-28.612686
-21.097946
-10.266602
37.00286689167645
-27.178314
-22.522934
-9.568176
36.571756974516894
-29.32988
-22.522934
-9.568176
38.19783322245681
-29.32988
-22.522934
-8.869736
38.028892375053964
-28.612686
-21.097946
-8.171295
36.47710379899287
-28.612686
-20.385437
-10.965042
36.803315187480905
-28.612686
-21.097946
-9.568176
36.81520244218922
-30.047058
-21.097946
-10.965042
38.316852067252995
-27.895508
-22.522934
-11.663483
37.70250336205309
-30.047058
-20.385437
-9.568176
37.54919136893546
-28.612686
-20.385437
-10.266602
36.601296523846834
-30.047058
-21.097946
-10.266602
38.12285470398629
-28.612686
-21.81044
-8.869736
37.05473444415116
-28.612686
-21.81044
-10.965042
37.611345113542534
-31.481445
-20.385437
-10.266602
38.885094022123376
-28.612686
-20.385437
-10.266602
36.601296523846834
-30.764252
-21.097946
-9.568176
38.511200303653546
-30.047058
-20.385437
-10.266602
37.73320553312013
-30.047058
-21.097946
-9.568176
37.94073040200333
-29.32988
-20.385437
-10.266602
37.16464633896037
-29.32988
-20.385437
-10.266602
37.16464633896037
-28.612686
-21.097946
-11.663483
37.414515194849514
-28.612686
-21.097946
-10.965042
37.202705006029134
-27.895508
-21.81044
-10.965042
37.068676695994796
-28.612686
-19.672943
-12.361923
36.85820923336652
-28.612686
-21.097946
-10.266602
37.00286689167645
-27.895508
-21.097946
-9.568176
36.26062277005009
-28.612686
-20.385437
-12.361923
37.24337484340755
-28.612686
-20.385437
-13.060364
37.48099453285458
-30.047058
-20.385437
-13.060364
38.58710722184289
-30.764252
-18.960434
-10.965042
37.76465852611076
-29.32988
-18.960434
-10.266602
36.40251288490861
-31.481445
-20.385437
-11.663483
39.277020332146826
-30.764252
-19.672943
-10.965042
38.12736608948847
-30.047058
-20.385437
-11.663483
38.13697141708014
-30.047058
-21.81044
-8.869736
38.173200511676875
-30.764252
-21.097946
-10.266602
38.69063938696122
-30.764252
-20.385437
-9.568176
38.125520296142355
-30.764252
-21.81044
-9.568176
38.906099397298874
-27.178314
-19.672943
-10.266602
35.086870777779005
-30.764252
-21.097946
-10.266602
38.69063938696122
-28.612686
-20.385437
-11.663483
37.017410718323646
-30.764252
-19.672943
-10.266602
37.932399652004285
-30.047058
-20.385437
-10.266602
37.73320553312013
-28.612686
-21.097946
-10.965042
37.202705006029134
-30.764252
-19.672943
-9.568176
37.749356498033514
-30.047058
-21.81044
-10.266602
38.521735063021566
-30.047058
-20.385437
-10.266602
37.73320553312013
-28.612686
-21.81044
-8.869736
37.05473444415116
-30.047058
-22.522934
-8.869736
38.584718705442505
-29.32988
-21.097946
-9.568176
37.375328241138064
-30.047058
-21.097946
-9.568176
37.94073040200333
-28.612686
-20.385437
-10.266602
36.601296523846834
-30.047058
-21.097946
-10.965042
38.316852067252995
-28.612686
-23.235443
-9.568176
38.08046194613781
-29.32988
-21.81044
-10.266602
37.96498663190779
-28.612686
-22.522934
-10.266602
37.83347010202656
-27.895508
-21.097946
-10.965042
36.6539887676379
-28.612686
-21.81044
-10.965042
37.611345113542534
-28.612686
-23.947937
-10.266602
38.698740668100235
-27.178314
-23.235443
-9.568176
37.014817028961524
-27.895508
-22.522934
-10.266602
37.29403398270459
-29.32988
-24.660446
-10.965042
39.857390434718944
-28.612686
-21.097946
-10.266602
37.00286689167645
-27.178314
-23.947937
-11.663483
38.055240032685546
-27.895508
-22.522934
-10.965042
37.49232017714595
-27.895508
-23.947937
-10.266602
38.17153601978017
-27.895508
-23.235443
-10.266602
37.72861304351778
-26.46112
-21.097946
-10.965042
35.57451878407844
-26.46112
-21.81044
-10.965042
36.00164452081495
-27.178314
-21.81044
-13.758789
37.465456094789836
-25.743942
-22.522934
-10.266602
35.713249043269116
-28.612686
-22.522934
-10.965042
38.02894373399605
-27.895508
-23.235443
-11.663483
38.13242755516622
-27.895508
-22.522934
-10.965042
37.49232017714595
-27.895508
-22.522934
-10.965042
37.49232017714595
-27.895508
-21.097946
-10.965042
36.6539887676379
-27.895508
-23.235443
-9.568176
37.544576370545855
-27.178314
-23.235443
-10.266602
37.201474527648095
-28.612686
-23.235443
-8.869736
37.910998066709645
-30.047058
-22.522934
-10.965042
39.11956612874896
-27.895508
-24.660446
-10.965042
38.814033220018345
-29.32988
-22.522934
-10.965042
38.57144788307635
-27.895508
-24.660446
-10.965042
38.814033220018345
-27.178314
-23.947937
-10.266602
37.65059766966273
-30.047058
-22.522934
-8.171295
38.430174289201936
-29.32988
-23.235443
-10.266602
38.80116959214954
-28.612686
-23.235443
-8.869736
37.910998066709645
-30.047058
-23.235443
-9.568176
39.16964991686006
-27.895508
-23.947937
-8.869736
37.8197742873809
-31.481445
-23.947937
-8.869736
40.53711045719403
-30.047058
-24.660446
-7.4728546
39.58291152461659
-29.32988
-22.522934
-8.869736
38.028892375053964
-27.895508
-23.947937
-8.171295
37.66209109261925
-29.32988
-23.235443
-7.4728546
38.15719055966057
-29.32988
-23.235443
-7.4728546
38.15719055966057
-28.612686
-23.235443
-6.075989
37.356246274782315
-28.612686
-24.660446
-8.171295
38.647037478432615
-28.612686
-21.81044
-7.4728546
36.74540256106878
-27.895508
-23.235443
-5.377548
36.70099637292733
-29.32988
-23.947937
-6.075989
38.34922536293921
-30.047058
-24.660446
-6.774414
39.45701558787185
-30.047058
-26.085434
-4.6791077
40.06456885746276
-28.612686
-23.947937
-6.774414
37.922053653781894
-28.612686
-24.660446
-6.075989
38.258869414387924
-27.895508
-25.37294
-6.075989
38.19506561205747
-28.612686
-23.947937
-8.171295
38.19632799964219
-26.46112
-25.37294
-5.377548
37.05259801324666
-28.612686
-25.37294
-6.075989
38.721951479324844
-27.895508
-25.37294
-6.075989
38.19506561205747
-27.895508
-26.797943
-4.6791077
38.9638692312346
-28.612686
-23.947937
-6.075989
37.80353231728568
-27.178314
-25.37294
-6.774414
37.793378752620974
-26.46112
-26.085434
-6.075989
37.65047770851902
-26.46112
-28.222946
-7.4728546
39.402653359854774
-27.178314
-25.37294
-6.774414
37.793378752620974
-27.178314
-26.085434
-7.4728546
38.405131187935034
-27.178314
-24.660446
-6.774414
37.31877597187591
-27.178314
-26.797943
-8.171295
39.03281371967694
-26.46112
-26.085434
-7.4728546
37.90098118782679
-27.178314
-25.37294
-6.774414
37.793378752620974
-27.178314
-24.660446
-6.774414
37.31877597187591
-27.895508
-23.947937
-5.377548
37.156171152145106
-27.895508
-25.37294
-6.774414
38.31237573899099
-26.46112
-25.37294
-5.377548
37.05259801324666
-26.46112
-26.797943
-6.075989
38.14758552320186
-25.743942
-25.37294
-4.6791077
36.44764277786013
-27.895508
-24.660446
-4.6791077
37.525871609318585
-27.178314
-25.37294
-6.774414
37.793378752620974
-28.612686
-25.37294
-6.075989
38.721951479324844
-27.178314
-25.37294
-4.6791077
37.47453562504144
-25.743942
-25.37294
-6.075989
36.65316116834689
-27.178314
-24.660446
-5.377548
37.09064988098416
-27.178314
-26.797943
-6.075989
38.648520410008096
-27.178314
-24.660446
-6.774414
37.31877597187591
-28.612686
-26.085434
-4.6791077
39.000381859108124
-27.895508
-26.797943
-6.075989
39.15618297330656
-27.895508
-26.797943
-4.6791077
38.9638692312346
-27.895508
-23.947937
-5.377548
37.156171152145106
-25.743942
-23.947937
-2.5838013
35.25521487356516
-27.178314
-23.947937
-3.980667
36.4418733304963
-27.178314
-23.235443
-6.075989
36.26932910047327
-27.178314
-23.947937
-3.980667
36.4418733304963
-26.46112
-22.522934
-5.377548
35.16235884425542
-27.178314
-23.947937
-4.6791077
36.52476518308759
-28.612686
-23.235443
-5.377548
37.24902014755724
-28.612686
-24.660446
-4.6791077
38.06202213883118
-27.178314
-23.235443
-5.377548
36.15887995512824
-29.32988
-23.947937
-5.377548
38.244783332481276
-27.895508
-23.235443
-4.6791077
36.60518008403148
-25.743942
-22.522934
-4.6791077
34.524297589139124
-29.32988
-22.522934
-4.6791077
37.27490385006043
-27.178314
-21.81044
-5.377548
35.260091432830436
-27.895508
-22.522934
-3.2822266
36.0029855125976
-27.895508
-22.522934
-2.5838013
35.94604178378859
-28.612686
-22.522934
-3.980667
36.630780593840235
-29.32988
-21.097946
-2.5838013
36.222108410407486
-29.32988
-22.522934
-4.6791077
37.27490385006043
-27.178314
-22.522934
-3.980667
35.52167032249469
-29.32988
-23.235443
-3.2822266
37.5619589057325
-27.895508
-22.522934
-1.8853607
35.90259684146729
-27.895508
-22.522934
-2.5838013
35.94604178378859
-28.612686
-22.522934
-1.8853607
36.46262400347443
-28.612686
-23.235443
-3.2822266
37.00465652444551
-27.178314
-23.947937
-1.8853607
36.27284099902605
-27.895508
-23.235443
-3.2822266
36.45295923933594
-27.895508
-23.235443
-2.5838013
36.396719514349776
-29.32988
-25.37294
-2.5838013
38.86777402195648
-27.178314
-22.522934
-2.5838013
35.39236336790219
-29.32988
-23.235443
-1.8853607
37.465747703423226
-27.895508
-23.235443
-1.1869202
36.32428911200036
-27.178314
-22.522934
-4.6791077
35.60670445778084
-27.895508
-24.660446
-2.5838013
37.32255380411337
-27.178314
-21.81044
-3.2822266
35.0018449569537
-27.895508
-22.522934
-1.8853607
35.90259684146729
-27.178314
-23.235443
-2.5838013
35.850002179218905
-26.46112
-23.235443
-2.5838013
35.309385233205
-26.46112
-25.37294
-2.5838013
36.751232308208046
-26.46112
-23.235443
-3.2822266
35.36735403511708
-27.178314
-22.522934
-3.980667
35.52167032249469
-25.026749
-23.947937
-1.1869202
34.65906245632681
-27.178314
-24.660446
-0.4884796
36.7020024972029
-28.612686
-23.947937
-1.8853607
37.35965763433449
-26.46112
-23.947937
-1.8853607
35.738622602274596
-25.743942
-23.235443
-2.5838013
34.77516898491922
-27.178314
-23.235443
-2.5838013
35.850002179218905
-26.46112
-23.235443
-1.8853607
35.26515596996471
-28.612686
-24.660446
-2.5838013
37.8615835870444
-27.178314
-25.37294
-1.1869202
37.200209553446236
-27.178314
-23.947937
-1.8853607
36.27284099902605
-25.743942
-23.947937
-2.5838013
35.25521487356516
-27.178314
-23.235443
-1.8853607
35.80644070958551
-27.895508
-22.522934
-3.980667
36.07336410228813
-27.178314
-23.235443
-1.8853607
35.80644070958551
-26.46112
-23.947937
-1.1869202
35.7085899127183
-25.743942
-23.947937
-1.8853607
35.210917565725445
-28.612686
-22.522934
-1.1869202
36.43318812930904
-27.178314
-23.235443
-1.1869202
35.776464950242605
-27.178314
-22.522934
0.20996094
35.29854709131542
-25.743942
-23.235443
-0.4884796
34.682488376701
-27.895508
-23.235443
-1.1869202
36.32428911200036
-26.46112
-23.235443
-1.1869202
35.23471971838023
-25.743942
-23.235443
-1.8853607
34.730259399675525
-25.743942
-22.522934
-1.8853607
34.25766551422287
-27.178314
-23.947937
-1.8853607
36.27284099902605
-27.895508
-23.235443
-1.1869202
36.32428911200036
-27.895508
-24.660446
-2.5838013
37.32255380411337
-27.178314
-22.522934
-1.1869202
35.31787327758514
-28.612686
-23.235443
-1.1869202
36.87791136547307
-28.612686
-23.947937
-2.5838013
37.40141011400004
-27.178314
-22.522934
-2.5838013
35.39236336790219
-28.612686
-21.81044
-1.8853607
36.02687425999253
-27.895508
-23.235443
-1.8853607
36.35381316238109
-27.178314
-22.522934
-0.4884796
35.30130318891836
-28.612686
-22.522934
-1.8853607
36.46262400347443
-28.612686
-22.522934
-0.4884796
36.41712552151803
-27.178314
-23.235443
-2.5838013
35.850002179218905
-27.178314
-23.235443
-1.8853607
35.80644070958551
-27.895508
-22.522934
-1.8853607
35.90259684146729
-29.32988
-22.522934
-1.8853607
37.02808365946296
-29.32988
-23.235443
-0.4884796
37.42146887827644
-27.178314
-22.522934
-2.5838013
35.39236336790219
-25.743942
-23.235443
-3.2822266
34.83402681040659
-30.047058
-21.81044
-2.5838013
37.218235066756925
-27.178314
-23.235443
-3.980667
35.97766437644855
-25.743942
-23.235443
-3.980667
34.906762319986974
-27.895508
-23.947937
-4.6791077
37.06153165893512
-27.178314
-23.235443
-3.2822266
35.90709821398044
-24.30957
-23.235443
-2.5838013
33.72709726382853
-26.46112
-22.522934
-2.5838013
34.84464860108095
-26.46112
-24.660446
-4.6791077
36.47221759435529
-26.46112
-22.522934
-3.980667
34.975980527601905
-26.46112
-23.235443
-3.980667
35.43899495303514
-24.30957
-23.947937
-4.6791077
34.4434740592966
-25.026749
-22.522934
-3.980667
33.903781952225664
-25.026749
-23.947937
-3.980667
34.86671048435743
-25.026749
-23.235443
-4.6791077
34.46908643874791
-24.30957
-25.37294
-3.2822266
35.291844415198284
-25.026749
-23.235443
-2.5838013
34.24762622932792
-25.026749
-23.947937
-4.6791077
34.95333803578351
-25.026749
-23.947937
-5.377548
35.05366978826896
-25.743942
-24.660446
-3.980667
35.87107311914086
-25.026749
-23.235443
-3.980667
34.38123878044718
-25.743942
-23.235443
-4.6791077
34.993290721334176
-25.743942
-23.235443
-5.377548
35.093508249946495
-24.30957
-22.522934
-2.5838013
33.24024395757912
-23.592377
-25.37294
-3.2822266
34.80171406350286
-25.743942
-24.660446
-4.6791077
35.95528092731998
-25.026749
-23.947937
-4.6791077
34.95333803578351
-25.026749
-23.947937
-4.6791077
34.95333803578351
-27.178314
-23.235443
-3.980667
35.97766437644855
-26.46112
-23.947937
-5.377548
36.09172410439996
-26.46112
-23.947937
-5.377548
36.09172410439996
-24.30957
-21.81044
-3.980667
32.90131024473513
-25.743942
-23.235443
-5.377548
35.093508249946495
-26.46112
-25.37294
-3.980667
36.87577462110118
-25.026749
-23.947937
-5.377548
35.05366978826896
-25.026749
-23.235443
-4.6791077
34.46908643874791
-26.46112
-24.660446
-3.2822266
36.319439485904965
-27.178314
-23.947937
-3.2822266
36.37220779661306
-26.46112
-24.660446
-7.4728546
36.93470074524261
-25.743942
-23.947937
-6.075989
35.681532379225075
-26.46112
-23.947937
-5.377548
36.09172410439996
-26.46112
-23.947937
-6.075989
36.20237813482959
-27.895508
-26.085434
-4.6791077
38.47730884428428
-26.46112
-23.947937
-6.774414
36.32612393682317
-26.46112
-25.37294
-6.774414
37.280956948240515
-26.46112
-23.235443
-4.6791077
35.52422698842299
-30.047058
-23.947937
-5.377548
38.79751685937033
-27.178314
-23.235443
-5.377548
36.15887995512824
-27.895508
-22.522934
-5.377548
36.25410133048742
-26.46112
-23.235443
-4.6791077
35.52422698842299
-27.178314
-23.947937
-5.377548
36.620791873755785
-29.32988
-22.522934
-5.377548
37.36900296786764
-28.612686
-24.660446
-4.6791077
38.06202213883118
-27.895508
-23.947937
-3.2822266
36.911192844807424
-28.612686
-23.235443
-3.2822266
37.00465652444551
-28.612686
-22.522934
-5.377548
36.80878091623061
-27.178314
-23.947937
-3.980667
36.4418733304963
-28.612686
-23.947937
-4.6791077
37.604301563700794
-27.895508
-23.947937
-6.075989
37.263664453144735
-29.32988
-23.947937
-3.980667
38.07349716697217
-27.178314
-23.235443
-5.377548
36.15887995512824
-27.895508
-23.947937
-6.774414
37.38389741764243
-27.895508
-23.947937
-3.980667
36.97984301024681
-28.612686
-23.947937
-3.980667
37.52379453426852
-27.178314
-26.797943
-6.774414
38.76445830318105
-27.178314
-26.085434
-3.980667
37.880817029574814
-25.743942
-25.37294
-6.075989
36.65316116834689
-26.46112
-23.947937
-6.075989
36.20237813482959
-27.178314
-23.947937
-6.075989
36.7298520450328
-28.612686
-25.37294
-5.377548
38.61851748291388
-27.895508
-26.797943
-5.377548
39.05389905310352
-27.895508
-25.37294
-3.980667
37.91821643610512
-25.743942
-26.085434
-4.6791077
36.94718504056669
-27.178314
-26.797943
-6.774414
38.76445830318105
-27.178314
-26.085434
-5.377548
38.052970507611164
-27.895508
-24.660446
-5.377548
37.619342974330536
-27.178314
-26.085434
-5.377548
38.052970507611164
-25.743942
-26.797943
-5.377548
37.547281390851055
-27.178314
-26.085434
-6.774414
38.27536147312573
-27.178314
-26.085434
-6.075989
38.15793755226018
-26.46112
-26.085434
-4.6791077
37.45043273594278
-25.743942
-28.93544
-4.6791077
39.01159182698137
-27.178314
-25.37294
-5.377548
37.568134716721694
-27.178314
-27.510437
-3.980667
38.87583525027147
-27.178314
-27.510437
-3.980667
38.87583525027147
-27.178314
-27.510437
-5.377548
39.0436016785241
-25.743942
-24.660446
-5.377548
36.05282447109727
-26.46112
-26.085434
-3.980667
37.36959422131347
-25.743942
-27.510437
-6.075989
38.16401851967783
-26.46112
-25.37294
-4.6791077
36.95769329584843
-26.46112
-24.660446
-3.980667
36.38920604253753
-27.178314
-26.797943
-4.6791077
38.45366783952475
-27.178314
-26.797943
-4.6791077
38.45366783952475
-27.895508
-25.37294
-4.6791077
37.9978878036538
-28.612686
-26.085434
-3.980667
38.922762560133116
-27.895508
-25.37294
-6.774414
38.31237573899099
-26.46112
-26.085434
-6.075989
37.65047770851902
-27.895508
-26.085434
-5.377548
38.56847445362193
-26.46112
-26.797943
-5.377548
38.04258991526389
-26.46112
-26.085434
-6.075989
37.65047770851902
-27.178314
-24.660446
-6.075989
37.19833252153667
-27.178314
-24.660446
-6.075989
37.19833252153667
-27.178314
-25.37294
-6.774414
37.793378752620974
-28.612686
-24.660446
-5.377548
38.154180047252034
-27.895508
-26.085434
-7.4728546
38.915970484995775
-30.047058
-24.660446
-3.980667
39.07440443604035
-27.895508
-24.660446
-4.6791077
37.525871609318585
-29.32988
-23.947937
-5.377548
38.244783332481276
-29.32988
-23.947937
-4.6791077
38.152844276242206
-30.047058
-26.085434
-3.980667
39.98901521531413
-27.178314
-25.37294
-4.6791077
37.47453562504144
-28.612686
-25.37294
-3.980667
38.44889630344576
-29.32988
-24.660446
-4.6791077
38.60405985774035
-29.32988
-25.37294
-3.980667
38.985555468099335
-28.612686
-24.660446
-3.980667
37.98248529853102
-27.895508
-24.660446
-5.377548
37.619342974330536
-27.895508
-24.660446
-6.075989
37.725516558549266
-28.612686
-23.947937
-3.980667
37.52379453426852
-29.32988
-26.085434
-3.2822266
39.38863696143454
-27.178314
-26.797943
-4.6791077
38.45366783952475
-27.895508
-24.660446
-5.377548
37.619342974330536
-27.895508
-26.085434
-6.774414
38.78790988342888
-26.46112
-23.947937
-5.377548
36.09172410439996
-26.46112
-25.37294
-3.980667
36.87577462110118
-26.46112
-26.085434
-4.6791077
37.45043273594278
-27.895508
-24.660446
-6.075989
37.725516558549266
-27.178314
-23.947937
-5.377548
36.620791873755785
-27.178314
-26.085434
-5.377548
38.052970507611164
-25.743942
-25.37294
-4.6791077
36.44764277786013
-27.895508
-23.235443
-6.075989
36.80981891499451
-26.46112
-26.085434
-5.377548
37.544091917246114
-25.743942
-24.660446
-4.6791077
35.95528092731998
-25.743942
-26.085434
-4.6791077
36.94718504056669
-26.46112
-26.085434
-3.980667
37.36959422131347
-26.46112
-25.37294
-5.377548
37.05259801324666
-26.46112
-26.797943
-3.980667
37.87038924854004
-26.46112
-26.797943
-4.6791077
37.95016102310618
-25.026749
-26.085434
-4.6791077
36.45109228687461
-25.743942
-26.085434
-3.980667
36.86524301531356
-26.46112
-25.37294
-2.5838013
36.751232308208046
-26.46112
-24.660446
-3.2822266
36.319439485904965
-25.743942
-26.797943
-3.980667
37.37279858692349
-24.30957
-23.947937
-3.980667
34.35556090983943
-25.026749
-25.37294
-3.980667
35.860423459618055
-25.026749
-26.085434
-3.980667
36.36803251569295
-26.46112
-25.37294
-4.6791077
36.95769329584843
-25.026749
-26.797943
-3.980667
36.88242940253275
-25.026749
-26.085434
-4.6791077
36.45109228687461
-25.026749
-26.085434
-5.377548
36.54731255082239
-25.743942
-25.37294
-6.075989
36.65316116834689
-26.46112
-25.37294
-3.980667
36.87577462110118
-25.026749
-25.37294
-1.8853607
35.688637309482864
-25.743942
-25.37294
-2.5838013
36.238275986646705
-25.743942
-25.37294
-4.6791077
36.44764277786013
-24.30957
-26.085434
-5.377548
36.05999165344988
-25.026749
-26.797943
-5.377548
37.05922104224281
-27.178314
-25.37294
-3.980667
37.39374921653016
-27.178314
-25.37294
-1.8853607
37.22903897192939
-24.30957
-26.085434
-3.980667
35.87827660886006
-26.46112
-26.085434
-4.6791077
37.45043273594278
-23.592377
-24.660446
-5.377548
34.549323607253875
-24.30957
-25.37294
-6.075989
35.660325481921255
-25.743942
-25.37294
-5.377548
36.54387212438975
-26.46112
-23.235443
-3.980667
35.43899495303514
-26.46112
-22.522934
-4.6791077
35.06233810958615
-24.30957
-23.235443
-3.980667
33.86276373213098
-26.46112
-22.522934
-3.2822266
34.90338926281014
-27.178314
-22.522934
-2.5838013
35.39236336790219
-26.46112
-21.097946
-3.980667
34.07579657336531
-25.743942
-23.947937
-3.980667
35.38502301137623
-26.46112
-22.522934
-3.980667
34.975980527601905
-26.46112
-23.235443
-3.2822266
35.36735403511708
-27.178314
-23.235443
-3.980667
35.97766437644855
-27.895508
-21.097946
-3.2822266
35.1291301647623
-28.612686
-21.81044
-3.2822266
36.126917593460526
-27.178314
-21.81044
-2.5838013
34.943269802526885
-27.895508
-21.097946
-3.2822266
35.1291301647623
-27.895508
-23.947937
-1.8853607
36.81328091011704
-27.178314
-21.097946
-3.2822266
34.56236578861826
-26.46112
-21.81044
-1.8853607
34.34298757968557
-25.743942
-23.235443
-2.5838013
34.77516898491922
-26.46112
-21.81044
-1.8853607
34.34298757968557
-25.743942
-22.522934
-1.8853607
34.25766551422287
-26.46112
-22.522934
-4.6791077
35.06233810958615
-27.178314
-21.097946
-4.6791077
34.72287575339833
-26.46112
-21.097946
-4.6791077
34.16442963014493
-25.026749
-19.672943
-3.980667
32.081279527066094
-25.743942
-22.522934
-6.075989
34.74119577092519
-24.30957
-21.097946
-4.6791077
32.52648973036727
-25.743942
-23.235443
-4.6791077
34.993290721334176
-25.743942
-21.81044
-3.980667
33.974865767302894
-26.46112
-23.235443
-2.5838013
35.309385233205
-25.026749
-23.235443
-3.2822266
34.30738912016167
-25.743942
-22.522934
-3.980667
34.436590774635164
-25.743942
-23.947937
-5.377548
35.56925806283602
-25.026749
-21.81044
-3.980667
33.434699795132374
-23.592377
-22.522934
-4.6791077
32.951128288250615
-25.743942
-22.522934
-3.980667
34.436590774635164
-23.592377
-23.235443
-3.2822266
33.27550383199986
-25.743942
-22.522934
-3.2822266
34.36286007223133
-25.026749
-23.947937
-3.2822266
34.79389124780473
-25.743942
-22.522934
-3.980667
34.436590774635164
-24.30957
-21.097946
-3.2822266
32.35508557398666
-25.026749
-21.097946
-4.6791077
33.065926098477874
-22.875183
-21.81044
-3.2822266
31.776441722369675
-26.46112
-20.385437
-5.377548
33.833044893385114
-26.46112
-20.385437
-5.377548
33.833044893385114
-27.178314
-20.385437
-3.980667
34.206322657743044
-25.743942
-20.385437
-4.6791077
33.16942407337479
-25.026749
-19.672943
-4.6791077
32.175407315797884
-27.895508
-20.385437
-4.6791077
34.86573367599806
-26.46112
-20.385437
-4.6791077
33.72908242120681
-26.46112
-20.385437
-3.980667
33.63930232827091
-27.178314
-19.672943
-3.980667
33.786552471799894
-27.895508
-21.097946
-4.6791077
35.28706218733007
-27.178314
-18.24794
-5.377548
33.174780180719544
-28.612686
-20.385437
-4.6791077
35.44214827043414
-27.178314
-18.24794
-3.980667
32.97717050345682
-27.895508
-19.672943
-5.377548
34.55578172724863
-28.612686
-19.672943
-6.075989
35.250929799904746
-27.178314
-18.24794
-4.6791077
33.06874830195138
-26.46112
-18.960434
-5.377548
32.99404391089019
-26.46112
-17.535446
-6.075989
32.32027945218277
-28.612686
-17.535446
-6.774414
34.23551422967548
-27.895508
-18.24794
-4.6791077
33.660670989812054
-28.612686
-18.24794
-4.6791077
34.25736619578153
-27.895508
-18.960434
-5.377548
34.15516709742649
-28.612686
-17.535446
-5.377548
33.986698914796065
-29.32988
-16.822937
-4.6791077
34.13425104973833
-28.612686
-18.24794
-3.2822266
34.09466478779616
-28.612686
-17.535446
-3.2822266
33.71870112658645
-28.612686
-18.24794
-4.6791077
34.25736619578153
-28.612686
-18.960434
-4.6791077
34.64214024651732
-29.32988
-16.822937
-4.6791077
34.13425104973833
-28.612686
-18.24794
-5.377548
34.35973027328831
-30.047058
-19.672943
-5.377548
36.314849724966166
-30.047058
-16.822937
-3.980667
34.66529413098207
-28.612686
-18.24794
-3.980667
34.16897421387018
-29.32988
-18.960434
-4.6791077
35.236826064968064
-30.047058
-18.960434
-3.980667
35.75149554345594
-30.047058
-18.24794
-3.980667
35.37878872158076
-27.895508
-20.385437
-3.980667
34.77888791956803
-28.612686
-19.672943
-4.6791077
35.037187275629016
-28.612686
-19.672943
-4.6791077
35.037187275629016
-30.047058
-18.960434
-4.6791077
35.83598433749937
-30.047058
-18.24794
-4.6791077
35.46416545260864
-28.612686
-20.385437
-5.377548
35.54110014904839
-28.612686
-19.672943
-4.6791077
35.037187275629016
-27.178314
-18.960434
-6.075989
33.69089515010881
-26.46112
-20.385437
-5.377548
33.833044893385114
-28.612686
-21.81044
-4.6791077
36.280506425412185
-26.46112
-21.097946
-6.075989
34.383598001422676
-27.178314
-20.385437
-4.6791077
34.29461837678581
-27.895508
-20.385437
-5.377548
34.96631679984146
-27.178314
-21.097946
-4.6791077
34.72287575339833
-25.743942
-21.097946
-5.377548
33.71634425789942
-26.46112
-19.672943
-5.377548
33.408584898523834
-25.026749
-20.385437
-5.377548
32.7234188854815
-27.178314
-20.385437
-4.6791077
34.29461837678581
-27.178314
-21.81044
-4.6791077
35.1603487194071
-27.178314
-21.097946
-4.6791077
34.72287575339833
-27.178314
-22.522934
-3.980667
35.52167032249469
-25.026749
-20.385437
-4.6791077
32.61591969841472
-27.178314
-21.81044
-5.377548
35.260091432830436
-27.178314
-21.81044
-5.377548
35.260091432830436
-26.46112
-22.522934
-4.6791077
35.06233810958615
-25.743942
-21.81044
-6.774414
34.414219459063176
-27.178314
-22.522934
-4.6791077
35.60670445778084
-25.026749
-21.81044
-4.6791077
33.52502781854737
-25.743942
-23.235443
-3.980667
34.906762319986974
-25.026749
-22.522934
-3.980667
33.903781952225664
-26.46112
-21.097946
-4.6791077
34.16442963014493
-26.46112
-22.522934
-3.2822266
34.90338926281014
-26.46112
-23.235443
-3.980667
35.43899495303514
-26.46112
-23.235443
-5.377548
35.622950873085315
-27.178314
-23.235443
-3.2822266
35.90709821398044
-25.026749
-23.947937
-4.6791077
34.95333803578351
-25.743942
-21.81044
-4.6791077
34.063761444532226
-25.743942
-21.81044
-5.377548
34.16670557035387
-27.178314
-22.522934
-3.980667
35.52167032249469
-27.895508
-23.235443
-3.2822266
36.45295923933594
-25.743942
-21.097946
-3.980667
33.52192721924244
-26.46112
-21.097946
-3.980667
34.07579657336531
-27.895508
-21.81044
-3.980667
35.63285446582707
-28.612686
-21.81044
-3.980667
36.197055220564906
-27.178314
-21.81044
-3.980667
35.074232453847976
-26.46112
-21.81044
-1.8853607
34.34298757968557
-27.178314
-21.097946
-3.980667
34.63567179573954
-25.026749
-21.097946
-3.2822266
32.89733267409856
-27.895508
-19.672943
-3.2822266
34.29223167599788
-27.895508
-21.81044
-4.6791077
35.71762390230574
-26.46112
-21.81044
-4.6791077
34.608962328239485
-27.895508
-21.81044
-3.980667
35.63285446582707
-26.46112
-22.522934
-3.2822266
34.90338926281014
-27.895508
-21.097946
-2.5838013
35.070767602582855
-27.895508
-21.81044
-3.2822266
35.561604091307174
-27.895508
-23.947937
-2.5838013
36.85565236606354
-26.46112
-23.235443
-3.980667
35.43899495303514
-27.178314
-22.522934
-4.6791077
35.60670445778084
-25.026749
-23.947937
-3.980667
34.86671048435743
-26.46112
-22.522934
-3.2822266
34.90338926281014
-25.743942
-23.235443
-1.8853607
34.730259399675525
-26.46112
-23.235443
-3.980667
35.43899495303514
-25.743942
-22.522934
-5.377548
34.625872549362384
-25.743942
-20.385437
-3.980667
33.078125
-25.743942
-23.947937
-4.6791077
35.47038473655699
-25.026749
-21.097946
-5.377548
33.171966998223816
-26.46112
-23.947937
-4.6791077
35.994285977733675
-26.46112
-23.947937
-3.980667
35.91016963484195
-24.30957
-21.81044
-4.6791077
32.993098606588354
-23.592377
-23.947937
-6.774414
34.29280656393189
-24.30957
-21.81044
-4.6791077
32.993098606588354
-24.30957
-23.947937
-4.6791077
34.4434740592966
-23.592377
-23.235443
-3.980667
33.35163844714941
-25.743942
-23.235443
-5.377548
35.093508249946495
-23.592377
-23.947937
-4.6791077
33.941094926426395
-22.875183
-24.660446
-4.6791077
33.96035429824754
-25.743942
-23.947937
-3.980667
35.38502301137623
-25.026749
-23.947937
-6.075989
35.16759018491404
-23.592377
-23.947937
-4.6791077
33.941094926426395
-25.026749
-23.947937
-4.6791077
34.95333803578351
-24.30957
-23.947937
-4.6791077
34.4434740592966
-24.30957
-23.235443
-5.377548
34.05523503373784
-25.743942
-23.235443
-4.6791077
34.993290721334176
-25.026749
-23.235443
-4.6791077
34.46908643874791
-24.30957
-24.660446
-4.6791077
34.942621773505344
-25.026749
-23.235443
-6.075989
34.68632986483562
-24.30957
-25.37294
-5.377548
35.547984185991474
-24.30957
-24.660446
-6.075989
35.156939229355025
-23.592377
-25.37294
-5.377548
35.06143464290573
-24.30957
-25.37294
-4.6791077
35.449051523365895
-23.592377
-23.947937
-3.980667
33.85187712610539
-25.026749
-23.947937
-6.075989
35.16759018491404
-23.592377
-23.947937
-6.075989
34.16169615775833
-25.026749
-26.085434
-5.377548
36.54731255082239
-25.743942
-22.522934
-5.377548
34.625872549362384
-25.743942
-23.947937
-6.075989
35.681532379225075
-25.026749
-23.947937
-4.6791077
34.95333803578351
-22.875183
-23.235443
-5.377548
33.046599806773806
-25.743942
-22.522934
-4.6791077
34.524297589139124
-25.026749
-22.522934
-5.377548
34.09602170765766
-26.46112
-21.81044
-4.6791077
34.608962328239485
-25.743942
-23.235443
-3.980667
34.906762319986974
-25.743942
-21.097946
-6.075989
33.834767679212014
-25.743942
-21.81044
-6.075989
34.28357337443564
-25.743942
-21.097946
-3.980667
33.52192721924244
-27.178314
-21.097946
-4.6791077
34.72287575339833
-25.026749
-22.522934
-4.6791077
33.99286352321341
-25.026749
-21.097946
-3.2822266
32.89733267409856
-27.895508
-23.235443
-4.6791077
36.60518008403148
-26.46112
-20.385437
-3.2822266
33.56382024288765
-27.178314
-21.81044
-4.6791077
35.1603487194071
-26.46112
-21.097946
-5.377548
34.26707133290464
-26.46112
-22.522934
-5.377548
35.16235884425542
-26.46112
-22.522934
-4.6791077
35.06233810958615
-26.46112
-22.522934
-4.6791077
35.06233810958615
-25.743942
-21.81044
-4.6791077
34.063761444532226
-25.743942
-22.522934
-5.377548
34.625872549362384
-26.46112
-22.522934
-6.774414
35.402912464054424
-25.743942
-20.385437
-6.774414
33.529231285341716
-25.026749
-23.947937
-6.075989
35.16759018491404
-25.026749
-22.522934
-6.774414
34.344045011244305
-24.30957
-22.522934
-6.075989
33.69206724895064
-27.178314
-22.522934
-6.774414
35.94212096649713
-25.026749
-21.81044
-7.4728546
34.02759105674394
-23.592377
-23.947937
-7.4728546
34.437586844831515
-24.30957
-23.235443
-6.075989
34.17248406235911
-23.592377
-26.085434
-6.774414
35.81819019748817
-22.158005
-23.947937
-7.4728546
33.471246478437465
-22.158005
-23.947937
-5.377548
33.06658137320726
-23.592377
-25.37294
-6.075989
35.175329891954284
-22.875183
-22.522934
-6.774414
32.80928555683589
-23.592377
-24.660446
-6.075989
34.66490149283295
-22.875183
-23.947937
-6.774414
33.80340645683416
-22.158005
-23.235443
-6.774414
32.813956440890934
-21.440811
-24.660446
-5.377548
33.117426168342625
-22.875183
-26.085434
-6.075989
35.22274094235409
-22.875183
-22.522934
-5.377548
32.54956969461636
-22.875183
-22.522934
-6.075989
32.67222246945791
-21.440811
-24.660446
-6.075989
33.23798353999062
-24.30957
-23.235443
-5.377548
34.05523503373784
-23.592377
-23.947937
-3.980667
33.85187712610539
-23.592377
-23.947937
-4.6791077
33.941094926426395
-23.592377
-23.235443
-7.4728546
33.94598046667308
-23.592377
-23.947937
-6.774414
34.29280656393189
-22.875183
-23.947937
-6.075989
33.67039041100782
-21.440811
-23.947937
-8.171295
33.165977381407934
-25.026749
-21.81044
-6.774414
33.88105883028064
-23.592377
-23.947937
-6.774414
34.29280656393189
-25.026749
-22.522934
-5.377548
34.09602170765766
-23.592377
-23.947937
-7.4728546
34.437586844831515
-25.026749
-23.947937
-7.4728546
35.43565016666655
-24.30957
-21.097946
-6.774414
32.89333050036512
-25.743942
-23.235443
-6.774414
35.33453060017035
-26.46112
-21.097946
-6.774414
34.513865462733776
-23.592377
-21.81044
-5.377548
32.57627205461918
-23.592377
-22.522934
-6.774414
33.313293333072195
-25.743942
-22.522934
-7.4728546
35.01252043075537
-25.743942
-21.097946
-6.774414
33.96714002624448
-25.026749
-21.097946
-6.774414
33.4268473831524
-26.46112
-21.097946
-7.4728546
34.65772229740076
-24.30957
-21.81044
-5.377548
33.099372825558376
-27.178314
-22.522934
-5.377548
35.705200295265115
-26.46112
-21.81044
-5.377548
34.710289529457256
-27.178314
-21.81044
-6.075989
35.37334705170865
-27.178314
-21.097946
-6.774414
35.06674718037731
-26.46112
-20.385437
-4.6791077
33.72908242120681
-25.743942
-19.672943
-6.075989
32.9650249672854
-25.026749
-20.385437
-6.075989
32.84542247168926
-25.743942
-19.672943
-6.774414
33.10087564929363
-26.46112
-20.385437
-6.075989
33.95106125803544
-26.46112
-19.672943
-6.774414
33.66167370121675
-26.46112
-18.960434
-8.171295
33.56276187048676
-27.178314
-19.672943
-4.6791077
33.87594231565282
-27.178314
-20.385437
-6.774414
34.64274104103106
-26.46112
-20.385437
-7.4728546
34.228649752322795
-26.46112
-20.385437
-6.774414
34.08298194411876
-25.743942
-20.385437
-6.774414
33.529231285341716
-25.743942
-19.672943
-8.171295
33.41474656623835
-25.026749
-18.960434
-7.4728546
32.27506293564739
-28.612686
-20.385437
-6.774414
35.7791074686052
-27.178314
-20.385437
-6.075989
34.51296001764681
-27.178314
-20.385437
-8.171295
34.94276500467407
-27.178314
-20.385437
-8.171295
34.94276500467407
-26.46112
-18.960434
-8.869736
33.739608860428234
-25.743942
-20.385437
-7.4728546
33.67729437247001
-27.178314
-21.097946
-8.171295
35.363174025367655
-25.743942
-22.522934
-8.869736
35.337024807779514
-26.46112
-20.385437
-8.171295
34.38788998381643
-26.46112
-21.097946
-8.171295
34.81500005049009
-26.46112
-21.097946
-8.869736
34.98551772084147
-25.743942
-21.097946
-8.869736
34.446279081754604
-25.743942
-21.097946
-7.4728546
34.11330249662971
-25.743942
-20.385437
-8.869736
34.014539414808524
-27.178314
-21.097946
-6.774414
35.06674718037731
-25.026749
-21.097946
-8.171295
33.73768583220402
-27.178314
-20.385437
-7.4728546
34.786064918297384
-24.30957
-21.097946
-7.4728546
33.044243024622496
-26.46112
-20.385437
-7.4728546
34.228649752322795
-29.32988
-22.522934
-6.075989
37.47588580142653
-27.895508
-21.81044
-6.075989
35.927318530567725
-26.46112
-23.235443
-4.6791077
35.52422698842299
-26.46112
-21.097946
-6.075989
34.383598001422676
-27.178314
-20.385437
-7.4728546
34.786064918297384
-28.612686
-21.097946
-8.171295
36.47710379899287
-27.895508
-21.097946
-6.774414
35.62548827790382
-28.612686
-19.672943
-9.568176
36.017502662551095
-27.895508
-20.385437
-8.171295
35.50345562516591
-27.178314
-18.960434
-8.869736
34.304971282417654
-30.047058
-21.81044
-8.171295
38.016983252554375
-30.047058
-18.960434
-6.774414
36.16927467705238
-27.895508
-19.672943
-8.869736
35.26834732791129
-28.612686
-19.672943
-7.4728546
35.518360816317596
-32.198624
-21.097946
-8.869736
39.50375773265121
-29.32988
-19.672943
-8.869736
36.413441483923556
-30.047058
-18.960434
-8.171295
36.45673806033667
-27.895508
-20.385437
-10.266602
36.04342405999672
-29.32988
-19.672943
-8.869736
36.413441483923556
-30.764252
-18.24794
-9.568176
37.02670066992197
-30.764252
-18.960434
-8.869736
37.210341265168644
-30.764252
-18.24794
-8.869736
36.85239144048609
-30.047058
-18.960434
-10.266602
36.982790682162225
-30.047058
-18.24794
-8.869736
36.25583028275849
-31.481445
-16.822937
-8.869736
36.77995231886693
-30.764252
-16.822937
-9.568176
36.345570407977505
-30.047058
-16.110443
-10.266602
35.605830231640084
-31.481445
-16.110443
-9.568176
36.63574561060976
-32.915817
-16.822937
-7.4728546
37.713469558405954
-32.198624
-16.110443
-8.869736
37.08058751831105
-32.198624
-16.110443
-8.869736
37.08058751831105
-30.764252
-17.535446
-9.568176
36.68080153393427
-33.632996
-16.822937
-8.171295
38.48323784099465
-31.481445
-15.397934
-9.568176
36.32805779563677
-32.198624
-16.822937
-9.568176
37.56744098378691
-31.481445
-16.110443
-8.171295
36.29597535744752
-31.481445
-16.110443
-8.869736
36.45956731542662
-31.481445
-16.822937
-10.266602
37.14156334269012
-30.764252
-15.397934
-10.965042
36.10772524357669
-32.198624
-18.24794
-10.266602
38.407573779566086
-30.764252
-16.822937
-10.266602
36.535647190449495
-31.481445
-18.24794
-8.869736
37.453183667037905
-31.481445
-18.24794
-8.171295
37.29395051636642
-32.915817
-18.24794
-8.171295
38.512444404678305
-31.481445
-18.24794
-9.568176
37.624709625644456
-30.764252
-18.960434
-8.869736
37.210341265168644
-29.32988
-21.097946
-8.171295
37.04234241831822
-30.764252
-20.385437
-8.869736
37.956257589946546
-30.047058
-20.385437
-8.869736
37.377318855741244
-29.32988
-21.097946
-8.171295
37.04234241831822
-30.764252
-19.672943
-10.266602
37.932399652004285
-27.895508
-21.81044
-8.869736
36.50379234365588
-27.895508
-22.522934
-8.171295
36.772434160149096
-28.612686
-22.522934
-8.869736
37.47853552368342
-27.178314
-21.81044
-8.869736
35.95870298429158
-27.178314
-19.672943
-9.568176
34.8889018691161
-29.32988
-23.235443
-8.171295
38.300100588355185
-27.895508
-21.81044
-8.869736
36.50379234365588
-27.178314
-21.81044
-9.568176
36.13732319817957
-27.895508
-22.522934
-10.266602
37.29403398270459
-27.895508
-23.235443
-8.869736
37.372682633530104
-29.32988
-21.097946
-8.171295
37.04234241831822
-27.895508
-21.81044
-8.869736
36.50379234365588
-27.895508
-21.81044
-8.869736
36.50379234365588
-27.178314
-21.81044
-9.568176
36.13732319817957
-27.895508
-21.097946
-9.568176
36.26062277005009
-25.026749
-21.81044
-8.869736
34.361398232268755
-27.895508
-22.522934
-8.171295
36.772434160149096
-27.178314
-22.522934
-8.171295
36.2313866544775
-27.895508
-22.522934
-8.869736
36.933915792157585
-28.612686
-22.522934
-7.4728546
37.17273045726447
-28.612686
-21.81044
-8.171295
36.89378163114856
-28.612686
-20.385437
-7.4728546
35.91789716720708
-27.895508
-23.235443
-6.774414
36.93152943232838
-30.047058
-21.81044
-6.774414
37.74140559503663
-29.32988
-21.81044
-7.4728546
37.30657635924848
-28.612686
-20.385437
-8.171295
36.069680489102446
-29.32988
-21.097946
-6.774414
36.759458816745386
-27.178314
-21.81044
-8.171295
35.79282188697634
-28.612686
-19.672943
-6.774414
35.3780037511172
-28.612686
-21.81044
-8.171295
36.89378163114856
-29.32988
-21.097946
-6.075989
36.637176676754855
-28.612686
-21.097946
-7.4728546
36.32702283274291
-28.612686
-21.097946
-7.4728546
36.32702283274291
-29.32988
-22.522934
-6.774414
37.59544007267122
-29.32988
-21.097946
-8.171295
37.04234241831822
-29.32988
-23.947937
-6.774414
38.466065351082506
-28.612686
-21.81044
-7.4728546
36.74540256106878
-29.32988
-19.672943
-6.075989
35.83551425654793
-29.32988
-21.097946
-7.4728546
36.89456082085898
-29.32988
-21.81044
-5.377548
36.94394541110982
-29.32988
-21.097946
-6.774414
36.759458816745386
-30.047058
-21.81044
-6.774414
37.74140559503663
-27.178314
-21.81044
-8.171295
35.79282188697634
-28.612686
-21.81044
-6.774414
36.60975011811659
-30.764252
-21.097946
-6.774414
37.91378641332612
-30.047058
-21.097946
-7.4728546
37.46721874477408
-29.32988
-20.385437
-8.171295
36.64120468624599
-28.612686
-20.385437
-6.774414
35.7791074686052
-30.047058
-22.522934
-8.869736
38.584718705442505
-29.32988
-21.81044
-6.075989
37.05205441440629
-29.32988
-21.81044
-6.774414
37.17297182072446
-28.612686
-21.81044
-6.774414
36.60975011811659
-27.178314
-21.81044
-8.171295
35.79282188697634
-27.178314
-21.097946
-7.4728546
35.20834508289991
-28.612686
-21.81044
-7.4728546
36.74540256106878
-27.178314
-23.235443
-8.869736
36.84045157256236
-28.612686
-21.81044
-6.774414
36.60975011811659
-30.047058
-23.235443
-10.965042
39.534081543848025
-28.612686
-22.522934
-7.4728546
37.17273045726447
-27.895508
-23.235443
-7.4728546
37.066004260980165
-28.612686
-23.947937
-8.869736
38.35181474631856
-27.178314
-23.235443
-7.4728546
36.529305177059555
-27.178314
-23.235443
-8.869736
36.84045157256236
-27.895508
-22.522934
-8.171295
36.772434160149096
-27.895508
-23.947937
-6.774414
37.38389741764243
-27.895508
-24.660446
-7.4728546
37.97552505140235
-27.895508
-22.522934
-9.568176
37.107842073601844
-29.32988
-23.235443
-6.774414
38.0265747306037
-29.32988
-23.235443
-8.171295
38.300100588355185
-27.178314
-21.81044
-7.4728546
35.63985949693036
-27.178314
-23.235443
-8.869736
36.84045157256236
-27.895508
-22.522934
-7.4728546
36.62356345838871
-29.32988
-22.522934
-8.171295
37.8720798688658
-27.895508
-23.947937
-8.869736
37.8197742873809
-27.178314
-21.81044
-6.774414
35.499982806994076
-28.612686
-23.947937
-7.4728546
38.053028249856474
-28.612686
-23.235443
-7.4728546
37.6087096170887
-28.612686
-23.235443
-6.075989
37.356246274782315
-29.32988
-21.81044
-6.774414
37.17297182072446
-28.612686
-22.522934
-6.774414
37.038643117484405
-28.612686
-21.097946
-5.377548
35.954513635721035
-30.047058
-20.385437
-7.4728546
37.070678837757846
-29.32988
-21.81044
-6.774414
37.17297182072446
-30.047058
-21.81044
-6.774414
37.74140559503663
-28.612686
-20.385437
-6.774414
35.7791074686052
-28.612686
-19.672943
-8.171295
35.67184420169498
-28.612686
-21.097946
-8.869736
36.63988705280336
-30.764252
-20.385437
-10.266602
38.3067660498157
-30.047058
-21.81044
-6.774414
37.74140559503663
-27.895508
-22.522934
-8.171295
36.772434160149096
-30.047058
-23.235443
-8.171295
38.85204557436455
-30.047058
-21.81044
-8.869736
38.173200511676875
-30.047058
-20.385437
-8.869736
37.377318855741244
-30.047058
-20.385437
-7.4728546
37.070678837757846
-29.32988
-18.960434
-5.377548
35.33635290906608
-32.198624
-20.385437
-6.774414
38.70671883546592
-29.32988
-20.385437
-6.075989
36.23155342884414
-32.915817
-18.960434
-6.075989
38.46903558992284
-30.764252
-20.385437
-6.075989
37.402177096560834
-31.481445
-21.81044
-5.377548
38.674212366232325
-32.198624
-21.097946
-5.377548
38.86891563369195
-30.764252
-21.097946
-6.075989
37.79523915176437
-30.764252
-20.385437
-5.377548
37.29508302408559
-30.764252
-21.097946
-6.075989
37.79523915176437
-30.764252
-19.672943
-5.377548
36.91045699984626
-30.764252
-21.097946
-4.6791077
37.595964450573014
-31.481445
-19.672943
-6.774414
37.73590835393889
-30.047058
-20.385437
-7.4728546
37.070678837757846
-29.32988
-20.385437
-6.075989
36.23155342884414
-31.481445
-21.81044
-4.6791077
38.58329659797342
-30.047058
-22.522934
-6.075989
38.039793360456756
-30.047058
-22.522934
-6.075989
38.039793360456756
-29.32988
-21.81044
-6.075989
37.05205441440629
-30.047058
-21.097946
-6.774414
37.3341890872788
-30.047058
-23.235443
-6.774414
38.58243286751838
-28.612686
-21.81044
-6.774414
36.60975011811659
-28.612686
-21.81044
-6.075989
36.486966248986604
-29.32988
-23.947937
-6.075989
38.34922536293921
-27.895508
-23.947937
-6.075989
37.263664453144735
-27.895508
-23.947937
-6.075989
37.263664453144735
-27.895508
-24.660446
-5.377548
37.619342974330536
-27.895508
-25.37294
-6.075989
38.19506561205747
-28.612686
-24.660446
-4.6791077
38.06202213883118
-27.178314
-22.522934
-4.6791077
35.60670445778084
-27.895508
-24.660446
-5.377548
37.619342974330536
-27.895508
-23.947937
-6.075989
37.263664453144735
-26.46112
-25.37294
-4.6791077
36.95769329584843
-27.895508
-24.660446
-4.6791077
37.525871609318585
-29.32988
-23.235443
-4.6791077
37.70970337347703
-28.612686
-26.797943
-3.980667
39.40382284604899
-27.178314
-25.37294
-5.377548
37.568134716721694
-27.178314
-25.37294
-3.2822266
37.32586032006245
-28.612686
-23.235443
-5.377548
37.24902014755724
-27.895508
-23.235443
-4.6791077
36.60518008403148
-30.047058
-22.522934
-6.075989
38.039793360456756
-30.047058
-22.522934
-3.2822266
37.69457981800898
-27.895508
-23.235443
-6.774414
36.93152943232838
-30.047058
-23.947937
-3.980667
38.628681686385896
-27.895508
-24.660446
-3.980667
37.44519595616122
-30.047058
-23.947937
-3.980667
38.628681686385896
-29.32988
-24.660446
-4.6791077
38.60405985774035
-29.32988
-23.947937
-3.980667
38.07349716697217
-30.764252
-24.660446
-6.075989
39.893539662907045
-30.047058
-23.235443
-6.075989
38.465946346350464
-30.764252
-23.235443
-5.377548
38.926121305902996
-30.764252
-22.522934
-5.377548
38.50506162191943
-28.612686
-22.522934
-6.075989
36.91728573890725
-30.764252
-21.81044
-4.6791077
38.00037584620875
-32.198624
-20.385437
-5.377548
38.486820491728075
-30.764252
-22.522934
-3.980667
38.33493843588134
-32.915817
-23.235443
-4.6791077
40.56144668316516
-30.764252
-22.522934
-4.6791077
38.41374551806375
-31.481445
-21.097946
-4.6791077
38.18505931490499
-32.198624
-22.522934
-3.980667
39.4953116036812
-32.915817
-22.522934
-2.5838013
39.967607733873066
-32.915817
-23.235443
-2.5838013
40.373418723872334
-32.915817
-21.81044
-2.5838013
39.57047368550587
-30.764252
-23.235443
-2.5838013
38.63937080960947
-30.764252
-23.947937
-2.5838013
39.07197072690825
-32.198624
-23.235443
-2.5838013
39.79086870654969
-32.198624
-24.660446
-3.2822266
40.68982658238651
-31.481445
-25.37294
-5.377548
40.789525621054054
-31.481445
-23.947937
-3.2822266
39.69078172947561
-32.915817
-23.235443
-3.980667
40.4868202899104
-32.915817
-23.947937
-7.4728546
41.38596643517507
-31.481445
-23.235443
-6.075989
39.59652620742522
-30.764252
-25.37294
-3.2822266
40.0124782172504
-30.764252
-25.37294
-3.980667
40.07581621030163
-31.481445
-24.660446
-3.980667
40.18786753817158
-31.481445
-24.660446
-5.377548
40.35017921757752
-32.198624
-23.947937
-3.2822266
40.261992948336214
-32.198624
-26.085434
-5.377548
41.786590440295555
-30.047058
-26.085434
-4.6791077
40.06456885746276
-31.481445
-26.085434
-4.6791077
41.15124898431091
-30.764252
-26.085434
-4.6791077
40.60521152666244
-30.764252
-26.797943
-5.377548
41.15199798887731
-33.632996
-27.510437
-3.2822266
43.5749413389773
-32.915817
-27.510437
-3.980667
43.082721009812914
-32.915817
-25.37294
-6.075989
42.001841186856765
-32.198624
-26.797943
-6.774414
42.43552525550894
-30.764252
-26.797943
-4.6791077
41.06656806570659
-32.915817
-27.510437
-4.6791077
43.15285841578893
-31.481445
-26.085434
-3.2822266
41.01590327286554
-30.764252
-28.93544
-3.980667
42.42104050744601
-31.481445
-27.510437
-3.2822266
41.936602018608845
-31.481445
-27.510437
-3.980667
41.99703823727484
-32.915817
-27.510437
-3.2822266
43.023809893748805
-32.915817
-28.93544
-4.6791077
44.07498991863895
-32.198624
-28.93544
-2.5838013
43.366888425603584
-34.35019
-28.222946
-3.2822266
44.57850699757466
-32.198624
-26.797943
-3.980667
42.0800048317562
-32.915817
-26.797943
-3.980667
42.63128562067857
-32.915817
-26.085434
-5.377548
42.34169160126045
-32.915817
-27.510437
-3.980667
43.082721009812914
-34.35019
-26.797943
-3.2822266
43.69025496499477
-34.35019
-24.660446
-3.980667
42.47256697343004
-34.35019
-26.085434
-3.980667
43.315484542734545
-35.78456
-27.510437
-3.980667
45.312300646113194
-33.632996
-26.085434
-2.5838013
42.64157829183566
-37.218933
-26.797943
-5.377548
46.17680018147641
-35.78456
-24.660446
-6.075989
43.881544706406046
-35.067383
-26.797943
-6.774414
44.6513580354961
-33.632996
-26.085434
-4.6791077
42.81964755572931
-35.78456
-25.37294
-6.774414
44.387087097224146
-35.067383
-26.085434
-6.075989
44.12582854878974
-34.35019
-25.37294
-6.075989
43.13512816981726
-35.78456
-26.085434
-5.377548
44.60832419953282
-37.218933
-23.235443
-6.774414
44.39625508779218
-37.218933
-24.660446
-8.869736
45.51987299950017
-38.65332
-23.235443
-8.171295
45.833776927304115
-37.936127
-23.947937
-7.4728546
45.480730273071416
-37.936127
-22.522934
-6.075989
44.53481619492355
-37.218933
-23.235443
-5.377548
44.20466869432458
-39.3705
-24.660446
-6.774414
46.947485622235405
-39.3705
-21.81044
-5.377548
45.32824080043809
-40.087692
-23.947937
-6.075989
47.08975026561645
-39.3705
-23.947937
-6.075989
46.480722020330646
-38.65332
-23.235443
-6.774414
45.605456537739265
-37.936127
-22.522934
-6.075989
44.53481619492355
-40.087692
-23.947937
-6.075989
47.08975026561645
-40.087692
-21.81044
-6.774414
46.13687072010573
-42.956436
-23.947937
-7.4728546
49.74537706222056
-40.087692
-23.947937
-8.171295
47.40566290012197
-40.80487
-22.522934
-6.774414
47.0979049054666
-40.087692
-23.235443
-5.377548
46.64575976760241
-40.80487
-23.235443
-6.075989
47.348084063171186
-40.087692
-23.947937
-6.774414
47.184949227415196
-41.522064
-23.235443
-6.075989
47.967543755191905
-40.087692
-23.947937
-5.377548
47.00473193433561
-40.80487
-24.660446
-6.774414
48.15669867166068
-40.087692
-24.660446
-5.377548
47.37170688587493
-40.087692
-23.947937
-6.774414
47.184949227415196
-39.3705
-24.660446
-5.377548
46.76635325610711
-39.3705
-26.085434
-4.6791077
47.45924701207474
-38.65332
-23.947937
-7.4728546
46.080652270468946
-40.80487
-24.660446
-7.4728546
48.25990628552339
-39.3705
-25.37294
-5.377548
47.1459461075393
-37.936127
-25.37294
-6.774414
46.13922809433016
-37.218933
-27.510437
-6.774414
46.77569689820238
-38.65332
-25.37294
-8.171295
46.953543571345605
-38.65332
-25.37294
-4.6791077
46.473210318889635
-36.501755
-26.085434
-7.4728546
45.482649293095825
-37.218933
-27.510437
-6.075989
46.67966331066319
-37.936127
-25.37294
-7.4728546
46.24693824325022
-37.218933
-26.085434
-6.075989
45.85429859041298
-38.65332
-26.797943
-6.075989
47.42495871357586
-37.218933
-25.37294
-4.6791077
45.28718581694771
-37.218933
-26.797943
-4.6791077
46.10068274135156
-36.501755
-25.37294
-5.377548
44.77814233808723
-37.218933
-25.37294
-6.774414
45.551374670529974
-37.218933
-26.085434
-5.377548
45.766985299005384
-35.067383
-28.222946
-6.075989
45.42217062167301
-36.501755
-26.797943
-6.774414
45.78646514664568
-36.501755
-27.510437
-6.774414
46.20708524201132
-34.35019
-27.510437
-6.075989
44.42608882361875
-34.35019
-26.085434
-6.075989
43.5580428920531
-35.067383
-25.37294
-6.075989
43.70840796411844
-35.067383
-27.510437
-6.774414
45.08256991733682
-35.067383
-26.085434
-6.774414
44.22741053660543
-37.218933
-26.085434
-6.774414
45.95205711101925
-35.78456
-25.37294
-6.075989
44.28587137361432
-34.35019
-25.37294
-5.377548
43.04230068708572
-34.35019
-26.797943
-6.774414
44.09033916644892
-35.067383
-27.510437
-7.4728546
45.1927971696334
-34.35019
-24.660446
-7.4728546
42.94085173872166
-35.067383
-25.37294
-5.377548
43.61680058152764
-33.632996
-26.085434
-7.4728546
43.21425320062236
-34.35019
-26.085434
-8.171295
43.89937946689138
-35.067383
-23.947937
-7.4728546
43.116916418562596
-33.632996
-23.947937
-5.377548
41.63652213605187
-34.35019
-23.235443
-6.075989
41.91346909528681
-34.35019
-24.660446
-4.6791077
42.54371028902216
-35.78456
-23.947937
-6.075989
43.485124521927034
-35.067383
-21.81044
-6.075989
41.74127727460703
-35.78456
-24.660446
-6.075989
43.881544706406046
-34.35019
-22.522934
-6.774414
41.6306478431906
-35.067383
-24.660446
-4.6791077
43.12485280771982
-34.35019
-23.947937
-5.377548
42.217972212487595
-34.35019
-23.947937
-6.075989
42.31260818625386
-33.632996
-23.235443
-6.774414
41.436178747317996
-34.35019
-23.235443
-5.377548
41.81792986043786
-35.067383
-23.235443
-6.075989
42.50323258616264
-33.632996
-23.235443
-4.6791077
41.14557390477285
-33.632996
-22.522934
-8.171295
41.29444220511097
-33.632996
-24.660446
-6.774414
42.251729173657054
-32.915817
-24.660446
-6.075989
41.57530788323687
-34.35019
-23.947937
-6.075989
42.31260818625386
-33.632996
-23.947937
-4.6791077
41.55208839281953
-32.915817
-23.235443
-5.377548
40.64793823569038
-34.35019
-25.37294
-6.774414
43.23903768451389
-31.481445
-23.235443
-5.377548
39.49538269097098
-34.35019
-24.660446
-5.377548
42.626179877365274
-31.481445
-23.947937
-6.075989
40.01877916112478
-31.481445
-26.085434
-5.377548
41.236503473864026
-32.198624
-25.37294
-4.6791077
41.2605307344001
-31.481445
-24.660446
-7.4728546
40.68245936518588
-30.764252
-24.660446
-6.774414
40.005869625496054
-32.915817
-23.947937
-6.075989
41.156680070835705
-31.481445
-22.522934
-6.774414
39.29703187095926
-30.764252
-24.660446
-5.377548
39.79315108215074
-32.198624
-25.37294
-5.377548
41.345559885743775
-32.198624
-24.660446
-4.6791077
40.82625330573913
-31.481445
-25.37294
-7.4728546
41.11825552598262
-30.764252
-25.37294
-6.774414
40.44895600620846
-32.198624
-23.947937
-5.377548
40.48670119474804
-30.047058
-25.37294
-6.075989
39.79358514817825
-31.481445
-25.37294
-5.377548
40.789525621054054
-30.764252
-25.37294
-4.6791077
40.151206516935765
-30.764252
-23.235443
-6.774414
39.14355184915119
-30.764252
-25.37294
-6.774414
40.44895600620846
-30.047058
-23.947937
-7.4728546
39.14297959484561
-30.764252
-25.37294
-7.4728546
40.571774026486075
-29.32988
-23.947937
-7.4728546
38.59519386216129
-31.481445
-23.235443
-7.4728546
39.834793723774006
-31.481445
-24.660446
-6.075989
40.449185364846194
-30.764252
-23.947937
-6.774414
39.57064026887943
-30.047058
-23.235443
-5.377548
38.36182209607946
-30.764252
-23.947937
-5.377548
39.35556936246444
-30.764252
-24.660446
-6.075989
39.893539662907045
-30.764252
-22.522934
-4.6791077
38.41374551806375
-31.481445
-23.235443
-5.377548
39.49538269097098
-31.481445
-24.660446
-6.075989
40.449185364846194
-31.481445
-23.235443
-5.377548
39.49538269097098
-31.481445
-22.522934
-5.377548
39.08045524839591
-31.481445
-23.235443
-5.377548
39.49538269097098
-32.198624
-21.097946
-6.774414
39.08666440084617
-32.915817
-23.235443
-6.774414
40.85620655736179
-32.198624
-21.81044
-4.6791077
39.17066119230294
-34.35019
-20.385437
-3.980667
40.141590527021506
-32.915817
-21.81044
-3.980667
39.6861696996534
-34.35019
-21.81044
-6.075989
41.14059384493693
-32.915817
-20.385437
-6.075989
39.19100269682842
-32.915817
-20.385437
-4.6791077
38.998860660441096
-34.35019
-20.385437
-3.980667
40.141590527021506
-31.481445
-20.385437
-4.6791077
37.79605143273898
-32.198624
-20.385437
-4.6791077
38.39546100493195
-33.632996
-20.385437
-5.377548
39.69461365872736
-34.35019
-20.385437
-4.6791077
40.21685753366133
-32.915817
-21.097946
-6.075989
39.56629807499528
-33.632996
-21.097946
-4.6791077
39.97743962175338
-33.632996
-20.385437
-5.377548
39.69461365872736
-32.915817
-19.672943
-6.075989
38.825163367935424
-33.632996
-21.097946
-4.6791077
39.97743962175338
-31.481445
-20.385437
-5.377548
37.88885627315108
-33.632996
-21.097946
-5.377548
40.0651919313035
-31.481445
-21.097946
-6.075989
38.38127557094898
-31.481445
-22.522934
-3.2822266
38.84761363276949
-32.915817
-21.097946
-6.075989
39.56629807499528
-31.481445
-19.672943
-3.980667
37.33566367732818
-31.481445
-22.522934
-3.980667
38.91284770865369
-31.481445
-22.522934
-4.6791077
38.99048674536681
-31.481445
-21.81044
-4.6791077
38.58329659797342
-30.047058
-21.81044
-6.774414
37.74140559503663
-31.481445
-23.235443
-4.6791077
39.40636151847821
-28.612686
-23.235443
-5.377548
37.24902014755724
-31.481445
-23.235443
-5.377548
39.49538269097098
-28.612686
-25.37294
-3.980667
38.44889630344576
-30.047058
-23.947937
-3.980667
38.628681686385896
-30.047058
-23.947937
-5.377548
38.79751685937033
-29.32988
-23.947937
-3.2822266
38.006822475543785
-27.895508
-23.947937
-4.6791077
37.06153165893512
-28.612686
-23.947937
-5.377548
37.69757846168637
-29.32988
-26.085434
-3.980667
39.452976484868984
-27.895508
-23.235443
-4.6791077
36.60518008403148
-29.32988
-24.660446
-3.980667
38.525642079740216
-28.612686
-23.235443
-3.980667
37.07313361894466
-28.612686
-25.37294
-4.6791077
38.527470288053884
-30.764252
-23.947937
-4.6791077
39.26623121796259
-30.047058
-23.947937
-3.2822266
38.56296691117253
-27.895508
-23.235443
-6.075989
36.80981891499451
-30.764252
-23.947937
-5.377548
39.35556936246444
-27.895508
-23.947937
-5.377548
37.156171152145106
-30.047058
-23.235443
-6.075989
38.465946346350464
-30.764252
-22.522934
-5.377548
38.50506162191943
-29.32988
-23.235443
-4.6791077
37.70970337347703
-30.047058
-22.522934
-4.6791077
37.841806502014904
-30.047058
-20.385437
-3.2822266
36.45771242030793
-29.32988
-22.522934
-3.2822266
37.12542909316419
-30.764252
-22.522934
-3.2822266
38.268719250150966
-29.32988
-22.522934
-3.2822266
37.12542909316419
-30.764252
-22.522934
-3.980667
38.33493843588134
-30.047058
-21.097946
-3.2822266
36.860847058884005
-30.764252
-21.81044
-6.075989
38.19754081120194
-29.32988
-21.81044
-3.980667
36.76659947444232
-29.32988
-23.235443
-3.980667
37.629421848759186
-30.764252
-22.522934
-3.2822266
38.268719250150966
-30.047058
-22.522934
-1.1869202
37.57016222807336
-30.047058
-23.235443
-3.980667
38.19106085075734
-28.612686
-23.947937
-2.5838013
37.40141011400004
-30.764252
-23.235443
-3.2822266
38.69235095546583
-30.764252
-22.522934
-2.5838013
38.21515180067243
-30.764252
-22.522934
-3.980667
38.33493843588134
-31.481445
-23.235443
-2.5838013
39.212795240162045
-30.764252
-21.81044
-1.8853607
37.75829825235855
-31.481445
-22.522934
-3.2822266
38.84761363276949
-29.32988
-23.947937
-2.5838013
37.95288538160258
-29.32988
-23.235443
-3.980667
37.629421848759186
-29.32988
-23.235443
-1.8853607
37.465747703423226
-29.32988
-22.522934
-1.8853607
37.02808365946296
-30.764252
-23.947937
-1.1869202
39.00450851594354
-29.32988
-23.235443
-2.5838013
37.50738208589744
-31.481445
-22.522934
-1.1869202
38.726900562121386
-30.764252
-21.81044
-1.8853607
37.75829825235855
-30.047058
-22.522934
-1.8853607
37.59870798041969
-29.32988
-23.947937
-3.2822266
38.006822475543785
-29.32988
-23.235443
-3.2822266
37.5619589057325
-29.32988
-26.085434
-2.5838013
39.33659461342898
-30.764252
-23.235443
-3.2822266
38.69235095546583
-29.32988
-25.37294
-2.5838013
38.86777402195648
-30.047058
-25.37294
-1.8853607
39.372152364786174
-27.895508
-23.947937
-3.2822266
36.911192844807424
-29.32988
-24.660446
-3.980667
38.525642079740216
-29.32988
-26.085434
-2.5838013
39.33659461342898
-29.32988
-23.947937
-3.980667
38.07349716697217
-27.895508
-24.660446
-1.8853607
37.28071300954422
-28.612686
-26.797943
-1.8853607
39.24754918701931
-28.612686
-27.510437
-1.8853607
39.73744550415027
-27.178314
-25.37294
-2.5838013
37.2709377764281
-27.895508
-24.660446
-2.5838013
37.32255380411337
-30.047058
-25.37294
-3.980667
39.52793340830317
-30.047058
-25.37294
-3.980667
39.52793340830317
-29.32988
-25.37294
-3.2822266
38.92044325698659
-29.32988
-24.660446
-4.6791077
38.60405985774035
-29.32988
-24.660446
-3.980667
38.525642079740216
-29.32988
-23.235443
-3.2822266
37.5619589057325
-30.764252
-24.660446
-4.6791077
39.704797534625776
-28.612686
-26.085434
-1.8853607
38.76454962484651
-30.047058
-24.660446
-1.1869202
38.88922977358657
-27.895508
-26.085434
-2.5838013
38.27904489822483
-27.895508
-26.085434
-3.2822266
38.33252306095635
-30.047058
-26.085434
-3.2822266
39.92553952114721
-29.32988
-28.222946
-2.5838013
40.785444887219725
-27.178314
-23.947937
-5.377548
36.620791873755785
-27.178314
-26.085434
-3.2822266
37.813802598947746
-29.32988
-24.660446
-3.2822266
38.459751244909434
-30.047058
-26.797943
-3.980667
40.45739916827252
-27.895508
-25.37294
-5.377548
38.090200883170894
-30.047058
-24.660446
-6.075989
39.343118603452275
-29.32988
-26.797943
-3.2822266
39.86407722900798
-27.895508
-27.510437
-3.2822266
39.31611109706649
-28.612686
-25.37294
-3.980667
38.44889630344576
-27.895508
-25.37294
-3.2822266
37.85126821996028
-28.612686
-26.085434
-4.6791077
39.000381859108124
-30.047058
-26.085434
-3.2822266
39.92553952114721
-28.612686
-25.37294
-4.6791077
38.527470288053884
-30.047058
-26.797943
-3.2822266
40.39465949386131
-30.764252
-25.37294
-5.377548
40.23857987736241
-30.047058
-24.660446
-3.2822266
39.009440526561164
-29.32988
-24.660446
-3.2822266
38.459751244909434
-29.32988
-24.660446
-2.5838013
38.40645023849347
-29.32988
-25.37294
-4.6791077
39.06304999612806
-30.764252
-25.37294
-3.2822266
40.0124782172504
-30.047058
-25.37294
-3.2822266
39.46371609080058
-31.481445
-25.37294
-2.5838013
40.51596545846156
-30.764252
-23.947937
-2.5838013
39.07197072690825
-31.481445
-26.797943
-2.5838013
41.423268908081724
-29.32988
-25.37294
-1.8853607
38.827598399346535
-30.764252
-26.085434
-2.5838013
40.4173871687282
-30.764252
-26.085434
-3.2822266
40.46803962938299
-30.047058
-25.37294
-1.8853607
39.372152364786174
-29.32988
-26.797943
-3.980667
39.92765063406874
-32.198624
-28.222946
-3.2822266
42.94250903278999
-32.198624
-23.947937
-3.2822266
40.261992948336214
-31.481445
-26.797943
-3.2822266
41.4726928584302
-31.481445
-25.37294
-3.2822266
40.56649483169193
-33.632996
-27.510437
-1.8853607
43.49203383190923
-31.481445
-24.660446
-3.2822266
40.12470642172585
-32.915817
-26.085434
-2.5838013
42.078223635235304
-31.481445
-26.085434
-2.5838013
40.96592822566852
-31.481445
-23.947937
-3.2822266
39.69078172947561
-31.481445
-25.37294
-3.980667
40.628969157063594
-32.198624
-25.37294
-1.8853607
41.03768900590423
-32.198624
-25.37294
-3.2822266
41.1255446748695
-34.35019
-26.085434
-1.1869202
43.14851459231752
-32.198624
-23.947937
-0.4884796
40.130956284939806
-33.632996
-24.660446
-0.4884796
41.70796764923565
-31.481445
-23.947937
-2.5838013
39.639136070283335
-32.198624
-26.085434
-0.4884796
41.442005493652665
