-32.198624
-18.960434
-8.869736
38.40470844648316
-31.481445
-21.097946
-5.377548
38.27692099247355
-30.764252
-21.097946
-5.377548
37.68926198202878
-30.764252
-19.672943
-7.4728546
37.273413756280426
-32.198624
-18.24794
-9.568176
38.22680599120285
-30.764252
-18.24794
-7.4728546
36.54134671206372
-30.764252
-19.672943
-7.4728546
37.273413756280426
-31.481445
-18.24794
-7.4728546
37.1471698981943
-32.198624
-21.097946
-8.869736
39.50375773265121
-33.632996
-20.385437
-6.774414
39.907857433855526
-30.764252
-21.097946
-6.774414
37.91378641332612
-30.047058
-18.24794
-8.869736
36.25583028275849
-30.764252
-20.385437
-7.4728546
37.65433248489226
-32.198624
-18.960434
-6.774414
37.97554594530209
-30.764252
-20.385437
-6.075989
37.402177096560834
-31.481445
-21.097946
-8.171295
38.76821805867936
-29.32988
-21.097946
-8.171295
37.04234241831822
-30.764252
-21.097946
-7.4728546
38.04478947056187
-30.764252
-20.385437
-8.171295
37.79914375425305
-31.481445
-21.81044
-8.171295
39.16052544246167
-29.32988
-20.385437
-9.568176
36.97780293846905
-29.32988
-21.097946
-8.171295
37.04234241831822
-31.481445
-21.81044
-8.171295
39.16052544246167
-28.612686
-22.522934
-8.171295
37.31941054358057
-28.612686
-22.522934
-9.568176
37.64994598425325
-30.047058
-23.235443
-9.568176
39.16964991686006
-28.612686
-22.522934
-8.869736
37.47853552368342
-28.612686
-22.522934
-8.171295
37.31941054358057
-29.32988
-22.522934
-9.568176
38.19783322245681
-29.32988
-23.235443
-9.568176
38.62224403598268
-29.32988
-21.81044
-8.171295
37.45273225440719
-28.612686
-22.522934
-8.869736
37.47853552368342
-26.46112
-22.522934
-10.266602
36.23363888590356
-27.895508
-21.81044
-7.4728546
36.189751589603205
-28.612686
-23.235443
-9.568176
38.08046194613781
-29.32988
-23.235443
-9.568176
38.62224403598268
-27.178314
-23.235443
-10.266602
37.201474527648095
-27.178314
-22.522934
-11.663483
37.174994614786094
-30.764252
-21.097946
-10.965042
38.88180394136022
-27.895508
-22.522934
-8.869736
36.933915792157585
-28.612686
-21.81044
-8.869736
37.05473444415116
-28.612686
-22.522934
-9.568176
37.64994598425325
-29.32988
-22.522934
-10.266602
38.37873747577394
-29.32988
-22.522934
-8.171295
37.8720798688658
-30.047058
-21.81044
-7.4728546
37.873004923733276
-28.612686
-22.522934
-8.171295
37.31941054358057
-29.32988
-22.522934
-7.4728546
37.72754855436376
-29.32988
-23.235443
-8.171295
38.300100588355185
-30.047058
-18.960434
-8.171295
36.45673806033667
-30.047058
-21.097946
-6.075989
37.213795521935644
-30.047058
-23.947937
-6.075989
38.90047491023969
-30.764252
-21.097946
-7.4728546
38.04478947056187
-30.764252
-20.385437
-7.4728546
37.65433248489226
-29.32988
-20.385437
-8.869736
36.80326211817456
-28.612686
-21.097946
-8.171295
36.47710379899287
-32.198624
-21.097946
-8.171295
39.35282268554967
-29.32988
-20.385437
-7.4728546
36.4917986291098
-30.047058
-21.097946
-8.171295
37.61275041977953
-30.047058
-20.385437
-8.869736
37.377318855741244
-31.481445
-22.522934
-8.171295
39.56177489955582
-30.764252
-21.81044
-8.869736
38.74024732362085
-31.481445
-19.672943
-8.869736
38.1677654613484
-30.047058
-19.672943
-8.869736
36.99354785645481
-29.32988
-18.960434
-8.171295
35.867950703870896
-28.612686
-21.81044
-8.171295
36.89378163114856
-30.047058
-21.097946
-6.774414
37.3341890872788
-31.481445
-21.097946
-7.4728546
38.62703998203121
-30.764252
-21.81044
-8.869736
38.74024732362085
-30.764252
-21.81044
-8.171295
38.58632582943892
-30.047058
-21.81044
-6.774414
37.74140559503663
-30.047058
-21.097946
-7.4728546
37.46721874477408
-30.047058
-21.81044
-7.4728546
37.873004923733276
-30.764252
-21.81044
-8.869736
38.74024732362085
-27.895508
-21.81044
-9.568176
36.679758220112866
-27.895508
-22.522934
-8.869736
36.933915792157585
-29.32988
-20.385437
-10.266602
37.16464633896037
-28.612686
-21.81044
-8.171295
36.89378163114856
-28.612686
-21.81044
-10.266602
37.41368973634517
-28.612686
-23.947937
-7.4728546
38.053028249856474
-30.047058
-22.522934
-8.171295
38.430174289201936
-30.047058
-21.097946
-8.869736
37.77063960036039
-29.32988
-23.235443
-8.869736
38.45516775100341
-27.895508
-21.81044
-10.266602
36.86811210829336
-30.047058
-22.522934
-9.568176
38.751236434407
-30.047058
-23.235443
-9.568176
39.16964991686006
-27.178314
-22.522934
-10.266602
36.76066424245997
-27.895508
-23.235443
-8.171295
37.213105024263626
-27.178314
-21.097946
-11.663483
36.329339697434115
-27.895508
-23.947937
-8.171295
37.66209109261925
-29.32988
-23.235443
-9.568176
38.62224403598268
-27.178314
-23.947937
-9.568176
37.46617778128778
-26.46112
-23.235443
-10.266602
36.68078156648417
-28.612686
-23.235443
-9.568176
38.08046194613781
-27.895508
-24.660446
-11.663483
39.0170970512247
-27.178314
-23.947937
-9.568176
37.46617778128778
-27.178314
-23.235443
-10.266602
37.201474527648095
-26.46112
-23.235443
-8.869736
36.31458248923134
-29.32988
-23.947937
-8.171295
38.736488004589255
-27.178314
-23.947937
-9.568176
37.46617778128778
-29.32988
-25.37294
-9.568176
39.94468526424229
-27.178314
-24.660446
-12.361923
38.72486899287879
-27.178314
-25.37294
-10.965042
38.764403195175404
-27.895508
-23.947937
-8.171295
37.66209109261925
-28.612686
-23.235443
-12.361923
38.87658256425068
-27.178314
-22.522934
-11.663483
37.174994614786094
-28.612686
-22.522934
-10.266602
37.83347010202656
-29.32988
-24.660446
-9.568176
39.49594211256866
-27.895508
-23.947937
-8.869736
37.8197742873809
-29.32988
-25.37294
-8.171295
39.63329221200909
-27.178314
-23.235443
-9.568176
37.014817028961524
-28.612686
-26.085434
-8.869736
39.721631177463465
-28.612686
-24.660446
-7.4728546
38.50541510213206
-27.178314
-24.660446
-9.568176
37.92556378845112
-29.32988
-23.947937
-8.171295
38.736488004589255
-29.32988
-26.085434
-6.774414
39.831951378082614
-27.895508
-25.37294
-7.4728546
38.4420205039965
-27.895508
-26.085434
-8.171295
39.05610416389399
-29.32988
-23.947937
-9.568176
39.055032098649754
-27.178314
-24.660446
-7.4728546
37.451860377064385
-26.46112
-26.085434
-7.4728546
37.90098118782679
-28.612686
-23.947937
-6.774414
37.922053653781894
-27.895508
-25.37294
-6.075989
38.19506561205747
-28.612686
-24.660446
-6.774414
38.37598450233476
-27.895508
-24.660446
-5.377548
37.619342974330536
-27.178314
-25.37294
-6.075989
37.67445261556978
-28.612686
-25.37294
-4.6791077
38.527470288053884
-28.612686
-24.660446
-5.377548
38.154180047252034
-30.047058
-23.947937
-4.6791077
38.70689071304843
-28.612686
-26.085434
-6.075989
39.19251643779157
-28.612686
-25.37294
-4.6791077
38.527470288053884
-29.32988
-24.660446
-3.980667
38.525642079740216
-27.895508
-24.660446
-6.075989
37.725516558549266
-27.895508
-24.660446
-6.774414
37.84428222685199
-27.895508
-26.085434
-7.4728546
38.915970484995775
-28.612686
-23.947937
-6.075989
37.80353231728568
-27.895508
-25.37294
-6.075989
38.19506561205747
-27.895508
-26.797943
-5.377548
39.05389905310352
-27.895508
-26.797943
-4.6791077
38.9638692312346
-29.32988
-26.797943
-6.075989
40.1906604147072
-27.895508
-26.797943
-5.377548
39.05389905310352
-27.178314
-26.085434
-7.4728546
38.405131187935034
-25.743942
-26.797943
-5.377548
37.547281390851055
-27.178314
-25.37294
-6.075989
37.67445261556978
-27.178314
-27.510437
-5.377548
39.0436016785241
-29.32988
-25.37294
-4.6791077
39.06304999612806
-27.178314
-26.085434
-6.774414
38.27536147312573
-27.178314
-28.222946
-4.6791077
39.45997310616243
-25.026749
-26.085434
-3.980667
36.36803251569295
-27.895508
-26.085434
-5.377548
38.56847445362193
-25.026749
-26.085434
-6.774414
36.77880892759868
-25.743942
-28.222946
-6.075989
38.68078022466794
-26.46112
-28.222946
-6.075989
39.16175670825509
-25.743942
-27.510437
-5.377548
38.05906824636213
-26.46112
-25.37294
-7.4728546
37.4141758781431
-25.743942
-27.510437
-3.980667
37.88694247569009
-26.46112
-27.510437
-5.377548
38.5478028617553
-25.743942
-26.797943
-3.2822266
37.304871563682035
-25.743942
-28.222946
-3.980667
38.40743234551094
-26.46112
-26.797943
-6.075989
38.14758552320186
-26.46112
-28.222946
-6.075989
39.16175670825509
-27.178314
-26.085434
-6.075989
38.15793755226018
-27.178314
-28.222946
-4.6791077
39.45997310616243
-27.895508
-26.085434
-5.377548
38.56847445362193
-25.026749
-26.797943
-4.6791077
36.96433332925893
-25.743942
-27.510437
-4.6791077
37.96667947029342
-27.178314
-26.797943
-1.1869202
38.186376377188665
-27.178314
-26.085434
-1.8853607
37.718233801873765
-28.612686
-26.085434
-1.8853607
38.76454962484651
-27.895508
-26.085434
-0.4884796
38.194867461356964
-27.895508
-26.085434
-0.4884796
38.194867461356964
-26.46112
-25.37294
-1.8853607
36.70874032449135
-29.32988
-23.235443
-1.8853607
37.465747703423226
-30.047058
-25.37294
-0.4884796
39.330019881347475
-27.895508
-25.37294
-1.1869202
37.72736736172927
-27.178314
-26.085434
-1.8853607
37.718233801873765
-27.895508
-24.660446
-1.8853607
37.28071300954422
-27.178314
-26.085434
-3.2822266
37.813802598947746
-27.895508
-23.947937
-2.5838013
36.85565236606354
-29.32988
-26.085434
-2.5838013
39.33659461342898
-27.895508
-23.235443
-1.1869202
36.32428911200036
-26.46112
-23.235443
-2.5838013
35.309385233205
-27.895508
-23.235443
0.20996094
36.30549866615851
-27.178314
-25.37294
-1.1869202
37.200209553446236
-27.895508
-25.37294
0.20996094
37.70927607304501
-28.612686
-24.660446
0.90838623
37.784238534614204
-28.612686
-23.947937
2.3052673
37.38320026575273
-28.612686
-24.660446
0.20996094
37.773900430203625
-26.46112
-25.37294
0.20996094
36.66089358109077
-28.612686
-23.947937
0.90838623
37.32311145171983
-27.178314
-25.37294
0.90838623
37.19236444024835
-28.612686
-26.085434
1.6068268
38.75200190141391
-27.178314
-23.947937
-1.8853607
36.27284099902605
-27.895508
-24.660446
-1.1869202
37.25192358183501
-25.743942
-25.37294
-1.1869202
36.165528263393476
-26.46112
-24.660446
-1.8853607
36.219927922497824
-26.46112
-25.37294
-0.4884796
36.66354726758156
-27.178314
-26.085434
0.20996094
37.67166923678771
-28.612686
-25.37294
1.6068268
38.27602164551343
-27.178314
-23.947937
0.20996094
36.22441850594361
-27.178314
-25.37294
-0.4884796
37.18447827796818
-26.46112
-26.085434
0.20996094
37.15756903409368
-26.46112
-23.947937
-0.4884796
35.692201214537924
-27.178314
-26.085434
0.20996094
37.67166923678771
-27.178314
-25.37294
0.20996094
37.18186177058059
-27.178314
-24.660446
0.20996094
36.69935159136415
-27.895508
-26.085434
-0.4884796
38.194867461356964
-27.178314
-24.660446
-0.4884796
36.7020024972029
-26.46112
-24.660446
0.20996094
36.17143459505114
-26.46112
-24.660446
-1.1869202
36.19029464867359
-25.026749
-23.947937
-0.4884796
34.64217724589402
-25.743942
-24.660446
-0.4884796
35.65286567801651
-27.178314
-25.37294
-1.8853607
37.22903897192939
-27.178314
-24.660446
-0.4884796
36.7020024972029
-27.895508
-23.947937
-1.1869202
36.78412564427844
-28.612686
-24.660446
-0.4884796
37.776475931312895
-26.46112
-23.235443
0.20996094
35.21534789745889
-27.178314
-23.947937
-2.5838013
36.3158430179111
-26.46112
-23.235443
-1.1869202
35.23471971838023
-27.178314
-24.660446
-0.4884796
36.7020024972029
-27.895508
-23.235443
-1.1869202
36.32428911200036
-28.612686
-23.947937
0.20996094
37.31264558441029
-27.895508
-23.947937
-0.4884796
36.76821634779742
-29.32988
-23.235443
0.20996094
37.41886894241577
-25.743942
-23.235443
-1.8853607
34.730259399675525
-27.895508
-23.235443
-1.1869202
36.32428911200036
-28.612686
-21.81044
-1.8853607
36.02687425999253
-29.32988
-22.522934
-1.8853607
37.02808365946296
-28.612686
-22.522934
-0.4884796
36.41712552151803
-27.178314
-23.947937
-1.8853607
36.27284099902605
-30.764252
-23.235443
-1.1869202
38.5711519746097
-28.612686
-21.81044
-2.5838013
36.07016951590677
-27.178314
-22.522934
-1.8853607
35.34823793069023
-30.047058
-23.235443
-2.5838013
38.07082151952956
-28.612686
-23.235443
-2.5838013
36.94925653641423
-29.32988
-21.097946
-3.980667
36.34846372860464
-29.32988
-21.81044
-3.980667
36.76659947444232
-28.612686
-20.385437
-4.6791077
35.44214827043414
-28.612686
-20.385437
-5.377548
35.54110014904839
-29.32988
-18.24794
-3.2822266
34.698734807851785
-28.612686
-21.097946
-3.980667
35.772262790551146
-29.32988
-21.097946
-2.5838013
36.222108410407486
-29.32988
-21.097946
-3.2822266
36.27861882147321
-29.32988
-21.81044
-1.8853607
36.59906691732386
-29.32988
-20.385437
-1.1869202
35.7381683191051
-29.32988
-21.81044
-3.2822266
36.697550396152124
-27.895508
-21.81044
-2.5838013
35.50395245107842
-28.612686
-20.385437
-1.8853607
35.18247285914359
-29.32988
-21.097946
-1.1869202
36.14932815117385
-27.895508
-21.097946
-2.5838013
35.070767602582855
-28.612686
-21.81044
-2.5838013
36.07016951590677
-28.612686
-21.81044
-1.8853607
36.02687425999253
-26.46112
-22.522934
-2.5838013
34.84464860108095
-26.46112
-22.522934
-2.5838013
34.84464860108095
-25.743942
-22.522934
-3.2822266
34.36286007223133
-27.178314
-23.235443
-2.5838013
35.850002179218905
-26.46112
-23.947937
-3.2822266
35.839470578779306
-26.46112
-21.81044
-3.2822266
34.447921588360195
-25.743942
-24.660446
-3.980667
35.87107311914086
-25.026749
-24.660446
-4.6791077
35.44530819511766
-24.30957
-23.235443
-2.5838013
33.72709726382853
-24.30957
-24.660446
-5.377548
35.04298420779115
-24.30957
-23.947937
-3.2822266
34.281655934242
-24.30957
-25.37294
-3.980667
35.363638303524425
-23.592377
-26.085434
-4.6791077
35.48160215938501
-23.592377
-26.085434
-3.980667
35.39626748617889
-23.592377
-24.660446
-4.6791077
34.44752292890593
-22.158005
-26.085434
-3.2822266
34.38313646603793
-24.30957
-24.660446
-1.8853607
34.679206145285214
-25.026749
-26.797943
-3.2822266
36.81359758019956
-25.026749
-24.660446
-2.5838013
35.229985175539746
-22.158005
-26.085434
-3.2822266
34.38313646603793
-25.026749
-26.797943
-2.5838013
36.75790963722553
-25.026749
-24.660446
-3.2822266
35.28808441056538
-24.30957
-26.085434
-3.2822266
35.807514582639456
-25.743942
-26.797943
-3.980667
37.37279858692349
-23.592377
-24.660446
-3.2822266
34.285723913282226
-23.592377
-24.660446
-4.6791077
34.44752292890593
-24.30957
-26.085434
-3.2822266
35.807514582639456
-24.30957
-23.947937
-4.6791077
34.4434740592966
-24.30957
-25.37294
-3.980667
35.363638303524425
-24.30957
-26.085434
-3.980667
35.87827660886006
-23.592377
-26.085434
-2.5838013
35.266500736800495
-26.46112
-23.947937
-4.6791077
35.994285977733675
-25.743942
-26.797943
-3.2822266
37.304871563682035
-27.178314
-22.522934
-3.2822266
35.45019648272859
-26.46112
-24.660446
-3.2822266
36.319439485904965
-26.46112
-22.522934
-3.2822266
34.90338926281014
-27.178314
-24.660446
-6.075989
37.19833252153667
-26.46112
-25.37294
-3.2822266
36.80693035381126
-26.46112
-24.660446
-5.377548
36.56838227254865
-26.46112
-23.235443
-3.980667
35.43899495303514
-27.178314
-24.660446
-3.980667
36.9140087631884
-26.46112
-23.947937
-4.6791077
35.994285977733675
-28.612686
-23.947937
-4.6791077
37.604301563700794
-27.178314
-22.522934
-5.377548
35.705200295265115
-27.895508
-23.235443
-3.2822266
36.45295923933594
-29.32988
-23.235443
-3.2822266
37.5619589057325
-29.32988
-23.235443
-4.6791077
37.70970337347703
-26.46112
-23.947937
-4.6791077
35.994285977733675
-28.612686
-23.947937
-3.980667
37.52379453426852
-29.32988
-24.660446
-3.980667
38.525642079740216
-27.178314
-23.235443
-3.980667
35.97766437644855
-27.895508
-21.81044
-5.377548
35.81581470534787
-27.895508
-22.522934
-4.6791077
36.15710078947149
-29.32988
-22.522934
-2.5838013
37.07020959548415
-29.32988
-23.947937
-3.980667
38.07349716697217
-28.612686
-24.660446
-3.2822266
37.91565056302196
-27.895508
-26.797943
-3.980667
38.88617705078502
-27.178314
-25.37294
-3.980667
37.39374921653016
-27.178314
-26.797943
-4.6791077
38.45366783952475
-28.612686
-26.797943
-3.2822266
39.33940293200794
-28.612686
-24.660446
-5.377548
38.154180047252034
-27.178314
-26.797943
-3.980667
38.37494274222113
-26.46112
-23.947937
-2.5838013
35.78226663402907
-26.46112
-27.510437
-4.6791077
38.456588248146765
-27.178314
-26.797943
-3.980667
38.37494274222113
-27.178314
-27.510437
-3.980667
38.87583525027147
-25.026749
-25.37294
-3.980667
35.860423459618055
-27.178314
-27.510437
-3.980667
38.87583525027147
-25.743942
-26.085434
-4.6791077
36.94718504056669
-27.178314
-27.510437
-3.980667
38.87583525027147
-27.178314
-28.222946
-3.2822266
39.31880600755032
-26.46112
-28.222946
-3.2822266
38.82652002467595
-25.026749
-26.085434
-5.377548
36.54731255082239
-25.026749
-27.510437
-4.6791077
37.484081907982954
-26.46112
-28.222946
-4.6791077
38.969470472489746
-26.46112
-28.93544
-3.980667
39.41188128875289
-25.026749
-27.510437
-4.6791077
37.484081907982954
-27.178314
-28.222946
-3.2822266
39.31880600755032
-25.026749
-27.510437
-5.377548
37.57765722162073
-24.30957
-29.647934
-3.980667
38.54608804172367
-24.30957
-28.222946
-3.980667
37.46112079595407
-26.46112
-26.085434
-3.980667
37.36959422131347
-25.026749
-28.222946
-6.075989
38.20720357829708
-25.026749
-26.797943
-3.980667
36.88242940253275
-26.46112
-28.93544
-3.980667
39.41188128875289
-26.46112
-26.797943
-4.6791077
37.95016102310618
-27.178314
-27.510437
-3.980667
38.87583525027147
-27.895508
-27.510437
-3.2822266
39.31611109706649
-27.178314
-25.37294
-4.6791077
37.47453562504144
-26.46112
-26.085434
-3.980667
37.36959422131347
-27.178314
-25.37294
-5.377548
37.568134716721694
-27.895508
-25.37294
-6.774414
38.31237573899099
-26.46112
-24.660446
-5.377548
36.56838227254865
-27.178314
-25.37294
-5.377548
37.568134716721694
-27.178314
-27.510437
-3.980667
38.87583525027147
-25.743942
-26.797943
-6.774414
37.772649778497964
-26.46112
-26.085434
-6.075989
37.65047770851902
-29.32988
-24.660446
-6.774414
38.913649208556144
-28.612686
-25.37294
-6.774414
38.837670167292956
-27.178314
-26.085434
-7.4728546
38.405131187935034
-28.612686
-26.797943
-5.377548
39.569350771876614
-27.895508
-23.947937
-5.377548
37.156171152145106
-28.612686
-23.235443
-5.377548
37.24902014755724
-27.178314
-24.660446
-5.377548
37.09064988098416
-27.895508
-23.947937
-4.6791077
37.06153165893512
-29.32988
-23.235443
-3.980667
37.629421848759186
-30.047058
-23.235443
-3.2822266
38.12459176267088
-28.612686
-23.947937
-3.2822266
37.45614134443192
-30.764252
-25.37294
-3.980667
40.07581621030163
-28.612686
-23.947937
-3.980667
37.52379453426852
-28.612686
-26.085434
-5.377548
39.09032758800443
-27.895508
-25.37294
-6.075989
38.19506561205747
-29.32988
-23.235443
-5.377548
37.80272019705559
-29.32988
-23.947937
-6.075989
38.34922536293921
-26.46112
-24.660446
-5.377548
36.56838227254865
-27.178314
-23.947937
-5.377548
36.620791873755785
-29.32988
-25.37294
-3.980667
38.985555468099335
-28.612686
-23.235443
-4.6791077
37.1546171581928
-29.32988
-25.37294
-4.6791077
39.06304999612806
-27.895508
-24.660446
-4.6791077
37.525871609318585
-27.178314
-26.085434
-3.980667
37.880817029574814
-27.895508
-25.37294
-5.377548
38.090200883170894
-25.743942
-24.660446
-5.377548
36.05282447109727
-25.026749
-24.660446
-4.6791077
35.44530819511766
-27.178314
-25.37294
-4.6791077
37.47453562504144
-27.178314
-24.660446
-3.980667
36.9140087631884
-26.46112
-27.510437
-3.980667
38.37786914152152
-26.46112
-26.797943
-4.6791077
37.95016102310618
-25.743942
-26.085434
-3.2822266
36.796379043897616
-24.30957
-25.37294
-4.6791077
35.449051523365895
-24.30957
-26.085434
-5.377548
36.05999165344988
-26.46112
-26.085434
-5.377548
37.544091917246114
-25.026749
-25.37294
-6.774414
36.27694815958803
-24.30957
-27.510437
-3.2822266
36.858545388607816
-25.743942
-26.085434
-2.5838013
36.74066500274253
-25.743942
-26.085434
-2.5838013
36.74066500274253
-25.026749
-24.660446
-5.377548
35.54425127679756
-27.178314
-25.37294
-4.6791077
37.47453562504144
-24.30957
-25.37294
-3.980667
35.363638303524425
-25.026749
-26.085434
-3.980667
36.36803251569295
-25.026749
-23.947937
-5.377548
35.05366978826896
-26.46112
-23.947937
-6.774414
36.32612393682317
-26.46112
-25.37294
-4.6791077
36.95769329584843
-26.46112
-23.947937
-6.075989
36.20237813482959
-25.743942
-24.660446
-4.6791077
35.95528092731998
-25.743942
-23.235443
-4.6791077
34.993290721334176
-27.178314
-23.947937
-3.980667
36.4418733304963
-26.46112
-23.947937
-3.2822266
35.839470578779306
-25.743942
-22.522934
-2.5838013
34.30319382281062
-27.178314
-23.235443
-3.980667
35.97766437644855
-25.743942
-22.522934
-4.6791077
34.524297589139124
-27.895508
-23.235443
-4.6791077
36.60518008403148
-27.178314
-23.235443
-4.6791077
36.06162328332052
-26.46112
-21.81044
-3.980667
34.52147061748312
-27.178314
-23.235443
-3.980667
35.97766437644855
-28.612686
-23.947937
-3.980667
37.52379453426852
-26.46112
-21.097946
-3.980667
34.07579657336531
-27.178314
-21.097946
-4.6791077
34.72287575339833
-28.612686
-21.097946
-3.980667
35.772262790551146
-27.895508
-20.385437
-3.2822266
34.7058844158442
-27.895508
-21.81044
-4.6791077
35.71762390230574
-28.612686
-21.81044
-2.5838013
36.07016951590677
-28.612686
-21.097946
-2.5838013
35.643864933840646
-27.178314
-21.81044
-3.2822266
35.0018449569537
-29.32988
-19.672943
-1.8853607
35.36694848190716
-26.46112
-21.097946
-3.980667
34.07579657336531
-27.895508
-20.385437
-3.2822266
34.7058844158442
-26.46112
-21.097946
-2.5838013
33.94098163540648
-27.178314
-18.960434
-3.2822266
33.3006288944462
-27.895508
-20.385437
-2.5838013
34.64680890338243
-27.895508
-19.672943
-2.5838013
34.232442323355706
-29.32988
-20.385437
-3.2822266
35.868941057929035
-27.895508
-21.097946
-3.980667
35.20125591465097
-27.178314
-21.097946
-3.2822266
34.56236578861826
-28.612686
-20.385437
-5.377548
35.54110014904839
-28.612686
-21.097946
-3.980667
35.772262790551146
-27.895508
-18.960434
-1.8853607
33.78182997016018
-27.178314
-20.385437
-3.980667
34.206322657743044
-27.178314
-21.097946
-4.6791077
34.72287575339833
-25.026749
-19.672943
-4.6791077
32.175407315797884
-26.46112
-21.097946
-4.6791077
34.16442963014493
-26.46112
-20.385437
-3.980667
33.63930232827091
-25.026749
-21.097946
-3.980667
32.97434046203578
-25.026749
-21.81044
-2.5838013
33.297289268891696
-25.743942
-21.81044
-3.980667
33.974865767302894
-26.46112
-21.81044
-4.6791077
34.608962328239485
-26.46112
-21.097946
-3.2822266
34.001283509206495
-26.46112
-21.81044
-3.2822266
34.447921588360195
-25.743942
-21.097946
-4.6791077
33.612020830886344
-25.026749
-21.097946
-5.377548
33.171966998223816
-26.46112
-21.81044
-3.980667
34.52147061748312
-25.026749
-22.522934
-4.6791077
33.99286352321341
-27.178314
-18.24794
-3.980667
32.97717050345682
-25.743942
-18.960434
-5.377548
32.4216999242261
-27.895508
-22.522934
-4.6791077
36.15710078947149
-27.178314
-20.385437
-3.980667
34.206322657743044
-26.46112
-21.81044
-5.377548
34.710289529457256
-25.743942
-18.960434
-4.6791077
32.31319699743918
-25.743942
-19.672943
-5.377548
32.84346567134302
-26.46112
-19.672943
-5.377548
33.408584898523834
-27.178314
-19.672943
-3.980667
33.786552471799894
-27.178314
-18.960434
-5.377548
33.571964229496054
-27.895508
-21.097946
-4.6791077
35.28706218733007
-25.026749
-18.960434
-4.6791077
31.74476688541554
-28.612686
-17.535446
-2.5838013
33.65789297870003
-28.612686
-18.24794
-4.6791077
34.25736619578153
-27.895508
-18.24794
-5.377548
33.76484410249254
-27.895508
-17.535446
-3.2822266
33.11229856724311
-27.178314
-18.24794
-4.6791077
33.06874830195138
-29.32988
-18.960434
-3.980667
35.15089716193688
-27.178314
-17.535446
-4.6791077
32.68098270951128
-27.895508
-17.535446
-3.980667
33.18880757487662
-28.612686
-17.535446
-4.6791077
33.88320789629798
-30.047058
-18.24794
-5.377548
35.563056069905606
-27.895508
-16.822937
-4.6791077
32.90994644777339
-28.612686
-16.110443
-5.377548
33.27386581815186
-30.047058
-18.24794
-6.075989
35.67534990466544
-31.481445
-16.110443
-4.6791077
35.67242423197416
-30.764252
-16.110443
-5.377548
35.14119469302552
-29.32988
-16.110443
-3.980667
33.699167810686546
-30.047058
-16.110443
-1.8853607
34.14566789128875
-31.481445
-18.24794
-3.2822266
36.5354868159027
-30.047058
-16.822937
-1.8853607
34.48755542934563
-30.047058
-17.535446
-3.2822266
34.94410820499198
-29.32988
-18.960434
-4.6791077
35.236826064968064
-30.764252
-18.24794
-3.980667
35.989890480479026
-30.047058
-18.24794
-5.377548
35.563056069905606
-31.481445
-18.24794
-3.980667
36.60484160204682
-29.32988
-17.535446
-3.980667
34.403188016565046
-30.047058
-18.24794
-3.980667
35.37878872158076
-30.764252
-17.535446
-4.6791077
35.71869531929323
-27.178314
-18.960434
-3.2822266
33.3006288944462
-30.764252
-18.24794
-6.075989
36.28145691962958
-30.047058
-18.24794
-3.980667
35.37878872158076
-29.32988
-18.960434
-4.6791077
35.236826064968064
-32.198624
-19.672943
-3.2822266
37.8754415454873
-30.764252
-18.960434
-4.6791077
36.43941957315079
-29.32988
-20.385437
-5.377548
36.12098877492316
-30.764252
-20.385437
-5.377548
37.29508302408559
-30.047058
-20.385437
-4.6791077
36.60991350169463
-27.178314
-18.960434
-6.075989
33.69089515010881
-27.895508
-21.81044
-6.075989
35.927318530567725
-26.46112
-20.385437
-5.377548
33.833044893385114
-27.178314
-21.81044
-5.377548
35.260091432830436
-27.178314
-21.81044
-6.075989
35.37334705170865
-27.895508
-19.672943
-5.377548
34.55578172724863
-25.743942
-21.097946
-6.774414
33.96714002624448
-26.46112
-21.81044
-3.980667
34.52147061748312
-26.46112
-24.660446
-5.377548
36.56838227254865
-26.46112
-23.235443
-4.6791077
35.52422698842299
-24.30957
-22.522934
-3.2822266
33.30181472919775
-26.46112
-22.522934
-5.377548
35.16235884425542
-27.895508
-21.097946
-5.377548
35.386447739123945
-26.46112
-22.522934
-5.377548
35.16235884425542
-26.46112
-21.097946
-5.377548
34.26707133290464
-27.178314
-21.81044
-6.075989
35.37334705170865
-25.743942
-21.81044
-6.075989
34.28357337443564
-24.30957
-21.81044
-6.774414
33.35480794264337
-26.46112
-21.097946
-4.6791077
34.16442963014493
-27.895508
-22.522934
-4.6791077
36.15710078947149
-25.026749
-22.522934
-3.980667
33.903781952225664
-26.46112
-21.097946
-3.980667
34.07579657336531
-27.895508
-23.235443
-4.6791077
36.60518008403148
-27.895508
-22.522934
-5.377548
36.25410133048742
-26.46112
-22.522934
-6.075989
35.27592824124193
-25.743942
-22.522934
-5.377548
34.625872549362384
-25.743942
-21.097946
-5.377548
33.71634425789942
-25.743942
-23.235443
-5.377548
35.093508249946495
-26.46112
-23.235443
-6.774414
35.86041494951728
-27.895508
-21.81044
-6.075989
35.927318530567725
-26.46112
-21.097946
-6.774414
34.513865462733776
-27.895508
-21.81044
-6.774414
36.05200846628555
-27.178314
-20.385437
-7.4728546
34.786064918297384
-27.178314
-19.672943
-6.774414
34.228323432502506
-27.895508
-19.672943
-5.377548
34.55578172724863
-28.612686
-20.385437
-5.377548
35.54110014904839
-27.895508
-21.097946
-5.377548
35.386447739123945
-27.178314
-20.385437
-5.377548
34.396871593076966
-27.895508
-22.522934
-3.980667
36.07336410228813
-28.612686
-21.81044
-5.377548
36.377177904087404
-27.895508
-21.097946
-4.6791077
35.28706218733007
-28.612686
-21.81044
-4.6791077
36.280506425412185
-27.178314
-18.960434
-3.2822266
33.3006288944462
-28.612686
-21.097946
-3.980667
35.772262790551146
-27.895508
-21.81044
-3.2822266
35.561604091307174
-26.46112
-22.522934
-4.6791077
35.06233810958615
-27.178314
-22.522934
-3.980667
35.52167032249469
-25.743942
-21.097946
-3.2822266
33.44618024014476
-25.743942
-22.522934
-4.6791077
34.524297589139124
-27.178314
-21.81044
-4.6791077
35.1603487194071
-27.895508
-21.81044
-3.980667
35.63285446582707
-27.895508
-22.522934
-2.5838013
35.94604178378859
-25.743942
-22.522934
-5.377548
34.625872549362384
-25.026749
-21.81044
-5.377548
33.62962111020023
-25.743942
-23.235443
-4.6791077
34.993290721334176
-26.46112
-23.947937
-6.075989
36.20237813482959
-27.178314
-22.522934
-5.377548
35.705200295265115
-25.026749
-23.947937
-4.6791077
34.95333803578351
-24.30957
-23.947937
-5.377548
34.54528666916353
-24.30957
-24.660446
-5.377548
35.04298420779115
-27.178314
-22.522934
-3.980667
35.52167032249469
-24.30957
-23.947937
-5.377548
34.54528666916353
-24.30957
-23.235443
-4.6791077
33.95195292500676
-25.026749
-23.947937
-4.6791077
34.95333803578351
-24.30957
-22.522934
-3.980667
33.377889329520976
-24.30957
-23.235443
-5.377548
34.05523503373784
-25.026749
-24.660446
-4.6791077
35.44530819511766
-24.30957
-24.660446
-4.6791077
34.942621773505344
-24.30957
-23.235443
-5.377548
34.05523503373784
-23.592377
-22.522934
-5.377548
33.05753743475155
-25.026749
-23.947937
-6.075989
35.16759018491404
-27.178314
-23.235443
-6.075989
36.26932910047327
-25.743942
-21.81044
-6.774414
34.414219459063176
-25.743942
-21.81044
-5.377548
34.16670557035387
-25.026749
-22.522934
-4.6791077
33.99286352321341
-26.46112
-21.81044
-6.075989
34.825333207419746
-26.46112
-21.81044
-4.6791077
34.608962328239485
-26.46112
-22.522934
-3.980667
34.975980527601905
-26.46112
-22.522934
-5.377548
35.16235884425542
-26.46112
-21.097946
-4.6791077
34.16442963014493
-25.743942
-21.81044
-6.075989
34.28357337443564
-28.612686
-21.097946
-4.6791077
35.8567026509689
-26.46112
-22.522934
-5.377548
35.16235884425542
-27.895508
-22.522934
-6.774414
36.487458046931174
-27.178314
-21.097946
-7.4728546
35.20834508289991
-27.178314
-19.672943
-5.377548
33.97945546289239
-27.895508
-20.385437
-6.774414
35.20820986633924
-27.178314
-20.385437
-6.774414
34.64274104103106
-27.895508
-21.097946
-6.774414
35.62548827790382
-26.46112
-19.672943
-6.075989
33.5280953636042
-27.895508
-21.097946
-5.377548
35.386447739123945
-28.612686
-20.385437
-4.6791077
35.44214827043414
-27.178314
-19.672943
-7.4728546
34.37337531671952
-30.047058
-18.960434
-3.980667
35.75149554345594
-29.32988
-18.960434
-4.6791077
35.236826064968064
-27.895508
-20.385437
-4.6791077
34.86573367599806
-30.047058
-18.960434
-5.377548
35.93385171699174
-30.047058
-20.385437
-5.377548
36.705717434519826
-27.178314
-21.097946
-4.6791077
34.72287575339833
-28.612686
-19.672943
-6.774414
35.3780037511172
-27.895508
-21.097946
-5.377548
35.386447739123945
-27.178314
-20.385437
-6.774414
34.64274104103106
-27.895508
-21.097946
-6.774414
35.62548827790382
-25.743942
-21.81044
-7.4728546
34.55849109322664
-27.178314
-21.81044
-4.6791077
35.1603487194071
-27.178314
-18.960434
-7.4728546
33.97060964033377
-26.46112
-19.672943
-5.377548
33.408584898523834
-26.46112
-20.385437
-4.6791077
33.72908242120681
-25.743942
-20.385437
-6.774414
33.529231285341716
-27.178314
-21.097946
-6.774414
35.06674718037731
-28.612686
-19.672943
-7.4728546
35.518360816317596
-26.46112
-20.385437
-6.075989
33.95106125803544
-26.46112
-21.81044
-7.4728546
35.096007412925545
-27.178314
-20.385437
-6.075989
34.51296001764681
-27.178314
-20.385437
-6.075989
34.51296001764681
-27.178314
-21.81044
-7.4728546
35.63985949693036
-25.026749
-20.385437
-7.4728546
33.132275512920366
-27.178314
-22.522934
-5.377548
35.705200295265115
-25.026749
-22.522934
-7.4728546
34.48861019812827
-25.743942
-23.947937
-6.075989
35.681532379225075
-25.026749
-22.522934
-6.774414
34.344045011244305
-26.46112
-21.81044
-5.377548
34.710289529457256
-25.026749
-23.235443
-6.774414
34.815464626347264
-25.743942
-21.81044
-6.774414
34.414219459063176
-25.743942
-22.522934
-6.075989
34.74119577092519
-25.026749
-21.81044
-7.4728546
34.02759105674394
-25.026749
-20.385437
-6.774414
32.98176579566352
-25.026749
-20.385437
-5.377548
32.7234188854815
-25.026749
-21.097946
-6.774414
33.4268473831524
-25.026749
-21.81044
-5.377548
33.62962111020023
-25.743942
-22.522934
-5.377548
34.625872549362384
-25.026749
-21.097946
-5.377548
33.171966998223816
-27.178314
-20.385437
-6.774414
34.64274104103106
-27.895508
-20.385437
-6.774414
35.20820986633924
-26.46112
-22.522934
-6.774414
35.402912464054424
-25.743942
-21.097946
-4.6791077
33.612020830886344
-25.743942
-21.097946
-5.377548
33.71634425789942
-26.46112
-21.097946
-7.4728546
34.65772229740076
-25.743942
-21.81044
-6.075989
34.28357337443564
-26.46112
-21.097946
-8.171295
34.81500005049009
-25.026749
-21.097946
-6.774414
33.4268473831524
-25.743942
-19.672943
-7.4728546
33.250846221022144
-26.46112
-19.672943
-6.075989
33.5280953636042
-25.743942
-20.385437
-6.774414
33.529231285341716
-27.178314
-18.960434
-8.171295
34.1310537928118
-26.46112
-20.385437
-7.4728546
34.228649752322795
-27.895508
-19.672943
-6.774414
34.80052847625396
-27.178314
-18.960434
-7.4728546
33.97060964033377
-27.895508
-17.535446
-7.4728546
33.78601413272306
-28.612686
-18.960434
-8.171295
35.28390365906067
-28.612686
-18.960434
-6.075989
34.85830518584757
-30.047058
-18.960434
-6.774414
36.16927467705238
-29.32988
-17.535446
-6.774414
34.83714027835002
-28.612686
-17.535446
-7.4728546
34.38053577584816
-27.178314
-17.535446
-8.171295
33.36049471188752
-30.047058
-16.110443
-6.774414
34.76010314293979
-30.047058
-18.24794
-8.869736
36.25583028275849
-27.895508
-17.535446
-6.774414
33.63842959046245
-28.612686
-18.24794
-8.171295
34.90620453779493
-27.178314
-18.960434
-8.171295
34.1310537928118
-29.32988
-17.535446
-8.869736
35.304473991111415
-28.612686
-18.960434
-8.171295
35.28390365906067
-29.32988
-18.960434
-6.774414
35.57573004675203
-28.612686
-18.960434
-7.4728546
35.12872533625438
-26.46112
-20.385437
-8.869736
34.56051503115586
-29.32988
-18.24794
-7.4728546
35.34222165959488
-28.612686
-19.672943
-8.171295
35.67184420169498
-25.743942
-18.24794
-8.869736
32.7781944923708
-25.743942
-19.672943
-9.568176
33.78350658802032
-28.612686
-21.097946
-8.171295
36.47710379899287
-26.46112
-19.672943
-8.171295
33.970363490889014
-27.178314
-21.097946
-9.568176
35.711820262278884
-27.895508
-19.672943
-9.568176
35.45044613061132
-26.46112
-20.385437
-9.568176
34.74632364489713
-25.026749
-20.385437
-10.266602
33.87192422902133
-26.46112
-20.385437
-9.568176
34.74632364489713
-27.895508
-20.385437
-8.171295
35.50345562516591
-27.178314
-20.385437
-8.869736
35.11266221538268
-27.895508
-20.385437
-8.869736
35.670682401768154
-26.46112
-21.097946
-10.266602
35.36548154848524
-26.46112
-23.235443
-8.171295
36.15033443396479
-28.612686
-20.385437
-9.568176
36.41156244770077
-27.895508
-20.385437
-8.869736
35.670682401768154
-25.743942
-20.385437
-9.568176
34.20331415548426
-27.895508
-20.385437
-9.568176
35.85073765803153
-28.612686
-20.385437
-10.266602
36.601296523846834
-28.612686
-19.672943
-9.568176
36.017502662551095
-28.612686
-20.385437
-10.965042
36.803315187480905
-30.047058
-20.385437
-10.266602
37.73320553312013
-29.32988
-21.097946
-9.568176
37.375328241138064
-29.32988
-21.097946
-10.266602
37.560194201795106
-28.612686
-19.672943
-9.568176
36.017502662551095
-30.047058
-18.960434
-10.266602
36.982790682162225
-29.32988
-18.960434
-7.4728546
35.71531007878047
-28.612686
-20.385437
-10.266602
36.601296523846834
-29.32988
-19.672943
-11.663483
37.19278619203679
-30.764252
-21.097946
-10.266602
38.69063938696122
-30.764252
-18.960434
-10.266602
37.5678097848577
-30.047058
-19.672943
-10.965042
37.551065491291325
-30.047058
-20.385437
-10.965042
37.92919589665971
-30.764252
-17.535446
-11.663483
37.28227484446362
-30.764252
-18.960434
-8.869736
37.210341265168644
-32.198624
-16.822937
-10.266602
37.75136619268318
-30.764252
-17.535446
-9.568176
36.68080153393427
-32.198624
-18.24794
-8.869736
38.057993755213566
-33.632996
-16.822937
-8.869736
38.63757001166417
-31.481445
-18.24794
-8.869736
37.453183667037905
-32.198624
-18.24794
-8.171295
37.90130165300642
-31.481445
-17.535446
-8.171295
36.9505515752979
-32.198624
-16.110443
-8.171295
36.919747412779486
-31.481445
-18.24794
-7.4728546
37.1471698981943
-30.047058
-18.960434
-9.568176
36.79502383878661
-32.198624
-18.24794
-10.266602
38.407573779566086
-32.198624
-18.24794
-9.568176
38.22680599120285
-31.481445
-18.24794
-10.266602
37.80835624247386
-30.047058
-17.535446
-9.568176
36.08140346191165
-30.764252
-18.24794
-10.266602
37.213298561720514
-32.198624
-19.672943
-8.869736
38.761427246523056
-30.764252
-18.24794
-9.568176
37.02670066992197
-31.481445
-19.672943
-8.869736
38.1677654613484
-30.764252
-18.960434
-10.965042
37.76465852611076
-31.481445
-19.672943
-11.663483
38.91198972471001
-30.764252
-19.672943
-10.965042
38.12736608948847
-30.047058
-18.960434
-9.568176
36.79502383878661
-29.32988
-19.672943
-10.266602
36.77865625147366
-30.047058
-20.385437
-10.965042
37.92919589665971
-30.764252
-19.672943
-8.869736
37.57839949224072
-29.32988
-20.385437
-10.266602
37.16464633896037
-28.612686
-20.385437
-10.965042
36.803315187480905
-28.612686
-20.385437
-10.965042
36.803315187480905
-30.047058
-18.960434
-8.869736
36.6196118450167
-27.895508
-23.947937
-10.965042
38.36528722259062
-29.32988
-21.097946
-9.568176
37.375328241138064
-28.612686
-22.522934
-9.568176
37.64994598425325
-27.895508
-20.385437
-10.266602
36.04342405999672
-27.895508
-20.385437
-8.869736
35.670682401768154
-27.178314
-21.097946
-10.266602
35.905252175539204
-27.178314
-21.097946
-10.266602
35.905252175539204
-29.32988
-21.097946
-10.266602
37.560194201795106
-28.612686
-21.81044
-10.266602
37.41368973634517
-28.612686
-20.385437
-10.266602
36.601296523846834
-30.764252
-20.385437
-9.568176
38.125520296142355
-28.612686
-19.672943
-11.663483
36.62986915692063
-28.612686
-21.097946
-10.965042
37.202705006029134
-28.612686
-19.672943
-9.568176
36.017502662551095
-27.895508
-20.385437
-10.965042
36.248551964613014
-29.32988
-21.097946
-9.568176
37.375328241138064
-28.612686
-22.522934
-8.171295
37.31941054358057
-28.612686
-21.81044
-9.568176
37.22809627611584
-30.047058
-20.385437
-10.266602
37.73320553312013
-30.047058
-21.097946
-10.266602
38.12285470398629
-29.32988
-22.522934
-9.568176
38.19783322245681
-27.178314
-20.385437
-9.568176
35.2955642463575
-27.895508
-21.097946
-11.663483
36.868951437193395
-28.612686
-19.672943
-10.266602
36.20930164185199
-30.047058
-19.672943
-9.568176
37.1671950868639
-29.32988
-20.385437
-9.568176
36.97780293846905
-30.764252
-20.385437
-11.663483
38.704549012458635
-30.047058
-18.24794
-10.266602
36.62261684332682
-28.612686
-18.960434
-9.568176
35.63332550743405
-30.047058
-18.24794
-10.266602
36.62261684332682
-30.047058
-18.960434
-8.171295
36.45673806033667
-30.047058
-20.385437
-8.869736
37.377318855741244
-32.198624
-18.960434
-8.869736
38.40470844648316
-30.047058
-18.960434
-10.266602
36.982790682162225
-32.198624
-19.672943
-8.869736
38.761427246523056
-31.481445
-19.672943
-8.869736
38.1677654613484
-31.481445
-18.24794
-10.965042
38.003959047977
-30.764252
-18.960434
-8.171295
37.05006444516156
-32.198624
-20.385437
-7.4728546
38.83504716968778
-30.764252
-19.672943
-8.171295
37.41969917996068
-30.047058
-18.960434
-8.869736
36.6196118450167
-31.481445
-17.535446
-9.568176
37.28435718925063
-30.047058
-18.24794
-10.965042
36.82451854424746
-30.764252
-18.24794
-10.965042
37.41201266179421
-31.481445
-20.385437
-9.568176
38.70655641833338
-31.481445
-19.672943
-10.965042
38.70837450521447
-30.764252
-18.960434
-10.965042
37.76465852611076
-28.612686
-18.24794
-10.266602
35.45527001554212
-32.198624
-17.535446
-9.568176
37.891862093207095
-30.047058
-19.672943
-9.568176
37.1671950868639
-28.612686
-18.960434
-10.266602
35.827181218489685
-30.047058
-19.672943
-10.266602
37.35309114342145
-30.047058
-19.672943
-10.965042
37.551065491291325
-28.612686
-21.097946
-9.568176
36.81520244218922
-30.047058
-20.385437
-9.568176
37.54919136893546
-29.32988
-19.672943
-9.568176
36.58984187339858
-28.612686
-21.097946
-8.869736
36.63988705280336
-30.764252
-21.81044
-9.568176
38.906099397298874
-28.612686
-20.385437
-8.869736
36.23429414609349
-29.32988
-22.522934
-8.171295
37.8720798688658
-28.612686
-21.097946
-8.869736
36.63988705280336
-29.32988
-22.522934
-10.965042
38.57144788307635
-29.32988
-21.81044
-9.568176
37.78210135258741
-27.895508
-21.81044
-10.965042
37.068676695994796
-29.32988
-20.385437
-7.4728546
36.4917986291098
-27.895508
-22.522934
-9.568176
37.107842073601844
-27.895508
-21.81044
-10.266602
36.86811210829336
-30.047058
-21.097946
-10.266602
38.12285470398629
-29.32988
-21.097946
-8.171295
37.04234241831822
-29.32988
-21.81044
-9.568176
37.78210135258741
-30.047058
-21.097946
-10.266602
38.12285470398629
-29.32988
-21.81044
-7.4728546
37.30657635924848
-28.612686
-21.81044
-10.266602
37.41368973634517
-30.764252
-21.81044
-6.075989
38.19754081120194
-31.481445
-21.81044
-7.4728546
39.02076676921934
-30.047058
-21.097946
-7.4728546
37.46721874477408
-30.047058
-21.097946
-8.171295
37.61275041977953
-31.481445
-21.81044
-7.4728546
39.02076676921934
-30.764252
-21.097946
-6.774414
37.91378641332612
-30.764252
-21.097946
-8.869736
38.34364016640749
-30.047058
-21.097946
-8.869736
37.77063960036039
-30.047058
-20.385437
-8.171295
37.21776112508734
-29.32988
-22.522934
-9.568176
38.19783322245681
-30.047058
-21.81044
-9.568176
38.34150551193674
-29.32988
-21.81044
-7.4728546
37.30657635924848
-31.481445
-20.385437
-7.4728546
38.2425282479712
-31.481445
-20.385437
-9.568176
38.70655641833338
-30.764252
-18.24794
-8.171295
36.690551007079804
-31.481445
-19.672943
-8.171295
38.0115258656215
-30.047058
-19.672943
-8.869736
36.99354785645481
-30.764252
-19.672943
-7.4728546
37.273413756280426
-30.764252
-20.385437
-6.075989
37.402177096560834
-32.198624
-20.385437
-6.774414
38.70671883546592
-30.764252
-21.81044
-7.4728546
38.4444798032663
-32.198624
-18.960434
-8.171295
38.249436717155554
-30.764252
-19.672943
-6.075989
37.01866380255455
-30.764252
-21.097946
-6.774414
37.91378641332612
-33.632996
-21.097946
-6.774414
40.27647372769245
-29.32988
-20.385437
-7.4728546
36.4917986291098
-30.047058
-19.672943
-7.4728546
36.68370002680005
-30.764252
-19.672943
-6.075989
37.01866380255455
-32.198624
-21.097946
-7.4728546
39.21374936993959
-30.047058
-20.385437
-6.774414
36.93622102798451
-31.481445
-21.097946
-7.4728546
38.62703998203121
-30.764252
-21.81044
-6.774414
38.31484335971749
-30.047058
-20.385437
-6.075989
36.81452602128506
-30.764252
-21.81044
-6.774414
38.31484335971749
-30.764252
-22.522934
-8.171295
38.99348434404218
-30.047058
-21.097946
-7.4728546
37.46721874477408
-29.32988
-21.81044
-6.774414
37.17297182072446
-30.047058
-23.235443
-7.4728546
38.711173214469035
-29.32988
-22.522934
-7.4728546
37.72754855436376
-29.32988
-21.81044
-7.4728546
37.30657635924848
-30.047058
-24.660446
-6.075989
39.343118603452275
-27.895508
-22.522934
-7.4728546
36.62356345838871
-27.895508
-23.947937
-6.075989
37.263664453144735
-30.047058
-23.947937
-6.774414
39.015664109411716
-28.612686
-25.37294
-6.075989
38.721951479324844
-28.612686
-22.522934
-7.4728546
37.17273045726447
-29.32988
-22.522934
-7.4728546
37.72754855436376
-29.32988
-23.947937
-5.377548
38.244783332481276
-30.047058
-23.947937
-7.4728546
39.14297959484561
-29.32988
-24.660446
-6.075989
38.7981571349763
-29.32988
-23.235443
-4.6791077
37.70970337347703
-29.32988
-23.235443
-6.075989
37.90838018282946
-29.32988
-24.660446
-7.4728546
39.04129737074096
-30.764252
-23.235443
-6.075989
39.02874009894423
-29.32988
-24.660446
-6.075989
38.7981571349763
-30.764252
-23.235443
-6.774414
39.14355184915119
-30.047058
-23.947937
-5.377548
38.79751685937033
-29.32988
-23.235443
-6.075989
37.90838018282946
-30.764252
-21.81044
-3.980667
37.92070970603497
-31.481445
-25.37294
-4.6791077
40.70333493228012
-31.481445
-23.235443
-4.6791077
39.40636151847821
-29.32988
-22.522934
-4.6791077
37.27490385006043
-31.481445
-25.37294
-4.6791077
40.70333493228012
-30.764252
-22.522934
-6.075989
38.60879957078276
-31.481445
-23.235443
-6.075989
39.59652620742522
-32.198624
-22.522934
-6.075989
39.76118129640941
-30.764252
-23.235443
-6.774414
39.14355184915119
-32.198624
-22.522934
-6.774414
39.873884131624145
-32.915817
-22.522934
-6.075989
40.34415998775024
-32.915817
-21.81044
-7.4728546
40.18693653619373
-32.198624
-23.235443
-6.075989
40.16907777843938
-34.35019
-20.385437
-6.075989
40.40320766292108
-33.632996
-21.81044
-6.075989
40.54369568460213
-33.632996
-21.81044
-6.075989
40.54369568460213
-32.915817
-21.097946
-6.774414
39.67955444578007
-32.198624
-21.097946
-8.171295
39.35282268554967
-32.915817
-21.097946
-6.774414
39.67955444578007
-32.198624
-21.097946
-6.774414
39.08666440084617
-33.632996
-23.235443
-6.075989
41.32773658843946
-35.067383
-21.81044
-6.075989
41.74127727460703
-33.632996
-21.097946
-7.4728546
40.399816108511715
-33.632996
-22.522934
-7.4728546
41.161929538827195
-34.35019
-21.81044
-6.774414
41.24952799209117
-34.35019
-21.097946
-7.4728546
40.99880905282494
-34.35019
-20.385437
-6.774414
40.514124538355446
-35.067383
-21.097946
-8.171295
41.732656565613425
-33.632996
-21.81044
-8.869736
41.05540035656089
-33.632996
-21.097946
-6.075989
40.164900576015995
-34.35019
-21.81044
-8.171295
41.50181777833653
-35.78456
-22.522934
-8.171295
43.064920786456234
-35.78456
-22.522934
-6.075989
42.71691685212736
-34.35019
-21.097946
-8.869736
41.27627743754955
-35.067383
-23.947937
-9.568176
43.5290135933961
-32.915817
-23.947937
-8.869736
41.66085636571817
-34.35019
-24.660446
-6.774414
42.824828573887046
-33.632996
-24.660446
-6.774414
42.251729173657054
-32.915817
-25.37294
-8.869736
42.49599159635898
-33.632996
-25.37294
-8.869736
43.0538801582353
-33.632996
-24.660446
-8.171295
42.498069809110156
-34.35019
-22.522934
-7.4728546
41.74998976655937
-32.198624
-24.660446
-7.4728546
41.239937219581215
-34.35019
-25.37294
-8.171295
43.479784949085825
-30.764252
-23.947937
-8.171295
39.83356487467573
-32.915817
-23.947937
-6.774414
41.26557175308946
-33.632996
-26.085434
-7.4728546
43.21425320062236
-33.632996
-25.37294
-7.4728546
42.78794060629846
-35.78456
-24.660446
-7.4728546
44.09666505690226
-34.35019
-26.797943
-8.171295
44.326463057054724
-35.067383
-25.37294
-8.869736
44.183476158284414
-35.067383
-26.085434
-7.4728546
44.33976373908075
-35.067383
-24.660446
-9.568176
43.925037684068926
-35.067383
-25.37294
-8.869736
44.183476158284414
-37.218933
-26.085434
-7.4728546
46.06020495469761
-35.067383
-25.37294
-10.266602
44.48494577259396
-35.067383
-26.085434
-8.869736
44.59645034965297
-37.218933
-25.37294
-10.266602
46.19998087036265
-37.936127
-23.947937
-8.869736
45.73101179126835
-37.936127
-24.660446
-8.869736
46.108128054132166
-37.218933
-24.660446
-8.869736
45.51987299950017
-36.501755
-25.37294
-8.869736
45.330300921575905
-37.218933
-23.947937
-6.774414
44.77326641805563
-37.936127
-23.947937
-8.869736
45.73101179126835
-38.65332
-24.660446
-9.568176
46.83766481906549
-39.3705
-24.660446
-7.4728546
47.05334561946021
-37.936127
-21.81044
-10.266602
44.94716950904695
-39.3705
-23.235443
-9.568176
46.70623003227862
-38.65332
-22.522934
-9.568176
45.74835368878726
-40.087692
-22.522934
-10.266602
47.11378503404683
-39.3705
-21.81044
-10.266602
46.164212562160905
-40.087692
-22.522934
-10.266602
47.11378503404683
-40.087692
-20.385437
-8.869736
45.83951603658954
-40.087692
-22.522934
-9.568176
46.96653822553483
-40.80487
-22.522934
-9.568176
47.580144148452305
-41.522064
-22.522934
-8.869736
48.06283779546444
-41.522064
-23.235443
-7.4728546
48.164416690709025
-40.80487
-21.097946
-8.171295
46.65759218179958
-40.80487
-21.097946
-10.266602
47.06977761625553
-40.80487
-21.81044
-8.869736
47.110559168367445
-40.80487
-21.81044
-9.568176
47.24703921775152
-41.522064
-21.097946
-8.869736
47.411783316656894
-40.087692
-21.81044
-9.568176
46.629050071247164
-41.522064
-22.522934
-8.869736
48.06283779546444
-41.522064
-23.947937
-7.4728546
48.51215265351688
-41.522064
-23.235443
-8.869736
48.400822807443056
-40.087692
-23.235443
-6.075989
46.73143118026935
-40.087692
-22.522934
-6.774414
46.47793285191909
-40.087692
-23.947937
-7.4728546
47.290277661778696
-40.80487
-23.947937
-9.568176
48.27101681602662
-39.3705
-23.947937
-6.075989
46.480722020330646
-38.65332
-24.660446
-8.869736
46.699988394170134
-37.218933
-23.947937
-8.171295
45.00580745946155
-37.936127
-24.660446
-8.869736
46.108128054132166
-38.65332
-24.660446
-10.266602
46.98531550438791
-37.936127
-23.947937
-10.266602
46.022346707706845
-37.218933
-25.37294
-9.568176
46.0498122154491
-37.218933
-25.37294
-10.266602
46.19998087036265
-35.78456
-25.37294
-10.266602
45.0524569469094
-37.936127
-24.660446
-8.869736
46.108128054132166
-35.78456
-26.085434
-8.171295
45.03059669460172
-37.218933
-26.797943
-9.568176
46.850068890857834
-35.78456
-26.797943
-8.869736
45.57780896359406
-36.501755
-26.085434
-10.266602
46.024243144578165
-34.35019
-26.797943
-8.869736
44.460516740453265
-35.78456
-25.37294
-9.568176
44.89845041434476
-35.067383
-26.085434
-9.568176
44.74059891649026
-35.067383
-26.085434
-9.568176
44.74059891649026
-35.067383
-26.797943
-8.869736
45.0169225450795
-35.067383
-26.797943
-9.568176
45.15972899660576
-33.632996
-26.085434
-10.266602
43.78391542564461
-32.915817
-24.660446
-11.663483
42.7507366986962
-35.067383
-25.37294
-10.266602
44.48494577259396
-33.632996
-26.085434
-10.965042
43.95293336698359
-33.632996
-25.37294
-10.266602
43.363203659792305
-34.35019
-25.37294
-9.568176
43.76381757246076
-34.35019
-26.085434
-8.869736
44.03473332788349
-33.632996
-25.37294
-9.568176
43.20317585892124
-33.632996
-24.660446
-9.568176
42.78861959443042
-33.632996
-23.235443
-8.869736
41.82985118543111
-35.067383
-23.235443
-8.869736
42.99162033402919
-35.067383
-23.947937
-8.869736
43.380839281840494
-34.35019
-21.81044
-10.266602
41.964674853343915
-34.35019
-21.097946
-9.568176
41.431979034542266
-35.067383
-23.235443
-10.965042
43.472282611668206
-33.632996
-22.522934
-8.869736
41.43830569305335
-32.915817
-22.522934
-8.171295
40.71245094696922
-34.35019
-22.522934
-8.869736
42.022498508053694
-33.632996
-21.81044
-8.171295
40.910190377921886
-34.35019
-23.235443
-8.171295
42.26808853726118
-36.501755
-21.81044
-6.774414
43.05770621448761
-36.501755
-21.097946
-7.4728546
42.81757639839991
-34.35019
-23.235443
-6.774414
42.02039967989134
-36.501755
-23.235443
-6.075989
43.69418174716958
-35.78456
-20.385437
-5.377548
41.53334562526988
-36.501755
-20.385437
-6.075989
42.24762353477338
-37.218933
-21.81044
-5.377548
43.47254656317594
-36.501755
-22.522934
-4.6791077
43.14573776747826
-33.632996
-23.235443
-4.6791077
41.14557390477285
-35.78456
-18.960434
-6.774414
41.06002358875814
-34.35019
-21.097946
-3.980667
40.5080799472849
-35.067383
-19.672943
-4.6791077
40.48011875783516
-32.915817
-21.81044
-6.774414
40.06293876514802
-35.067383
-22.522934
-6.075989
42.11794758519297
-35.067383
-20.385437
-8.171295
41.37701503306969
-34.35019
-22.522934
-7.4728546
41.74998976655937
-35.067383
-22.522934
-8.171295
42.47085972500734
-33.632996
-23.235443
-6.774414
41.436178747317996
-32.198624
-24.660446
-5.377548
40.91218504022518
-32.915817
-24.660446
-5.377548
41.47898976345585
-33.632996
-21.81044
-6.774414
40.65422926857518
-32.915817
-22.522934
-4.6791077
40.15753585003536
-32.915817
-23.947937
-5.377548
41.059379935211666
-32.198624
-23.235443
-6.774414
40.28063935970434
-32.198624
-23.947937
-6.075989
40.58537430432144
-31.481445
-23.235443
-5.377548
39.49538269097098
-30.764252
-24.660446
-7.4728546
40.130043734791144
-32.198624
-23.235443
-6.075989
40.16907777843938
-31.481445
-23.235443
-6.075989
39.59652620742522
-32.198624
-23.947937
-6.075989
40.58537430432144
-30.764252
-23.947937
-5.377548
39.35556936246444
-32.198624
-22.522934
-6.774414
39.873884131624145
-33.632996
-22.522934
-5.377548
40.83355123241181
-33.632996
-23.235443
-8.171295
41.687338947402544
-32.915817
-23.235443
-6.075989
40.74622088736037
-33.632996
-23.947937
-6.774414
41.83986982569676
-32.915817
-22.522934
-6.075989
40.34415998775024
-32.915817
-23.235443
-8.171295
41.11091015282622
-32.915817
-23.235443
-8.171295
41.11091015282622
-32.915817
-22.522934
-6.774414
40.455238755610345
-32.915817
-21.81044
-6.774414
40.06293876514802
-31.481445
-20.385437
-6.774414
38.11220488416817
-33.632996
-21.81044
-5.377548
40.444920892203044
-32.915817
-21.81044
-6.075989
39.95076926473069
-32.198624
-23.235443
-6.774414
40.28063935970434
-32.915817
-22.522934
-7.4728546
40.578037759821505
-32.198624
-21.81044
-4.6791077
39.17066119230294
-33.632996
-21.097946
-4.6791077
39.97743962175338
-34.35019
-21.81044
-8.171295
41.50181777833653
-31.481445
-19.672943
-7.4728546
37.86752678695742
-32.198624
-20.385437
-6.075989
38.59060747580378
-30.764252
-21.81044
-5.377548
38.092682896251546
-32.915817
-20.385437
-8.171295
39.57002791728861
-31.481445
-21.81044
-9.568176
39.475647964619434
-32.915817
-21.097946
-8.171295
39.94176210874481
-32.198624
-21.81044
-8.171295
39.739359265150306
-32.198624
-18.960434
-6.075989
37.857192080072444
-32.915817
-21.097946
-8.171295
39.94176210874481
-32.915817
-19.672943
-7.4728546
39.06813553098212
-30.764252
-18.960434
-5.377548
36.53567057834542
-32.915817
-20.385437
-6.075989
39.19100269682842
-32.198624
-19.672943
-6.774414
38.33625830948914
-32.915817
-18.960434
-6.075989
38.46903558992284
-33.632996
-18.24794
-7.4728546
38.98729479296348
-32.198624
-17.535446
-6.774414
37.28452580170241
-34.35019
-19.672943
-5.377548
39.94844394751972
-34.35019
-19.672943
-6.075989
40.04844326084583
-32.915817
-18.24794
-8.171295
38.512444404678305
-32.198624
-19.672943
-7.4728546
38.46582258103858
-32.915817
-19.672943
-5.377548
38.722005071506985
-32.915817
-20.385437
-5.377548
39.08880988970821
-32.915817
-21.81044
-3.980667
39.6861696996534
-32.198624
-19.672943
-6.075989
38.219021488201726
-32.915817
-20.385437
-6.774414
39.30534047733288
-32.198624
-22.522934
-6.075989
39.76118129640941
-32.198624
-18.960434
-6.774414
37.97554594530209
-31.481445
-21.097946
-6.774414
38.498018288080424
-31.481445
-21.097946
-6.075989
38.38127557094898
-31.481445
-22.522934
-6.774414
39.29703187095926
-32.198624
-21.81044
-5.377548
39.2602168107034
-32.198624
-21.81044
-6.075989
39.36196460814043
-31.481445
-21.81044
-6.075989
38.77749780397776
-30.047058
-22.522934
-5.377548
37.93449940512182
-31.481445
-24.660446
-5.377548
40.35017921757752
-30.047058
-22.522934
-6.774414
38.15758085312144
-28.612686
-21.81044
-4.6791077
36.280506425412185
-30.047058
-23.947937
-3.980667
38.628681686385896
-30.764252
-22.522934
-5.377548
38.50506162191943
-30.047058
-23.947937
-4.6791077
38.70689071304843
-30.047058
-23.947937
-4.6791077
38.70689071304843
-30.764252
-23.947937
-4.6791077
39.26623121796259
-29.32988
-23.235443
-3.2822266
37.5619589057325
-29.32988
-23.947937
-5.377548
38.244783332481276
-29.32988
-23.235443
-3.2822266
37.5619589057325
-30.764252
-23.947937
-5.377548
39.35556936246444
-29.32988
-23.235443
-3.980667
37.629421848759186
-31.481445
-22.522934
-3.2822266
38.84761363276949
-30.764252
-22.522934
-5.377548
38.50506162191943
-30.764252
-25.37294
-3.2822266
40.0124782172504
-30.047058
-23.235443
-5.377548
38.36182209607946
-27.895508
-22.522934
-4.6791077
36.15710078947149
-31.481445
-21.81044
-3.2822266
38.438910035112855
-29.32988
-22.522934
-2.5838013
37.07020959548415
-31.481445
-21.097946
-5.377548
38.27692099247355
-31.481445
-22.522934
-2.5838013
38.79484552182802
-30.764252
-20.385437
-3.980667
37.11941476031697
-32.198624
-21.81044
-2.5838013
38.97592437215649
-30.764252
-21.81044
-3.2822266
37.853765899490604
-30.047058
-20.385437
-5.377548
36.705717434519826
-30.764252
-21.097946
-4.6791077
37.595964450573014
-30.764252
-21.097946
-5.377548
37.68926198202878
-29.32988
-21.097946
-3.980667
36.34846372860464
-31.481445
-22.522934
-3.980667
38.91284770865369
-31.481445
-21.81044
-3.2822266
38.438910035112855
-32.198624
-22.522934
-3.980667
39.4953116036812
-30.047058
-21.81044
-2.5838013
37.218235066756925
-32.198624
-21.097946
-3.980667
38.700391947809294
-30.764252
-22.522934
-3.2822266
38.268719250150966
-30.764252
-19.672943
-3.2822266
36.66383693064002
-30.764252
-21.81044
-3.2822266
37.853765899490604
-30.764252
-21.097946
-3.2822266
37.44777124595084
-30.047058
-22.522934
-3.980667
37.761805829332204
-30.764252
-21.81044
-2.5838013
37.79961040639176
-32.915817
-22.522934
-1.8853607
39.92853876624854
-31.481445
-21.097946
-2.5838013
37.985270004367315
-32.915817
-20.385437
-1.8853607
38.76301917128537
-31.481445
-20.385437
-1.8853607
37.55265671516714
-31.481445
-21.81044
-3.980667
38.5048365341737
-31.481445
-22.522934
-2.5838013
38.79484552182802
-30.764252
-22.522934
-3.2822266
38.268719250150966
-31.481445
-21.097946
-2.5838013
37.985270004367315
-30.764252
-21.81044
-2.5838013
37.79961040639176
-30.764252
-21.097946
-3.980667
37.51543952994553
-30.764252
-21.097946
-2.5838013
37.393027764419195
-30.047058
-21.81044
-2.5838013
37.218235066756925
-30.764252
-23.235443
-1.1869202
38.5711519746097
-31.481445
-22.522934
-4.6791077
38.99048674536681
-30.764252
-21.097946
-3.980667
37.51543952994553
-31.481445
-22.522934
-3.2822266
38.84761363276949
-29.32988
-22.522934
-3.980667
37.193683834590786
-29.32988
-23.235443
-6.075989
37.90838018282946
-31.481445
-23.235443
-5.377548
39.49538269097098
-28.612686
-23.235443
-3.980667
37.07313361894466
-30.764252
-24.660446
-3.980667
39.628557978077815
-30.047058
-23.947937
-4.6791077
38.70689071304843
-28.612686
-23.235443
-5.377548
37.24902014755724
-28.612686
-26.085434
-4.6791077
39.000381859108124
-27.895508
-23.947937
-4.6791077
37.06153165893512
-29.32988
-24.660446
-3.980667
38.525642079740216
-28.612686
-24.660446
-5.377548
38.154180047252034
-29.32988
-23.947937
-6.075989
38.34922536293921
-28.612686
-26.797943
-3.980667
39.40382284604899
-27.895508
-26.085434
-3.980667
38.3986322159356
-29.32988
-25.37294
-4.6791077
39.06304999612806
-29.32988
-25.37294
-4.6791077
39.06304999612806
-27.895508
-23.947937
-4.6791077
37.06153165893512
-28.612686
-25.37294
-4.6791077
38.527470288053884
-28.612686
-26.085434
-4.6791077
39.000381859108124
-27.895508
-23.947937
-4.6791077
37.06153165893512
-29.32988
-26.085434
-5.377548
39.61829904401027
-30.047058
-26.797943
-4.6791077
40.532079730809365
-29.32988
-25.37294
-6.075989
39.254877844292324
-30.047058
-26.085434
-3.980667
39.98901521531413
-27.895508
-26.797943
-4.6791077
38.9638692312346
-30.764252
-26.085434
-4.6791077
40.60521152666244
-30.764252
-25.37294
-3.980667
40.07581621030163
-32.198624
-25.37294
-5.377548
41.345559885743775
-32.198624
-23.947937
-3.2822266
40.261992948336214
-30.047058
-23.235443
-5.377548
38.36182209607946
-31.481445
-23.947937
-6.075989
40.01877916112478
-32.915817
-25.37294
-6.075989
42.001841186856765
-30.047058
-24.660446
-5.377548
39.24132194073296
-31.481445
-23.947937
-4.6791077
39.8306304993602
-32.915817
-23.235443
-4.6791077
40.56144668316516
-32.915817
-23.235443
-5.377548
40.64793823569038
-32.198624
-22.522934
-5.377548
39.660457691469915
-34.35019
-21.81044
-6.075989
41.14059384493693
-33.632996
-23.235443
-6.774414
41.436178747317996
-32.915817
-21.81044
-6.075989
39.95076926473069
-34.35019
-22.522934
-7.4728546
41.74998976655937
-33.632996
-23.235443
-4.6791077
41.14557390477285
-32.198624
-22.522934
-6.774414
39.873884131624145
-33.632996
-21.81044
-4.6791077
40.35799425386887
-34.35019
-22.522934
-4.6791077
41.341410022121735
-34.35019
-21.097946
-6.075989
40.7673452708131
-34.35019
-21.81044
-6.075989
41.14059384493693
-35.067383
-23.235443
-6.075989
42.50323258616264
-33.632996
-21.097946
-3.2822266
39.83810621793222
-35.067383
-21.097946
-4.6791077
41.19148756067129
-36.501755
-21.097946
-3.980667
42.34792847234015
-35.067383
-22.522934
-3.2822266
41.80642268287329
-35.067383
-22.522934
-3.980667
41.86704681936618
-34.35019
-22.522934
-5.377548
41.426273165690844
-32.915817
-21.81044
-5.377548
39.85052485293873
