0.060996
3.421158
9.45737
10.057330017701563
-0.41441402
3.8361702
8.370206
9.216739551699787
-0.70683604
4.202744
7.87267
8.952184604435642
-0.069966
4.431778
10.160618
11.08529228929757
-0.205114
4.1435423
8.675784
9.616665092305055
-0.5382
4.271514
7.9886823
9.074940108004416
-0.501124
4.33251
8.451534
9.510530758716886
-0.29601002
4.424004
9.260628
10.267358735113321
0.42637402
5.255224
8.384558
9.904543949356102
0.89520603
5.26838
10.88659
12.12745122613105
0.953212
5.000476
11.607181
12.674384192079609
-0.142922
3.113188
10.011118
10.484981877461836
-0.85274804
1.304836
13.556661
13.645982177543827
1.9381181
2.399774
6.3035183
7.017803168357919
1.3736061
2.002104
8.504158
8.84397602129463
0.27747202
2.569606
9.459763
9.806475885827508
0.63687
3.153852
6.832748
7.5524055640217576
0.316342
3.288402
8.310406
8.942958205473385
0.3588
3.588598
8.897044
9.60021714918592
0.89580405
4.064008
9.222954
10.118374387427094
0.67215204
4.9400783
8.415056
9.78107020788733
0.801918
4.1626782
13.367692
14.0237709962086
0.396474
4.659616
11.236421
12.170717235735394
-0.801918
1.6331381
14.37891
14.493559360607495
-0.46105802
1.280916
6.076278
6.226915682129759
-0.733746
2.345954
10.12115
10.415352171292662
0.12737401
2.7687402
8.336121
8.784819288224307
0.567502
3.483948
6.8094263
7.669956938661257
-0.40903202
3.4086
8.483228
9.151557631358616
-0.752284
3.60893
8.516118
9.279794084303289
-0.127972
4.633304
6.898528
8.311051550848386
0.26670802
4.257162
10.52779
11.359090221671034
0.70384604
5.219344
12.362454
13.437530659485372
1.074008
3.567668
11.46665
12.056774618818434
1.023178
-0.054418
15.902615
15.935589365406338
0.95440805
1.774266
5.542862
5.897646496009618
0.976534
2.2042282
8.986744
9.304504648969514
-0.505908
3.1759782
8.415654
9.009218369259344
-0.16445
3.592186
7.514468
8.33055047935384
0.438932
3.384082
8.707479
9.352264913313196
1.158924
3.844542
8.102303
9.042727453584162
1.050088
4.460482
8.785218
9.90851401080625
0.531622
4.1991563
9.951917
10.8146282593165
0.441922
4.583072
11.492962
12.38095350300431
-0.29062802
3.3954442
11.57429
12.06555895981182
-0.067574
0.50172204
12.358867
12.369231141357183
-0.458068
1.3676261
7.873268
8.004285141562699
0.075348005
2.968472
8.79957
9.287084524480422
1.0004541
3.30395
6.1061783
7.014442803025346
-0.251758
3.208868
7.887022
8.518528658481527
-0.446706
2.8369122
9.743813
10.158223591295956
-0.17641
3.89597
8.57532
9.420499938527513
0.29601002
5.0812063
7.751276
9.273001450889735
-0.679328
3.986268
12.271558
12.920640362911403
0.854542
5.338944
10.404602
11.725626237815415
1.380184
1.2982581
15.088737
15.207246478537275
1.77606
1.544634
7.787754
8.135686331824976
0.89102
2.59233
8.752926
9.172120800981252
-0.159068
2.954718
7.757256
8.302450659334482
-0.002392
3.489928
7.200518
8.001691639384566
0.815074
3.212456
8.025758
8.683145213758817
1.021384
3.644212
8.57532
9.373346615271386
1.70131
4.252976
8.199777
9.392475574208824
0.18837
5.096754
9.75039
11.003748861804866
0.41979602
4.621942
11.935482
12.806026256090517
-1.086566
4.483804
11.178414
12.093058563890589
-1.0746061
1.286896
15.250196
15.342078714191924
-0.49813402
1.544634
7.257328
7.4365882635265415
-0.069966
2.494856
9.4609585
9.784627605480429
0.407238
3.436108
6.363318
7.243237992262081
0.369564
3.595176
6.0631223
7.0585634856849815
-0.462852
3.3278701
9.619429
10.189325648821631
-0.032292
3.736304
9.211593
9.940545916849839
0.218868
4.7242002
7.8457603
9.160890828754985
-0.94603604
4.05444
10.072712
10.899219771992103
0.362388
5.441202
10.795096
12.094300723289113
1.41726
2.44582
12.787034
13.095758907645921
0.957996
0.91434205
9.390992
9.483908024310137
0.96158403
2.212002
7.2531424
7.64366866261086
0.84796405
2.23652
8.689538
9.012720655049563
-0.136942
3.7961042
7.7656283
8.644891330616254
0.154284
3.3679361
8.29725
8.956067838233857
0.078936
3.384082
9.076445
9.687109367124178
0.455078
3.9288602
8.45871
9.337708628416246
0.552552
4.836026
6.676072
8.262106595506246
0.214682
3.9288602
12.754145
13.347293285048822
-0.223652
5.3658543
10.304736
11.620240908832178
-0.93886
3.511456
11.455288
12.018127736345182
-0.444314
1.0142081
10.273641
10.333137346275437
-0.65839803
1.950078
8.957442
9.190868357082836
-0.089102
3.3703282
7.7219744
8.425908922016033
0.097474
3.828994
6.6730824
7.694200774311775
-0.055016
3.40262
8.254194
8.92818963678694
-0.64584
3.4080021
10.274239
10.843964588339638
-0.352222
4.5328403
7.199322
8.514748736452642
-0.16803801
4.7056623
7.045636
8.474224728033294
-0.703248
4.333108
12.7565365
13.490722859486974
0.527436
5.4639263
9.785074
11.219641519895408
1.174472
0.44252002
15.854774
15.904373028223981
1.4585221
1.7856281
7.1179943
7.482085130522816
1.4633061
2.464358
9.878961
10.286310776565612
0.063388005
3.198702
7.952802
8.572209331738723
-0.23023
3.699228
6.372288
7.371794181662095
0.09269
3.2901962
7.3643703
8.066469619908467
0.31873402
3.57305
9.14342
9.821935308685749
1.101516
4.260152
8.205158
9.310577398929931
0.96696603
4.931108
7.1478944
8.737462243693013
0.721786
3.88999
14.042834
14.589523193432976
-0.444314
4.669782
12.197406
13.068319530138405
-1.5482221
1.701908
13.3653
13.561885696773283
-1.930344
1.863368
7.471412
7.938536809053742
-0.638664
2.09599
8.85937
9.126308399614974
0.3887
2.6485422
6.638996
7.158361131867983
-0.17641
3.36375
6.3830523
7.217291350194597
-0.874874
3.4390981
8.668609
9.366834008655387
-0.98969
3.57903
10.107994
10.768495130041275
-0.531622
4.987918
8.15672
9.575700014187932
-0.417404
3.992846
10.9733
11.68462087490366
0.381524
5.159544
11.92113
12.995375764469669
1.3156
3.6388302
12.416274
13.005220392069067
0.64524204
0.35999602
11.223265
11.247560024571891
0.886834
1.9046301
6.798064
7.115319083183661
0.111228004
2.188082
7.855926
8.155712592298945
-0.886236
3.436706
8.328944
9.053600492884895
0.42637402
3.342222
6.9702883
7.741909356996073
-0.02392
3.442686
9.988394
10.5650685815711
0.569894
3.738696
9.113521
9.867060692969817
1.139788
4.598022
8.381568
9.627647927414973
0.443118
4.32653
11.372765
12.176000559462185
-0.309166
4.854564
10.840545
11.881909739294201
-1.0453041
2.393794
13.087231
13.34535539962078
-0.95620203
1.337128
8.65605
8.810756646181
-1.65347
2.549274
8.797776
9.307718367882664
-0.19853601
2.830334
8.215922
8.69204176047379
0.274482
3.159832
7.115004
7.7899398386129395
-0.29601002
3.267472
8.46469
9.078269130068199
-0.705042
3.245944
9.045946
9.63651290568561
-0.380926
4.659018
7.116798
8.514714687582755
-0.45567602
4.842604
8.047884
9.403557579001767
-0.52026004
4.675762
13.487292
14.284273925103188
1.283906
6.146244
11.108448
12.760186408424227
0.817466
0.707434
13.857454
13.899559486050268
0.404846
1.612208
8.699704
8.857085724395857
1.2288901
2.02124
8.310406
8.640510654900057
-0.113022
2.899702
7.541976
8.080992789132274
-0.28106
3.8092601
6.06671
7.168990741601904
-0.03588
3.5646782
7.553936
8.352854130124662
-0.054418
3.565874
9.98361
10.601457071026067
0.558532
4.453904
7.6538024
8.8729877608503
0.201526
4.72719
9.498632
10.611830863930502
0.714012
4.0998883
11.494158
12.224342724813917
-0.786968
5.66306
11.22745
12.599413031575494
-1.3843701
2.397382
14.92309
15.177698559707132
-0.87308
1.499784
7.2041063
7.410179930444503
-1.254604
1.859182
8.044296
8.351124908145328
-0.075946
2.82256
7.535996
8.047598856247385
0.067574
3.535974
5.930366
6.904847706103475
-0.685906
3.544346
9.08362
9.77471295884101
-0.89819604
3.427138
10.653968
11.227602895207015
-0.476008
4.367194
8.48861
9.558005479701295
0.002392
4.781608
7.350018
8.768497642317087
-0.75168604
4.4551
13.191282
13.943560595489163
0.480194
5.626582
10.93144
12.303877701527297
1.3120121
1.4603161
14.930266
15.058776648532596
1.48902
1.8101461
7.434934
7.795643191224992
0.30139202
2.138448
8.133398
8.415221691418632
-0.494546
2.795052
7.090486
7.63753142654771
0.213486
3.2686682
6.67069
7.43154566299381
0.684112
3.135314
9.135646
9.682883066902372
0.79833
3.67471
9.9866
10.671129326300605
1.35447
4.185402
8.331336
9.421430030045075
0.43355
4.38035
8.316984
9.409976664563878
0.272688
4.098094
12.876735
13.515880710189414
-0.443118
5.496218
11.3919
12.656230107044552
-1.3646361
2.4817
15.310595
15.570336509797093
-0.38929802
0.894608
6.78132
6.851144358142899
-1.38736
1.9506761
8.773258
9.093952189816266
0.08671
2.7537901
7.3900843
7.886965426120017
0.510692
3.473184
6.3459764
7.252256897169257
-0.20033
3.498898
8.309808
9.01860962227787
-1.05547
3.305146
9.745606
10.344798423901373
-0.485576
4.7600803
7.6860943
9.053739535957556
-0.615342
4.728984
8.370206
9.633394222221089
-0.93288004
3.66574
11.492364
12.098857579801827
1.878916
5.51655
10.2258005
11.769861844012802
1.84782
1.180452
16.168127
16.316133642533565
1.093144
0.83720005
10.495499
10.585431549256004
0.675142
1.8472221
6.946966
7.219998866791782
-0.800124
2.114528
8.266154
8.569756989744882
-0.06877
3.4259422
6.967298
7.764344998335264
0.464048
3.376308
7.146698
7.917707140627651
0.34923202
3.344016
9.963876
10.515856078557817
0.931684
4.0945063
8.235656
9.244406168605762
0.09269
4.245202
9.129068
10.068278104970256
0.093288004
3.906734
11.594025
12.23489569753221
0.303784
4.803136
10.591178
11.63337651839525
-2.204826
2.656914
14.12177
14.53770437974347
-0.416806
0.942448
8.236254
8.300470582421724
-0.873678
1.493206
7.646626
7.8398894882198435
0.425776
2.524158
7.94144
8.343808063205042
0.63687
3.3332522
6.162988
7.0355238746952065
-0.570492
3.272854
8.864752
9.466829312857053
-0.974142
3.186742
10.271248
10.798278275757813
-0.70683604
4.03351
9.111726
9.98961290680635
-0.692484
4.577092
7.4570603
8.777075593227979
-1.531478
3.7285302
11.253164
11.953287121041093
-0.093288004
5.368246
11.388312
12.590489725128037
1.5847
3.2351801
13.6643
14.131197759640557
0.989092
0.632684
11.159876
11.221471599826943
2.020642
1.353274
7.2848363
7.680051094520994
1.249222
1.5434381
7.997652
8.240460978826045
-1.1762661
3.419364
7.5252323
8.348938432472643
-0.70384604
3.4689982
6.6372023
7.522087633640282
-0.280462
3.0928562
10.311913
10.769399128111392
0.213486
3.413384
9.803014
10.382478156063359
0.85573804
3.992846
8.142966
9.109501047718195
0.620724
4.0753703
9.228336
10.107231844530036
0.606372
3.8367682
11.081538
11.742613073417356
-0.315744
4.475432
10.672506
11.577200457561851
-2.005692
2.971462
14.236587
14.681035084001921
-0.713414
1.53985
7.671144
7.856624417726161
-1.326962
2.347748
9.292322
9.675743007468833
-0.72358
2.027818
9.846668
10.079310053267651
-0.29481402
3.068936
8.165092
8.727772846486284
-0.944242
2.931396
9.853845
10.323900614068316
-0.718198
2.38901
9.54109
9.861824227160122
-1.409486
3.050398
9.48129
10.059147056990476
-1.3443041
3.567668
10.1151705
10.809814119531756
