1.407094
2.48768
9.404746
9.829431007348424
1.36344
2.80761
9.103354
9.623549711276508
1.2671621
2.946346
9.686404
10.203581491630654
0.94783
3.18734
9.49923
10.064437016348936
0.73255
3.464812
8.657247
9.353580674562382
0.600392
3.4821541
9.7474
10.36810882774976
0.115414
3.89298
9.782084
10.528902873297485
0.47182202
3.887
10.439884
11.15000283279725
0.97773004
4.391114
10.273641
11.21541484254292
1.1995881
2.9325922
10.881208
11.33312860939769
0.438932
1.5111461
12.996932
13.091847429458188
-0.362388
2.002104
5.511168
5.87475260761537
-1.270152
1.4788541
7.4755983
7.725598220130705
-0.94364405
1.3754001
10.676692
10.806199194908405
0.273884
2.778906
7.97134
8.446276811707065
0.40245402
3.319498
6.947564
7.71036212788131
-0.246974
3.286608
8.803756
9.400473611141596
-0.43056002
3.415178
9.397571
10.008154405386179
0.688298
3.245346
9.165546
9.747474930313484
0.08073
3.493516
11.623326
12.13725180877972
0.264316
4.348656
11.343462
12.151329162484204
0.81328005
2.039778
13.087829
13.270771371805573
1.071616
0.44551
11.193962
11.253960484510067
1.780246
1.4322101
6.879392
7.248898915831518
0.680524
1.911806
9.87298
10.079377798828826
0.490958
2.943356
7.680712
8.240007301993977
0.04485
2.874586
7.071948
7.633983385595162
0.52325
2.7968462
8.919768
9.362606554227183
1.283906
3.745872
8.836048
9.682753452221322
1.477658
4.14115
8.368412
9.453196022460473
-0.121394
3.17538
11.677744
12.102375118980067
-0.60996
3.75843
11.854155
12.450655779745222
-0.941252
1.0166
14.727545
14.792565947942187
-1.225302
0.785174
9.975238
10.080835164303764
-0.72956
1.4154661
9.381424
9.515614576913421
-0.259532
2.179112
8.367814
8.650791692059986
-0.358202
3.090464
5.9154162
6.683668518539998
-0.23860201
2.714322
6.940388
7.456102460247249
-0.85274804
2.974452
9.297704
9.799073576442977
-0.315744
3.637036
9.06867
9.775914891348565
0.474812
3.570658
8.821696
9.528765445252839
0.13335401
3.8702562
12.7194605
13.295914468464904
0.691288
2.793258
12.254814
12.588114724779828
1.775462
0.47421402
13.204438
13.331704485264511
1.45015
1.373008
6.448832
6.750964343097035
0.022724
1.535066
11.237617
11.342000526897733
0.571688
2.468544
8.427614
8.800296639731279
0.284648
3.2471402
6.1558123
6.965555733378686
0.671554
2.73585
8.642894
9.090405665243516
0.73853004
3.8983622
8.714654
9.575376928494977
0.733746
4.321148
9.096178
10.097086540988492
0.386906
3.37272
11.510304
12.00050162220606
-0.574678
4.51789
11.219078
12.108232683015911
-0.779194
0.99088603
15.662816
15.713459557948939
-1.063842
0.24577801
10.15404
10.21257593133683
-0.615342
1.512342
7.088692
7.274296006161277
-0.187174
2.0684822
9.380826
9.60799381905769
0.107640006
2.8464801
7.5934043
8.110106448075825
0.073554
2.962492
7.021118
7.620883768650668
-0.31395
2.67605
8.613592
9.02517485303912
-0.224848
3.464214
9.50222
10.11649784992606
0.688298
3.8678641
9.49923
10.279567221352307
0.999856
3.550326
13.405964
13.90411401696202
1.696526
4.190784
10.728718
11.642433138723556
2.377648
0.109434
14.511666
14.705565165969853
-0.23381801
0.24458201
6.479928
6.488756285289409
-0.700258
2.498444
7.658586
8.086193194930615
-0.147108
2.3028982
10.182146
10.440358392987447
0.66916203
3.043222
7.9641643
8.55201112172302
0.199134
2.949934
9.300694
9.75933821076059
0.3588
3.101826
8.361835
8.925823987862671
0.67873
3.6699262
7.4875584
8.366155708587549
0.429364
3.57903
9.951318
10.58406997479917
-0.595608
4.2858663
13.301912
13.988004722727501
-0.542386
1.9614401
11.022934
11.209214942795462
-0.357006
-0.963976
19.509153
19.536216556033022
-0.21587801
0.811486
4.417426
4.496528133881635
0.073554
2.2353241
6.9690924
7.319175607504326
-0.734344
2.490072
9.419696
9.770894671954544
-0.727168
2.78369
7.602374
8.128579158333933
-0.223054
2.845284
10.002149
10.401363840909353
-0.53879803
3.534778
8.678774
9.38648344547456
-0.273286
3.788928
8.248214
9.080952136831566
-0.85813004
3.1699982
10.099024
10.61958372402985
-0.116012
4.363008
12.222523
12.97841907060585
1.487226
2.657512
12.459331
12.826111648299669
0.583648
-0.62909603
11.794354
11.825531729423153
0.54956204
1.5111461
4.450914
4.732463992345084
-0.060996
1.590082
9.315644
9.45057187242234
0.196742
2.736448
8.5514
8.98071809068275
0.013754
3.3828862
6.6976004
7.503462945651015
0.435344
2.607878
10.581012
10.90634513747903
0.64285004
2.897908
8.94907
9.428519517169413
0.766636
3.5192301
6.668896
7.579372783065098
0.94304603
2.979834
11.40685
11.827298053572797
-1.030354
5.312034
13.802439
14.82520325699881
-1.071018
3.0468102
14.242566
14.604137179371682
-0.46105802
-0.359398
12.2625885
12.276514746908207
-0.76005805
1.063842
3.51026
3.745847564658916
-0.072358005
1.0668321
9.612252
9.67154368879233
-0.3289
2.414724
8.079578
8.439114790501764
0.23621
3.504878
7.0133443
7.843912434510819
-0.15727401
2.894918
10.257494
10.6593371083915
-0.676338
3.2136521
9.889724
10.420730733893873
-0.172224
3.656172
7.99825
8.795979916718347
0.497536
3.104816
11.002005
11.442531792111245
1.047696
4.50294
11.8553505
12.724915006162615
1.9243641
1.167894
13.467558
13.654386694428153
1.0435101
-0.937066
10.237761
10.333380258104981
0.655408
0.950222
4.484402
4.630587939509123
-0.29003
2.274792
8.436584
8.74269714778962
0.43713802
2.850666
7.21786
7.772701853538698
0.72059
2.7508001
8.654256
9.109461684166247
0.86590403
2.782494
11.446319
11.81144653143886
0.98311204
3.5957742
7.6968584
8.552060188017427
0.184782
3.536572
7.4881563
8.28335533011245
-0.341458
3.10661
11.890633
12.294501612406293
-0.224848
4.641676
12.35468
13.199766700301291
-0.115414
2.222168
14.68389
14.851531677374643
-0.81806403
-0.129168
10.9667225
10.997950623080413
-0.410228
1.192412
4.333706
4.513440088637028
0.640458
1.1224461
11.642463
11.713966471611863
0.641056
2.418312
8.441368
8.804310557869597
1.0082281
3.520426
5.551832
6.650771774595329
-0.856934
2.903888
10.05537
10.501303455646738
-0.91494
3.718364
8.511334
9.333067844792934
-0.554346
4.17105
7.7901464
8.853888102618612
0.261924
2.9206321
11.835018
12.19288117379807
0.659594
4.5083222
12.635142
13.43156209647867
1.3060321
2.391402
12.651886
12.941976316489011
0.840788
-0.86590403
10.612108
10.680522224717095
0.639262
0.65182
4.450914
4.543584412885558
0.722982
1.51593
9.14641
9.299331263627701
0.36478
2.629406
8.717046
9.112284122207127
-0.367172
3.138304
7.1610503
7.827158611288616
-0.24577801
2.718508
9.643947
10.02279392236785
-0.047242
2.9696681
9.147008
9.61711570533214
0.362986
3.861884
8.095724
8.977006999166589
0.539994
3.174782
12.45634
12.865894245687352
-0.079534
3.818828
12.784642
13.34304500388071
-0.862316
2.841098
12.773878
13.114396525964677
-0.81029004
0.27747202
12.559196
12.588366851203087
-0.82524
1.569152
5.045326
5.347763606596781
-0.90896004
0.9269
8.901828
8.995992828081324
-0.24518001
2.463162
6.749626
7.189209577170666
0.072358005
3.2286022
7.314138
7.995356165602865
-0.881452
3.2842162
10.576826
11.11000816805013
-0.99268
3.78833
9.010664
9.824913385606408
-0.518466
3.625076
8.490404
9.246455570260043
0.257738
3.36674
10.02547
10.578819173239406
0.452088
4.910178
12.302654
13.254038645079977
1.1547381
2.042768
14.02011
14.21512606204957
0.700258
-0.087906
13.713336
13.731485004176418
1.3413141
1.432808
3.529994
4.038925552260059
0.381524
1.5404481
9.774908
9.902896927349639
0.428168
2.818972
7.5425744
8.063520500005188
0.275678
3.2782362
6.54212
7.3227157311977935
0.418002
3.2292001
10.293972
10.796680675033082
0.809692
3.535974
9.264216
9.94909145481974
1.22291
3.242954
7.837986
8.570080596651671
0.636272
2.992392
9.084816
9.586090708458833
-0.711022
3.884608
13.983632
14.530577941448165
-0.64285004
3.3027542
11.644855
12.12122404155723
-0.752284
-0.18597801
13.94536
13.966874852294211
-0.022724
0.843778
3.939026
4.028449453422408
-0.208104
0.944242
8.242832
8.299348221890869
-0.53640604
2.5409021
7.9258924
8.340485009011578
0.139932
3.033654
7.5013123
8.09273284058615
-0.30677402
2.92422
12.14239
12.493310588000371
-0.58663803
3.446872
9.862814
10.464232788249682
-0.449696
3.5000942
7.65141
8.425969588182511
-0.552552
2.277184
10.316098
10.578882998829776
0.47840002
4.331912
11.848174
12.624323760702554
0.80431
4.5884542
12.535276
13.372882425827276
0.27747202
-0.14651
14.963755
14.967043976534171
0.321724
-0.063986
5.19662
5.206962750979489
0.751088
1.236066
5.5315003
5.7174721212503865
0.72059
2.4757202
9.3587
9.707404183605766
0.69846404
3.079102
8.813324
9.361805493579183
-0.23262201
3.045016
10.292178
10.735695836791281
0.22126001
3.0372422
9.463948
9.941836388656203
0.94603604
3.01392
7.0318823
7.708830478892043
1.020188
2.943954
7.132346
7.783187686229983
0.23979801
3.156842
13.124307
13.500761787679103
-1.625962
4.728984
12.865373
13.803073618169025
-1.2241061
-0.24039601
18.549362
18.591262471473076
-0.545376
-0.682916
7.861906
7.910333476023896
-0.825838
0.897
6.02784
6.149916745994698
0.655408
1.3275601
7.9193144
8.056520122204883
0.22724001
2.91824
5.831098
6.524528001105293
-0.55195403
2.835118
9.368866
9.80398870766782
-1.45613
3.1825562
12.372023
12.857523788379705
-1.188226
3.736902
8.729006
9.569318746237364
-0.761254
3.226808
9.26601
9.841277668818472
0.193154
3.425344
12.682982
13.138810512173645
1.3736061
4.2673283
10.42015
11.343562353174224
2.785484
0.12737401
17.032835
17.259565714193915
-0.147108
0.748098
5.63316
5.684521576437064
0.665574
0.722982
5.3473163
5.436863478312797
-1.093742
1.3783901
10.711376
10.854944085355365
-0.15727401
3.592186
6.853678
7.739602035424563
0.960388
3.150862
9.8066025
10.345033686985426
1.39035
3.30694
11.000809
11.570942863483511
1.260584
3.54913
8.26735
9.084848773308597
1.361048
2.560636
9.396374
9.83367423635827
0.334282
3.236376
10.389652
10.88718301900705
-0.670358
5.671432
10.369918
11.838484668160923
-0.974142
3.863678
11.967176
12.613099182837411
-0.584844
-0.096278004
18.139133
18.14881500495237
0.617734
0.755872
2.854254
3.016571528864735
0.21049601
1.2318801
7.6370583
7.7386364227079
0.016146
2.036788
9.755773
9.966136051542321
0.679328
3.6884642
6.7855062
7.753021881635518
-0.413816
3.3189
10.335833
10.863506689273525
-1.129622
3.3924541
10.549318
11.138801842843808
-0.700258
3.77637
7.5617104
8.481202377151899
-0.370162
3.8056722
8.356452
9.189692851881071
-0.154882
4.7427382
10.313108
11.352434181303158
0.652418
5.5386763
9.231326
10.785173581229284
-0.056212
3.1694
11.880466
12.29608578312373
-0.018538
0.73314804
16.718287
16.734364058119674
0.494546
1.568554
6.2491
6.461903067491968
0.268502
2.03021
7.49593
7.770638089288245
0.53222
1.854398
9.863412
10.05032085456903
0.51487803
2.6796381
8.907808
9.316362437659036
-0.380926
3.107806
10.920676
11.36066581601638
0.27508
2.618642
9.874176
10.21921251282721
-0.059800003
2.77771
9.667268
10.058594129247565
-0.16146
2.60429
8.90123
9.275790577224107
0.190164
2.848274
8.812128
9.262960066804713
0.707434
2.872194
8.95206
9.428114107939308
