1.988948
2.569606
8.699106
9.286185342766686
1.661842
2.475122
9.013056
9.493319923448556
1.062646
2.3955882
9.49026
9.845460773338923
0.782184
2.564822
9.065083
9.453350978703927
0.992082
2.9020941
8.636914
9.165297064912076
0.95440805
3.534778
8.924552
9.646407459768783
-0.115414
4.090918
10.204272
10.99436702417229
0.078338005
3.7715862
10.532575
11.187766642030189
1.0112181
3.9348402
11.083332
11.804481327823993
1.6175901
3.351192
11.878673
12.447889426399762
0.83122003
0.647634
13.478322
13.51944942278762
-0.081926
-0.008372
8.514922
8.51532037872585
-1.8980521
1.035138
6.903312
7.23393627179387
-0.971152
1.0375301
7.900178
8.026980679137218
0.075946
2.085824
8.619573
8.868678890962064
-0.129766
3.0007641
7.466628
8.048102720359683
-0.82643604
2.2353241
10.734698
10.996063915368053
-0.02093
2.212002
11.15868
11.37583098677404
0.51248604
2.607878
9.08362
9.46445037616298
-0.781586
2.354924
10.503272
10.792370708186857
0.045448
3.765008
13.150619
13.679039417472472
0.68770003
2.971462
13.031616
13.383779336062226
1.68337
-1.050686
12.114882
12.276320227579522
2.252068
0.175812
5.375422
5.830770347305541
0.748098
0.752882
7.739316
7.811753382292718
-0.555542
2.252068
8.549606
8.858680011596059
-0.67454404
3.26209
7.46603
8.175441569030557
0.213486
2.447016
9.837698
10.139712346979682
0.324714
2.788474
9.953711
10.342020218610504
1.12424
3.60893
8.42881
9.237593294944983
1.2689561
3.219034
9.684012
10.283604685594922
0.590226
3.3828862
13.6643
14.089193415300608
-0.694876
2.87937
12.8552065
13.19204127506163
-1.13022
-0.644046
15.321957
15.377079024514762
-0.748098
-0.65182
6.48531
6.560774803460984
0.031694002
0.766636
7.749482
7.787374881823067
0.926302
2.234726
6.57202
7.003105292235071
0.34086
2.99299
6.444048
7.11336276381082
-0.39767
2.464358
11.068382
11.346378074529168
-1.078194
2.8554502
10.89855
11.317883975402118
0.044252
3.547336
8.60223
9.305047451843256
-0.12677601
3.320694
7.853534
8.527665835076242
0.676338
2.521766
12.747566
13.012193683166654
0.32591
-0.43833402
15.816503
15.825931679537563
1.178658
0.235014
6.406374
6.5181355933863125
0.787566
1.4555321
7.856524
8.02893508025499
0.35999602
1.459718
9.035182
9.159415365160758
0.196144
2.470936
7.62151
8.01445037385109
0.202124
2.467348
8.5842905
8.934131334257064
0.600392
2.427282
9.396973
9.723952884737248
0.59740204
3.377504
9.5345125
10.132687134801772
-0.011362
3.4660082
10.769382
11.313396608006748
0.425776
3.254316
12.398932
12.825964723705972
0.002392
3.687268
10.85071
11.460098703967933
-1.5972581
-0.483184
15.596438
15.685457742594782
-0.231426
0.166842
5.93216
5.939016369382308
-0.833612
1.59965
8.6088085
8.795759167547512
-0.02392
1.9769881
8.40788
8.637216071445923
0.07774
2.7998362
7.344636
7.860585417167473
-0.82882804
2.664688
9.2259445
9.638753601160614
-0.70265
2.929004
9.3371725
9.810992665750105
-0.195546
3.726736
8.890466
9.64194928290546
-0.880854
3.156244
10.353174
10.85937359487401
0.40365002
3.539562
12.141194
12.653064317432902
0.86052203
-0.12558
15.058836
15.083925576288674
0.45567602
-1.008826
12.059866
12.110563197754136
-0.135148
1.446562
7.8326044
7.966209814573958
-0.15129401
1.950078
7.135336
7.398561502805191
-0.38929802
2.6551201
8.71585
9.119608501263011
-0.110630006
2.542098
8.621964
8.98959257465004
-0.401856
2.643758
9.132656
9.516110462652394
0.18657601
3.192722
9.189466
9.730086507069636
0.452088
3.4695961
8.528078
9.217949680567614
0.48378202
2.8614302
11.4600725
11.821805971827946
-0.069368005
3.65079
10.625862
11.235747400743767
-1.457326
-0.401856
17.661333
17.725912594135227
-1.27075
0.821652
5.891496
6.082733368573235
-1.060254
1.7688841
7.4134064
7.694912941720918
-0.214682
2.124694
8.505952
8.769927955949186
-0.284648
2.4051561
7.816458
8.183081446524238
-0.70384604
2.402764
9.276774
9.608705277093827
-0.56271803
2.662894
9.2385025
9.631073855918874
-0.288834
3.7195601
8.761896
9.523097018882812
-1.078792
2.798042
11.469042
11.854608957702446
0.31694
3.826004
11.041472
11.689862180864973
0.838396
2.347748
12.01083
12.266819831334201
0.74451
-0.376142
10.78792
10.820120006184876
0.070564
1.5649661
8.227284
8.375100661854244
0.187174
1.8179201
8.032336
8.23761443780762
0.13754
2.720302
7.825428
8.285908551123294
0.078936
2.737644
7.497724
7.982279702290911
0.307372
2.7101362
9.410727
9.798014646009566
0.652418
3.6179001
8.68894
9.434645063054589
0.66079
3.9043422
8.302034
9.198060071668985
0.145912
3.1729882
12.535874
12.93202572796354
0.145912
3.230396
11.876879
12.30922411409491
-1.283308
0.437736
15.460094
15.519439812214904
-0.498732
0.22126001
8.726016
8.743057112272401
-0.5382
1.236066
7.854132
7.968997009039351
0.093288004
2.461966
7.9516063
8.324543195225772
-0.040664002
2.73286
7.311746
7.805882939916515
-0.503516
2.5116
9.196044
9.546144947664288
-0.362388
2.7908661
9.466938
9.87639482522101
-0.119002
3.6173022
8.677578
9.402095447489934
-0.38571
3.242954
9.4729185
10.020065013804022
-0.52923
2.782494
13.014275
13.318922329400436
0.934674
2.32024
13.793468
14.018448255049208
0.87308
-0.834808
12.293086
12.352292583973151
0.7176
1.568554
7.3835063
7.5823134969683625
0.910156
1.604434
8.35705
8.55820552305811
-0.074152
2.499042
7.638852
8.03758470837701
-0.25355202
2.70296
8.074794
8.518953621236662
0.441324
2.6365821
9.024418
9.41203743455335
0.449696
3.153852
8.834254
9.391116111975897
0.39707202
3.9689262
8.293064
9.202442707359094
0.284648
2.956512
11.87329
12.239158971477638
-0.069966
3.5963721
11.428976
11.981664000329706
-0.91374403
0.638664
15.107872
15.14894768110071
-0.411424
-0.267904
8.373795
8.388175052589844
-0.74630404
1.4232401
8.333728
8.487261033661898
-0.034086
2.25147
8.085558
8.39324285206442
-0.025116
2.3680801
7.386496
7.756852350814342
-0.16744
2.362698
8.57233
8.893549915671416
-0.49036002
2.646748
9.562618
9.93425347420951
-0.495144
4.110054
8.483827
9.439969377629671
-1.17806
3.961152
8.852194
9.769334061259666
-1.0034441
2.866214
14.20549
14.52645932875189
2.5223641
3.440892
11.501334
12.267140755268537
0.728962
-0.71700203
13.371879
13.41091403881351
0.103454
0.513084
7.0007863
7.020325171609697
0.821652
0.8671
8.562164
8.645092986860513
-0.46046
2.573792
7.225036
7.683591515870926
0.205712
3.208868
7.2226443
7.9060574836059745
0.392886
2.7071462
8.989136
9.396145992335226
0.364182
2.622828
10.764
11.084924416359646
0.551356
3.58202
8.0287485
8.808839727718562
0.195546
3.345212
10.008726
10.554775325203627
0.406042
3.0067441
13.961506
14.287373037767038
-0.83660203
2.384824
13.526162
13.760245095665027
-0.351624
-0.12737401
13.142844
13.148164198919856
-1.59367
1.4214461
4.2667303
4.771297493334226
-1.136798
1.49799
6.5373363
6.802429875829384
-0.27508
2.010476
7.958782
8.21339712134688
-0.033488
2.527148
8.909004
9.260558829201484
-0.47182202
3.088072
10.744864
11.189768300184612
-0.334282
2.899104
9.3252125
9.771189039922739
-0.08073
3.742284
7.658586
8.524385366348909
-1.429818
2.6521301
11.489374
11.877874086816446
-0.003588
3.3153121
13.623636
14.021225778756548
0.267306
1.180452
15.966002
16.011812617893916
0.752882
0.2691
6.6671023
6.714871586802394
1.111084
1.4800501
6.854276
7.099729462963052
-0.096278004
1.8902781
8.387548
8.598452637326536
-0.62132204
3.1096
7.955194
8.563922401956845
-0.053820003
3.064152
8.79957
9.317958793593238
0.86889404
2.89432
10.035038
10.480174284788912
0.89042205
3.887
8.486816
9.376975703276816
0.18538
3.501888
8.245822
8.960533498821155
0.187772
3.610724
12.72245
13.226236013764343
-0.69607204
3.550326
12.47428
12.98834057787202
-0.99925804
-0.452686
14.814255
14.8548170092703
-0.15249
-0.17043
6.231758
6.235952842118123
0.377936
1.98536
5.984186
6.316246809212162
0.285844
2.697578
8.587878
9.006125167203916
-0.663182
3.251326
8.113665
8.765984458148885
-0.477802
2.929004
10.540946
10.950748811662736
-0.520858
3.592186
8.938904
9.647750718851801
-0.508898
4.41623
7.721376
8.909641623948042
-1.6929381
2.8955162
10.316696
10.848238233285315
-0.395278
3.604146
12.739194
13.245119167553582
1.667224
0.939458
14.839969
14.962850216341794
1.374802
0.211094
9.43345
9.53543989298012
0.886834
1.2641721
5.9399343
6.1373791840077
-0.202124
1.2749361
7.188558
7.303539296038552
-0.342056
2.78967
8.029346
8.507036326078705
0.601588
2.908672
8.173464
8.696424113300733
0.404846
2.687412
11.140142
11.466859251075874
0.501124
3.300362
10.012912
10.554710630988717
-0.037674002
3.952182
7.886424
8.821385874956542
-0.054418
2.949336
11.967176
12.325374475326552
-0.559728
3.7990942
11.567712
12.188452111247107
-1.601444
0.537004
14.876447
14.97202948401175
-1.04949
0.098670006
8.837244
8.899890650388194
-0.229034
1.030952
9.32581
9.385417389243406
0.643448
2.475122
7.141316
7.585423303810938
1.004042
3.045016
6.175546
6.958275282688087
-0.129168
2.7627602
8.427614
8.869848341134507
-1.175668
2.734056
10.734698
11.139614150318167
-0.800722
4.327726
8.976578
9.997465575441053
-0.569894
3.778762
9.679826
10.40686546544722
-0.059800003
3.437902
13.103974
13.547578962750249
1.338922
2.667678
12.619595
12.967782814085114
1.059656
-0.272688
12.086777
12.136202012655861
0.870688
1.439386
5.5614
5.810258002273093
-0.243984
1.65945
8.407282
8.572962696296411
-0.71162003
2.88236
7.261514
7.8449978386782995
-0.055016
3.29199
7.422376
8.119845589358183
0.776204
2.801032
11.623326
11.981234819206605
1.305434
3.150862
10.411778
10.956149697157457
0.977132
3.930654
7.7668242
8.759474066705886
-0.34923202
3.036644
10.271248
10.716422225830113
-0.52026004
4.2613482
11.968372
12.715018960006324
-1.2534081
3.004352
11.757278
12.199621501116656
-0.550758
0.177008
12.93773
12.950657442703138
-0.85215
1.069224
5.20858
5.38504455973006
0.31096
1.5805141
9.792849
9.924444872035231
0.657202
2.40994
8.36901
8.73384521187882
0.70623803
3.002558
8.290074
8.845307014273603
-0.471224
2.582164
10.377692
10.704490674734075
-0.523848
3.2692661
8.833656
9.433769246555993
-0.504712
4.092712
7.521644
8.57788752659682
-0.647036
3.5311902
9.851452
10.485183070689748
1.088958
2.5779781
11.403262
11.74164365319911
-0.656604
6.0511622
9.774908
11.515056539140803
0.053222
2.0194461
13.413738
13.56500530396079
1.266564
0.35341802
10.762804
10.842833554461034
0.41262
1.765894
7.63945
7.851740805655726
0.97234803
0.45567602
9.300694
9.362479024743902
0.17401801
1.341912
9.233718
9.332339052191502
-0.18597801
2.043366
8.447349
8.692964221318583
-0.46225402
1.78503
11.217882
11.368416358619598
0.292422
2.367482
10.092446
10.37053317694049
