-0.050232
2.775916
9.598498
9.991967217445808
0.15847
3.45644
9.132656
9.766140611388218
-0.856934
3.107806
10.305932
10.79838072328982
-0.87965804
3.07073
9.581156
10.099590300757951
0.098072
3.391258
9.51717
10.103799735941124
0.408434
3.773978
10.045204
10.738522101927888
0.69368
3.610126
9.881352
10.543022661611884
0.74391204
3.8457382
11.662196
12.30243592991121
-0.051428
3.300362
10.891375
11.380556866206545
0.81806403
-0.662584
14.98588
15.02281082123792
0.731952
0.065182
4.693702
4.7508781023006605
2.0720701
1.7114761
4.882072
5.5729032807471635
1.8837
0.724178
11.362598
11.540424449922758
0.37375
2.9302
8.672794
9.162047962315496
-0.358202
3.1143842
6.2855783
7.0239727423102085
0.76843
2.694588
7.6980543
8.192150396873826
1.22291
2.946346
9.592518
10.109048216076573
1.28869
3.412786
9.489662
10.16668671986421
0.626106
3.0498002
12.673414
13.050238151861922
-0.13933401
4.62852
13.046566
13.843969890148415
-1.4352
0.679328
14.07991
14.169162006891552
-1.25281
0.026312001
8.03413
8.131265425319247
-0.882648
0.21229
8.528676
8.576855285839809
0.06578
0.68172
9.805407
9.829296339429405
0.274482
2.6886082
7.237594
7.725718453092572
0.782782
2.89731
6.7968683
7.429977844533837
-1.204372
2.800434
9.752782
10.21810640414006
-0.540592
3.097042
8.543028
9.103144142348137
-0.24039601
3.263884
8.863556
9.448457735348143
-0.596804
3.4791641
13.62842
14.07815968364207
1.3520781
3.4695961
12.83308
13.362415703845723
0.50172204
-0.89580405
14.232998
14.26998303332854
0.841386
0.019136
5.440604
5.505312867797694
1.6253641
0.72537404
8.36901
8.556185210646548
-0.160862
2.690402
8.502364
8.919323771892776
-0.79175204
2.9325922
6.952348
7.586969810199518
-0.35282
2.418312
8.453926
8.80008987034077
0.53222
2.558842
9.124882
9.49180691430958
0.629694
3.531788
8.496385
9.222721602108566
1.515332
2.530138
13.199057
13.524530799610364
-0.19793801
4.691908
12.19023
13.063494630755335
-1.523704
0.979524
15.780025
15.883649257041126
-1.35746
-0.079534
7.829016
7.946226594418495
-0.42159
1.093144
8.532863
8.612923391092034
0.133952
2.113332
7.9330683
8.21082739207215
0.19435
3.13053
6.0009303
6.771200442021001
-0.800722
3.06774
9.091992
9.628941113020051
-0.74391204
3.131128
10.53078
11.011570826981803
-0.32650802
3.8582962
8.227882
9.093465164810018
-0.171626
3.424148
10.189322
10.750652914401874
-0.010166001
4.962204
13.438854
14.325723860794685
0.386906
2.6796381
13.929812
14.190483686982196
0.406042
-0.51248604
14.979302
14.993565514444438
0.72657
1.9435
4.40427
4.868541057838616
0.80132
0.939458
8.794786
8.88104514973661
0.080132
3.144882
7.62151
8.245248061798137
0.40125802
3.7901242
5.76472
6.910719586015135
0.58604
3.104218
9.230728
9.756329169431742
1.063244
3.75843
10.50088
11.20378385386129
0.190762
3.995238
8.092136
9.026681978934903
0.39169002
3.38169
11.871496
12.349966294709827
0.088504
5.1619363
11.846978
12.923014469484881
0.16445
1.05248
14.964951
15.00281650803702
-0.16265601
0.63746804
7.534202
7.562871498251988
-0.40365002
1.038726
6.6916203
6.783779815051603
0.052624002
1.720446
8.538244
8.710012563002206
0.401856
3.5222201
5.8340883
6.82672034858419
0.58006
3.106012
8.238049
8.823220516108554
-0.788164
3.280628
12.161527
12.620873711715458
-1.0405201
4.0699883
8.795384
9.747116053597837
-0.435344
3.806868
10.114573
10.816022883351513
0.987896
4.345666
14.12177
14.808279474375507
0.60816604
1.074008
15.964209
16.011848830741428
0.45029402
-0.62491
15.063023
15.082703016961236
0.40903202
1.5296841
2.570204
3.018806005238764
0.77441
1.2563981
9.184084
9.3019160604157
0.300196
3.228004
7.4259644
8.102781934202733
0.067574
3.425344
8.163299
8.853078067653795
-0.046046
3.086278
10.255102
10.709544864105526
0.489762
3.40262
8.938306
9.57658595404209
0.057408
3.9288602
9.0782385
9.892100532955656
0.72956
3.6202922
12.766703
13.290126858831263
0.678132
4.805528
11.184394
12.191949433189317
-0.82882804
0.901784
16.750578
16.795297891076537
-0.44371602
0.282256
5.716282
5.74042111171253
-0.201526
1.21693
9.15837
9.241064343604405
0.428168
2.353728
8.011406
8.360980241609589
0.363584
3.76142
6.046976
7.1306654507491665
0.053222
3.2315922
8.614788
9.201119429443507
-0.61354804
3.289
8.978373
9.581499759133605
0.428766
4.284072
7.175402
8.368004909448295
-0.752284
3.9904542
11.643061
12.330876767310016
-0.073554
5.354492
11.977343
13.11993659306533
0.539396
1.88071
15.260961
15.385867860136143
1.220518
-0.52803403
14.155856
14.218183367830434
0.139932
1.7593161
4.228458
4.581989831241295
-0.252356
1.7144661
9.86999
10.020967246024629
0.18059601
3.1580381
7.449884
8.093614260444774
0.04186
3.362554
7.448688
8.172605055223938
0.574678
2.90927
10.216232
10.63792763913942
0.85573804
3.6478
9.443018
10.159198790670423
0.497536
4.007198
8.480238
9.392529591200766
0.410826
3.335046
11.675352
12.149285917922489
0.495144
4.276298
10.676094
11.511336336751372
-0.470028
1.521312
17.188911
17.26250236892408
-1.326962
1.3305501
6.4392643
6.707855049600809
-0.663182
1.7700801
8.229078
8.44338309438896
0.0131560005
2.403362
9.612252
9.90816404702278
0.577668
2.98402
7.1478944
7.767269213746769
-0.159666
2.6951861
7.8828363
8.332384691284643
-0.44371602
2.99897
8.171072
8.715338364213656
-0.72657
3.849924
8.105292
9.002531755174745
-0.47242
4.286464
9.76235
10.672414740880678
-0.24219
3.925272
12.290096
12.903986919474491
1.030952
4.737356
9.73544
10.87585375712128
1.057862
0.075946
16.662672
16.69639184771434
0.21647601
0.79175204
6.4213243
6.473572338706264
0.86411
1.4710801
8.66502
8.831383351954534
0.341458
2.7226942
9.117706
9.52167127220416
-0.45149
3.9850721
6.64079
7.757882078536798
-0.303784
3.30096
8.572928
9.191502951175332
0.46883202
3.218436
9.728264
10.257545857039945
0.090896
3.900156
7.067164
8.072439764559498
-0.124384
3.1891341
10.302344
10.785376602126929
-0.39587602
4.175236
13.591344
14.223710286917822
-1.3939381
4.010786
12.313418
13.024965815581641
-0.2691
0.644046
15.142556
15.15863534305998
-0.86889404
1.198392
5.841862
6.026481047503424
-0.250562
1.74018
8.21054
8.396664511253904
0.17401801
3.119168
6.7777324
7.463052148376344
0.327704
3.046212
6.6671023
7.3373736031090555
0.030498
2.587546
8.956844
9.323163986477445
-0.98610204
3.5030842
9.710922
10.37043900946452
-1.3090221
5.139212
7.652008
9.310116456447641
-0.67873
3.430128
12.009036
12.507733813579788
0.332488
4.5627403
10.357958
11.32327010729902
1.275534
2.032004
15.3686
15.55473851071495
0.785772
0.671554
8.608211
8.670046611867384
0.551356
1.667224
7.760844
7.957030291175691
0.53521
1.968018
9.314448
9.5351190437363
0.441324
3.027674
8.131604
8.688185410939576
-0.035282
3.502486
7.3524103
8.144113916915654
0.540592
2.8895361
8.917974
9.389990862922163
0.413816
3.9970322
7.5569263
8.558892819826028
0.037076
4.066998
8.220108
9.171260676695562
0.297804
3.915704
12.107108
12.728058728804886
-0.703248
5.4818664
11.127584
12.424514509268183
-1.056666
0.772616
19.509153
19.55301833792028
0.124384
0.223054
8.672196
8.67595624682807
0.02093
1.204372
6.307704
6.421688179213073
0.23860201
2.646748
8.067618
8.494037107396926
-0.25474802
3.400826
6.885372
7.683675171149688
-0.56271803
3.1640182
8.057452
8.674687219966943
-0.93766403
3.485742
10.748452
11.338378979846501
-0.709826
4.114838
8.495188
9.465936727544866
-0.501124
3.996434
9.109932
9.96059588875005
-0.35282
4.2296543
13.069888
13.741776660288508
0.94185
5.5871143
9.948926
11.449194094352503
1.893268
0.257738
15.884076
15.998586592234288
-0.06578
0.412022
6.696404
6.709390055511171
0.67693603
1.717456
5.6367483
5.931342857606734
0.87965804
2.524756
9.089003
9.474078501476987
0.34265402
3.727932
8.726016
9.495169766853417
-0.208702
3.515044
9.230728
9.87954645884222
0.403052
3.4474702
8.550204
9.227865180450689
0.74152
3.457636
7.51686
8.30712257779196
0.300794
4.165668
9.1195
10.03038139979685
0.81627
4.7355623
13.8179865
14.629716161658884
-0.94065404
5.472896
11.042668
12.360337327224263
-1.0465
1.59367
16.29012
16.401308779713283
-0.657202
0.623116
5.0507083
5.131261396685825
-0.268502
1.017796
7.5318103
7.6050092953155515
0.391092
3.044418
7.664566
8.256331355165505
0.071162
3.9784942
7.156864
8.188661915109265
-0.719394
3.634046
9.712716
10.39522337159296
-1.310218
3.849924
10.523604
11.282058137389193
-0.764244
4.505332
7.553936
8.828591663550803
-0.307372
3.2561102
11.111438
11.582779539486692
0.273884
3.959358
12.97361
13.567095703039383
1.00165
4.295434
12.706305
13.450064529207426
0.52026004
-0.324714
14.149279
14.162563372989556
0.51487803
1.295866
2.4482121
2.817465404443649
0.20451601
1.4896181
7.948018
8.08899115799378
0.44790202
2.896114
8.833058
9.306503515844696
-0.018538
3.781752
7.6795163
8.56019639262286
0.205114
3.254316
10.069124
10.583945629600146
0.939458
3.239366
8.469474
9.116362363582342
0.60099
3.684278
6.9332123
7.874295157724089
-0.241592
3.446872
11.154494
11.677415383092994
-0.834808
4.89164
12.86896
13.792577123794535
-1.6361281
3.69564
13.308491
13.908651697451326
-0.67215204
0.328302
12.688364
12.710395487253054
-1.7407781
1.105702
5.38499
5.766368290820563
0.061594002
1.8101461
8.590868
8.779717688399113
0.410826
3.2907941
6.85607
7.6160225471355165
0.108238004
3.409198
6.5385323
7.374737233798783
-1.591876
2.990598
10.000952
10.559203587179661
-1.11228
3.689062
8.812128
9.617689254401926
-0.22843601
4.50294
7.644234
8.87485041962416
0.69846404
2.980432
12.308036
12.683003648307004
0.58125603
4.961008
10.392642
11.530675031185497
1.2767301
0.065182
16.388191
16.437977134828856
0.22724001
-0.33607602
4.713436
4.730863068051362
-0.037674002
2.109744
3.149068
3.790655623121228
-0.67574
2.06011
11.042668
11.253497109991624
-0.470028
3.184948
9.052525
9.607966820728652
-0.067574
3.31292
8.754122
9.36027000363855
0.913146
2.860832
9.166144
9.645537820220737
1.251016
3.440892
8.232666
9.010081261068331
0.615342
3.042026
10.411778
10.86451549027286
-0.37195602
3.717766
10.119954
10.787659793523375
-1.9536661
4.984928
9.950122
11.299170296515069
-2.4577801
4.67038
9.422687
10.80000738920736
-1.749748
0.46644002
14.82442
14.934611404313523
0.404846
0.114816
7.0061684
7.018794577806039
-0.279864
1.924962
7.795528
8.0345542433696
0.412022
2.235922
8.665618
8.958908795939651
-0.63986003
3.10063
7.9139323
8.523711398555173
-1.285102
2.305888
10.317294
10.64965544667115
-1.153542
2.30828
10.727522
11.03351896039582
-1.1762661
3.1610281
9.490858
10.07234269682797
-1.4399841
3.4845462
9.453782
10.17789797741997
-1.566162
3.317704
9.636172
10.310957359760765
-1.428024
3.30395
9.02083
9.712399876690935
-1.758718
2.8859482
9.657103
10.231393440932866
-1.717456
3.01392
10.639616
11.190835636631151
