0.658996
2.2813702
9.536306
9.827515599896595
0.117806
2.566616
8.571135
8.94794627233958
-0.772616
2.709538
8.496983
8.95194086096544
0.154882
2.8955162
10.421945
10.817806286920105
0.190164
2.9200342
10.319686
10.726540806492084
-0.36478
3.242954
9.273785
9.83122032437511
0.001794
3.3679361
9.53212
10.109614232341302
0.111826
3.606538
9.291724
9.967735884692782
-0.078338005
4.059822
9.038172
9.908422382319262
0.299
4.233242
11.561732
12.315981300153966
0.527436
4.522076
12.891087
13.671410706402064
-0.240994
2.1121361
12.638132
12.815677007026881
-0.23023
-0.75168604
11.581467
11.608118412815124
1.358656
1.0405201
5.63914
5.8930917932600595
0.86650205
1.110486
8.680568
8.794103589028863
0.13275601
2.007486
8.91319
9.137427241796297
0.91374403
2.891928
6.650956
7.309815003523837
1.1332101
2.943356
8.24642
8.828983555458612
1.624766
2.798042
10.987054
11.453569973450145
1.505166
3.483948
9.342554
10.08398418585367
0.646438
3.745872
9.67265
10.392766975532302
0.74391204
3.7745762
11.08692
11.735443188523162
0.02093
3.5592961
13.2756
13.74447465333229
-0.41321802
0.946634
14.854321
14.890187948563803
0.033488
0.453284
7.1849704
7.199332407624926
-0.791154
1.358058
8.35107
8.497683489917957
0.093886
1.99134
8.40489
8.638079911678687
-0.102856
2.952326
6.628232
7.256739673635673
0.37674
2.687412
8.367216
8.796273083869988
-0.827034
3.251924
9.661886
10.22795376446373
0.25415
3.878628
7.9755263
8.872280940073406
0.235612
3.5222201
9.869392
10.481720043872809
0.705042
3.925272
13.926823
14.486588161891868
1.367028
2.999568
11.729771
12.184157945216583
0.069368005
-0.54119
12.604644
12.616447346711505
0.805506
0.827632
5.950698
6.061734180649583
0.728364
1.4184561
9.344348
9.479418494823403
0.078936
2.8123941
7.742904
8.238225221330337
-0.101062
3.3027542
6.453018
7.249816892218942
0.819858
2.836314
8.822294
9.30321023970544
0.97773004
3.042624
9.2881365
9.822575735497784
1.116466
3.8576982
8.471269
9.37500528971205
0.229034
3.742284
11.475022
12.072003825678134
0.47840002
4.29364
13.277992
13.96314073969056
-0.554346
3.192722
12.290096
12.710123571820121
0.0897
-0.211692
12.446773
12.448895778482347
-0.978926
1.2259
6.496672
6.683403114975605
-0.440726
1.6684201
8.819902
8.987132304473183
0.23441601
2.7663481
6.5008583
7.068860725864524
-0.171626
2.9110641
7.820046
8.346069013670869
-0.420394
2.984618
10.4052
10.83295283505217
-0.625508
3.183752
9.486672
10.026190221437318
0.319332
3.8983622
8.166288
9.054692976837213
0.25116
3.010332
11.464856
11.856142510714646
1.185834
4.2422123
12.267372
13.034223843825052
2.00629
1.310218
14.164228
14.365487575309345
0.229034
0.217074
9.081826
9.087306935438418
0.94842803
1.735396
7.76204
8.010017798471857
0.112424
2.0995781
8.288878
8.551395984926415
-0.032292
3.0007641
6.6677003
7.311898231198804
0.60517603
2.88535
7.446296
8.008670876250413
0.673348
2.853656
10.081084
10.498809746991114
0.963976
3.603548
8.384558
9.176906992458962
0.885638
3.720158
8.56037
9.375706760468823
0.61354804
3.48933
13.134472
13.603904702126197
0.46524402
4.73915
11.974352
12.886469500658675
-0.18597801
0.734942
15.986933
16.004897321796538
-1.036932
1.036932
5.26838
5.46866385255808
-1.277328
1.6020421
7.362576
7.642357752620782
0.142324
2.606084
7.818252
8.242390215220396
0.54178804
3.116178
6.7047763
7.413374809633952
-0.118404
2.8434901
9.53212
9.947902393164389
-0.49335
2.9415622
10.13311
10.562958656600653
-0.19793801
3.803878
8.664422
9.464717598081085
0.299598
3.912714
9.153586
9.959279120528048
-0.04784
4.42819
13.888551
14.577482841061597
0.781586
5.15476
10.42912
11.659715888878896
1.3538721
-0.175812
15.339896
15.400528717873263
1.105104
1.977586
4.746924
5.259789739837497
0.931086
1.06145
8.520304
8.636502322310882
-0.071162
1.7730701
8.521501
8.704298724433789
0.416208
3.20827
6.45541
7.2207023325499975
1.099722
3.08867
9.420892
9.975092577205894
1.6391181
3.005548
9.667866
10.256103187268087
1.3167961
3.65079
8.053267
8.93964877673977
0.401856
3.56408
11.012768
11.582107003335738
0.623714
3.897166
12.864775
13.456572583801753
-0.688298
2.704754
13.129688
13.423045914437369
0.040664002
-0.028704
16.317627
16.317702826596314
-0.453882
0.81328005
5.466916
5.545683396985408
-0.224848
1.36942
8.268546
8.38419486359556
-0.241592
2.52356
7.168824
7.603865052255343
0.139932
2.689804
6.7292943
7.2483121288366865
0.37733802
2.669472
10.3125105
10.65909625661634
0.30199
3.042624
9.780291
10.247089251820032
0.142324
3.900156
7.073144
8.078418246762723
0.17461601
3.16043
9.417902
9.935576630643963
-0.154882
3.951584
14.04702
14.593072977637851
1.02258
1.99732
14.644423
14.815332069550607
0.050830003
0.075946
8.737976
8.738454122116563
1.6761941
1.2827101
4.861142
5.299591898051082
1.2211161
1.265966
8.130408
8.31849351081978
-0.236808
2.58635
7.5993843
8.03093555591877
0.238004
3.252522
8.124428
8.754534173290352
0.761254
2.924818
10.442276
10.870841798867998
0.969358
3.421756
9.353916
10.007188502087317
0.450892
3.940222
7.51088
8.493642785839153
0.374348
3.092258
10.622872
11.070122285768798
0.269698
4.572308
13.1637745
13.93785142669336
-0.779194
2.5899382
13.861042
14.122443313795499
-0.647634
-0.354016
10.093044
10.119995010435058
-0.319332
0.881452
7.750678
7.807172255634583
0.359398
2.713126
7.985094
8.441086748494264
0.89520603
3.2931862
6.9876304
7.776467443018969
-0.011362
2.762162
8.544822
8.980180746523667
-0.506506
2.5116
9.974042
10.297873371909693
-0.364182
3.9569662
7.162246
8.190725375553399
-0.027508
3.9934442
8.105292
9.035713544745391
0.264316
3.495908
13.178724
13.63708184402745
1.085968
5.026788
11.43675
12.539823648043198
1.130818
0.87666804
14.554124
14.62428894922785
-0.160264
0.19435
8.319376
8.323188506753004
1.712074
1.16311
6.81421
7.121620581427415
0.418002
2.023034
8.236853
8.491945377326912
-0.187174
3.467802
6.726304
7.569930784445709
0.42099202
3.125746
8.252998
8.835129273380426
0.75647
2.763956
10.582209
10.963340707901907
0.80789804
3.5186322
8.716448
9.434507590313322
0.45149
4.000022
7.86669
8.83678882116812
1.193608
3.308136
12.47727
12.96343841245959
-0.45747
4.210518
13.000521
13.673012787477507
-0.755274
0.389896
16.912636
16.933980766194455
-0.88444203
0.731952
5.110508
5.237870145477899
-1.3150021
1.217528
6.8160043
7.047660428616708
-0.300794
2.23951
7.590414
7.919612644240528
-0.013754
2.943356
6.801652
7.411207897666979
-0.105248004
3.039634
10.182744
10.627263445145205
-0.74152
3.1113942
10.133708
10.626507820400418
-0.5083
3.643614
8.17167
8.961611788057088
-0.151892
3.84514
9.57697
10.321168897212425
0.119600005
4.22786
14.448278
15.054628713559328
1.88071
2.14981
13.820378
14.11246278418338
1.123044
-0.728364
15.478034
15.535806459551202
0.478998
1.169688
4.0066
4.20124406100815
0.324714
1.645696
7.379918
7.568153475021789
-0.142922
2.581566
7.329088
7.771772258034954
-0.056810003
3.4014242
7.511478
8.245921195938566
0.785772
3.298568
10.770578
11.291737761514154
0.928694
3.820622
9.920222
10.671009212912821
0.3588
4.577092
7.770412
9.02539802159673
-0.13754
3.880422
9.661288
10.412352459470164
0.310362
4.799548
12.116078
13.03577196440655
-0.724178
3.6017542
11.736946
12.29849484546248
-0.333684
-0.091494
12.222523
12.227419224177646
-0.39468002
0.44551
6.3459764
6.373826760433757
0.341458
2.19167
8.815118
9.089901663706785
1.063842
3.394248
6.088836
7.051709329068373
0.119600005
3.328468
7.530016
8.233719917313062
-0.38929802
2.749604
12.251226
12.562022641350273
-0.351026
3.373318
9.812582
10.382160703064551
0.059202
4.980144
5.768906
7.621392068738472
-1.604434
3.838562
14.556517
15.13938383796263
-0.25474802
5.298878
12.742783
13.802953122161146
1.092546
2.893722
13.06032
13.42159646647836
0.073554
-0.056810003
9.972846
9.97327896606532
1.68337
1.570348
2.381236
3.3121009442338742
0.79414403
1.7778541
8.682363
8.898025087842088
-0.08073
3.12455
8.462896
9.021637655319942
-0.684112
4.15311
7.601776
8.689265449128031
0.271492
3.374514
11.32014
11.815524889651273
0.617734
3.5126522
9.022026
9.701406034835074
0.43594202
4.30859
7.510282
8.669390128221968
0.252954
3.84215
11.321935
11.958774961674978
0.240994
4.90659
13.66131
14.517716732361661
-1.166698
1.6439021
15.615574
15.745149864726448
-0.36537802
-0.145912
11.94804
11.954515722813374
-1.4017121
1.425632
4.244006
4.691355022878102
0.51727
2.323828
7.479784
7.849516796620649
0.600392
3.397238
5.7545543
6.709440657245987
0.54119
3.4414902
7.449884
8.224202831097447
-0.74929404
3.2967741
12.362454
12.816412798116279
-0.41262
3.437902
9.100963
9.737399444256752
-0.815074
5.0321703
7.25075
8.86343360793466
-0.63089
3.936634
11.576084
12.243399574051432
-0.20033
4.9759583
13.588952
14.472730052106023
1.445964
0.76544
14.485354
14.577455102507605
1.465698
1.030354
5.960864
6.224291302274996
1.6947321
1.939314
6.0559464
6.580846807839547
0.127972
2.449408
7.7046323
8.08562518267614
-0.856336
3.616704
6.471556
7.462901359256871
0.46763602
3.4881341
9.295312
9.939244914858426
0.82643604
3.241758
10.307128
10.83646062070913
1.0775961
4.102878
8.427016
9.434480499860397
0.797732
4.319952
9.590724
10.548950172005046
0.557934
4.925726
12.825904
13.750559292602428
-0.199732
4.442542
11.29323
12.137261866267513
-0.48079202
0.46763602
15.31777
15.332446749943198
-1.232478
2.231138
3.625674
4.431984926301407
-0.393484
1.750944
9.731255
9.89535009442369
0.235014
2.288546
9.830523
10.096130279401725
0.482586
3.186144
8.2141285
8.823622157787494
-0.417404
3.41159
9.419098
10.02659351498047
0.272688
3.1209621
8.7816305
9.323722477759897
0.504712
3.68069
8.080176
8.893338451393557
-0.26611
3.7476661
9.12249
9.865882624155493
-0.601588
4.68533
12.86298
13.702936812775642
1.431612
4.349852
11.958206
12.805054524941264
1.00464
0.746902
14.6695385
14.722857313233064
0.17641
1.529086
5.881928
6.079991855615883
0.32292
2.029014
8.327748
8.57744547058046
-0.737334
3.51325
8.19858
8.95004480446624
-0.078338005
3.94381
7.7279544
8.676465388379198
0.76484203
3.298568
9.960288
10.520117243704513
0.763048
3.4815562
9.397571
10.050761513777747
1.15713
4.331314
7.1484923
8.438019913090448
0.782184
4.3600183
8.199178
9.31923232490146
0.24458201
3.869658
11.314758
11.960678526344017
-1.129622
5.206188
10.534966
11.805336369493036
-1.6821741
1.9339321
15.409265
15.620987277706664
0.091494
1.3783901
6.6677003
6.809299382091463
0.37195602
1.5972581
8.07898
8.243755867517102
0.68172
2.6611001
8.434791
8.870844768219962
1.091948
3.6669362
6.726304
7.738342130865381
-0.068172
3.19631
9.716304
10.228763818415679
-0.53879803
3.22621
10.18394
10.696325038242362
-0.812084
4.805528
7.40623
8.865936379247223
-1.137994
4.531046
9.83411
10.887384137698843
-0.15607801
4.7355623
11.987508
12.889928366592983
1.419054
6.411158
9.33179
11.410476528584377
2.854852
3.2561102
11.335091
12.13411409430106
0.29481402
0.271492
12.51614
12.52255533387031
0.294216
2.552264
4.079556
4.821140014248425
-0.69607204
2.78668
7.213076
7.763927373940477
-0.52803403
3.693846
7.9067564
8.74300388209477
0.010764
4.220086
7.5796504
8.675272068297591
0.272688
4.006002
10.19291
10.955264591310655
0.107640006
4.358224
8.931728
9.938887205408658
0.275678
4.602208
7.368556
8.692061509709548
-0.664378
4.59563
9.489662
10.564795250341609
0.123188004
4.978948
11.612562
12.635532933156512
-0.49933
4.481412
13.028626
13.78685911043046
-1.126632
1.84483
15.8541765
16.00086305197951
-2.33818
2.43087
5.921994
6.815146955667482
-1.07042
1.591876
9.332388
9.527504306893338
-0.339664
2.650336
8.26436
8.68558047377974
0.20989801
3.363152
7.7662263
8.465761677992962
-0.23322001
2.925416
9.742617
10.175019840155526
-1.0764
2.746614
10.793303
11.189187034549947
-0.733746
3.634046
9.937564
10.606594524733628
-1.021384
4.025736
9.086012
9.99026473144215
-1.604434
3.5563061
9.968062
10.704381626733147
-0.95082
3.228004
7.7728043
8.469979622736428
-0.56212
3.5868042
9.276176
9.96135492385174
