0.464646
2.995382
10.628852
11.052633422239527
0.08372
3.84215
10.424336
11.11017194805427
-0.29481402
3.4791641
9.640358
10.253194543753219
-0.925704
2.7848861
8.551998
9.041525937814905
-0.32591
2.339376
9.410727
9.702611544134248
0.17461601
2.788474
9.246276
9.659176873625235
0.25355202
2.799238
10.336431
10.711760886477185
0.38571
3.634046
12.189632
12.72565124883718
0.45687202
1.036334
12.492818
12.544050799052862
0.782782
-2.24848
13.15899
13.372637103268119
1.570946
0.004186
6.9768662
7.151541814426196
2.582164
0.19853601
7.7895484
8.208778743632578
0.727168
1.323374
8.990333
9.116258588604037
0.320528
2.378246
8.17765
8.522485947400137
-0.021528
1.8795141
9.580558
9.763202433891081
0.260728
2.1922681
8.96402
9.231883272778477
0.428766
2.7693381
7.582042
8.08334329611043
-0.476008
2.6144562
9.701952
10.05931581146186
-0.471224
3.349996
14.370539
14.763363748810347
-0.023322001
2.255656
12.177074
12.38425107475689
-0.75467604
-1.438788
16.493439
16.573266326777027
0.480194
-0.19255601
4.678752
4.707269306415357
0.70085603
1.248026
7.68131
7.813532646596775
0.62670404
1.872338
7.126366
7.394829423135169
0.393484
2.58336
6.9445744
7.419952207755847
-0.958594
2.139046
10.670712
10.925132865883464
-0.85573804
2.80761
8.75771
9.236474122934185
-0.211692
2.878174
7.8583183
8.371491109911084
0.205114
2.533128
11.253164
11.536572889644738
1.051882
4.556162
12.116078
12.987086998666696
2.107352
-0.59501004
15.672384
15.824619880437936
0.54178804
-1.9955261
13.55965
13.716405716024937
0.912548
0.459264
5.756946
5.846887735488535
0.208104
1.6445
9.236709
9.384267473446375
0.517868
2.664688
7.780578
8.240518381053255
-0.044252
2.363296
7.461844
7.827275578447269
1.159522
1.7037021
9.634378
9.852326837666874
1.263574
2.956512
7.8397803
8.473472489065461
0.9269
3.412188
7.273474
8.087372494949784
0.288834
1.93453
13.846092
13.98356535714895
-1.097928
3.98866
14.460238
15.040390566360697
-0.339664
-1.0620481
16.865992
16.902810020001574
-0.577668
-1.468688
8.474856
8.620553017421322
-0.20451601
0.542386
6.885372
6.90972923223075
0.91374403
0.668564
9.277372
9.346204964648
0.0
2.078648
6.767566
7.079599660557069
0.105846
2.595918
7.021716
7.486954596879975
-0.94842803
2.48469
9.566206
9.929022862050283
-0.579462
2.891928
10.978085
11.36738146849112
0.49574202
3.729726
8.689538
9.469144000930156
0.262522
3.269864
12.677002
13.094552318236735
0.636272
1.5697501
14.718575
14.81571416950729
0.102856
-0.34385002
11.583261
11.588819416732354
1.0189921
0.944242
3.126344
3.4211057033360484
1.4136721
0.78098804
11.817677
11.927526971598224
0.401856
2.598908
7.1795883
7.646064304393721
-0.260728
3.1096
6.300528
7.0309491580605545
-0.19136
2.7442222
7.669948
8.148341996683858
1.2055681
2.7226942
8.391734
8.904361779005065
0.100464
3.553914
9.127872
9.795838418296967
0.371358
2.954718
14.83638
15.132297741470838
0.20033
2.9822261
12.855804
13.198693898635684
-0.69966
0.447304
15.866137
15.887853510155368
-1.259388
-0.110032
5.9829903
6.115090898787969
-0.321724
0.982514
8.279908
8.344202607983938
-0.23441601
2.275988
6.947564
7.314623662898454
0.194948
2.896114
6.067308
6.725898382031218
-0.22185801
2.6395721
8.815716
9.205075016907495
-0.987896
3.0312622
9.868794
10.370997748496352
0.036478
3.912116
9.3868065
10.16947006180217
-0.43594202
3.2567081
11.409243
11.872952897154391
0.561522
4.037696
12.437802
13.08882081108185
1.247428
1.265368
14.759238
14.865811114362062
0.955604
-0.39767
8.021572
8.088073861046169
1.15115
1.038128
6.4087663
6.593568049085405
0.20033
1.4053
11.513892
11.601065330256313
0.288834
3.183154
7.775794
8.407072686422138
0.64524204
2.753192
6.199466
6.813940333421745
1.358058
2.564224
9.288734
9.731400183741947
1.562574
3.2256122
7.97433
8.74277699573585
0.224848
3.4881341
9.5841465
10.201642102471252
0.00897
3.6328502
14.324492
14.777982386907029
-0.39468002
3.483948
13.39221
13.843589075673034
-0.22185801
-0.12857
18.193552
18.19535946215494
0.259532
-0.61354804
4.9956923
5.03991464905903
-0.269698
0.99626803
6.0697002
6.15682965178378
-0.429962
1.869946
9.124284
9.323846855146359
0.58903
2.865616
7.095868
7.67528872863237
0.591422
2.833324
8.415654
8.899479591499253
-0.464048
2.848872
9.356906
9.791991749230194
-0.23322001
3.977298
7.3554
8.365118317619508
-0.78397804
2.897908
12.093952
12.460985868832458
-0.309166
4.49696
14.578044
15.259017029547081
1.582906
3.168802
13.55068
14.00599215200799
0.886834
-0.73075604
11.814088
11.869842372962852
1.884896
0.530426
2.87339
3.477147428189625
0.921518
0.75049
8.15373
8.239887860470251
-0.150098
2.87638
8.793591
9.25328706639987
0.062192
3.436108
6.744244
7.5693814834013855
0.82225
2.444624
10.1062
10.430127858213046
1.086566
3.335046
8.644091
9.328636986054185
1.480648
3.357172
7.9510083
8.756794934194318
1.349686
2.751996
12.796004
13.157996562362989
0.223652
3.120364
12.870754
13.245490116369856
-0.248768
-0.676338
18.377138
18.391262202215078
0.08671
-0.81866205
8.928141
8.966014697493199
-0.72238404
1.104506
3.0216942
3.2973334549614495
0.16445
1.099722
9.473516
9.538550610753514
-0.35042801
2.638376
7.5007143
7.958928536997379
0.087906
3.001362
8.537048
9.04970136118107
-0.401856
2.69997
9.88793
10.257800971647178
-0.22425
3.1705961
8.250607
8.841689661722965
0.39468002
3.10362
9.176311
9.694993793865262
-0.437736
3.690856
13.570415
14.070187785746567
0.22724001
3.413384
11.226254
11.73591126241076
1.4848341
-0.41441402
15.250794
15.328509249133827
0.272688
0.560924
4.134572
4.181349151302443
0.520858
1.1661
10.372909
10.451234837632711
0.294216
2.2137961
8.34509
8.638748931023619
0.494546
2.931994
6.471556
7.121952141163643
0.67873
2.385422
9.502818
9.821123161026083
0.809692
2.92721
9.5345125
10.006552266232157
0.434746
3.11259
7.5999823
8.224168970858422
0.66677004
2.100774
11.000809
11.219430716856875
-0.752284
3.971318
13.816193
14.395293399090496
-1.476462
0.611754
17.478943
17.551855370675916
-0.288834
-0.886834
7.958782
8.013246060539874
-0.58125603
0.570492
3.6777
3.76680195883329
0.737334
0.81627
9.752782
9.81461734159879
0.42159
2.566616
5.837078
6.390362647904148
0.450892
2.4512022
7.558122
7.958448745396647
-0.763048
2.186886
11.007386
11.248434000164409
-1.25879
3.08269
9.172124
9.75783712904718
-1.398124
3.9384282
8.3498745
9.337364234601186
-0.708032
2.509208
12.720058
12.984503092403676
0.650026
3.606538
12.107108
12.649573856458565
1.87473
0.548366
17.203264
17.31379821537083
0.79833
-0.727168
7.674732
7.750330271912963
1.068626
0.411424
5.566782
5.6833346697823455
0.267306
1.3275601
9.230728
9.32953452957725
0.291824
2.683226
7.669948
8.130988159186078
0.55614
2.8123941
8.400106
8.875845855378376
-0.316342
2.6611001
10.764
11.092574968030945
0.147108
2.9541202
8.363628
8.871231353512265
0.293618
2.958904
8.556782
9.05868850007045
0.72537404
2.5809681
12.581323
12.863795469717278
0.004186
4.01856
11.378744
12.067504477175081
-1.06444
-0.655408
17.103996
17.149614673434083
-0.734344
-1.405898
8.758906
8.901361991307452
-1.82689
0.55315
8.597446
8.80679201362727
-0.104650006
1.996124
7.87865
8.128258623889618
0.47840002
2.919436
6.1426563
6.817932202942897
-0.028704
1.929746
9.5841465
9.776533750906667
-1.123044
2.28735
10.480548
10.785873881073242
-0.709826
3.1981041
7.9330683
8.582848643225601
-0.34684
2.8243542
10.086466
10.480175012772442
0.232024
3.665142
13.515398
14.005466483864936
0.812084
3.8738441
12.444979
13.05923640170082
1.20198
-0.46105802
15.86793
15.920067442171256
0.62132204
-0.41860002
4.550182
4.611444765043264
0.431158
0.54717
8.840234
8.867639202426655
-0.086112
2.00629
8.315788
8.554820382814976
0.004784
3.087474
6.1863103
6.913968153487649
0.23920001
2.527746
9.190662
9.534935410695388
0.46883202
2.902692
10.858484
11.249537818739661
0.559728
3.4109921
7.7913423
8.52368320352205
0.495144
2.566018
9.727068
10.072013953916596
-0.643448
3.156842
13.308491
13.692903471095894
-1.9458921
2.845284
12.577136
13.040954635406656
0.072956
-1.5571921
16.847454
16.919423046330603
0.057408
-0.969358
5.6241903
5.707404550697476
-0.255944
0.963378
7.894198
7.956881432300317
-0.20332001
2.0409741
7.6801143
7.949280894643449
0.078338005
2.640768
6.2855783
6.818232093394484
0.04784
2.40695
9.332986
9.6384813098563
-0.97773004
2.8739882
8.477846
9.004978922004325
-0.77321404
3.331458
7.990476
8.691615604922394
0.060398
2.597712
12.177672
12.451805284133878
0.907166
3.911518
13.489086
14.074031730127121
1.963832
2.32622
13.222977
13.56889958731887
0.452686
-1.092546
13.726492
13.777342088708433
0.537602
0.616538
3.5933821
3.6853128186062967
0.26611
1.1792561
9.156576
9.23603508965
0.513682
2.09898
8.249411
8.527740539182304
0.30258802
2.8428922
7.058792
7.615782372402643
0.24458201
2.406352
11.547978
11.798566078088617
0.91434205
2.98701
9.067474
9.590481776127943
0.87009
3.355976
7.4636383
8.229552389512948
0.31454802
2.845284
10.651576
11.029535349433994
-0.694278
4.234438
13.062115
13.748866363956896
-2.094196
2.00031
13.2158
13.52938583254463
-1.389752
-0.827632
17.894552
17.967509298198774
0.75168604
-0.556738
5.036954
5.123074611831606
1.035138
1.910012
7.682506
7.983768447560812
0.105248004
2.937376
6.438068
7.077285817906455
0.608764
2.249078
8.555586
8.86718663959247
0.13455
2.032602
10.817821
11.007943146514453
-0.246974
3.165214
8.579506
9.148087231765993
0.267904
3.906734
6.744842
7.799181763206773
-0.339664
2.686216
12.319996
12.614017355223934
-0.060996
4.372576
14.310141
14.96339731736559
2.197052
3.180164
14.984086
15.474601856342046
1.465698
-0.661986
10.816625
10.935532049518883
1.6917421
0.671554
3.0438201
3.546521812028766
1.448954
1.4369941
8.693126
8.929437588776544
0.35461402
2.992392
7.523438
8.104460592423202
-0.82823
3.661554
7.688486
8.556036744340677
-0.025714
2.984618
10.769382
11.175339211045614
0.737932
3.47737
8.188415
8.926744939087234
0.557934
3.585608
7.5001163
8.331843993295438
0.28704
2.7472122
11.871496
12.188600461134653
-0.292422
4.869514
12.18425
13.12454310030627
-2.871596
1.060254
18.099667
18.356691958205257
-0.883844
-0.38511202
13.256464
13.291475842739398
-0.957398
0.867698
2.461368
2.7798999552940913
0.07774
0.77859604
8.422233
8.458502506261821
0.58962804
2.481102
6.058338
6.573202361735874
0.194948
3.214848
8.725418
9.300869431412085
-1.183442
3.13053
11.098282
11.591920446108412
-0.89580405
3.3027542
11.347051
11.851843813610882
0.67873
4.13517
8.0658245
9.089434986243129
-0.387504
2.5313342
11.177816
11.467405484668477
-0.09568
3.760224
12.156144
12.724789696774891
2.434458
1.588886
16.738619
16.989187953643302
0.86411
0.54418004
7.034872
7.1086033664348625
0.104650006
1.233076
7.641244
7.740803337891873
-0.58604
0.897
9.375444
9.436472047312334
0.019136
3.209466
6.9391923
7.64548405014908
0.40125802
3.40262
7.81885
8.536582761225818
1.4047021
2.842294
10.564866
11.030331495046964
1.13022
4.0634103
7.996456
9.040575749790237
0.335478
4.008992
9.821552
10.613550457227095
-0.561522
3.348202
11.086322
11.594494243084934
-0.272688
4.653038
8.641698
9.818556938968655
-1.905228
1.6851641
14.258114
14.483213507738611
-1.009424
-0.105846
15.308203
15.34181216680492
0.211094
1.060852
5.11589
5.228986374785311
0.66138804
1.3383241
11.68492
11.779894520622507
-0.00299
2.687412
8.749338
9.152765125143066
-0.177008
2.899104
8.687146
9.159838497287314
-0.85274804
1.872936
9.5225525
9.742385629751528
-0.87965804
1.722838
10.099024
10.282618654745773
-0.904176
2.74183
8.773258
9.236083000223186
-1.437592
2.971462
9.180496
9.755909229414659
-2.1528
2.646748
10.866857
11.389837292722293
