-0.37375
2.77771
10.389054
10.760474491364072
-0.464048
3.171194
7.942038
8.564331749781328
-0.357006
2.83452
9.558433
9.976251249304912
-0.69966
2.779504
9.581755
10.001259152294157
-0.097474
3.2967741
9.682219
10.228566532179505
-0.01794
3.563482
10.644999
11.22562769300901
0.223652
1.977586
11.905582
12.07078086166556
0.084318005
-1.236066
15.782416
15.8309710430232
1.30962
-0.35341802
8.495786
8.603393914079508
2.3680801
0.072956
6.607302
7.019228275407161
0.68172
0.666172
7.8828363
7.940254274231596
-0.028704
1.358656
9.100364
9.201271168337625
0.49335
1.582308
8.7325945
8.888492697257462
0.691886
1.6391181
9.413716
9.580368998833427
0.93527204
2.238912
9.11053
9.428107634197422
1.7192501
2.887742
7.4026423
8.12982081667428
0.981916
1.517724
12.304448
12.436522172224612
0.208702
2.0965881
14.551732
14.70347369405866
-1.674998
3.4881341
12.244648
12.841499669802248
-0.96756405
-1.419652
12.885106
12.99913667599849
0.19734001
-1.36344
8.944884
9.050351754618392
0.525044
-0.225446
6.63182
6.656390694577461
1.14816
1.22291
7.3530083
7.541917013435564
0.398268
2.194062
7.3452344
7.6762618130417675
-0.076544
2.280772
8.923356
9.210540737054764
-0.467038
2.624622
10.196498
10.539228275428973
-0.264316
3.0527902
10.261681
10.70941057736376
0.081926
3.67172
8.30323
9.079200247611595
0.368966
2.7256842
14.079312
14.345470582909337
0.773812
0.342056
13.74503
13.771043799903739
0.458068
-1.39334
15.68554
15.753964848483877
1.24384
-0.028106
5.316818
5.460447275754428
1.8364581
0.315146
7.57666
7.802414877297956
0.49275202
1.445964
7.3769283
7.533437830557507
0.081328005
2.60429
7.384702
7.8308853490739985
0.28285402
2.754388
9.323419
9.725882412217878
0.622518
2.511002
11.043266
11.342239321327408
0.678132
3.310528
8.68595
9.320149601730265
0.21647601
3.5407581
8.529274
9.23755076062783
0.73255
2.737644
13.552474
13.845608760831277
-0.14531401
2.20064
14.521832
14.688347714898024
-0.41262
-0.443118
12.69554
12.70997050428232
-0.94065404
0.37853402
5.800002
5.887966051708707
-1.148758
1.493804
7.096466
7.342405804921871
0.465842
1.457326
7.9833
8.128584789865648
0.422188
2.7167141
5.971628
6.574125038789175
-0.15607801
3.020498
7.8953943
8.454881185986036
-0.66677004
3.239366
10.60553
11.109245546340523
-0.53640604
3.3673382
9.628996
10.214903501259279
-0.65182
3.353584
10.558887
11.09781402507962
0.13933401
3.57604
14.251536
14.694004647576774
0.38929802
2.853656
11.919336
12.262360234295231
0.395278
0.478998
12.132822
12.148705659218843
1.377792
1.01361
6.5869703
6.805431373483919
0.800722
1.023178
8.699106
8.795595228429017
-0.46943
2.652728
6.948162
7.452133016729065
0.3289
3.261492
5.380206
6.300168522594133
0.647634
2.560038
10.052381
10.39343902801674
1.2378601
2.9941862
11.141338
11.60288160640561
0.922714
4.035304
8.943688
9.855183479695192
-0.61594003
3.5897942
11.289044
11.862062493990162
-0.42757002
3.3093321
12.802583
13.230291716227741
-0.341458
0.6578
14.357383
14.376499794382868
-1.0405201
-0.226044
9.66368
9.722165013705071
-1.4232401
2.22157
7.0868983
7.562084091982116
0.43056002
2.002104
7.8959923
8.157235856966002
0.321724
2.094196
8.369608
8.633626411009617
-0.019734
2.390804
6.986434
7.384212623518904
-0.323518
2.4296741
8.786414
9.121899639853027
-0.33787
3.9079301
9.091394
9.90149081015944
-0.745706
4.49397
8.406684
9.561599190362898
-1.431612
2.860234
13.910676
14.27365985732658
0.859924
2.786082
13.62842
13.936841461635337
1.0590581
-1.429818
14.601964
14.709973871452938
1.304836
0.095082
7.0139422
7.134915863802805
0.348634
1.6546661
6.7908883
6.998259191675254
-1.39633
2.7137241
6.752616
7.410253545256091
-0.58125603
3.006146
7.0378623
7.675042456096309
0.446108
2.4607701
8.133996
8.509776159406494
1.068626
2.91525
9.127872
9.641508930556867
0.486772
3.8798242
8.894652
9.716214453336374
-0.43713802
3.6334481
13.001717
13.506948872587017
-0.67215204
4.391712
14.503294
15.168535110466697
-1.700114
0.96158403
13.204438
13.34811694405426
-1.098526
-1.2318801
10.842339
10.967250971509237
-0.199134
0.96577
7.1120143
7.180049584092668
0.88205004
2.186886
6.23415
6.6652161291727055
1.2318801
2.228746
6.5445123
7.022498079641208
-0.292422
2.617446
7.862504
8.291893679579896
-0.58903
2.4571822
10.04939
10.362187574805294
-0.94902605
3.384082
11.014563
11.561714764299266
-1.134406
4.905992
8.980764
10.296104390739247
-0.24518001
3.134118
12.748762
13.130641342502265
1.085968
2.441634
12.737998
13.015279153943572
1.343108
-1.523704
16.270384
16.396676894529385
0.824044
0.5083
5.608642
5.691597604774755
0.354016
1.619384
6.761586
6.961808789115867
-0.79713404
2.6312
8.01918
8.477375213055613
-0.62909603
2.8213642
8.108282
8.608141358983948
0.60996
2.171338
9.35272
9.620817786846153
1.10032
3.0402322
8.761896
9.339407533727966
0.382122
3.77338
8.489208
9.297906898483717
0.093288004
3.254914
10.242544
10.747691771630258
0.119600005
3.841552
13.949546
14.46933476561968
-1.2025781
0.016146
15.242422
15.289797025023134
-0.49275202
-1.640912
11.532431
11.659003293081529
-0.360594
-0.138138
4.5149
4.531383223055028
0.60996
1.6450981
5.490238
5.7637761157339105
0.323518
2.083432
8.031738
8.303864776539342
0.028106
2.03918
8.934718
9.164509143660574
-0.03887
2.461966
10.918284
11.192485018360777
-0.639262
3.483948
9.178104
9.837893533166634
-0.43654
3.973112
7.658586
8.638873014064103
-1.065038
2.1121361
12.169898
12.397654748448142
0.0897
4.01258
15.275312
15.793796741218676
1.5548
0.383318
12.91979
13.018652226176595
0.5382
-1.299454
11.315356
11.402435417368766
0.81926
0.594412
5.8843203
5.970740181231099
-0.68471
1.542242
6.861452
7.065894467370953
-1.407094
3.177174
7.2967963
8.081929297931145
0.187772
2.869802
7.386496
7.926622762513015
1.570348
2.069678
11.311769
11.606277319527283
1.3676261
3.116776
9.737234
10.314961087721608
0.981916
3.8768342
7.6908784
8.668541289816973
0.09568
3.1640182
12.676404
13.065657092686608
-0.507702
3.772782
13.627822
14.149528878392692
-1.0297561
0.85514003
15.426008
15.48397195331908
-0.12677601
-1.020786
9.014851
9.073345981489116
-0.615342
0.64584
6.0750823
6.140226161904457
0.028106
1.971606
8.491002
8.716945447773154
0.386906
2.5163841
7.2405844
7.675151304064514
0.33846802
2.561234
6.928428
7.394430136656809
-0.90118605
2.712528
10.746658
11.120279060539684
-0.476606
3.039634
9.991982
10.454962644432756
-0.31454802
3.8122501
7.8457603
8.72858227311487
-1.081184
3.0163121
11.453494
11.893259245409377
0.779194
4.220086
14.613924
15.230989708004913
2.13785
-1.475266
15.506739
15.722778046888493
1.8813081
-0.92510605
9.34674
9.578970891990922
1.007032
0.91135204
5.5135603
5.678382020380873
-1.353274
1.860378
7.503704
7.8484351767024485
-1.145768
3.2040842
6.910488
7.702842722705832
0.052624002
2.641366
7.250152
7.716494582078957
1.21693
2.58037
11.390106
11.741964636316522
1.35746
3.437304
9.009468
9.737981186462141
0.362388
3.4205601
10.421347
10.974334946904778
-0.73015803
3.708198
13.0154705
13.553092823161885
-0.84497404
2.490072
13.549484
13.802280978341157
-0.446108
-0.88444203
13.223575
13.260625069961588
-0.810888
0.27508
5.608642
5.673629783538427
-0.419198
1.570946
7.558122
7.731028809771668
-0.190762
2.354924
7.49593
7.859454600118772
-0.102856
2.681432
7.7470903
8.198662755833217
-1.4106821
2.640768
9.59192
10.048313542157405
-0.872482
2.7442222
10.274239
10.670143355574734
-0.945438
4.48201
8.894054
10.004322643618467
-1.291082
3.437902
9.154782
9.863878385389684
0.281658
3.818828
13.46397
13.997902304306114
1.619982
3.129334
12.475476
12.963586721601262
1.090752
-1.29467
14.65997
14.75739271173731
1.2103521
0.249964
6.448234
6.5656042114103
-0.811486
1.527292
7.3769283
7.5769520274558415
-1.7700801
3.116178
7.730346
8.520680569971407
-0.187174
3.3918562
5.95608
6.856720082556043
1.353274
1.915992
9.419696
9.70737038831614
1.1284261
3.421158
9.426274
10.091199806643294
0.63687
4.153708
8.1029005
9.127753691416737
0.15129401
3.437304
11.234626
11.749670795130616
-0.372554
3.437902
15.051661
15.44378361252539
-1.905228
-0.362388
16.433638
16.547679099914586
-0.64285004
-0.978926
10.002149
10.070478036968574
-0.515476
1.0082281
5.9572763
6.063940761870663
0.77441
2.063698
7.8098803
8.114973249032897
0.65062404
2.659306
6.1498322
6.731690617470171
0.199134
2.807012
6.64079
7.212424144643487
-1.015404
2.778906
9.578764
10.025272097426653
-1.1224461
3.832582
10.259288
11.00915770369044
-0.7176
4.4210143
9.466938
10.47297642356064
-0.638664
3.815838
12.797798
13.369821847372116
1.424436
2.217384
14.637844
14.87320730482254
1.2874941
-0.937066
12.803181
12.901828109965718
2.050542
0.599196
4.808518
5.2617111375919325
0.57707
1.004042
7.459452
7.548810185538192
-1.515332
2.72688
8.358246
8.921456402313408
-0.520858
3.131128
7.152678
7.825347102940172
0.93886
2.197052
9.941751
10.224817743519129
1.030354
2.736448
9.304282
9.752919469132651
0.485576
3.635242
8.574722
9.326126267885867
-0.014352
3.341026
10.767589
11.274024234341677
-0.540592
3.939624
13.966888
14.521943949730062
-1.795196
-0.103454
16.296696
16.395601082707557
-0.917332
-1.132014
12.019202
12.107195494385056
-0.93228203
0.733746
6.146842
6.260287249132454
-0.23381801
1.5679561
9.205612
9.341116339483918
-0.060398
2.480504
6.782516
7.222123583910712
0.728962
2.790268
6.6372023
7.236672878933347
-0.715806
2.887742
9.5225525
9.976494438638237
-0.679328
3.403218
8.389342
9.078791004641369
-0.82105404
3.5216222
9.370062
10.043605337661916
-1.24085
3.258502
12.253618
12.740043193079192
0.984906
3.684278
13.77493
14.29309792576227
0.800722
-0.89042205
15.986335
16.031123408064992
1.3754001
0.06877
5.271968
5.448862240522009
1.288092
0.459264
6.46139
6.604518684447994
-0.494546
1.6331381
6.949358
7.155787290581441
-0.8671
3.451656
6.0099
6.984603843950893
0.425776
2.0720701
9.66667
9.895416400893412
0.833014
2.044562
13.6451645
13.822614323927542
1.057862
3.579628
8.911396
9.661562350279578
0.059202
3.0563781
9.464546
9.94598372023029
-0.20930001
3.140696
13.097396
13.47032124499484
-0.675142
3.954574
12.802583
13.416430042778646
-1.8023721
0.218868
16.308657
16.40941003793155
-0.3588
-0.628498
7.323108
7.35878121153153
-0.250562
0.865306
7.3021784
7.357536458823695
1.334736
1.514734
6.61388
6.915153736272901
1.087164
2.83751
5.6672463
6.430479795789171
0.41979602
2.657512
8.574722
8.986905214367805
-0.97773004
2.743026
11.681333
12.038840695961317
-0.658996
3.59398
10.091848
10.73295732712284
-1.3413141
4.518488
9.063887
10.216158570375589
-0.24637601
2.069678
12.247639
12.423724189207203
2.089412
4.90061
10.358556
11.648231182151717
2.48469
2.030808
12.007242
12.428665473970533
0.102856
-0.62670404
12.676404
12.692303128897462
1.0668321
0.30199
6.385444
6.480989680124997
-0.22185801
1.568554
7.8021064
7.96130933258233
-1.089556
3.241758
8.128016
8.818207319771556
-0.401856
3.344016
6.6730824
7.474888788627142
0.058006
2.3369842
10.338822
10.599816489880409
0.585442
2.866812
10.204272
10.615485385429237
1.1068981
3.1921241
8.7445545
9.374545887439195
1.352676
3.5838141
9.596107
10.332410791705616
-0.177606
3.677102
10.483539
11.1111295148909
-1.2456341
4.7606783
11.701664
12.694274596996289
-0.579462
2.8153841
15.292654
15.56044427860146
0.333684
0.45747
12.06166
12.074943488642349
-0.411424
1.06444
4.492176
4.634862127959194
-1.239056
1.25281
8.117252
8.306297339999832
-0.375544
1.877122
8.834254
9.039284903675966
0.641056
2.863224
7.754864
8.291376565685816
0.27209002
2.802228
11.363794
11.707362305546042
-0.17401801
2.3322
11.184394
11.426290052773787
-0.942448
2.9003
10.251514
10.695489763528283
-2.375854
3.98866
8.94309
10.076356433968332
-2.274194
3.504878
12.3188
13.008034790705741
-0.874874
3.5377681
6.41654
7.379240724122691
-0.45687202
3.50428
6.4386663
7.344735327016609
-1.009424
2.992392
9.605674
10.111494310917008
