1.050686
2.916446
9.529728
10.021242848446446
0.022126
2.930798
9.563814
10.002830104896407
-0.75168604
2.893722
8.657247
9.158961809118894
-0.243984
2.8243542
10.087064
10.477851031755144
-0.077142
2.7842882
10.47995
10.84377990190852
0.37674
3.177174
9.36767
9.898970086056854
0.64883
3.512054
10.660546
11.242897673994465
0.172822
3.925272
11.617945
12.26434918225414
0.408434
0.40245402
14.552928
14.564219884857966
0.048438
-1.9674201
13.004706
13.152774741416257
1.815528
0.229632
5.615818
5.906461197240842
0.87308
0.880256
8.731399
8.818981627755191
0.138138
1.5960621
8.444956
8.595567101925907
-0.18538
2.249676
7.7656283
8.0870507989625
0.43056002
2.178514
8.15373
8.450717547947944
0.74391204
2.653326
8.888672
9.306021055911405
1.53088
2.365688
8.895848
9.33146221841942
0.76245004
3.229798
8.370206
9.004069785662377
0.405444
2.71791
13.935792
14.204144498957536
0.010166001
1.826292
14.808274
14.920470422277923
0.42159
-1.614002
13.388622
13.492143958926558
-0.664976
-0.319332
5.375422
5.425802166255131
-0.067574
0.120198004
7.294404
7.295707004687221
-0.160264
1.612208
7.5312123
7.703509524267398
-0.66976
2.183298
7.409818
7.753758903275685
-0.81926
2.116322
9.542286
9.808426515649217
-0.78338003
2.264626
9.66368
9.956351196004668
-0.166244
2.9110641
8.755917
9.228651412691491
0.063388005
2.171338
11.2136965
11.422158880919866
0.528632
2.817178
13.728287
14.024328618971056
1.69234
0.705042
14.402232
14.518449818483926
1.21992
-1.3598521
9.985404
10.151142420626737
1.1810501
0.32650802
5.0566883
5.20303592090132
-0.410228
0.94484
9.801818
9.85579271725259
0.15129401
1.853202
8.264958
8.47152788273572
0.447304
2.5068161
7.0749383
7.519239290192448
1.555398
1.553604
10.243142
10.476397553581268
1.209754
2.452996
9.441822
9.829989840093816
0.73613805
2.986412
8.296652
8.84844565669874
1.030952
1.834066
12.726038
12.898787070331155
-0.18239
3.664544
12.331956
12.866206749584233
0.341458
-2.225158
15.916966
16.075377293455762
0.21827
-2.274792
11.319542
11.5479156066538
0.13335401
0.35999602
5.164926
5.179173784974849
0.483184
1.6684201
8.550204
8.72485444130575
-0.214682
2.1055582
7.505498
7.798202737963589
-0.16445
1.99134
9.352122
9.56319330232822
-0.41321802
2.130076
10.221614
10.44937134818481
0.235014
2.72688
7.868484
8.330914972985223
0.099866
2.332798
10.14208
10.407387427867306
0.617136
3.4666061
13.143442
13.60692047864282
1.1792561
2.217384
13.367692
13.601566987362844
0.98311204
-1.451346
15.403882
15.503306374606737
0.98849404
0.16146
2.8680081
3.03787106103865
1.033344
0.298402
9.572186
9.632424401650688
0.12677601
1.7300141
9.181692
9.344114979023479
0.083122
2.7908661
6.738862
7.294388733446341
0.974142
1.7934021
9.764144
9.97515682393562
1.111682
2.2425
9.512984
9.836742995338836
0.640458
3.225014
7.1365323
7.857543731965853
0.468234
2.385422
10.087663
10.376436065193051
-0.95381004
3.488732
15.430793
15.848986360406263
-0.933478
-0.548964
13.30251
13.346517021364132
-0.760656
-1.83287
11.561134
11.730209891416253
0.87427604
-0.950222
5.154162
5.313442012069483
0.69846404
0.96457404
8.800766
8.880976424275381
-0.08671
2.7107341
5.989568
6.574992469232112
0.066378005
2.0631
7.79792
8.066495156895028
-0.49574202
1.930942
12.105314
12.268371507788839
-0.632684
2.8243542
8.397117
8.881938532341076
-0.22783801
2.955914
7.643636
8.198445931152754
0.614744
1.74915
15.217904
15.330428857347576
1.1206521
2.181504
14.1636305
14.374395473871513
1.8902781
-1.582906
15.843412
16.03410328835756
0.117208004
-0.96995604
6.085846
6.163771009624062
1.246232
-0.15548
6.9027143
7.0160338828509445
0.63388
1.786824
8.678176
8.882864462936183
-0.258934
2.761564
7.1616483
7.680005894499742
0.456274
2.2126
8.026955
8.33881177748674
0.676338
2.13187
10.606129
10.839385195818988
0.60278404
2.8405
7.5007143
8.043165103540552
0.88205004
1.914198
9.739028
9.964478537260806
-0.259532
1.8472221
15.890655
15.999765394398171
-0.416208
2.907476
13.93639
14.24252819463595
-0.628498
-1.776658
15.010996
15.12883111022523
-1.299454
0.02093
4.863534
5.034181297738589
-0.020332001
-0.23920001
6.462586
6.467043149285967
0.596206
0.98371005
7.003776
7.097607072356461
-0.172822
2.644954
6.262854
6.800661211964751
-0.61055803
1.901042
10.171382
10.365507632244602
-1.518322
2.0332
11.314758
11.595816785330188
-1.006434
2.980432
8.911994
9.45090043556532
-0.328302
2.337582
10.391446
10.656182700025752
0.3588
2.727478
14.140906
14.406009034895007
1.78204
1.059656
12.837864
13.004202530230973
2.131272
-2.464956
16.846258
17.158517823131426
0.276874
0.010764
3.28003
3.291712619766551
-0.235014
0.94065404
9.5345125
9.583683659881297
0.318136
2.408744
7.608952
7.98745339727761
-0.320528
2.579174
7.176598
7.632721540207763
0.96158403
1.107496
9.93577
10.043441636693467
1.101516
2.190474
8.5101385
8.85629536489903
0.434148
3.024684
8.2757225
8.821835165984501
0.56271803
1.904032
11.556949
11.726254758411983
-0.286442
3.607136
14.840567
15.27533605926995
-0.503516
-0.51487803
13.362908
13.38229998015248
-0.957996
-1.786226
9.894508
10.099983109563924
-0.98311204
-0.218868
4.5322423
4.642804285943275
0.410228
0.65301603
9.50521
9.536442377287877
-0.12737401
2.490072
6.065514
6.557983297323844
0.013754
1.477658
8.6112
8.737072359242799
-1.094938
1.75214
10.579218
10.779087900277744
-0.909558
2.878772
8.309808
8.84124008525485
-0.90896004
3.578432
8.849204
9.588524205932522
0.120198004
0.998062
13.142844
13.181234163841838
0.997464
3.8062701
11.414624
12.07378401231265
1.212744
-0.318136
14.512862
14.56691900830547
-0.35282
-2.11393
10.606129
10.820496881890225
1.329952
-0.279864
5.527314
5.691950471578124
0.47182202
1.425632
8.776248
8.903795405996027
0.529828
2.023632
7.269886
7.564856044007231
0.032292
1.701908
7.9815063
8.16100374443605
0.58604
1.505166
11.334493
11.449003511069614
0.31096
2.243098
8.220706
8.52690981059192
-0.056212
2.240108
7.0013843
7.351232993578622
0.30139202
1.24982
10.84473
10.920671344842784
-1.0435101
3.658564
15.407471
15.870228448291996
-1.173874
-2.907476
17.354559
17.635535588082252
-1.14218
-1.840046
8.37798
8.653374920918003
-0.926302
-0.585442
4.029324
4.175671168304629
0.18538
1.0835761
8.40489
8.476477894163022
0.465842
2.292134
5.5757523
6.046478495054961
-0.311558
1.544634
8.928141
9.06612686719474
-0.850954
1.5679561
11.081538
11.224219388942524
-0.7176
2.842294
7.9139323
8.439425778493648
-0.77142
2.564822
9.331192
9.707962967734794
0.513084
1.87772
13.609284
13.747789239887808
0.058006
3.26209
12.857
13.264503458552571
1.197196
-1.923766
17.001738
17.15206218810693
0.04784
-1.78503
7.108426
7.329279761845128
1.724632
-0.42757002
6.244316
6.492199545434825
0.856336
1.00464
9.100963
9.196202315299821
-0.17641
2.3184462
7.1120143
7.482450170022852
-0.49933
1.859182
8.433594
8.650513879583071
0.851552
1.538056
10.311913
10.46070265559767
0.815074
2.4637601
8.260174
8.65822889933847
0.503516
2.622828
8.516716
8.925648761325245
0.388102
1.69234
12.511356
12.631257876280944
-2.00928
4.028128
13.1021805
13.853885565561448
-1.88968
-2.292134
16.985592
17.2434078280771
-1.3150021
-1.725828
12.26498
12.455419159171804
-0.51727
-0.351624
6.776536
6.8053397250389605
0.371358
1.111084
7.604168
7.6938797444761855
0.53222
2.427282
5.20858
5.770984340119652
0.255346
2.6144562
6.320262
6.844435287375882
-1.1995881
1.84184
10.308922
10.540647756516348
-0.786968
3.3117242
8.742162
9.381483353896312
-0.773812
3.619096
10.453638
11.08941789315311
0.55195403
1.960244
13.452608
13.605876976720907
1.8149301
4.1985583
11.820666
12.674778465727654
2.162368
-1.3042381
15.037907
15.248459534932588
0.510094
-0.966368
6.152224
6.248513617198606
1.123044
0.03289
3.937232
4.0943992041738735
-0.620724
0.9867
9.811386
9.880393571311997
-0.151892
2.778906
7.0187263
7.550358381039201
0.291226
2.286752
8.989735
9.280591536775063
0.94842803
1.670214
11.331502
11.493131493775016
0.917332
2.950532
8.592064
9.130755555893739
0.9867
2.375854
9.153586
9.508228151863554
0.615342
1.735396
12.679993
12.812979935752042
-0.851552
4.270318
13.458589
14.145471372547558
-2.103764
-0.623116
16.079025
16.228035975167423
-0.776204
-1.355666
9.832316
9.955640058877862
-0.47720402
-0.177606
5.702528
5.72521540473929
0.348634
0.431158
9.211593
9.22826533225397
-0.024518
2.005094
6.5122204
6.813957688352791
-0.008372
2.453594
7.47799
7.870230789775238
-1.416662
1.9895461
11.368578
11.627974591080783
-1.158326
2.548078
9.304282
9.716176369948887
-0.966368
3.223818
8.268546
8.927246187223957
0.48139
1.9925361
12.477868
12.645122543712569
1.233076
3.724942
13.249289
13.818079309220165
1.657058
3.38767
11.740534
12.331353793357529
1.371812
-2.627612
15.678365
15.956106536853834
0.55016
-0.44252002
3.26807
3.3434684848820413
-0.776204
1.322178
8.505354
8.642435777429426
-0.294216
2.734654
8.144162
8.596061478911068
-0.12737401
2.782494
7.8511424
8.330602223767771
0.75407803
1.6175901
10.086466
10.243145395233372
0.80789804
2.091206
9.209798
9.478724296783486
0.18538
3.3027542
6.9966
7.739183815202239
0.600392
2.088814
10.158226
10.388126388374365
-0.284648
2.742428
15.116244
15.365636439898122
-1.2396541
2.82256
12.54903
12.922141869221266
-0.42637402
-2.132468
16.529917
16.672353664344588
0.386308
-1.341912
5.728242
5.895991706293658
1.971606
-0.75348
8.288878
8.553389331439075
1.179854
1.8920721
6.539728
6.90941647396813
0.707434
2.9050841
5.345522
6.124914674748475
-0.58125603
1.8687501
8.685352
8.903113739874197
-1.3783901
1.750944
12.587302
12.783032878211246
-1.1362001
3.467802
7.88762
8.690865941773069
-1.20497
2.566018
11.38891
11.736425472064658
0.235612
1.97041
13.482509
13.62776869894386
1.83287
3.612518
11.35602
12.056901808739505
1.727622
-2.190474
17.26725
17.491163366066807
0.81328005
0.139932
3.228004
3.331818586139165
1.075802
-0.067574
5.57336
5.6766414738691715
-0.36777002
1.298856
8.945482
9.04676368130995
-0.15847
2.826746
7.3960643
7.919430086457428
0.830024
1.7730701
9.86102
10.053478675149199
1.300052
1.637922
11.427182
11.616945162864125
1.1840401
2.853058
8.514324
9.05735095843577
0.86351204
2.283164
9.344348
9.65791538531187
0.471224
2.38602
13.264836
13.485956870568872
-0.926302
4.740346
12.488632
13.390102523171908
-1.735396
-0.054418
16.212378
16.305083360970688
-0.46644002
-1.07341
8.636914
8.715851332665387
0.21647601
-0.037076
5.2354903
5.240094968211827
1.092546
0.662584
8.550802
8.645744255863283
0.86889404
2.3710701
5.897476
6.4153856592365734
0.267904
2.721498
8.20755
8.651138724636784
-0.981916
2.6640902
12.835472
13.145755306119135
-0.74451
3.341026
8.892261
9.528328669877574
-0.51487803
3.532984
8.409675
9.136175549666087
-0.106444
2.228746
10.9541645
11.179103662799324
1.78503
4.420416
11.931296
12.848433557171353
2.0995781
1.1206521
15.089932
15.276457302171801
1.4417781
-1.05248
14.69884
14.806834235848344
-0.20989801
0.65182
3.9749062
4.0334608535994905
0.36119202
1.7425721
7.0366664
7.258215623055141
1.299454
1.532076
7.159854
7.43635306610896
0.238004
3.132324
7.088692
7.753557680688503
-0.16923401
3.2507281
11.293828
11.753570663413043
0.617734
2.97206
11.359011
11.757630163660945
0.093886
3.6083322
8.692528
9.412168345491233
0.248768
2.6210341
9.182888
9.55286036291127
0.089102
2.542696
10.890777
11.184018067395812
-0.55315
4.011384
7.835594
8.82007462727295
-3.045016
0.416806
14.279044
14.606058488862699
-1.9985161
-0.418002
18.259333
18.3731331428359
-1.535066
2.717312
3.9198902
5.010563944068338
-1.432808
0.83720005
9.617634
9.759750186036918
-1.08238
1.2055681
10.1062
10.235244178263256
-0.623714
2.220374
7.225036
7.584209209904459
-1.712672
1.622374
9.568598
9.855121160388517
-1.3443041
1.502774
10.7323065
10.920068070196029
-1.0112181
2.347748
10.115768
10.433755716989756
