1.2114661
3.3518825
9.045294
9.722145002754786
0.6607997
3.6104562
10.13705
10.781086530690057
0.033518825
3.6343982
7.029376
7.913412717031643
0.2633622
4.6255975
9.466674
10.539611937818426
0.91458505
1.0773908
9.849746
9.950614672513444
1.5275006
2.5378537
8.690952
9.181863106549883
0.81402856
3.5673606
8.078036
8.86810980886182
-0.22984336
4.0892963
10.520123
11.289293628689336
-0.23463176
1.8243817
9.988609
10.156561368424178
-0.22505496
3.371036
8.0445175
8.725181914348639
0.48841715
4.687847
10.893618
11.86951456364423
1.6567876
1.5562311
9.552865
9.819574029389072
1.1300632
2.9831753
8.418014
9.002184708658705
1.3311762
4.012682
12.378023
13.080103060348414
0.30645782
1.6184803
7.642292
7.81780166790519
-0.23942018
3.0214825
7.9870567
8.54281871438895
0.46926352
4.6686935
10.25676
11.279096825877485
1.6759412
2.2649148
4.841076
5.601306435918544
1.0199299
2.930503
8.42759
8.980667118704082
0.62728083
4.146757
8.853758
9.796841513349866
0.17717093
1.7142484
7.589619
7.7828242536393635
0.29209262
3.2609026
6.6654577
7.4261113012691835
0.94331545
3.9264908
9.548077
10.3669155749238
0.19632454
1.412579
10.807426
10.901118691809119
0.48362875
3.122039
5.793968
6.599325272721127
1.1492168
3.8833952
8.437167
9.35880600054619
-0.3878607
1.1492168
13.330915
13.385978969929635
0.5554548
2.585738
6.727707
7.228873416401848
-0.10534488
4.3047748
7.6231384
8.755250935599305
2.2697031
2.255338
14.274231
14.628457206893222
0.4405331
2.1930888
7.85777
8.169960862699826
1.091756
3.5242648
8.537724
9.30081160090596
0.79966336
5.2385135
12.047623
13.161561451024783
0.1340753
1.6711528
10.007763
10.147218791094234
-0.22026655
3.098097
9.41879
9.917677200076733
0.78529817
5.2385135
11.262324
12.445829276582414
2.0350714
1.1587936
10.189722
10.455369830894613
1.3263878
3.0262709
8.825027
9.423307749557535
0.7613561
5.032612
10.874464
12.006698646086262
0.33039984
1.8674773
9.41879
9.607821504889868
0.15801731
3.0693667
8.101978
8.665335283963113
-0.34955344
5.3678
11.664551
12.84512447975459
1.9728222
2.0111294
8.432379
8.890538756584116
1.0295067
3.1028855
8.825027
9.411104793413852
0.5315128
4.5154643
12.512098
13.312569918023552
0.1388637
2.006341
7.675811
7.934907745228861
0.33997664
3.2369606
8.542512
9.141553939175306
0.34476504
4.8267107
11.314998
12.306306317124502
1.2401965
2.336741
5.568913
6.165325465710998
1.13964
3.916914
7.560889
8.591159943500335
1.0103531
4.5872903
10.644621
11.634947099946553
-0.29209262
1.6903064
5.932832
6.175835915021349
0.47405192
3.6535518
7.469909
8.329028225527912
0.4309563
4.261679
10.16578
11.031351667157212
1.115698
1.2066777
10.141838
10.274129239425498
0.6943185
3.3758245
6.105214
7.010842237171773
1.1587936
4.5633483
8.844181
10.019305857601317
-0.04309563
2.1021092
12.531252
12.706415217160915
0.7230489
3.1986535
5.645528
6.528871824240638
0.6368576
4.4244847
7.3406224
8.594556070150961
2.2170308
4.975151
10.103531
11.478183120343594
1.6041151
1.6472107
10.644621
10.890107633761126
1.4508862
3.4763808
8.829816
9.599788393231604
0.94810385
4.309563
9.11712
10.128825654085441
0.6368576
2.432509
6.373365
6.8514575493494165
0.023942016
3.6152446
7.1059904
7.972807924359552
0.7613561
4.2425256
8.7292595
9.735433015837527
0.6655881
2.1739352
14.887146
15.059751900988806
0.33518824
2.3511062
8.475474
8.801915515150089
0.90021986
2.5234885
9.911995
10.267718004504191
