0.05267244
4.0078936
9.481039
10.293497229080023
-0.019153614
3.892972
9.945514
10.680301852300337
-0.22026655
4.831499
9.653421
10.797242441287382
1.6089035
0.90979666
9.174581
9.35891156967748
0.49320555
2.825158
8.082825
8.576527486720295
0.2633622
3.1603463
12.957419
13.339859763899613
-0.16759412
1.4796166
6.751649
6.913907462068246
0.110133275
3.2800562
6.8905125
7.632172759781859
0.5554548
3.5242648
14.341269
14.778394879018334
1.2401965
0.9624691
9.888053
10.011894019144727
0.6703765
3.4141316
7.6470804
8.401401184928451
0.7134721
3.7780502
12.794614
13.359822155345517
-0.8379706
0.6991069
9.174581
9.239257348010902
-0.49799395
2.2840683
9.021352
9.319321559721828
0.0
4.630386
11.990162
12.853188418234925
1.2785037
0.37828386
10.702082
10.784814571507331
0.94331545
2.2888567
7.97748
8.35277786190043
0.45489833
5.2624555
12.11466
13.216102858099259
-0.22026655
1.2737153
8.461109
8.559277895835871
-1.1827357
3.2513258
8.762778
9.421054684179722
1.6663644
4.0174704
10.903194
11.738674468247442
0.18674773
1.958457
8.963891
9.177242027986097
0.58897364
3.1986535
9.174581
9.734023086285339
-1.1683705
3.6152446
12.497733
13.062481309795242
0.60333884
2.078167
6.8426285
7.176653830231371
-0.51714754
4.027047
7.2831616
8.338404625539514
2.0015526
0.7517793
15.255854
15.404949017235754
0.6751649
2.1164744
9.193734
9.45833284039153
1.2593501
3.2225955
6.7851677
7.616402453535955
-0.9768343
3.2609026
11.089942
11.60062535672074
0.62728083
2.743755
6.517017
7.098815453804104
-0.2825158
4.3287168
7.3310456
8.518323110406252
0.6607997
1.0342951
12.828133
12.886714605751077
0.320823
3.514688
5.851429
6.833387080035471
0.23942018
4.074931
8.820239
9.719001987539105
-0.9864111
0.7182605
10.82658
10.895124734529524
0.90021986
3.2800562
5.1666875
6.185775979041807
0.4165911
3.845088
9.409213
10.173079130797364
0.63206923
0.93373865
13.632585
13.679135349008153
0.04309563
3.169923
5.6359506
6.4663907231449445
0.7661445
4.247314
7.4746976
8.631208313904132
-1.1827357
2.6001031
12.176909
12.50745871220449
0.47884035
2.657564
6.540959
7.076445188621782
-0.8571242
3.9360676
7.795521
8.774818318542982
1.9153614
3.0933087
13.259089
13.749204300485333
-0.009576807
2.3127987
7.264008
7.623315593841734
0.58418524
3.7972038
7.651869
8.562191700083828
-1.1252748
4.8985367
12.583924
13.550536896038416
0.1388637
2.0925324
7.1826053
7.4824991125124765
-0.7422025
3.8355112
8.283937
9.158909746611876
1.4413095
4.697424
11.870452
12.847209084077367
-0.11492168
1.292869
8.7771435
8.872596092789372
1.067814
3.0454245
8.896853
9.464081170270093
0.521936
5.386954
12.665327
13.773241964543685
0.45489833
1.4030021
8.614338
8.739689010569245
-1.1779473
2.8395233
10.67814
11.111846005190426
-0.04309563
4.654328
10.673351
11.64409947098677
1.0342951
1.7190368
6.5744777
6.873762262072936
0.5554548
2.8538885
8.825027
9.291626341408666
0.37828386
4.074931
9.696517
10.524761249797278
0.062249243
1.3215994
8.087613
8.195119791883478
-0.9528923
3.643975
8.101978
8.934685964333049
-1.4030021
4.027047
7.465121
8.597299071834502
