0.62249243
3.1507695
8.465898
9.0546268332739
0.94331545
4.132392
7.97748
9.033642514651525
-0.32561144
4.0940847
8.307879
9.267600146509663
0.8714894
4.76925
10.984597
12.00694010636238
1.9967642
1.5466543
7.4842744
7.898960054734361
1.091756
3.4237084
8.207323
8.959568334807974
0.51235914
3.6822822
12.138602
12.695171273252935
-0.46926352
1.4077905
5.6551046
5.846562489038531
0.0
3.3614593
8.403648
9.051006315986706
0.9720459
4.783615
13.685257
14.52976617928208
1.3934253
1.6903064
5.7365074
6.140544551099129
0.33997664
3.2609026
7.240066
7.9478063279905165
0.48841715
4.6255975
12.339716
13.18723965790119
0.37828386
2.1691468
9.481039
9.733365075394941
-0.4357447
2.9017725
8.614338
9.100383004313352
2.5234885
4.2904096
11.535264
12.563356284949421
0.21068975
1.3215994
10.242394
10.329456053128627
0.78050977
3.122039
8.331821
8.931717288991448
-1.1252748
4.6782703
11.942278
12.875187252127393
-0.08140286
2.2744915
8.173804
8.484751768510508
-0.22505496
3.5051112
7.9104424
8.655146008543081
1.8004397
3.1794999
12.421119
12.947393347961432
-0.10055647
2.3127987
7.067683
7.437156348744059
1.6136919
3.514688
8.599973
9.429558045921677
-0.34955344
2.504335
12.684481
12.934060934253269
0.12449849
2.930503
8.130709
8.643597000323645
-0.29688102
3.964798
6.981492
8.034238504194729
1.091756
0.7517793
14.480132
14.540678644726963
0.40701428
3.0789435
6.1195793
6.862565326206033
0.79008657
4.295198
7.431602
8.619841871470738
-1.091756
1.484405
12.713211
12.846054575785613
0.6464345
3.5003228
6.0525417
7.02163785254724
-0.2873042
4.1371803
7.240066
8.34370199468283
0.80445176
1.4269443
13.364434
13.464450512824676
-0.08140286
3.4476504
6.775591
7.602733180826989
0.7134721
4.074931
7.4746976
8.543138429956432
-1.0773908
1.4508862
11.9614315
12.09717631535093
0.7469909
3.2704794
6.397307
7.223542707313688
-0.81402856
4.486734
7.503428
8.780367226535146
0.49799395
1.1731589
12.35887
12.424409504603666
-0.29688102
3.4955344
6.4499793
7.3422839710224235
0.272939
3.5625722
7.9870567
8.74982822794566
-1.0869676
1.8722657
12.751518
12.933989559973366
0.50757074
2.4372973
7.043741
7.470765675800228
-0.16280572
3.9504328
7.1826053
8.198917261608102
1.4317327
0.9864111
14.997279
15.097723459585202
0.37349546
3.098097
5.7987566
6.585080490373468
0.770933
4.247314
8.240842
9.302982664188692
-0.34955344
1.4269443
10.831368
10.930548851423673
1.1300632
3.5769374
5.7748146
6.886218541285184
0.038307227
4.3287168
9.203311
10.170555204917259
0.80445176
1.316811
11.180922
11.286901352934688
-0.39743748
3.6822822
5.6646814
6.7679963570262585
0.39264908
4.060566
8.494628
9.423432026973622
-0.6847417
1.8483237
9.572019
9.772855916698797
1.0055647
3.5242648
4.9703627
6.175443983912209
0.23942018
4.036624
9.045294
9.908026599119887
0.94331545
1.4748282
9.054871
9.222561943609321
0.7565677
3.7541082
6.167464
7.259705985344885
0.8810662
3.892972
9.14585
9.97888204424861
-0.45010993
1.3263878
11.942278
12.024138015655478
1.0965444
3.2752678
6.373365
7.249108358340824
0.12449849
4.855441
8.762778
10.018836781488236
0.1340753
1.8866309
12.962208
13.099472361414445
-0.33518824
2.7964275
7.8625584
8.351777176555654
