1.6663644
3.0262709
8.178593
8.878314621594548
0.842759
3.1747115
7.666234
8.340274615626424
1.1300632
3.53863
8.714894
9.47355907424465
-0.10055647
4.2760444
12.157756
12.888199345643551
-0.6895301
1.8674773
7.8769236
8.124583072235538
-0.34955344
3.371036
7.9631147
8.654320897831136
0.6751649
3.7110126
11.563994
12.163610902021704
1.9009962
1.1444284
8.379706
8.668505204642273
0.7422025
2.585738
8.78672
9.18930679512878
0.93373865
2.542642
12.890382
13.171895851851822
-1.2785037
0.61770403
7.422025
7.5566252281601995
-0.6368576
2.3894134
8.499416
8.851834002621205
0.36391866
4.0318356
11.626244
12.31087641976217
0.92895025
0.6464345
7.843405
7.924633982777143
0.6799533
2.0973208
8.451532
8.73438548188101
0.5410896
2.528277
10.984597
11.284783399106342
0.4213795
0.44532153
8.226477
8.249290204580909
0.18195933
1.9632454
9.074024
9.285760984198552
0.1340753
3.9600096
10.984597
11.677372262166637
1.3215994
0.8858546
7.2783732
7.450240306690879
0.5315128
1.7956513
7.9631147
8.18034644328276
0.48362875
2.7150247
11.793838
12.111971747784942
0.20590134
0.7134721
8.925584
8.956421356798026
0.038307227
1.6998832
9.964667
10.108692364293118
-0.038307227
3.3997664
10.931925
11.448443737629665
1.5466543
0.79966336
9.56723
9.724376166175857
0.47405192
2.0159178
9.461885
9.685862150482244
1.2497733
1.958457
12.0093155
12.231972644882601
-0.50278234
0.20590134
7.4746976
7.494417274425219
0.05746084
2.006341
9.471462
9.68180276020432
0.1388637
2.1739352
11.947066
12.144038090059356
1.2785037
1.2162545
6.3446345
6.585456151782561
0.7661445
2.456451
7.833828
8.245604297707658
0.59376204
2.9161377
11.314998
11.699811519832675
0.07182605
0.47405192
6.363788
6.381824505656364
0.16759412
2.5187001
7.680599
8.084772145794467
0.4309563
2.3654714
11.219229
11.473982196955628
0.89064306
1.3551182
5.1906295
5.4380350836197
0.79008657
2.111686
7.6949644
8.018474228622184
0.6895301
1.8674773
11.300632
11.474633809814408
-0.16280572
0.48841715
5.803545
5.826335888049289
0.521936
2.6623523
7.5321584
8.005869619489054
-0.11971009
2.5905263
11.554418
11.841863074252123
1.1444284
0.79487497
6.301539
6.45375364626734
0.5602432
2.3415294
8.293514
8.635913964935364
0.4405331
2.3989902
11.018116
11.284861823889441
0.10534488
0.8810662
6.564901
6.6245980770622745
0.038307227
2.0446482
10.6158905
10.811067519361957
-0.545878
2.992752
11.980585
12.360783589532891
0.78529817
0.7278373
8.010999
8.082236094250348
0.19153613
2.2170308
8.959103
9.23132872964375
0.19153613
2.6001031
12.631808
12.898054203874853
-0.1388637
0.35913026
8.384495
8.39333102387065
-0.545878
1.9632454
9.911995
10.119286326095914
0.5650316
4.0557775
9.80665
10.62727529061608
0.7613561
0.4165911
9.634268
9.673279002497356
0.7469909
2.0925324
8.911219
9.184035290188392
0.062249243
3.5865142
11.099519
11.664745354258168
0.08140286
0.78050977
9.107543
9.141288954919006
-0.15322891
2.1212628
8.66701
8.924141243617514
-0.8283938
3.1890767
9.667787
10.213840623546224
0.06703765
1.8291701
6.1530986
6.419577825812997
0.12449849
1.6711528
9.68694
9.830821821100342
0.22026655
2.4995465
8.992621
9.336138939380142
0.10055647
2.7629087
8.154651
8.61058099680498
