0.34476504
3.9743748
8.298303
9.207407034519349
0.21547815
4.4963107
8.762778
9.851371987154726
0.20111294
5.1523223
9.56723
10.868245449716042
2.96881
2.7485435
7.201759
8.260366689010485
0.61291564
3.5913026
7.627927
8.453306411234989
1.508347
3.8163576
10.960655
11.703660206595426
-0.08140286
1.5227122
6.8186865
6.987114081192159
0.90979666
3.371036
7.1395097
7.947591779142322
-0.16280572
4.5441947
10.635044
11.56634688434613
1.1683705
1.7381904
5.2049947
5.610558515139704
0.61291564
3.5482068
8.154651
8.914245229147058
1.2258313
3.466804
9.275137
9.977452608099675
0.20590134
0.770933
7.991845
8.031582480350425
0.23463176
3.4141316
7.153875
7.930275580487144
0.6512229
4.1276035
9.911995
10.756804685681452
1.0773908
2.15957
6.090849
6.55156123067824
0.21547815
3.620033
6.895301
7.790779376040167
1.13964
4.247314
9.179369
10.178372840569391
-0.31124622
1.2737153
8.461109
8.562102148461182
0.81881696
3.8546648
5.947197
7.134287352656426
0.2681506
4.1371803
8.571242
9.521258210454974
-0.24899697
0.35434186
12.531252
12.538733324144964
-0.30166942
3.4859576
6.991069
7.817796788402463
0.320823
3.8498764
7.4268136
8.371501134802527
-1.1827357
2.5187001
10.625467
10.983773140405912
0.92416185
3.7588966
6.2009826
7.309963471077426
-0.009576807
4.6495395
6.4787097
7.9744584524507545
0.94331545
1.7381904
13.651738
13.794241458380718
0.2777274
1.8243817
9.011775
9.198782085575795
1.115698
3.4620156
8.015787
8.802452907290023
-0.79008657
4.405331
12.583924
13.356134246910083
0.24420857
1.9201498
8.446744
8.665684815567314
-0.8810662
3.7062242
8.317456
9.14835785685337
1.9680338
5.305551
10.721235
12.122991336518908
1.0007763
1.1683705
10.1226845
10.238915381210735
0.7469909
2.9783869
9.356541
9.84751950705834
1.1204864
4.525041
13.283031
14.077301238385502
-0.45010993
1.460463
7.489063
7.6434031547399535
-0.4213795
2.743755
9.572019
9.966408194397983
0.25857377
5.1571107
11.15698
12.293935034115272
2.2744915
1.8004397
4.831499
5.635448331150451
0.51235914
2.8443117
9.351752
9.788150583522054
-0.110133275
3.1842883
13.723564
14.088578250106538
-0.51235914
0.94331545
6.679823
6.765529429265086
0.06703765
3.083732
9.222465
9.724595057041578
0.095768064
3.8594532
11.602302
12.227753661025666
1.7860745
1.8962077
5.377377
5.975102584149772
0.9528923
3.2225955
8.892065
9.505889673069138
0.9911995
3.5913026
10.19451
10.853938260790088
-0.29688102
0.60812724
7.091625
7.123840773125115
0.15322891
3.5577838
7.3166804
8.137267256776266
0.41180268
3.8738184
9.65821
10.41427202292979
-0.24899697
0.5363012
10.817003
10.833151791347476
0.59855044
3.6008794
6.5361705
7.486395640756732
0.89543146
4.027047
7.9104424
8.921547477843408
-0.45489833
4.807557
11.765107
12.71759702813082
0.82360536
2.3080103
8.853758
9.186635502216573
-0.6703765
3.787627
8.379706
9.220358291251104
0.8331822
5.142745
10.477027
11.700859390388075
1.9728222
1.7142484
9.490616
9.84390500870018
0.5267244
2.7868507
8.78672
9.233115792953846
1.316811
4.2521024
11.899182
12.704523101107043
-0.9624691
1.3503298
5.544971
5.78761098273296
-0.272939
3.940856
8.513782
9.385590941532522
-0.48362875
4.31914
9.370906
10.32970200587962
0.9911995
2.183512
6.9958572
7.39541876978698
0.02873042
3.514688
7.1395097
7.957792280356086
0.545878
3.7253778
8.652645
9.43634955865689
