0.6847417
3.1172507
8.848969
9.406932920080308
0.34955344
3.2944214
9.083601
9.668878587238833
0.2825158
3.5673606
9.040505
9.722994058640346
0.6895301
2.27928
12.89517
13.113198633192235
1.1683705
0.46447513
10.845734
10.918368102602411
0.49799395
2.5187001
7.201759
7.645729279048277
0.31124622
4.606444
12.540829
13.363704296687235
-0.6560113
0.62249243
8.676587
8.723589466704274
-0.7374141
2.528277
9.528923
9.886169297750724
-0.1436521
4.146757
10.965444
11.724213570124464
1.4508862
1.3263878
7.1347213
7.400582635985547
0.7613561
2.8443117
8.480263
8.976893964180519
0.04309563
3.074155
10.491392
10.932593067818972
-0.019153614
0.6847417
6.9479733
6.981659704905949
0.36391866
2.5187001
8.255207
8.638560815968793
-0.24420857
2.8921957
11.9374895
12.285279833440406
1.13964
0.93373865
5.568913
5.760507023006688
0.08619126
2.930503
7.431602
7.988991554224275
-0.17238252
3.41892
11.133038
11.647456966401709
-1.5466543
1.091756
7.422025
7.659668949234375
-0.095768064
3.5194764
6.3829417
7.289569865698819
0.18674773
3.8355112
10.82658
11.487421869421123
0.49799395
1.3120226
5.851429
6.017360050616862
0.49320555
3.2944214
7.2831616
8.00880186342487
0.770933
3.7541082
9.998186
10.70753893645424
-0.2777274
0.56982
7.747637
7.773525831784562
0.29688102
3.9983168
6.172252
7.360120342763489
0.110133275
3.9600096
10.175357
10.919326419387096
0.33997664
0.51714754
10.515334
10.533531055123815
0.090979666
4.256891
5.2959743
6.795347125328546
0.58897364
4.280833
8.020576
9.11054579472242
-0.5267244
0.36870706
12.215217
12.232126080418956
0.37828386
3.1747115
5.1475334
6.059619966683142
-0.10055647
3.940856
8.063671
8.975703185860374
1.0199299
-0.6991069
16.156073
16.20332370146969
0.60333884
1.9057846
7.326257
7.5940817929219
1.2401965
3.442862
7.8290396
8.642062793605083
-0.5267244
4.3382936
11.860875
12.640355808706618
-0.110133275
1.4317327
9.188946
9.300468301775144
-0.63206923
3.4524388
7.9726915
8.711064933905316
1.9297266
4.9799395
10.970232
12.201214239011215
1.0726024
0.62728083
10.328587
10.40306028676553
0.7422025
2.3415294
9.605537
9.914634261241293
0.7517793
4.4436383
14.087482
14.790816906800917
-0.38307226
0.81881696
9.3182335
9.361980705986197
-0.36391866
2.6767175
9.902418
10.264265228745561
-0.17717093
4.1419687
11.468226
12.19456926386701
0.78050977
0.4405331
10.433931
10.47235355131828
0.16759412
2.5234885
8.231265
8.611027996796961
0.60812724
4.807557
12.133814
13.065674610495385
0.033518825
0.90979666
8.087613
8.138693670102207
-0.21547815
2.5617957
10.342952
10.657667854377818
-0.04309563
4.8458643
11.051635
12.067431138693495
1.508347
1.3072342
7.52737
7.787507386915888
0.78529817
3.1747115
8.408437
9.022045262589566
0.9624691
3.0310593
11.678916
12.104162184451264
-0.31603462
1.292869
6.2105594
6.351569707099232
-0.6512229
3.2082303
9.528923
10.075575016546823
-0.038307227
3.9025488
12.315774
12.91935127826362
1.4748282
1.9871874
5.9519854
6.44594131639016
0.521936
3.3423057
9.160215
9.76488434691337
1.0486604
4.0174704
9.92636
10.759757647993503
0.7326257
1.2401965
7.73806
7.87098470380419
0.6607997
4.256891
7.2209125
8.40829045940416
-0.05746084
4.6351743
8.389283
9.58479094546468
0.29209262
1.388637
16.237476
16.299364435641635
1.0151415
2.9592333
8.197746
8.774429659227234
-0.05267244
2.906561
9.437943
9.875507583127769
