0.30645782
3.2848446
8.183381
8.82336924239248
0.33518824
3.4093432
8.1881695
8.87592751397838
0.40222588
3.8498764
8.968679
9.768344152687883
1.13964
2.5187001
12.5264635
12.827896023192421
0.79008657
1.8052281
11.046846
11.221225476037901
1.4556746
2.743755
9.217676
9.726907624399121
-0.20111294
4.003105
12.98615
13.590635868155001
-0.1340753
1.8626889
7.9583263
8.17450550695289
-0.37828386
3.5098996
8.513782
9.216667948809553
1.2018893
4.2042184
11.8896055
12.668177129800174
1.0007763
1.1013328
10.6637745
10.767106041539929
0.81881696
3.5625722
8.106767
8.892808696288764
-0.63206923
4.8458643
12.191275
13.134271743735214
-0.110133275
1.436521
8.968679
9.083662907865442
-0.866701
3.2465374
8.389283
9.037214692019242
1.7812861
4.1611223
9.744401
10.744359865571258
1.067814
2.585738
10.342952
10.714612690613846
0.11971009
2.5570073
8.978256
9.336043327721324
-0.090979666
2.695871
11.927913
12.229108785376402
-0.24899697
1.4748282
9.514558
9.631403390701381
-0.7661445
3.86903
7.374141
8.3626745824452
2.1452048
0.16280572
15.68681
15.833647447113764
-0.40222588
1.4317327
7.5561004
7.70105819366703
0.80924016
3.193865
8.303091
8.932914784813207
-0.46926352
3.9743748
10.654198
11.381027469208693
0.91458505
2.8443117
7.4124484
7.991931422690652
-1.0534488
3.7541082
7.5082164
8.460283727915746
2.7150247
1.2401965
13.431472
13.759137810597567
0.34955344
2.9496565
5.8322754
6.545082156348354
1.6232687
3.8115692
8.7532015
9.684090094177586
-0.33518824
0.7469909
13.867216
13.891365366236727
0.59376204
3.0933087
5.93762
6.721342500373286
-0.24899697
4.4436383
7.4603324
8.687029270070552
1.2497733
0.18195933
13.412318
13.471648787172336
0.35434186
2.480393
7.015011
7.4490459164041445
0.521936
4.027047
8.494628
9.415318980594744
-0.93373865
0.7565677
12.5025215
12.560147648812132
1.1013328
3.217807
5.257667
6.261811044528017
0.59376204
4.984728
7.1107793
8.704208443557992
0.20111294
0.93373865
11.798626
11.837224687639585
-0.56982
3.8977604
5.8322754
7.037944946316561
0.41180268
4.012682
8.336611
9.261224483331784
-0.47405192
0.63206923
11.362882
11.390316889694345
0.5554548
3.2321723
6.3925185
7.1846891794953125
0.22984336
3.6152446
9.461885
10.13163859935834
0.05746084
1.6328455
8.475474
8.63152077793603
0.521936
2.992752
6.564901
7.233733772877946
0.8523358
3.6104562
9.131485
9.8562614252173
0.4213795
0.18195933
11.583148
11.592237677223254
0.46447513
3.1986535
5.9184666
6.743542726175601
0.40701428
3.5673606
9.208099
9.883360594979353
0.24899697
0.6368576
11.827356
11.847106940983261
0.17717093
3.3806129
5.9567738
6.851502369319949
0.9528923
3.5673606
9.543288
10.232712845106628
-0.78050977
0.9528923
12.909535
12.968164637580093
0.6560113
3.4476504
6.3685765
7.271548114899927
-0.02873042
3.6870706
6.71813
7.6634582219090435
2.4181437
1.3120226
14.446613
14.706238565955234
1.0199299
2.633622
5.425261
6.116345265993557
0.7565677
3.9360676
8.082825
9.02203300081381
-2.633622
4.19943
11.9135475
12.903635124974533
0.47405192
2.0398598
8.781932
9.028182515257907
-0.842759
3.8163576
7.603985
8.549585557675169
0.545878
4.9176903
10.28549
11.413718258198731
0.45010993
1.1587936
11.377247
11.444961198746823
-0.12928689
2.8395233
9.361329
9.783357728302763
-0.23942018
4.050989
8.930372
9.809147936479809
-1.1204864
3.9360676
5.583278
6.922507642505487
