0.15801731
2.8921957
8.422802
8.906927571539383
0.50278234
3.4380736
9.011775
9.658428057605715
0.7134721
3.4572272
10.716447
11.282893940772063
2.60968
0.44532153
9.193734
9.567313784024865
0.58418524
2.1021092
8.039729
8.330509266758828
0.23463176
2.9017725
13.211205
13.528165470097123
-0.34955344
0.22505496
7.1969705
7.208967971059635
0.1388637
1.9680338
10.065224
10.256762251071242
0.6703765
4.223372
11.573571
12.338307245469037
0.9959879
0.58418524
9.394848
9.465539369041524
0.3878607
2.4947581
8.39886
8.77012543226471
0.94810385
3.6966474
13.450625
13.981538862195324
1.0390835
1.4748282
8.054094
8.253681170765706
-0.59376204
3.0789435
8.911219
9.446812361529433
2.078167
1.508347
13.263878
13.510156837304098
0.16759412
1.8148049
7.785944
7.996407178914547
1.1683705
3.4524388
8.121132
8.901528267964501
-0.90021986
0.90021986
13.570335
13.629922799936416
-0.58418524
3.122039
6.9767036
7.665689433744945
0.019153614
3.8355112
7.7811556
8.675130916783898
1.0151415
0.61770403
8.829816
8.909417268511623
0.7613561
3.040636
7.2448545
7.893861254272777
0.40701428
3.5242648
10.0508585
10.658605231385373
-0.05746084
0.49320555
7.920019
7.935569227986608
0.31124622
3.083732
6.8761473
7.542392197022834
0.5602432
3.2513258
13.158532
13.565838240340549
1.4221559
1.2258313
4.6495395
5.014320084947374
0.8379706
2.9879637
8.312668
8.87302473411006
0.39264908
3.2321723
12.727576
13.137438883398813
-1.2114661
0.38307226
6.181829
6.3110540263559765
-0.02873042
2.882619
9.385271
9.81802581894371
-0.15322891
4.6399627
11.27669
12.19493588263754
0.9528923
0.9528923
7.8912888
8.005526064588185
0.61291564
2.8395233
9.141062
9.591536574112569
0.59855044
3.6966474
12.727576
13.26705180875876
0.0047884034
0.8331822
9.069236
9.10742836726393
-0.56982
2.6288335
10.0029745
10.358328051474942
0.8283938
4.7022123
9.9550905
11.040872413331337
0.22984336
1.3838485
10.864887
10.955073772340462
0.35434186
2.657564
8.058883
8.493161311461122
-0.08140286
4.2999864
11.645397
12.414176810754384
-0.01436521
1.5993267
8.465898
8.615653018124101
-0.7134721
2.801216
9.26556
9.706000794148721
1.5801731
4.783615
10.453085
11.603744928354152
1.0103531
1.460463
9.179369
9.349576530454634
0.82360536
2.207454
8.298303
8.626297120674673
-0.40701428
4.879383
12.737153
13.645845757786965
0.521936
1.3503298
8.99741
9.113133069144634
-0.29209262
2.4516625
9.035717
9.366971252846897
1.9057846
4.0078936
12.459426
13.226205441319008
0.10055647
0.90500826
11.204864
11.241802365384444
1.4508862
2.7389667
8.0684595
8.64332381140433
0.63206923
4.7261543
10.041282
11.115906846036703
0.37349546
2.0685902
11.832145
12.017412903392518
-1.6663644
2.4037786
9.174581
9.629530199738499
-1.0342951
3.9504328
8.48984
9.4208846196417
