0.4309563
3.7972038
9.576807
10.311144930502724
1.6041151
3.394978
9.9790325
10.662089518151046
1.0390835
3.3375173
13.187263
13.642676410034296
0.5793968
4.012682
8.748413
9.642201299414854
1.3551182
4.357447
12.804191
13.593048989647647
-0.37828386
1.436521
7.8912888
8.029889537008744
0.19632454
2.9831753
8.2169
8.743873413174793
0.009576807
4.036624
12.732365
13.35692822988434
2.3511062
0.58897364
8.772355
9.101033129052619
1.1779473
2.3223755
7.9966335
8.409942610065174
0.58897364
4.271256
12.23437
12.971905207294387
1.0630256
1.0199299
10.443508
10.546902126701227
-0.32561144
2.4181437
9.23683
9.553662573426724
0.9911995
3.9983168
10.984597
11.731597774921328
1.3551182
0.6991069
10.309433
10.421588396195036
0.61291564
1.9440918
8.250419
8.49850360937929
-0.46926352
3.442862
12.459426
12.934867259296672
0.56982
1.1252748
7.7811556
7.882722973197014
-0.770933
2.2840683
10.400413
10.676136065385318
1.934515
3.0885203
11.042058
11.627912915250459
0.641646
0.8283938
11.070788
11.120265338942955
1.283292
2.1739352
8.829816
9.18359831919814
-0.63206923
3.1364043
12.540829
12.942523957544045
0.37828386
2.4708161
6.5744777
7.033618307743422
-0.47884035
3.083732
7.201759
7.848822788484848
2.2697031
1.2354081
12.172121
12.443404593241102
0.3878607
2.6910827
5.0038815
5.694838934572483
1.388637
3.6631286
7.9966335
8.904659945781198
-0.076614454
0.009576807
13.019669
13.019897492411015
0.6703765
2.432509
5.511452
6.061568355747255
-0.7757214
3.2369606
9.500193
10.066445282108068
0.31124622
-0.12449849
13.139379
13.143654200866406
0.31124622
2.743755
6.670246
7.2192276965861275
0.80924016
3.6822822
8.590396
9.381309725617674
-0.5315128
0.009576807
12.459426
12.47076109153521
0.5267244
2.920926
6.3111157
6.974197243056622
0.07182605
3.5865142
8.015787
8.781861633503457
0.842759
1.1779473
7.2304893
7.374128904461148
0.37828386
3.2273839
6.205771
7.005048021564437
0.56982
2.8634653
9.854534
10.277936128879958
-0.23463176
0.038307227
7.52737
7.531123369980549
0.05267244
3.0262709
6.1770406
6.878729623566466
0.10055647
2.906561
10.668563
11.057867944655756
0.5746084
1.6089035
4.927267
5.215046190768648
0.47405192
2.9257145
7.7811556
8.326518463860145
0.7422025
3.4811692
10.266336
10.865867199967255
-0.30645782
0.033518825
8.671799
8.677276963313254
0.05267244
2.8921957
7.326257
7.876649956197793
0.19632454
2.777274
11.348516
11.685059644541159
0.21547815
0.9528923
6.7564373
6.826703305493819
-0.19632454
3.1986535
6.7803793
7.499564857575305
0.31124622
3.3997664
9.251195
9.861029291186627
-0.4165911
0.20590134
8.7053175
8.717711684225245
0.35434186
3.0789435
6.694188
7.376828758962926
0.095768064
3.5290532
7.9008656
8.65373110702857
0.51235914
0.79487497
8.66701
8.718452038339388
-0.090979666
2.8682537
6.670246
7.261359424945317
-0.16280572
3.1890767
9.495404
10.017954919861
0.019153614
0.92416185
12.708423
12.741995898314213
0.46447513
2.3989902
6.823475
7.247806611906374
-0.23942018
3.2704794
7.9583263
8.607457108292422
-0.33997664
4.0174704
8.844181
9.71983483444983
