0.89543146
3.074155
8.676587
9.248534627779174
0.9720459
3.1603463
10.141838
10.66721815432006
-0.15801731
3.1172507
8.6813755
9.225426690382884
0.023942016
4.1276035
10.884041
11.640448037664964
1.9919758
1.3838485
6.7708025
7.192132402400024
0.33518824
2.681506
8.226477
8.658969052730951
0.37828386
2.9496565
11.233594
11.620550801392092
-0.17238252
0.62728083
5.6982
5.735214462992944
0.6655881
2.8299465
6.339846
6.974615117874281
0.6655881
2.9161377
11.999739
12.366915441377436
1.7477672
1.0773908
6.0238113
6.364099795323293
0.8283938
3.217807
7.0820484
7.82278278370025
0.1436521
3.1651347
11.750742
12.17040066488158
-0.49320555
0.6991069
7.4028716
7.452148117567317
0.05267244
2.4899697
7.9631147
8.343495797274702
0.11971009
3.572149
10.931925
11.501371882335658
1.1875241
1.340753
8.149862
8.344344785828612
0.2777274
2.327164
9.050082
9.3486266407617
0.59855044
3.5194764
10.424355
11.018718052567307
-0.34955344
1.043872
9.030929
9.097775751281489
-0.7517793
2.0685902
9.232041
9.490776001021334
1.7286136
2.743755
10.888829
11.361465618527241
1.091756
0.80445176
11.9853735
12.061851681695101
0.8619126
2.657564
7.8769236
8.357718786718724
-0.16280572
5.046977
9.734824
10.966552862100565
0.45489833
2.6767175
8.106767
8.549351753511692
-0.5746084
3.4045548
7.335834
8.107750996466475
2.3415294
3.53863
10.6877165
11.499215140718912
0.47884035
1.5610195
9.792285
9.927482882475092
0.5315128
2.8443117
8.690952
9.159981758066195
-1.0630256
2.4372973
11.300632
11.609252107567926
-0.30166942
1.8243817
8.858546
9.049486801180832
-0.0047884034
3.3183637
7.417237
8.125697648834434
2.255338
0.41180268
15.557523
15.725541272574045
0.2873042
2.006341
6.0621185
6.391966140409124
1.163582
3.4620156
7.6853876
8.50909251662849
-0.41180268
2.15957
12.148179
12.345508305346637
-0.19632454
2.1068976
7.465121
7.759226075739358
-1.0726024
3.2609026
7.2065473
7.982373369301488
3.4955344
0.4405331
15.222335
15.62473388445259
0.6655881
1.3694834
6.339846
6.520133601499013
0.8762778
2.930503
8.504205
9.037543931698634
-0.61291564
0.9576807
12.641385
12.69241613595158
0.21547815
1.9776106
6.6510925
6.942218996981497
-0.35913026
2.9640217
7.1730285
7.7696034239671885
1.2401965
-0.9576807
15.375564
15.455199932581095
0.45010993
1.6089035
6.6510925
6.857710860206013
0.5602432
2.96881
8.030152
8.579688424808728
-0.8571242
2.9735985
11.779472
12.179200148604407
0.63206923
1.9919758
6.7324953
7.049394990108194
-0.9624691
3.8355112
7.85777
8.796706311520941
1.8339585
0.49320555
14.738706
14.860555351220212
0.22505496
1.8866309
6.0381765
6.330055526321123
0.9959879
3.7062242
8.255207
9.103654953275678
-0.32561144
3.8594532
10.5680065
11.255406076841023
0.38307226
2.7868507
6.766014
7.327497963828589
-0.6464345
3.7828386
6.9623384
7.949962294387171
1.958457
2.96881
12.540829
13.035404412156785
-0.21068975
1.4891934
7.7907324
7.934582512009852
1.0055647
3.1555579
7.7332716
8.412621108114367
-1.7046716
5.0517654
10.275913
11.576727943715897
1.292869
2.4516625
9.323022
9.726299334416753
-1.0534488
3.6727054
7.513005
8.428746182382719
2.4133554
5.2385135
10.31901
11.8215174895965
0.61291564
-0.41180268
10.673351
10.698863273918585
1.2210429
1.5610195
9.375694
9.582868437616984
0.5650316
2.825158
9.892841
10.303838618252719
-0.2873042
2.2601264
5.482722
5.937251356841514
-0.7326257
2.6431987
7.4124484
7.903646771820029
-0.2825158
2.4516625
6.4404025
6.89704633879336
-1.8387469
2.9400797
8.686164
9.352780472323541
-1.733402
3.6056678
8.710106
9.584960489763745
