0.89543146
3.6727054
7.0724716
8.019377605231778
1.0342951
3.9600096
9.059659
9.941270796596859
0.641646
4.2904096
11.300632
12.104694155800416
-1.0055647
0.91937345
8.121132
8.234633497780788
-0.842759
2.2218192
9.615114
9.904400288789141
0.15801731
3.9983168
11.022904
11.726718644863158
0.9959879
0.866701
8.887277
8.984812319519657
0.90021986
2.3558946
8.542512
8.907027789502441
0.31124622
4.232949
11.96622
12.696658582483671
0.80924016
1.3503298
8.576031
8.719321392846911
0.37349546
2.7724855
8.499416
8.947974835799963
2.0733786
2.3223755
12.23437
12.624267556878548
0.21068975
1.9153614
7.8146744
8.048734994380522
1.0821792
3.4093432
7.5321584
8.33835384452026
-0.7517793
2.6240451
13.996503
14.260185483178276
0.7565677
2.3080103
6.2871737
6.740019307094733
-0.34955344
3.490746
7.417237
8.20505278687173
1.0199299
0.4357447
13.129802
13.176563519061979
-0.0047884034
2.992752
6.05733
6.756318420007252
0.5267244
4.0797195
9.629479
10.471314255680179
0.46926352
0.17238252
11.765107
11.775723484109957
0.110133275
3.3614593
6.1626754
7.020691399502671
0.4309563
3.7253778
7.747637
8.607557267556098
0.6655881
1.2593501
9.337387
9.445409832650899
0.110133275
3.691859
5.377377
6.523659708041808
0.6655881
3.5625722
9.619903
10.279953895198283
0.062249243
0.090979666
9.064447
9.065117819641639
0.90500826
2.7868507
6.277597
6.927755574660966
0.11971009
2.504335
11.712435
11.977777249020306
1.0582372
0.641646
7.6853876
7.784391818340422
0.7565677
3.4859576
6.5601125
7.46721962289073
1.0247183
3.490746
9.849746
10.500135875004412
-0.30645782
0.6799533
7.345411
7.383177539338504
0.37828386
3.5434184
5.4922986
6.547080098219358
0.46447513
3.2752678
10.333375
10.849965713376486
0.79966336
1.733402
5.8466406
6.150394036300261
0.22984336
3.4811692
6.555324
7.4258765425730795
0.47405192
3.4045548
10.414778
10.967375144760846
-0.39743748
0.32561144
7.0245876
7.043352215018406
0.07182605
3.122039
6.9958572
7.661220883117904
-0.24899697
3.1028855
11.305421
11.72614350100876
0.6703765
1.3120226
5.4204726
5.61714607403883
0.33518824
3.3854012
7.603985
8.330299079352724
1.0486604
3.2561142
9.935937
10.508320735850234
-0.20111294
-0.17717093
9.227253
9.231144838760775
0.5410896
3.442862
5.995081
6.9344841527750205
0.009576807
3.2992098
8.863335
9.457461637640483
0.29688102
1.0965444
9.059659
9.130606405252431
0.46926352
3.7541082
5.995081
7.08904308495523
0.80924016
3.8786068
8.925584
9.765475389478974
-0.5410896
1.0103531
13.417107
13.465970135291787
0.80445176
3.3279405
5.841852
6.7712305822969
-0.34476504
4.10845
7.0102224
8.132738858786432
1.388637
1.6663644
14.101848
14.267697237054135
0.40701428
2.1212628
7.6231384
7.923235232856323
0.94331545
2.801216
8.882488
9.361370300669128
-0.5746084
3.9264908
11.022904
11.715456568457837
-0.89064306
1.13964
9.002198
9.11765317536643
-0.41180268
1.6519991
10.630256
10.765733427656082
-0.7469909
2.4756045
9.68694
10.02613695503961
-0.9624691
3.3806129
8.379706
9.087044147460198
