0.12928689
3.323152
8.537724
9.162574640779281
0.2873042
3.2848446
8.274361
8.907176401243612
0.51235914
3.4141316
8.628703
9.293725257537886
1.0821792
1.4413095
14.757859
14.867511306740436
0.5602432
0.41180268
10.352529
10.375851883442097
0.92895025
2.3798366
9.203311
9.551309258155234
0.37828386
4.237737
13.038822
13.71540725754195
-0.25857377
1.0534488
6.315904
6.408374266706612
-0.49799395
2.8203697
9.514558
9.936261561736496
0.62728083
4.7644615
10.28549
11.352748023950523
2.0685902
1.1204864
9.3661175
9.657055077431975
0.8283938
2.4420857
8.78672
9.157317740511333
0.61291564
3.8642416
12.119449
12.735347331552187
0.2633622
1.3982137
5.995081
6.161603275076511
-0.2681506
2.8443117
9.155427
9.590821456015739
-0.7469909
4.1611223
11.046846
11.828175956586076
1.3215994
1.3934253
9.452309
9.645433806239451
1.0151415
2.5570073
9.02614
9.436101342446566
1.0151415
3.6583402
11.247959
11.871417659697453
-0.10055647
1.6280571
7.603985
7.776970479333568
-0.10055647
2.6862943
8.580819
8.992037747857085
0.110133275
4.817134
9.864111
10.97805052747477
0.93373865
0.92895025
10.34774
10.431229403814298
0.6560113
2.0733786
8.619126
8.889239855301359
0.7326257
3.6487634
11.343728
11.938608807102419
-0.25857377
1.163582
8.288726
8.373993314905734
-0.39264908
2.1930888
9.864111
10.112590956308347
0.23463176
4.405331
9.830592
10.775088819239496
1.0055647
0.6655881
11.33894
11.402881699797218
0.89543146
1.982399
9.433155
9.680708541159925
0.37349546
3.4763808
12.545617
13.023717519110207
-0.3878607
1.0103531
8.599973
8.667801513708923
-0.6799533
2.2026656
10.089166
10.349170935407965
0.01436521
4.1659107
10.817003
11.591487365549908
0.35913026
0.89064306
10.242394
10.28731573595705
0.8810662
2.1308396
11.444284
11.674262562237939
-0.110133275
3.3039982
14.001291
14.386267450666603
-0.7086837
1.6950948
5.142745
5.461081048609554
-0.46447513
3.0502129
8.734048
9.262997954416035
-0.1436521
4.548983
10.34774
11.304406743230988
1.3024458
1.6280571
8.6574335
8.904947393091689
0.20111294
2.6910827
8.054094
8.494163304393153
0.8523358
3.41892
10.682928
11.24901966486014
0.58418524
1.2785037
7.991845
8.11451960788788
0.25378537
2.2936451
9.682152
9.95335534037333
0.79008657
3.8402996
11.8896055
12.519378899229025
0.272939
0.6464345
10.496181
10.519609215153897
1.1348516
2.2170308
9.045294
9.381921273243757
-0.110133275
3.9504328
11.530476
12.188925948232042
0.61770403
0.8571242
10.117896
10.172907013699428
-0.36391866
2.456451
8.619126
8.969722681766308
1.9393034
3.8881836
10.998962
11.826074944121755
0.076614454
0.6560113
11.631032
11.649768980952812
0.6799533
2.2601264
8.815451
9.125934709725458
0.15801731
4.122815
14.499286
15.074874669909418
-0.20111294
1.2641385
9.011775
9.102229304302625
-0.50278234
2.7102363
9.509769
9.901206095275125
0.91458505
4.247314
11.300632
12.107040475572402
1.0486604
0.60812724
11.061212
11.127439424328035
0.82360536
2.6671407
8.37013
8.823322981869293
-0.4309563
4.534618
12.780249
13.56772832692065
0.8714894
1.2018893
8.762778
8.887649762357867
-0.24899697
2.8874073
8.8777
9.338772778152016
0.5793968
3.3087866
11.501745
11.982233246528743
0.45010993
0.36870706
10.6637745
10.679636421444238
1.0151415
2.15957
9.653421
9.943982966659332
0.5554548
3.4763808
10.223241
10.812419207497106
-0.6943185
0.39743748
9.289502
9.323888177529282
-0.79966336
2.0733786
9.442732
9.700698229641933
-1.9871874
3.6822822
9.902418
10.750162877467943
