18.72168
-25.37294
-7.4728546
32.40572263312454
18.004501
-26.085434
-8.171295
32.731971495890875
18.004501
-23.947937
-8.869736
31.246407996685196
20.156067
-25.37294
-8.171295
33.41890363427842
19.438873
-26.085434
-7.4728546
33.379083390767526
19.438873
-24.660446
-6.774414
32.123202618736116
19.438873
-28.93544
-7.4728546
35.650708582873044
20.156067
-26.085434
-6.774414
33.65426598725078
18.72168
-25.37294
-8.171295
32.573875622143504
18.72168
-24.660446
-9.568176
32.406619151706494
18.004501
-24.660446
-7.4728546
31.43474589545331
19.438873
-24.660446
-8.171295
32.44653241596569
19.438873
-26.085434
-7.4728546
33.379083390767526
20.873245
-25.37294
-9.568176
34.220292844784545
19.438873
-25.37294
-8.869736
33.17119420521365
19.438873
-23.947937
-7.4728546
31.736681930858317
20.873245
-25.37294
-8.171295
33.85629059843883
20.156067
-25.37294
-7.4728546
33.255023777548445
20.873245
-25.37294
-8.869736
34.03161228572083
20.156067
-25.37294
-8.869736
33.59650788098184
20.156067
-25.37294
-8.869736
33.59650788098184
19.438873
-24.660446
-7.4728546
32.277716030544006
22.307617
-25.37294
-8.869736
34.92976001586076
20.156067
-23.235443
-6.075989
31.353955023337466
20.156067
-24.660446
-6.774414
32.56220759225716
21.590439
-24.660446
-7.4728546
33.61737904459723
19.438873
-25.37294
-6.774414
32.67336199389917
20.873245
-25.37294
-5.377548
33.292587197523225
22.307617
-24.660446
-5.377548
33.68509202606826
20.873245
-23.947937
-6.075989
32.34368017806473
21.590439
-25.37294
-5.377548
33.746867620843716
20.873245
-26.797943
-6.075989
34.50709703950406
22.307617
-24.660446
-5.377548
33.68509202606826
20.873245
-23.235443
-4.6791077
31.582782777468328
19.438873
-24.660446
-6.774414
32.123202618736116
22.307617
-25.37294
-5.377548
34.210142681735306
20.156067
-24.660446
-4.6791077
32.191593717222005
20.873245
-25.37294
-4.6791077
33.18693171300169
20.156067
-25.37294
-4.6791077
32.74060389722046
20.156067
-23.947937
-4.6791077
31.64908741001419
20.873245
-24.660446
-4.6791077
32.64542845519779
20.156067
-24.660446
-3.980667
32.09751339607069
20.873245
-24.660446
-4.6791077
32.64542845519779
21.590439
-24.660446
-4.6791077
33.10858968511797
20.873245
-24.660446
-4.6791077
32.64542845519779
20.873245
-23.947937
-3.980667
32.016273175478666
22.307617
-23.947937
-3.980667
32.969366478241014
22.307617
-26.085434
-4.6791077
34.64063733366943
21.590439
-25.37294
-3.980667
33.55262744694892
19.438873
-24.660446
-3.980667
31.65206390449227
21.590439
-24.660446
-3.980667
33.01712239268816
20.873245
-27.510437
-3.2822266
34.688464232093786
20.156067
-26.085434
-3.980667
33.20485841063492
21.590439
-26.085434
-5.377548
34.28578265955329
21.590439
-25.37294
-3.980667
33.55262744694892
19.438873
-25.37294
-3.2822266
32.13143250896425
19.438873
-25.37294
-5.377548
32.41255701944946
20.873245
-26.797943
-3.980667
34.200407112777
20.873245
-25.37294
-3.2822266
33.01895614406594
21.590439
-26.797943
-5.377548
34.8309463583571
20.156067
-26.085434
-4.6791077
33.295809975341676
21.590439
-26.085434
-3.2822266
34.02014102141829
20.156067
-27.510437
-5.377548
34.525485590697166
18.004501
-27.510437
-3.980667
33.11845269905717
20.156067
-26.085434
-4.6791077
33.295809975341676
21.590439
-26.085434
-4.6791077
34.18319714123995
20.873245
-28.222946
-3.2822266
35.2562068587974
19.438873
-25.37294
-3.980667
32.21027145048707
20.156067
-26.797943
-3.980667
33.76747594417778
22.307617
-27.510437
-5.377548
35.82418105473156
20.873245
-26.797943
-3.980667
34.200407112777
21.590439
-27.510437
-2.5838013
35.06632596661468
20.873245
-26.797943
-2.5838013
34.06608531876407
21.590439
-26.797943
-3.2822266
34.569494164043135
21.590439
-28.222946
-1.1869202
35.55405147338169
23.02481
-26.085434
-1.8853607
34.84460305850373
23.02481
-27.510437
-2.5838013
35.96723633869789
23.02481
-27.510437
-3.2822266
36.02414656507754
22.307617
-27.510437
-3.2822266
35.57003023306629
24.459183
-25.37294
-2.5838013
35.337143986422944
25.176376
-25.37294
-2.5838013
35.83729916886525
22.307617
-26.085434
-1.8853607
34.37490767033055
23.02481
-26.085434
-2.5838013
34.88936546091982
24.459183
-26.797943
-2.5838013
36.37385562525473
25.176376
-27.510437
-0.4884796
37.294942280778
22.307617
-25.37294
-3.2822266
33.94390909785952
24.459183
-26.797943
-2.5838013
36.37385562525473
23.742004
-25.37294
-2.5838013
34.84458203883263
23.742004
-26.797943
-0.4884796
35.805741822519714
24.459183
-27.510437
-2.5838013
36.901921779965434
25.176376
-27.510437
-1.1869202
37.31062698135998
25.176376
-23.947937
-1.1869202
34.76725944191694
23.742004
-26.797943
-1.1869202
35.822078575601424
25.176376
-25.37294
-1.1869202
35.76373582002707
23.742004
-27.510437
-1.1869202
36.35815962730203
25.176376
-26.797943
1.6068268
36.80436992407033
24.459183
-26.085434
0.90838623
35.770472926681265
24.459183
-26.797943
-0.4884796
36.28525864751673
23.742004
-26.085434
0.20996094
35.272889842094024
25.176376
-27.510437
-1.1869202
37.31062698135998
24.459183
-28.222946
0.20996094
37.3474288852116
24.459183
-26.797943
0.20996094
36.28257729322798
23.742004
-28.222946
-0.4884796
36.88436222517359
23.742004
-28.222946
0.90838623
36.8923125408177
25.893555
-27.510437
0.20996094
37.78021122693152
23.742004
-27.510437
1.6068268
36.37428854544787
22.307617
-26.797943
0.20996094
34.86837519683399
23.742004
-27.510437
-0.4884796
36.342063858134836
23.742004
-27.510437
-1.1869202
36.35815962730203
23.742004
-26.797943
-1.1869202
35.822078575601424
25.176376
-28.222946
0.20996094
37.821007242895945
22.307617
-28.93544
-0.4884796
36.539405767309965
23.02481
-27.510437
-0.4884796
35.87763526089843
23.02481
-29.647934
-0.4884796
37.5417167050744
23.02481
-28.222946
-0.4884796
36.42684670861331
23.02481
-28.93544
-0.4884796
36.98162055385165
22.307617
-29.647934
-0.4884796
37.10617749382338
22.307617
-29.647934
-1.8853607
37.15083210604946
23.02481
-28.93544
0.20996094
36.97898969294507
22.307617
-30.360443
1.6068268
37.708994440567494
21.590439
-29.647934
-1.8853607
36.72467372429944
20.873245
-30.360443
-0.4884796
36.84681125959206
21.590439
-29.647934
-1.1869202
36.69544805835085
22.307617
-28.93544
-1.1869202
36.555414644669945
20.873245
-29.647934
0.20996094
36.25929467316363
22.307617
-29.647934
-1.8853607
37.15083210604946
20.156067
-28.222946
-1.1869202
34.70173729496929
21.590439
-28.93544
-1.1869202
36.122230714032774
20.873245
-29.647934
-0.4884796
36.261977749061586
20.156067
-29.647934
-0.4884796
35.85395009346512
20.873245
-29.647934
-1.8853607
36.30767065293762
22.307617
-28.93544
-1.1869202
36.555414644669945
20.873245
-31.072937
-0.4884796
37.436057137784125
20.873245
-30.360443
-1.1869202
36.862686635887314
20.156067
-28.93544
-0.4884796
35.2670580125331
23.02481
-27.510437
-1.8853607
35.92381702830049
23.742004
-29.647934
-1.8853607
38.02942843059586
21.590439
-28.93544
-1.8853607
36.15191977905098
20.156067
-29.647934
-1.1869202
35.870264890579115
21.590439
-29.647934
-1.8853607
36.72467372429944
23.742004
-30.360443
-2.5838013
38.62790903537638
23.02481
-28.222946
-1.1869202
36.44290503168535
22.307617
-29.647934
-2.5838013
37.19281901298707
22.307617
-28.93544
-1.8853607
36.5847521762397
20.873245
-28.93544
-0.4884796
35.68179751397237
22.307617
-28.93544
-1.8853607
36.5847521762397
20.873245
-30.360443
-3.2822266
36.989483962717365
20.873245
-28.222946
-3.2822266
35.2562068587974
22.307617
-28.222946
-1.1869202
35.99407232014044
21.590439
-28.93544
-1.8853607
36.15191977905098
20.873245
-29.647934
-1.1869202
36.27810905062532
20.873245
-28.93544
-1.8853607
35.728232419151034
21.590439
-28.93544
-2.5838013
36.19506546025128
22.307617
-28.93544
-3.980667
36.75234998598304
21.590439
-28.93544
-2.5838013
36.19506546025128
20.156067
-28.93544
-2.5838013
35.358206385350805
20.156067
-29.647934
-3.2822266
36.000557789190054
21.590439
-27.510437
-3.980667
35.19683074555506
21.590439
-29.647934
-3.980667
36.89163587930959
20.873245
-26.797943
-3.980667
34.200407112777
20.873245
-29.647934
-2.5838013
36.35063146911103
19.438873
-28.93544
-2.5838013
34.95433509583879
20.156067
-30.360443
-3.2822266
36.58956997368752
20.873245
-30.360443
-4.6791077
37.13950585976895
20.156067
-28.222946
-2.5838013
34.777547113089
21.590439
-28.93544
-2.5838013
36.19506546025128
20.156067
-29.647934
-2.5838013
35.9436102142561
21.590439
-31.072937
-3.2822266
37.97956700339835
20.156067
-29.647934
-5.377548
36.25169042394782
20.873245
-28.222946
-5.377548
35.51260367153118
18.72168
-30.360443
-5.377548
36.07181422177155
19.438873
-29.647934
-3.2822266
35.60397200124763
20.156067
-31.072937
-4.6791077
37.33213731575651
20.156067
-29.647934
-4.6791077
36.15468341463523
19.438873
-28.93544
-4.6791077
35.17134571736362
18.72168
-29.647934
-5.377548
35.47420456406493
19.438873
-27.510437
-6.774414
34.35966632436752
19.438873
-28.93544
-5.377548
35.271057332486684
16.57013
-31.072937
-5.377548
35.62323015066415
18.004501
-28.93544
-6.075989
34.61703851384098
18.72168
-29.647934
-6.075989
35.586778770242574
20.156067
-28.222946
-6.774414
35.336871084008166
19.438873
-28.93544
-6.075989
35.38427785246754
18.004501
-31.072937
-5.377548
36.312634466188214
18.72168
-27.510437
-3.980667
33.513745576675326
19.438873
-30.360443
-4.6791077
36.35272184778174
18.004501
-29.647934
-5.377548
35.100998249693696
18.72168
-28.93544
-5.377548
34.88092537588596
19.438873
-28.93544
-6.774414
35.51087462731487
19.438873
-29.647934
-4.6791077
35.75980696180158
18.72168
-28.93544
-6.075989
34.99540811116778
19.438873
-30.360443
-6.075989
36.558773848592075
21.590439
-28.222946
-5.377548
35.938833195379516
18.72168
-29.647934
-4.6791077
35.375065564206025
20.156067
-28.222946
-3.980667
34.90913148357461
20.156067
-28.93544
-4.6791077
35.572753286289036
20.156067
-29.647934
-7.4728546
36.62117687490566
19.438873
-28.93544
-4.6791077
35.17134571736362
20.156067
-28.93544
-7.4728546
36.0467784865418
19.438873
-27.510437
-6.774414
34.35966632436752
19.438873
-29.647934
-4.6791077
35.75980696180158
19.438873
-29.647934
-5.377548
35.85788225378853
20.156067
-28.222946
-5.377548
35.09586480716069
19.438873
-31.072937
-4.6791077
36.94984789908647
19.438873
-29.647934
-4.6791077
35.75980696180158
19.438873
-28.93544
-5.377548
35.271057332486684
19.438873
-28.93544
-4.6791077
35.17134571736362
19.438873
-30.360443
-5.377548
36.44920179542259
18.72168
-26.797943
-5.377548
33.12927817302431
19.438873
-29.647934
-4.6791077
35.75980696180158
19.438873
-29.647934
-3.2822266
35.60397200124763
18.004501
-28.93544
-4.6791077
34.39935749252357
19.438873
-29.647934
-5.377548
35.85788225378853
18.72168
-30.360443
-6.075989
36.18252914099652
20.873245
-28.93544
-5.377548
36.08143560222054
19.438873
-27.510437
-6.075989
34.22881201949061
18.72168
-29.647934
-3.980667
35.289473272183095
20.873245
-28.93544
-4.6791077
35.98396961614904
18.72168
-29.647934
-5.377548
35.47420456406493
17.287308
-29.647934
-3.2822266
34.47642883924918
18.004501
-29.647934
-4.6791077
35.00080216714683
18.72168
-30.360443
-3.2822266
35.81942048371334
18.72168
-30.360443
-5.377548
36.07181422177155
18.72168
-30.360443
-5.377548
36.07181422177155
18.004501
-28.93544
-6.075989
34.61703851384098
17.287308
-30.360443
-5.377548
35.34862815860486
18.72168
-31.072937
-5.377548
36.67351435673213
17.287308
-29.647934
-5.377548
34.73858147605843
17.287308
-30.360443
-4.6791077
35.2491359740074
16.57013
-31.072937
-4.6791077
35.52450704212428
15.852936
-30.360443
-6.075989
34.78490687200053
17.287308
-31.072937
-4.6791077
35.864640817070786
15.852936
-30.360443
-6.774414
34.913677029926255
17.287308
-31.072937
-3.2822266
35.70926335361474
17.287308
-31.072937
-5.377548
35.96243021152422
17.287308
-29.647934
-6.774414
34.98204931695773
17.287308
-28.93544
-3.980667
33.94048351008626
15.852936
-31.072937
-5.377548
35.29533944203009
17.287308
-32.49794
-6.774414
37.428060879652016
17.287308
-30.360443
-6.075989
35.46160101411631
15.852936
-30.360443
-7.4728546
35.0558932194583
15.852936
-30.360443
-3.980667
34.48068802503349
17.287308
-33.210434
-7.4728546
38.178887377793636
18.004501
-31.072937
-5.377548
36.312634466188214
15.852936
-31.785446
-4.6791077
35.82630555781429
16.57013
-31.072937
-6.075989
35.735334896377424
15.135742
-30.360443
-5.377548
34.347709337286965
15.852936
-30.360443
-7.4728546
35.0558932194583
16.57013
-31.785446
-7.4728546
36.615943179465894
16.57013
-31.785446
-7.4728546
36.615943179465894
17.287308
-31.785446
-6.075989
36.689005572280266
16.57013
-31.072937
-3.980667
35.43927568027015
15.135742
-31.785446
-6.774414
35.85105261540883
16.57013
-31.785446
-7.4728546
36.615943179465894
15.135742
-32.49794
-5.377548
36.250858691338266
15.852936
-30.360443
-8.171295
35.21139251841565
17.287308
-31.072937
-6.774414
36.19766730279815
17.287308
-31.072937
-8.171295
36.48490698220293
15.852936
-32.49794
-8.171295
37.07022606022588
16.57013
-30.360443
-7.4728546
35.3860027334697
18.004501
-30.360443
-6.774414
35.94177624014811
16.57013
-31.785446
-7.4728546
36.615943179465894
17.287308
-31.072937
-7.4728546
36.33485824697993
16.57013
-31.072937
-7.4728546
35.9991675386607
16.57013
-30.360443
-8.171295
35.540057725403315
16.57013
-30.360443
-7.4728546
35.3860027334697
15.852936
-29.647934
-7.4728546
34.44065994746889
15.852936
-30.360443
-8.171295
35.21139251841565
15.135742
-31.785446
-6.075989
35.725661309156514
15.852936
-29.647934
-9.568176
34.95519418607108
14.418564
-31.785446
-8.869736
36.012245638636585
15.135742
-31.785446
-8.171295
36.14104720354337
15.852936
-30.360443
-6.774414
34.913677029926255
14.418564
-32.49794
-8.171295
36.47987291548159
15.852936
-30.360443
-7.4728546
35.0558932194583
15.852936
-31.072937
-8.171295
35.82754578685756
15.135742
-30.360443
-7.4728546
34.73745347356546
14.418564
-30.360443
-6.774414
34.28620990213303
16.57013
-33.210434
-7.4728546
37.859552336563624
14.418564
-33.210434
-6.774414
36.833689784285795
13.70137
-31.785446
-6.774414
35.269460081678666
13.70137
-31.785446
-7.4728546
35.410247388534124
14.418564
-33.922943
-5.377548
37.25022283909856
15.852936
-33.210434
-4.6791077
37.09639575652869
14.418564
-33.922943
-7.4728546
37.609900806461525
13.70137
-34.635437
-8.171295
38.132808498514436
12.984192
-31.785446
-6.075989
34.868630760797195
13.70137
-32.49794
-7.4728546
36.05117381985034
13.70137
-33.210434
-8.869736
37.00449653314952
15.135742
-33.210434
-7.4728546
37.25408954061285
12.984192
-33.922943
-7.4728546
37.08367366563165
13.70137
-32.49794
-8.171295
36.202398366143335
12.984192
-31.785446
-7.4728546
35.13897144842355
13.70137
-33.210434
-6.075989
36.43594550714994
12.266998
-32.49794
-7.4728546
35.53081539696827
12.984192
-34.635437
-8.171295
37.88103454659485
12.984192
-31.785446
-10.266602
35.8372276378297
12.984192
-32.49794
-7.4728546
35.78475692421286
12.266998
-33.210434
-8.171295
36.33431230911853
12.984192
-31.785446
-8.171295
35.294104721964544
12.984192
-32.49794
-8.869736
36.102320749178475
13.70137
-32.49794
-8.869736
36.366411276624824
12.266998
-32.49794
-10.266602
36.22151864687533
13.70137
-33.922943
-8.869736
37.64526389274868
13.70137
-32.49794
-8.171295
36.202398366143335
13.70137
-33.210434
-8.171295
36.84332425273522
13.70137
-33.210434
-7.4728546
36.69474115347201
15.135742
-33.210434
-7.4728546
37.25408954061285
12.266998
-33.210434
-8.171295
36.33431230911853
12.266998
-31.785446
-6.774414
34.73739373409439
13.70137
-31.785446
-8.171295
35.56419735898819
15.852936
-34.635437
-8.869736
39.11011785151478
13.70137
-35.347946
-7.4728546
38.63998369362687
14.418564
-33.210434
-7.4728546
36.96852051122769
14.418564
-32.49794
-7.4728546
36.3298033886479
15.135742
-31.785446
-8.869736
36.305337274957765
11.549805
-34.635437
-6.075989
37.01255296718179
14.418564
-35.347946
-6.075989
38.65604631868329
13.70137
-34.635437
-4.6791077
37.53978033262681
15.135742
-33.210434
-3.980667
36.71334069198314
14.418564
-34.635437
-4.6791077
37.80744090639599
14.418564
-33.210434
-4.6791077
36.50646580947596
13.70137
-34.635437
-6.075989
37.73935170339029
15.852936
-34.635437
-6.075989
38.572615670803295
15.135742
-33.210434
-6.075989
36.99920653446081
15.135742
-34.635437
-6.774414
38.40048077600234
13.70137
-33.922943
-6.075989
37.08653738060231
13.70137
-32.49794
-5.377548
35.67578445780397
12.984192
-33.922943
-6.774414
36.949263143870674
14.418564
-36.06044
-7.4728546
39.54862667742475
12.984192
-35.347946
-4.6791077
37.9468123995819
13.70137
-36.06044
-5.377548
38.9486951577609
15.852936
-34.635437
-4.6791077
38.37737771288168
14.418564
-33.922943
-5.377548
37.25022283909856
