21.590439
-28.222946
-7.4728546
36.31150325385452
19.438873
-26.797943
-6.075989
33.65883411911073
21.590439
-27.510437
-6.075989
35.49491222619535
20.873245
-26.085434
-6.774414
34.08863318042211
20.156067
-26.797943
-8.171295
34.513283646255324
20.873245
-26.797943
-7.4728546
34.78024797804154
23.02481
-28.222946
-7.4728546
37.18225409427527
20.156067
-25.37294
-6.774414
33.105072130736254
20.873245
-23.947937
-8.171295
32.801921657932255
20.873245
-28.222946
-8.171295
36.04160193876654
20.873245
-26.085434
-7.4728546
34.234276942465684
21.590439
-26.085434
-7.4728546
34.67622282901498
18.72168
-26.797943
-7.4728546
33.533186686848
20.156067
-26.797943
-8.869736
34.68528462801714
21.590439
-26.797943
-7.4728546
35.21534269786573
20.156067
-26.085434
-8.171295
33.963023105674246
20.873245
-26.797943
-7.4728546
34.78024797804154
22.307617
-26.797943
-6.774414
35.51974411056036
20.873245
-25.37294
-8.171295
33.85629059843883
19.438873
-27.510437
-7.4728546
34.50416606130248
21.590439
-25.37294
-8.869736
34.476156205117874
21.590439
-23.947937
-7.4728546
33.0982516561723
22.307617
-24.660446
-7.4728546
34.082414261816346
20.156067
-25.37294
-8.171295
33.41890363427842
22.307617
-25.37294
-6.075989
34.32686260195869
20.156067
-26.797943
-3.980667
33.76747594417778
20.873245
-25.37294
-6.774414
33.54655114538602
20.156067
-26.797943
-5.377548
33.96048729428989
21.590439
-26.797943
-6.075989
34.945592826675764
20.156067
-26.085434
-5.377548
33.4011210544693
20.156067
-24.660446
-5.377548
32.300505132829386
22.307617
-24.660446
-6.075989
33.80362493274575
20.156067
-26.085434
-6.075989
33.520658130239255
20.873245
-26.797943
-6.075989
34.50709703950406
20.873245
-23.947937
-6.774414
32.482129627184044
20.156067
-25.37294
-6.075989
32.9692387404532
22.307617
-26.085434
-4.6791077
34.64063733366943
20.873245
-25.37294
-3.980667
33.0956809369393
21.590439
-25.37294
-6.075989
33.86518430494381
20.873245
-24.660446
-4.6791077
32.64542845519779
20.873245
-24.660446
-5.377548
32.752830790707044
22.307617
-23.947937
-6.075989
33.28740040001059
21.590439
-25.37294
-6.774414
33.99743822207877
23.02481
-23.947937
-5.377548
33.65358044194555
20.873245
-23.947937
-4.6791077
32.110591521967095
20.873245
-25.37294
-4.6791077
33.18693171300169
23.02481
-25.37294
-5.377548
34.682069535505306
22.307617
-25.37294
-6.075989
34.32686260195869
20.873245
-24.660446
-4.6791077
32.64542845519779
22.307617
-26.085434
-5.377548
34.74187215254904
21.590439
-23.947937
-4.6791077
32.58135662928552
19.438873
-26.085434
-6.774414
33.22969157762001
21.590439
-24.660446
-6.774414
33.469050900258026
21.590439
-25.37294
-6.075989
33.86518430494381
20.873245
-26.085434
-4.6791077
33.73479294264028
22.307617
-26.797943
-4.6791077
35.18030080106088
20.873245
-26.085434
-7.4728546
34.234276942465684
20.873245
-26.085434
-2.5838013
33.50848008049138
20.156067
-26.797943
-3.980667
33.76747594417778
21.590439
-26.085434
-4.6791077
34.18319714123995
21.590439
-25.37294
-4.6791077
33.642638844738386
19.438873
-24.660446
-6.774414
32.123202618736116
20.156067
-26.085434
-3.980667
33.20485841063492
20.156067
-26.085434
-4.6791077
33.295809975341676
20.873245
-25.37294
-4.6791077
33.18693171300169
21.590439
-27.510437
-4.6791077
35.282647780105734
21.590439
-26.085434
-6.075989
34.402245949460735
22.307617
-26.085434
-3.980667
34.55322582681771
19.438873
-26.797943
-5.377548
33.539789511396016
21.590439
-26.085434
-3.980667
34.09461287290303
21.590439
-26.797943
-4.6791077
34.72997118394284
22.307617
-26.797943
-3.2822266
35.02188733882624
23.02481
-24.660446
-4.6791077
34.061320937162364
23.02481
-25.37294
-4.6791077
34.58065964501509
23.02481
-25.37294
-2.5838013
34.35991856664172
23.742004
-26.085434
-4.6791077
35.58126941803001
21.590439
-25.37294
-3.2822266
33.47694993212214
23.742004
-24.660446
-2.5838013
34.3292362274627
23.02481
-25.37294
-1.8853607
34.3144655203212
23.742004
-26.085434
-3.980667
35.4961743509732
24.459183
-24.660446
-1.1869202
34.753389700907235
24.459183
-25.37294
-2.5838013
35.337143986422944
24.459183
-24.660446
-2.5838013
34.82908709135494
24.459183
-27.510437
-3.2822266
36.95739272396153
26.610748
-24.660446
-3.980667
36.49815384885926
25.176376
-24.660446
-2.5838013
35.33643409030897
24.459183
-25.37294
-1.8853607
35.292949510578595
25.893555
-26.797943
-3.2822266
37.408274864263824
25.893555
-25.37294
-3.2822266
36.40103402817443
24.459183
-24.660446
-1.1869202
34.753389700907235
25.176376
-24.660446
-2.5838013
35.33643409030897
23.742004
-26.797943
-2.5838013
35.89552235851465
26.610748
-25.37294
-2.5838013
36.85911005627543
25.176376
-25.37294
-1.1869202
35.76373582002707
24.459183
-26.085434
-1.1869202
35.77862981672859
24.459183
-27.510437
-1.1869202
36.8304849159039
23.02481
-25.37294
-0.4884796
34.26611483633011
24.459183
-27.510437
-1.8853607
36.85960351243282
24.459183
-26.797943
-1.8853607
36.330922271337094
25.176376
-26.085434
-1.8853607
36.302263980600266
23.742004
-26.797943
-1.8853607
35.852016197554185
23.742004
-26.797943
-0.4884796
35.805741822519714
23.742004
-26.797943
-0.4884796
35.805741822519714
21.590439
-28.93544
-3.2822266
36.25161802692829
24.459183
-28.222946
-3.980667
37.55838228782125
24.459183
-25.37294
-3.980667
35.466652264508454
24.459183
-27.510437
-4.6791077
37.10754436274129
23.742004
-27.510437
-2.5838013
36.43052268906442
25.176376
-26.085434
-1.8853607
36.302263980600266
23.02481
-28.93544
-3.2822266
37.123775166558524
22.307617
-28.222946
-2.5838013
36.06716587287616
23.02481
-28.93544
-3.2822266
37.123775166558524
23.742004
-27.510437
-2.5838013
36.43052268906442
22.307617
-27.510437
-2.5838013
35.51239227203389
22.307617
-28.93544
0.20996094
36.536743064345515
21.590439
-28.93544
-1.1869202
36.122230714032774
20.873245
-28.93544
-1.1869202
35.69819098839253
23.02481
-28.222946
-1.1869202
36.44290503168535
22.307617
-29.647934
-1.1869202
37.121941951071875
22.307617
-28.93544
-0.4884796
36.539405767309965
20.156067
-28.93544
0.90838623
35.27537283588846
23.02481
-28.93544
-0.4884796
36.98162055385165
22.307617
-27.510437
-2.5838013
35.51239227203389
23.742004
-28.93544
-1.8853607
37.47662031603837
21.590439
-29.647934
-1.8853607
36.72467372429944
23.02481
-30.360443
-1.8853607
38.150399774179135
20.873245
-29.647934
-1.1869202
36.27810905062532
20.156067
-28.93544
-2.5838013
35.358206385350805
21.590439
-28.222946
-0.4884796
35.537591507532554
21.590439
-28.222946
-3.980667
35.75650242711544
22.307617
-27.510437
-0.4884796
35.42164065868668
20.873245
-28.222946
-1.1869202
35.12315282342706
21.590439
-27.510437
-2.5838013
35.06632596661468
22.307617
-28.222946
-1.8853607
36.02386700703611
21.590439
-29.647934
-0.4884796
36.67950029904306
22.307617
-28.222946
-1.1869202
35.99407232014044
23.02481
-30.360443
-2.5838013
38.19128778780083
22.307617
-27.510437
-1.8853607
35.46841616032319
20.873245
-27.510437
-1.1869202
34.55322406040788
22.307617
-27.510437
-1.1869202
35.438154480287906
23.02481
-29.647934
-3.2822266
37.68175841162654
23.02481
-28.222946
0.20996094
36.42417577728681
20.873245
-28.93544
-1.8853607
35.728232419151034
23.02481
-29.647934
-2.5838013
37.62735535609366
21.590439
-29.647934
-1.8853607
36.72467372429944
21.590439
-29.647934
-1.8853607
36.72467372429944
22.307617
-30.360443
-1.1869202
37.69343664373978
21.590439
-28.93544
-1.8853607
36.15191977905098
21.590439
-29.647934
-0.4884796
36.67950029904306
19.438873
-28.222946
-2.5838013
34.366850951693806
21.590439
-28.222946
-0.4884796
35.537591507532554
20.873245
-27.510437
-2.5838013
34.62935900190491
20.873245
-28.93544
-1.1869202
35.69819098839253
20.873245
-28.93544
-2.5838013
35.77188912760707
19.438873
-29.647934
-1.1869202
35.47222243464772
20.873245
-28.93544
-2.5838013
35.77188912760707
21.590439
-30.360443
-2.5838013
37.34407034381429
22.307617
-29.647934
-1.8853607
37.15083210604946
19.438873
-30.360443
-2.5838013
36.14280520607196
20.873245
-30.360443
-3.2822266
36.989483962717365
20.873245
-28.222946
-4.6791077
35.413572168732145
19.438873
-29.647934
-3.2822266
35.60397200124763
20.156067
-28.222946
-4.6791077
34.995654027053845
20.873245
-28.93544
-4.6791077
35.98396961614904
18.72168
-29.647934
-4.6791077
35.375065564206025
20.156067
-29.647934
-5.377548
36.25169042394782
18.72168
-28.222946
-3.2822266
34.02659195336697
19.438873
-28.222946
-3.980667
34.50000176913492
18.72168
-27.510437
-5.377548
33.70820980418754
19.438873
-29.647934
-3.980667
35.67513775869075
20.873245
-29.647934
-4.6791077
36.55935483267245
18.72168
-30.360443
-4.6791077
35.97432216830152
18.72168
-30.360443
-6.075989
36.18252914099652
19.438873
-28.93544
-4.6791077
35.17134571736362
19.438873
-30.360443
-4.6791077
36.35272184778174
20.156067
-29.647934
-5.377548
36.25169042394782
19.438873
-28.93544
-6.075989
35.38427785246754
18.004501
-30.360443
-3.980667
35.521321515768
18.004501
-31.072937
-5.377548
36.312634466188214
17.287308
-30.360443
-3.980667
35.16323715288899
20.156067
-28.93544
-4.6791077
35.572753286289036
18.004501
-28.93544
-4.6791077
34.39935749252357
18.004501
-31.072937
-6.774414
36.54561742973174
18.72168
-29.647934
-6.075989
35.586778770242574
20.156067
-30.360443
-4.6791077
36.74122483721879
18.72168
-30.360443
-3.2822266
35.81942048371334
19.438873
-30.360443
-3.980667
36.269436801506
20.156067
-28.222946
-6.075989
35.20964868259214
19.438873
-28.93544
-5.377548
35.271057332486684
18.72168
-29.647934
-5.377548
35.47420456406493
20.873245
-30.360443
-5.377548
37.23394716235525
19.438873
-28.222946
-5.377548
34.68893754059516
20.873245
-28.222946
-3.980667
35.32807317001948
19.438873
-28.93544
-5.377548
35.271057332486684
20.156067
-28.222946
-4.6791077
34.995654027053845
20.156067
-29.647934
-4.6791077
36.15468341463523
18.72168
-28.93544
-6.075989
34.99540811116778
20.156067
-29.647934
-4.6791077
36.15468341463523
20.156067
-29.647934
-5.377548
36.25169042394782
20.156067
-28.93544
-3.980667
35.48763779858329
20.156067
-29.647934
-3.980667
36.07094111565084
19.438873
-28.222946
-3.2822266
34.426406873712146
20.873245
-29.647934
-3.980667
36.47654158411266
19.438873
-29.647934
-4.6791077
35.75980696180158
21.590439
-28.93544
-4.6791077
36.40468076017149
20.873245
-27.510437
-3.980667
34.76150432039999
18.004501
-30.360443
-2.5838013
35.39201328678813
19.438873
-28.93544
-4.6791077
35.17134571736362
20.156067
-27.510437
-2.5838013
34.201859772738416
18.004501
-31.072937
-3.980667
36.13219002842202
18.72168
-31.072937
-1.8853607
36.3260684901783
20.156067
-29.647934
-3.980667
36.07094111565084
18.004501
-30.360443
-2.5838013
35.39201328678813
18.72168
-31.785446
-0.4884796
36.892473018621125
20.156067
-31.072937
-1.8853607
37.085698038778204
17.287308
-30.360443
-1.8853607
34.98802808640407
18.72168
-30.360443
-4.6791077
35.97432216830152
18.004501
-31.072937
-4.6791077
36.215790700932516
18.004501
-31.072937
-5.377548
36.312634466188214
17.287308
-31.072937
-4.6791077
35.864640817070786
18.004501
-30.360443
-3.980667
35.521321515768
14.418564
-32.49794
-2.5838013
35.64669877827486
16.57013
-31.785446
-3.2822266
35.9952338560477
17.287308
-31.072937
-3.2822266
35.70926335361474
16.57013
-31.072937
-3.980667
35.43927568027015
14.418564
-32.49794
-4.6791077
35.859519675634075
15.852936
-31.072937
-2.5838013
34.97883707284663
15.852936
-32.49794
-3.980667
36.376879246988736
16.57013
-33.210434
-3.2822266
37.259566134815465
15.852936
-31.785446
-3.980667
35.74179388444465
16.57013
-32.49794
-3.980667
36.69510874570854
15.135742
-33.210434
-1.8853607
36.54556398621196
16.57013
-31.072937
-5.377548
35.62323015066415
15.852936
-32.49794
-4.6791077
36.45991886433306
17.287308
-31.072937
-4.6791077
35.864640817070786
16.57013
-31.072937
-3.980667
35.43927568027015
15.135742
-31.785446
-4.6791077
35.514776029228315
16.57013
-32.49794
-6.774414
37.10226412134019
14.418564
-30.360443
-6.774414
34.28620990213303
13.70137
-32.49794
-5.377548
35.67578445780397
15.135742
-30.360443
-3.980667
34.15688614457925
15.852936
-33.210434
-4.6791077
37.09639575652869
14.418564
-31.072937
-4.6791077
34.5733482071089
15.135742
-32.49794
-5.377548
36.250858691338266
17.287308
-32.49794
-5.377548
37.20060496504895
15.135742
-32.49794
-5.377548
36.250858691338266
15.135742
-32.49794
-3.980667
36.07010521518304
15.852936
-32.49794
-6.075989
36.66536844440626
15.135742
-33.210434
-3.980667
36.71334069198314
15.135742
-32.49794
-6.075989
36.36102844596722
15.135742
-33.210434
-5.377548
36.89094266063996
14.418564
-31.785446
-3.980667
35.129123214956024
16.57013
-32.49794
-3.980667
36.69510874570854
15.135742
-33.922943
-5.377548
37.53364864056567
15.852936
-32.49794
-4.6791077
36.45991886433306
15.852936
-33.210434
-4.6791077
37.09639575652869
17.287308
-33.210434
-2.5838013
37.5294545782043
15.852936
-31.785446
-5.377548
35.92419930496886
14.418564
-32.49794
-4.6791077
35.859519675634075
17.287308
-33.922943
-4.6791077
38.36028193938035
15.852936
-33.210434
-3.980667
37.01478405017717
13.70137
-33.210434
-3.980667
36.14562526206923
15.135742
-31.785446
-3.980667
35.429521257879
16.57013
-33.922943
-4.6791077
38.04246798141766
15.135742
-33.922943
-4.6791077
37.43996333454652
15.135742
-31.785446
-5.377548
35.61352611280579
16.57013
-33.922943
-4.6791077
38.04246798141766
15.852936
-33.210434
-5.377548
37.19094653146448
15.135742
-33.210434
-4.6791077
36.795620997740684
13.70137
-34.635437
-3.2822266
37.39136445413817
15.135742
-36.06044
-1.8853607
39.15355169523657
14.418564
-34.635437
-1.8853607
37.56411998638544
15.135742
-32.49794
-3.2822266
35.99972025444694
15.135742
-33.922943
-3.2822266
37.29115019428202
13.70137
-32.49794
-2.5838013
35.362687303432025
14.418564
-34.635437
-3.980667
37.72736736172927
12.984192
-36.06044
-4.6791077
38.61137945019415
10.832626
-33.922943
-3.2822266
35.761501782861764
12.984192
-35.347946
-3.980667
37.867033570710454
12.266998
-34.635437
-5.377548
37.13503389237042
12.266998
-35.347946
-3.980667
37.62714772732249
10.832626
-36.06044
-3.980667
37.86220906127903
11.549805
-35.347946
-5.377548
37.57383681354121
12.266998
-34.635437
-3.980667
36.95860490552234
11.549805
-35.347946
-6.075989
37.680138623413896
12.266998
-33.922943
-5.377548
36.47140427894332
10.832626
-35.347946
-3.980667
37.184255044873325
12.266998
-33.210434
-5.377548
35.80963837007172
12.266998
-34.635437
-4.6791077
37.040340392688755
12.266998
-34.635437
-4.6791077
37.040340392688755
12.266998
-36.06044
-5.377548
38.467552085836736
13.70137
-34.635437
-4.6791077
37.53978033262681
12.984192
-33.922943
-3.980667
36.54040297813761
10.832626
-33.210434
-6.075989
35.45696562218505
13.70137
-32.49794
-4.6791077
35.577207182386275
13.70137
-34.635437
-3.980667
37.459134634667215
12.984192
-35.347946
-3.2822266
37.79999470382734
15.135742
-34.635437
-3.980667
38.00723518960321
13.70137
-34.635437
-2.5838013
37.3365382680793
12.266998
-34.635437
-3.980667
36.95860490552234
13.70137
-33.210434
-3.2822266
36.07538764517992
15.135742
-33.210434
-4.6791077
36.795620997740684
13.70137
-33.922943
-3.980667
36.80134991367504
14.418564
-34.635437
-2.5838013
37.60564545799606
13.70137
-33.922943
-1.8853607
36.6339762757667
14.418564
-35.347946
-1.8853607
38.222073202310895
13.70137
-34.635437
-2.5838013
37.3365382680793
14.418564
-33.210434
-3.2822266
36.3538316305001
16.57013
-33.210434
-3.980667
37.32757560290549
15.852936
-33.922943
-3.2822266
37.587959991573435
15.135742
-35.347946
-4.6791077
38.73579786364046
15.135742
-33.210434
-3.2822266
36.644191257683495
15.135742
-34.635437
-3.980667
38.00723518960321
17.287308
-34.635437
-3.2822266
38.84890823303066
15.852936
-33.922943
-3.2822266
37.587959991573435
17.287308
-33.210434
-3.980667
37.65142279744386
17.287308
-32.49794
-3.980667
37.0244884386081
15.852936
-33.922943
-3.980667
37.65537635137993
15.852936
-33.210434
-5.377548
37.19094653146448
17.287308
-33.210434
-3.980667
37.65142279744386
15.852936
-34.635437
-2.5838013
38.178594821431844
15.135742
-33.922943
-1.8853607
37.19423849137289
15.852936
-34.635437
-4.6791077
38.37737771288168
15.852936
-36.06044
-3.2822266
39.52776201262301
15.135742
-34.635437
-3.980667
38.00723518960321
15.135742
-36.772934
-3.2822266
39.90128352268649
15.135742
-34.635437
-3.980667
38.00723518960321
14.418564
-35.347946
-2.5838013
38.262884625231145
14.418564
-33.922943
-2.5838013
36.950468984887394
