18.72168
-28.93544
-6.774414
35.12340653358437
18.72168
-28.93544
-6.774414
35.12340653358437
20.156067
-26.085434
-8.869736
34.13779665057852
18.004501
-29.647934
-6.774414
35.34196952025046
18.004501
-29.647934
-6.774414
35.34196952025046
17.287308
-28.93544
-7.4728546
34.52469005846124
19.438873
-30.360443
-6.075989
36.558773848592075
19.438873
-28.222946
-6.774414
34.93275138234355
20.156067
-28.222946
-8.171295
35.63105074711873
18.72168
-27.510437
-7.4728546
34.105262721646056
20.156067
-28.93544
-7.4728546
36.0467784865418
19.438873
-28.222946
-7.4728546
35.07489023225429
20.873245
-26.797943
-8.171295
34.93697415469659
20.156067
-27.510437
-6.075989
34.64114301033527
18.72168
-28.222946
-7.4728546
34.68255173039103
20.156067
-26.797943
-7.4728546
34.3546246431976
19.438873
-28.222946
-7.4728546
35.07489023225429
20.156067
-28.93544
-6.075989
35.7832968846849
20.156067
-28.93544
-8.171295
36.19802139523219
20.873245
-26.085434
-6.075989
33.956734449194684
20.156067
-26.797943
-6.774414
34.20949325422605
19.438873
-26.797943
-6.075989
33.65883411911073
18.004501
-26.085434
-6.075989
32.27273680702684
18.004501
-26.085434
-6.774414
32.41148930042979
18.72168
-28.222946
-6.075989
34.40862524442
18.72168
-26.085434
-4.6791077
32.44757640939844
20.156067
-24.660446
-5.377548
32.300505132829386
19.438873
-26.797943
-7.4728546
33.93881284868587
20.156067
-26.797943
-6.075989
34.07806231367458
18.72168
-26.797943
-3.980667
32.9313954554104
20.156067
-26.085434
-6.774414
33.65426598725078
20.156067
-25.37294
-3.980667
32.6481056680313
20.873245
-27.510437
-3.980667
34.76150432039999
19.438873
-26.797943
-5.377548
33.539789511396016
20.156067
-26.085434
-5.377548
33.4011210544693
19.438873
-25.37294
-3.980667
32.21027145048707
19.438873
-26.085434
-3.980667
32.77446269999613
18.004501
-25.37294
-4.6791077
31.46175715191282
20.156067
-26.797943
-3.980667
33.76747594417778
19.438873
-25.37294
-5.377548
32.41255701944946
20.156067
-26.085434
-6.075989
33.520658130239255
19.438873
-24.660446
-4.6791077
31.747464296504255
19.438873
-25.37294
-4.6791077
32.3040233834396
19.438873
-25.37294
-4.6791077
32.3040233834396
20.156067
-25.37294
-5.377548
32.84769503840319
20.873245
-23.947937
-3.980667
32.016273175478666
18.004501
-23.947937
-4.6791077
30.32424466418125
20.156067
-23.235443
-6.075989
31.353955023337466
20.156067
-23.947937
-6.075989
31.885550873274678
18.72168
-26.085434
-4.6791077
32.44757640939844
18.004501
-25.37294
-3.980667
31.365487773063364
19.438873
-24.660446
-6.075989
31.983200431840483
19.438873
-25.37294
-4.6791077
32.3040233834396
18.004501
-25.37294
-4.6791077
31.46175715191282
18.004501
-25.37294
-4.6791077
31.46175715191282
18.004501
-24.660446
-4.6791077
30.890026312483734
18.72168
-25.37294
-6.075989
32.11238010572694
20.156067
-25.37294
-6.075989
32.9692387404532
19.438873
-25.37294
-5.377548
32.41255701944946
18.004501
-26.085434
-6.075989
32.27273680702684
18.004501
-23.947937
-5.377548
30.439839048022762
19.438873
-26.797943
-6.774414
33.79189565434385
20.156067
-23.235443
-4.6791077
31.113451672869726
19.438873
-25.37294
-6.774414
32.67336199389917
19.438873
-23.235443
-5.377548
30.768062093988487
20.156067
-26.085434
-3.2822266
33.128386471942385
20.156067
-25.37294
-3.980667
32.6481056680313
19.438873
-25.37294
-6.075989
32.53572630706321
21.590439
-25.37294
-4.6791077
33.642638844738386
21.590439
-25.37294
-4.6791077
33.642638844738386
21.590439
-23.947937
-5.377548
32.688969478800296
19.438873
-24.660446
-5.377548
31.857895035206244
22.307617
-25.37294
-6.075989
34.32686260195869
20.873245
-25.37294
-3.980667
33.0956809369393
20.873245
-24.660446
-3.980667
32.552659786562565
22.307617
-23.947937
-4.6791077
33.06096589363826
23.02481
-23.947937
-4.6791077
33.54906184651443
23.742004
-24.660446
-5.377548
34.65167244622274
23.742004
-23.947937
-1.8853607
33.77485882823476
23.742004
-23.235443
-3.2822266
33.381756616521656
25.176376
-24.660446
-3.2822266
35.394358591690676
25.176376
-23.235443
-5.377548
34.67929766479473
24.459183
-25.37294
-3.2822266
35.39506732605018
24.459183
-22.522934
-3.2822266
33.41118451920797
24.459183
-25.37294
-3.2822266
35.39506732605018
24.459183
-24.660446
-3.2822266
34.88785395399988
24.459183
-24.660446
-2.5838013
34.82908709135494
23.742004
-24.660446
-1.1869202
34.252434191556006
25.176376
-24.660446
-1.1869202
35.26182585041063
23.742004
-24.660446
-2.5838013
34.3292362274627
25.893555
-25.37294
-1.8853607
36.30174613515082
24.459183
-24.660446
-0.4884796
34.736550342362726
25.176376
-23.947937
-2.5838013
34.84292669991465
25.176376
-23.947937
-1.1869202
34.76725944191694
24.459183
-26.085434
-0.4884796
35.76227321559516
25.176376
-26.797943
-1.1869202
36.78842956426229
25.176376
-25.37294
-1.1869202
35.76373582002707
25.176376
-26.797943
-0.4884796
36.772522129833064
23.02481
-26.797943
-0.4884796
35.334266314394625
23.742004
-28.222946
-1.1869202
36.90022144613007
24.459183
-24.660446
-1.8853607
34.78424711929597
23.02481
-27.510437
-1.1869202
35.89393929244445
24.459183
-26.797943
-1.8853607
36.330922271337094
23.02481
-26.797943
-1.8853607
35.38115732908284
23.742004
-25.37294
0.90838623
34.76052455563369
24.459183
-27.510437
0.90838623
36.82256103228784
23.742004
-26.797943
-1.8853607
35.852016197554185
23.02481
-27.510437
-0.4884796
35.87763526089843
23.742004
-28.93544
-1.8853607
37.47662031603837
22.307617
-26.797943
-1.8853607
34.91867819540228
23.02481
-26.797943
-1.8853607
35.38115732908284
23.742004
-27.510437
-0.4884796
36.342063858134836
23.02481
-27.510437
-1.8853607
35.92381702830049
23.02481
-27.510437
-0.4884796
35.87763526089843
23.742004
-26.797943
-0.4884796
35.805741822519714
23.742004
-29.647934
0.20996094
37.983245368332305
21.590439
-27.510437
0.20996094
34.9716350602751
23.02481
-28.93544
0.20996094
36.97898969294507
23.02481
-28.93544
0.20996094
36.97898969294507
21.590439
-26.797943
-1.8853607
34.46493030456376
22.307617
-28.222946
-1.1869202
35.99407232014044
22.307617
-28.222946
0.90838623
35.985964264188304
22.307617
-28.222946
-1.8853607
36.02386700703611
23.02481
-28.222946
-1.1869202
36.44290503168535
23.02481
-28.222946
-1.8853607
36.47233306359168
23.742004
-28.222946
-2.5838013
36.9715235645963
25.176376
-28.222946
-0.4884796
37.82357953638593
23.742004
-26.797943
1.6068268
35.83844875520825
22.307617
-26.797943
-1.1869202
34.88793967778747
23.742004
-27.510437
-1.1869202
36.35815962730203
23.02481
-28.222946
0.20996094
36.42417577728681
25.893555
-27.510437
-1.8853607
37.826642177153886
23.02481
-28.222946
-1.8853607
36.47233306359168
24.459183
-28.222946
0.20996094
37.3474288852116
25.893555
-27.510437
-1.8853607
37.826642177153886
24.459183
-28.222946
0.20996094
37.3474288852116
25.893555
-26.797943
-2.5838013
37.35347349875075
23.742004
-24.660446
-1.8853607
34.283742502824865
26.610748
-26.085434
-1.8853607
37.31134348343761
25.176376
-26.085434
-2.5838013
36.34523118757294
24.459183
-27.510437
-1.8853607
36.85960351243282
25.176376
-26.797943
-0.4884796
36.772522129833064
26.610748
-27.510437
1.6068268
38.30845812437754
23.02481
-26.085434
-1.1869202
34.81379913700259
25.893555
-26.797943
-0.4884796
37.26720548273224
23.742004
-25.37294
-1.1869202
34.76891838333305
25.176376
-27.510437
-0.4884796
37.294942280778
25.893555
-27.510437
-0.4884796
37.782786297859076
25.176376
-28.222946
0.20996094
37.821007242895945
25.893555
-26.085434
1.6068268
36.7900521142647
23.02481
-26.797943
1.6068268
35.36740925902423
23.742004
-28.93544
0.20996094
37.4297551723976
23.02481
-28.222946
0.90838623
36.434896857056906
21.590439
-28.93544
0.90838623
36.11415143117377
21.590439
-28.222946
2.3052673
35.60893106623235
20.873245
-30.360443
0.20996094
36.8441707726185
20.873245
-29.647934
0.90838623
36.27006449022389
20.873245
-30.360443
-1.8853607
36.891779815681836
21.590439
-30.360443
-0.4884796
37.257780555396245
23.02481
-29.647934
-1.1869202
37.55729834772048
20.873245
-28.222946
-1.1869202
35.12315282342706
21.590439
-31.072937
0.20996094
37.838056317144186
19.438873
-29.647934
0.90838623
35.46399506949354
20.873245
-30.360443
-0.4884796
36.84681125959206
18.004501
-28.93544
-0.4884796
34.083139532481816
20.156067
-31.072937
-0.4884796
37.04096490447687
19.438873
-31.785446
0.90838623
37.269418045957934
19.438873
-31.072937
-0.4884796
36.655638914876555
20.156067
-28.93544
0.20996094
35.26429923848268
19.438873
-31.785446
-1.1869202
37.27724694298705
18.72168
-30.360443
-1.1869202
35.688466287815764
18.72168
-29.647934
-0.4884796
35.06764702919291
20.873245
-28.93544
-0.4884796
35.68179751397237
20.873245
-30.360443
-1.8853607
36.891779815681836
19.438873
-30.360443
-1.8853607
36.099597064276566
18.004501
-31.072937
-1.8853607
35.96170210869735
19.438873
-30.360443
-1.8853607
36.099597064276566
18.72168
-31.785446
-1.1869202
36.90832875443309
18.72168
-29.647934
-3.980667
35.289473272183095
20.873245
-31.072937
-2.5838013
37.5219369429821
18.004501
-30.360443
-3.2822266
35.449846972739174
20.156067
-28.93544
-2.5838013
35.358206385350805
18.72168
-29.647934
-3.2822266
35.2175281925377
19.438873
-29.647934
-3.2822266
35.60397200124763
20.873245
-30.360443
-2.5838013
36.934061216303945
18.72168
-31.072937
-1.8853607
36.3260684901783
19.438873
-30.360443
-3.2822266
36.19943941641224
20.873245
-29.647934
-2.5838013
36.35063146911103
19.438873
-29.647934
-3.980667
35.67513775869075
20.873245
-31.785446
-3.980667
38.234181842074406
19.438873
-28.93544
-2.5838013
34.95433509583879
19.438873
-27.510437
-2.5838013
33.78416781744354
18.004501
-31.072937
-1.1869202
35.93185587471878
20.156067
-28.93544
-2.5838013
35.358206385350805
20.156067
-28.93544
-3.2822266
35.41609527725353
20.156067
-28.93544
-1.1869202
35.28364418360156
20.156067
-29.647934
-3.980667
36.07094111565084
19.438873
-28.93544
-5.377548
35.271057332486684
20.156067
-30.360443
-3.2822266
36.58956997368752
18.004501
-28.93544
-3.2822266
34.23733085710319
18.72168
-28.222946
-2.5838013
33.96633501074998
20.873245
-28.222946
-1.1869202
35.12315282342706
20.873245
-28.93544
-3.980667
35.899829101155724
20.156067
-27.510437
-3.980667
34.33565041831067
18.72168
-30.360443
-2.5838013
35.76218446754372
18.72168
-28.222946
-4.6791077
34.18961730760707
20.873245
-30.360443
-4.6791077
37.13950585976895
18.72168
-27.510437
-3.2822266
33.43798006372675
20.873245
-29.647934
-3.2822266
36.4069423888022
20.156067
-30.360443
-3.980667
36.65882244010727
19.438873
-28.222946
-3.2822266
34.426406873712146
18.72168
-30.360443
-3.2822266
35.81942048371334
18.72168
-32.49794
-3.2822266
37.64824701004932
18.72168
-31.072937
-3.980667
36.494854290001456
18.72168
-30.360443
-3.2822266
35.81942048371334
19.438873
-31.785446
-3.2822266
37.402638910388895
18.004501
-28.222946
-3.2822266
33.63732820294758
18.72168
-31.785446
-3.980667
37.10339096489363
18.004501
-30.360443
-3.980667
35.521321515768
16.57013
-31.072937
-3.2822266
35.36763533099506
16.57013
-31.785446
-3.2822266
35.9952338560477
17.287308
-32.49794
-3.2822266
36.95592120763177
16.57013
-32.49794
-5.377548
36.8727985306835
17.287308
-33.210434
-3.2822266
37.58399934594424
16.57013
-31.072937
-4.6791077
35.52450704212428
17.287308
-31.072937
-6.075989
36.07348084823271
18.004501
-31.072937
-4.6791077
36.215790700932516
15.852936
-30.360443
-5.377548
34.66972904861945
17.287308
-31.785446
-5.377548
36.5798236203204
17.287308
-31.785446
-3.980667
36.400703708427805
16.57013
-33.210434
-4.6791077
37.40850491845905
17.287308
-32.49794
-5.377548
37.20060496504895
15.852936
-31.072937
-3.980667
35.10966705486005
15.135742
-30.360443
-3.980667
34.15688614457925
15.852936
-33.210434
-2.5838013
36.89071103336008
17.287308
-32.49794
-3.980667
37.0244884386081
16.57013
-32.49794
-5.377548
36.8727985306835
15.852936
-32.49794
-4.6791077
36.45991886433306
16.57013
-30.360443
-6.774414
35.24511858100441
15.135742
-33.922943
-5.377548
37.53364864056567
17.287308
-31.785446
-3.2822266
36.330959230838
15.852936
-30.360443
-5.377548
34.66972904861945
17.287308
-32.49794
-3.980667
37.0244884386081
15.852936
-31.785446
-3.980667
35.74179388444465
16.57013
-33.922943
-4.6791077
38.04246798141766
16.57013
-31.785446
-6.075989
36.35658663298251
15.135742
-31.785446
-2.5838013
35.2998767537243
17.287308
-31.072937
-4.6791077
35.864640817070786
18.004501
-32.49794
-6.075989
37.64566111494457
16.57013
-33.210434
-5.377548
37.50226881157492
16.57013
-31.785446
-3.2822266
35.9952338560477
16.57013
-29.647934
-4.6791077
34.28502963154527
15.852936
-31.072937
-5.377548
35.29533944203009
16.57013
-31.785446
-3.980667
36.06562757235066
16.57013
-29.647934
-7.4728546
34.77661167690956
16.57013
-31.785446
-6.774414
36.479809336916944
16.57013
-30.360443
-4.6791077
34.90300454921467
17.287308
-31.785446
-4.6791077
36.48368909954831
17.287308
-33.210434
-5.377548
37.82462034570704
15.852936
-31.785446
-4.6791077
35.82630555781429
15.852936
-33.210434
-3.980667
37.01478405017717
14.418564
-33.210434
-4.6791077
36.50646580947596
17.287308
-32.49794
-6.774414
37.428060879652016
16.57013
-32.49794
-6.075989
36.98111552229648
15.852936
-31.785446
-5.377548
35.92419930496886
15.135742
-33.922943
-3.980667
37.3591021659841
15.135742
-33.210434
-3.2822266
36.644191257683495
15.852936
-32.49794
-5.377548
36.55611589563366
15.135742
-33.922943
-4.6791077
37.43996333454652
12.984192
-33.922943
-4.6791077
36.62307182157769
14.418564
-33.922943
-4.6791077
37.155822905451174
13.70137
-34.635437
-4.6791077
37.53978033262681
12.984192
-33.922943
-5.377548
36.71884142275853
12.266998
-35.347946
-2.5838013
37.50510056458155
14.418564
-34.635437
-3.2822266
37.660079875259655
12.266998
-33.922943
-6.075989
36.58090982831329
12.984192
-32.49794
-5.377548
35.40654305372984
12.266998
-33.922943
-6.075989
36.58090982831329
12.984192
-34.635437
-6.774414
37.60446062615943
14.418564
-35.347946
-6.075989
38.65604631868329
12.984192
-33.922943
-4.6791077
36.62307182157769
13.70137
-33.922943
-8.171295
37.48684665152565
12.984192
-34.635437
-5.377548
37.37807816807952
13.70137
-35.347946
-5.377548
38.2899830599907
11.549805
-33.922943
-6.075989
36.346687126051286
12.266998
-34.635437
-7.4728546
37.49581682397218
12.266998
-36.06044
-6.075989
38.57139091691697
12.266998
-34.635437
-6.774414
37.36288898938106
12.266998
-33.922943
-5.377548
36.47140427894332
12.984192
-33.922943
-6.774414
36.949263143870674
12.984192
-33.922943
-6.075989
36.82761123421868
14.418564
-33.210434
-5.377548
36.60254050854513
13.70137
-35.347946
-5.377548
38.2899830599907
15.135742
-33.210434
-6.774414
37.12029609035921
11.549805
-34.635437
-6.075989
37.01255296718179
13.70137
-33.210434
-6.774414
36.55890073096085
14.418564
-33.210434
-5.377548
36.60254050854513
14.418564
-33.922943
-4.6791077
37.155822905451174
15.135742
-32.49794
-6.774414
36.48423614802272
12.984192
-33.922943
-6.774414
36.949263143870674
12.984192
-34.635437
-6.774414
37.60446062615943
14.418564
-34.635437
-3.980667
37.72736736172927
15.135742
-33.210434
-5.377548
36.89094266063996
14.418564
-32.49794
-5.377548
35.957322997526354
13.70137
-33.922943
-3.980667
36.80134991367504
14.418564
-33.922943
-3.980667
37.07434201624488
13.70137
-33.922943
-5.377548
36.97852919051473
14.418564
-33.922943
-4.6791077
37.155822905451174
13.70137
-34.635437
-5.377548
37.633217151914145
15.135742
-33.210434
-3.980667
36.71334069198314
14.418564
-33.922943
-6.075989
37.357445514268804
15.135742
-34.635437
-5.377548
38.17881863524345
15.852936
-33.922943
-3.980667
37.65537635137993
14.418564
-34.635437
-6.075989
38.0056067898006
14.418564
-33.922943
-6.075989
37.357445514268804
15.852936
-33.922943
-3.980667
37.65537635137993
14.418564
-33.922943
-4.6791077
37.155822905451174
13.70137
-34.635437
-6.774414
37.85807396908138
15.135742
-33.210434
-4.6791077
36.795620997740684
13.70137
-32.49794
-4.6791077
35.577207182386275
13.70137
-33.922943
-3.980667
36.80134991367504
11.549805
-34.635437
-3.980667
36.72679100785113
13.70137
-33.922943
-6.075989
37.08653738060231
12.984192
-33.210434
-3.980667
35.879909697794325
11.549805
-35.347946
-1.8853607
37.234792997548844
10.832626
-34.635437
-4.6791077
36.59034563316788
11.549805
-36.772934
-2.5838013
38.630591916717215
9.398254
-36.772934
-2.5838013
38.04276318900465
10.115433
-33.210434
-2.5838013
34.812799805149794
9.398254
-38.197937
-2.5838013
39.421892030812806
8.681061
-36.772934
-3.2822266
37.92601440119137
9.398254
-36.772934
-2.5838013
38.04276318900465
7.246689
-37.485443
-2.5838013
38.26681328544928
7.246689
-36.772934
-3.2822266
37.623612996133325
5.812317
-38.197937
-2.5838013
38.723913850568486
6.5294952
-38.910446
-1.8853607
39.49951480615775
4.3779297
-38.197937
-1.8853607
38.49419725953835
3.6607513
-39.62294
-0.4884796
39.794687930677384
4.3779297
-38.197937
-1.1869202
38.46631605317989
