17.287308
-28.93544
-6.075989
34.249501022825136
20.156067
-29.647934
-6.774414
36.48506256043783
18.72168
-26.797943
-6.774414
33.38448447574019
18.72168
-29.647934
-7.4728546
35.851704653509856
19.438873
-28.222946
-8.171295
35.23030568241727
19.438873
-28.222946
-6.774414
34.93275138234355
19.438873
-26.797943
-7.4728546
33.93881284868587
19.438873
-26.085434
-8.171295
33.54235712766304
20.873245
-28.222946
-7.4728546
35.889699868355336
19.438873
-26.797943
-7.4728546
33.93881284868587
20.156067
-26.085434
-7.4728546
33.80178138507921
20.156067
-26.797943
-8.171295
34.513283646255324
20.873245
-27.510437
-8.171295
35.48642696896149
20.873245
-26.085434
-8.869736
34.56608819529627
22.307617
-24.660446
-6.774414
33.93611875642234
23.02481
-25.37294
-7.4728546
35.06809781517954
20.156067
-23.947937
-8.171295
32.35028240192619
21.590439
-26.797943
-8.171295
35.37014100904886
20.873245
-24.660446
-8.869736
33.50376392684298
22.307617
-24.660446
-7.4728546
34.082414261816346
22.307617
-26.085434
-8.171295
35.2824280831877
21.590439
-22.522934
-8.171295
32.252127170641785
22.307617
-24.660446
-8.869736
34.41568969620724
21.590439
-23.235443
-8.171295
32.75366935849039
23.02481
-25.37294
-9.568176
35.57355797982189
22.307617
-24.660446
-7.4728546
34.082414261816346
21.590439
-25.37294
-7.4728546
34.143470991217704
21.590439
-23.947937
-8.171295
33.26290390761437
22.307617
-25.37294
-8.869736
34.92976001586076
22.307617
-23.947937
-6.774414
33.421940743273346
21.590439
-23.947937
-6.075989
32.81110116065903
21.590439
-26.085434
-5.377548
34.28578265955329
22.307617
-23.947937
-6.075989
33.28740040001059
21.590439
-25.37294
-7.4728546
34.143470991217704
19.438873
-25.37294
-7.4728546
32.825285827368475
20.873245
-24.660446
-4.6791077
32.64542845519779
21.590439
-26.085434
-5.377548
34.28578265955329
20.873245
-23.235443
-5.377548
31.693787321573865
18.72168
-26.797943
-6.774414
33.38448447574019
20.873245
-24.660446
-5.377548
32.752830790707044
18.72168
-26.085434
-5.377548
32.555631473295065
19.438873
-26.797943
-6.075989
33.65883411911073
21.590439
-26.797943
-4.6791077
34.72997118394284
19.438873
-26.797943
-5.377548
33.539789511396016
19.438873
-26.085434
-6.075989
33.09436968258347
19.438873
-24.660446
-6.075989
31.983200431840483
20.156067
-26.085434
-5.377548
33.4011210544693
20.156067
-25.37294
-5.377548
32.84769503840319
19.438873
-25.37294
-4.6791077
32.3040233834396
20.156067
-26.085434
-5.377548
33.4011210544693
20.156067
-25.37294
-4.6791077
32.74060389722046
18.72168
-26.797943
-6.075989
33.249792571603926
19.438873
-26.085434
-5.377548
32.97328723221932
20.156067
-26.797943
-4.6791077
33.85691615437494
19.438873
-28.222946
-4.6791077
34.587547786942956
20.873245
-27.510437
-5.377548
34.949026427673026
20.156067
-25.37294
-6.075989
32.9692387404532
20.156067
-27.510437
-6.075989
34.64114301033527
20.873245
-27.510437
-5.377548
34.949026427673026
18.72168
-25.37294
-6.075989
32.11238010572694
18.72168
-23.947937
-6.075989
30.99875170747808
20.156067
-24.660446
-5.377548
32.300505132829386
18.72168
-26.085434
-6.774414
32.815299359754626
19.438873
-27.510437
-3.980667
33.91960602441547
20.156067
-28.222946
-6.075989
35.20964868259214
19.438873
-24.660446
-6.774414
32.123202618736116
20.156067
-27.510437
-6.075989
34.64114301033527
21.590439
-26.085434
-6.774414
34.53244306479687
21.590439
-24.660446
-5.377548
33.214494376984725
20.873245
-25.37294
-6.075989
33.412512567805344
20.873245
-27.510437
-4.6791077
34.84839339856197
20.873245
-26.085434
-3.2822266
33.56955887710062
22.307617
-25.37294
-5.377548
34.210142681735306
23.742004
-23.235443
-3.980667
33.45764944882747
22.307617
-25.37294
-5.377548
34.210142681735306
20.873245
-24.660446
-5.377548
32.752830790707044
22.307617
-24.660446
-7.4728546
34.082414261816346
22.307617
-25.37294
-6.075989
34.32686260195869
24.459183
-23.235443
-5.377548
34.162192844164366
20.156067
-26.085434
-3.2822266
33.128386471942385
21.590439
-25.37294
-4.6791077
33.642638844738386
22.307617
-25.37294
-4.6791077
34.107329659817076
22.307617
-25.37294
-5.377548
34.210142681735306
23.742004
-26.085434
-3.980667
35.4961743509732
22.307617
-26.085434
-3.2822266
34.47974453506181
23.02481
-26.797943
-3.2822266
35.48302128912767
23.02481
-26.085434
-3.2822266
34.94803096261737
23.02481
-26.797943
-5.377548
35.73779088395959
23.02481
-25.37294
-1.8853607
34.3144655203212
23.742004
-23.947937
-2.5838013
33.821037074994095
22.307617
-26.085434
-3.980667
34.55322582681771
23.02481
-26.085434
-3.2822266
34.94803096261737
23.02481
-26.085434
-3.980667
35.020529693309896
23.02481
-26.085434
-3.980667
35.020529693309896
23.02481
-26.797943
-3.2822266
35.48302128912767
22.307617
-26.085434
-0.4884796
34.32664212204567
23.02481
-28.222946
-1.8853607
36.47233306359168
22.307617
-28.93544
-1.1869202
36.555414644669945
21.590439
-28.222946
-1.8853607
35.58421459193669
23.02481
-27.510437
-3.2822266
36.02414656507754
23.02481
-27.510437
-1.1869202
35.89393929244445
21.590439
-28.222946
-1.8853607
35.58421459193669
22.307617
-28.222946
-1.8853607
36.02386700703611
23.02481
-29.647934
0.20996094
37.53912509750244
23.02481
-28.93544
-2.5838013
37.068553205092186
22.307617
-26.797943
-2.5838013
34.963345762026265
24.459183
-28.222946
-2.5838013
37.43611094042422
23.02481
-29.647934
-0.4884796
37.5417167050744
23.02481
-28.93544
-1.1869202
36.99743808434156
23.02481
-28.222946
0.20996094
36.42417577728681
22.307617
-28.222946
-1.8853607
36.02386700703611
22.307617
-28.222946
-2.5838013
36.06716587287616
23.742004
-28.222946
-2.5838013
36.9715235645963
22.307617
-30.360443
-2.5838013
37.763241094080996
23.02481
-28.93544
-1.1869202
36.99743808434156
20.873245
-28.222946
-1.1869202
35.12315282342706
22.307617
-30.360443
-1.1869202
37.69343664373978
21.590439
-28.93544
-0.4884796
36.10602976986237
20.873245
-28.222946
0.90838623
35.11484367178288
23.02481
-28.222946
-1.1869202
36.44290503168535
22.307617
-28.93544
-0.4884796
36.539405767309965
23.02481
-29.647934
-1.8853607
37.58585386994437
21.590439
-29.647934
-0.4884796
36.67950029904306
22.307617
-28.222946
-1.1869202
35.99407232014044
21.590439
-28.93544
0.20996094
36.103335104447936
22.307617
-26.797943
-1.8853607
34.91867819540228
22.307617
-29.647934
0.20996094
37.10355546473949
23.02481
-28.222946
-2.5838013
36.5151001513415
23.02481
-28.222946
-2.5838013
36.5151001513415
21.590439
-28.93544
-1.1869202
36.122230714032774
22.307617
-28.93544
-1.1869202
36.555414644669945
23.742004
-28.93544
-1.8853607
37.47662031603837
22.307617
-28.222946
-1.8853607
36.02386700703611
23.742004
-28.222946
-3.2822266
37.0268902365016
26.610748
-28.222946
-1.8853607
38.83582198609857
23.742004
-29.647934
-0.4884796
37.985806675507924
25.176376
-26.797943
-0.4884796
36.772522129833064
23.742004
-26.797943
-1.1869202
35.822078575601424
25.893555
-27.510437
-1.1869202
37.79826856411961
23.02481
-28.222946
-0.4884796
36.42684670861331
24.459183
-27.510437
0.90838623
36.82256103228784
24.459183
-26.797943
-1.1869202
36.301379603712206
25.176376
-28.222946
-0.4884796
37.82357953638593
25.176376
-26.797943
-1.8853607
36.817581421894246
23.742004
-26.797943
-1.8853607
35.852016197554185
23.02481
-26.085434
-1.8853607
34.84460305850373
24.459183
-27.510437
-2.5838013
36.901921779965434
24.459183
-26.797943
-0.4884796
36.28525864751673
25.176376
-25.37294
-2.5838013
35.83729916886525
22.307617
-26.797943
-3.2822266
35.02188733882624
24.459183
-28.93544
-2.5838013
37.97614222021093
23.02481
-28.222946
-1.1869202
36.44290503168535
23.742004
-28.93544
-1.1869202
37.44798149913257
21.590439
-28.222946
0.20996094
35.53485373655174
22.307617
-28.222946
-1.1869202
35.99407232014044
20.873245
-28.93544
-1.8853607
35.728232419151034
21.590439
-28.93544
-0.4884796
36.10602976986237
20.873245
-30.360443
-0.4884796
36.84681125959206
21.590439
-27.510437
-0.4884796
34.974416919616935
20.873245
-31.072937
-0.4884796
37.436057137784125
21.590439
-29.647934
-1.1869202
36.69544805835085
19.438873
-29.647934
0.20996094
35.45298038754112
20.873245
-29.647934
0.90838623
36.27006449022389
19.438873
-28.93544
0.20996094
34.85933998205323
20.156067
-31.072937
-0.4884796
37.04096490447687
18.72168
-28.93544
-1.1869202
34.48434137118886
20.156067
-31.072937
-2.5838013
37.12775860437006
19.438873
-31.072937
-1.1869202
36.67159705103443
17.287308
-31.785446
-1.8853607
36.23147930699818
20.156067
-28.93544
-2.5838013
35.358206385350805
19.438873
-30.360443
-2.5838013
36.14280520607196
20.156067
-30.360443
-1.8853607
36.490795072182244
20.873245
-28.93544
-2.5838013
35.77188912760707
20.156067
-30.360443
-1.8853607
36.490795072182244
19.438873
-30.360443
-0.4884796
36.05364045744029
19.438873
-30.360443
-3.2822266
36.19943941641224
18.72168
-30.360443
-1.8853607
35.718515897636166
18.72168
-31.072937
-2.5838013
36.36900757395041
18.004501
-29.647934
-1.1869202
34.70692903227773
20.156067
-29.647934
-3.2822266
36.000557789190054
20.156067
-31.072937
-1.8853607
37.085698038778204
20.156067
-29.647934
-3.2822266
36.000557789190054
18.004501
-31.072937
-3.2822266
36.06192624381097
18.004501
-30.360443
-4.6791077
35.606356484064925
18.004501
-31.072937
-3.2822266
36.06192624381097
18.004501
-31.072937
-1.8853607
35.96170210869735
17.287308
-29.647934
-3.980667
34.54991718287831
18.004501
-29.647934
-5.377548
35.100998249693696
18.004501
-31.072937
-3.980667
36.13219002842202
20.156067
-30.360443
-4.6791077
36.74122483721879
17.287308
-29.647934
-4.6791077
34.63733703949396
18.004501
-29.647934
-3.2822266
34.84157259171954
19.438873
-27.510437
-2.5838013
33.78416781744354
20.873245
-28.93544
-2.5838013
35.77188912760707
21.590439
-31.072937
-3.2822266
37.97956700339835
20.873245
-28.93544
-1.8853607
35.728232419151034
19.438873
-27.510437
-1.8853607
33.737939106534796
19.438873
-29.647934
-3.2822266
35.60397200124763
20.156067
-30.360443
-1.8853607
36.490795072182244
18.72168
-27.510437
-5.377548
33.70820980418754
20.156067
-28.222946
-2.5838013
34.777547113089
20.156067
-29.647934
-2.5838013
35.9436102142561
20.156067
-27.510437
-3.2822266
34.261702494366794
21.590439
-28.93544
-3.2822266
36.25161802692829
20.873245
-27.510437
-3.980667
34.76150432039999
20.873245
-29.647934
-1.8853607
36.30767065293762
20.873245
-29.647934
-3.2822266
36.4069423888022
21.590439
-28.222946
-2.5838013
35.62804777258975
21.590439
-31.072937
-1.8853607
37.88441637278117
21.590439
-29.647934
-2.5838013
36.767147293707566
21.590439
-28.222946
-2.5838013
35.62804777258975
21.590439
-29.647934
-3.980667
36.89163587930959
20.156067
-27.510437
-2.5838013
34.201859772738416
20.156067
-29.647934
-3.2822266
36.000557789190054
21.590439
-28.93544
-2.5838013
36.19506546025128
20.156067
-29.647934
-3.2822266
36.000557789190054
18.004501
-29.647934
-1.8853607
34.73782772144349
19.438873
-30.360443
-1.8853607
36.099597064276566
19.438873
-28.93544
-1.1869202
34.878909531092354
17.287308
-30.360443
-2.5838013
35.03260723006407
20.156067
-29.647934
-2.5838013
35.9436102142561
18.72168
-31.072937
-1.8853607
36.3260684901783
17.287308
-31.785446
-2.5838013
36.274530358563915
18.72168
-32.49794
-1.1869202
37.523675794319345
19.438873
-31.785446
-1.8853607
37.30601682840936
18.72168
-30.360443
-1.8853607
35.718515897636166
18.72168
-31.072937
-3.2822266
36.42529008549555
18.004501
-31.072937
-3.2822266
36.06192624381097
18.72168
-29.647934
-2.5838013
35.15931236662273
15.852936
-30.360443
-1.8853607
34.301992784448764
17.287308
-31.785446
-1.8853607
36.23147930699818
17.287308
-32.49794
-2.5838013
36.900448051565036
16.57013
-31.785446
-1.1869202
35.86492161624032
15.852936
-30.360443
-3.2822266
34.40705181854077
16.57013
-31.072937
-2.5838013
35.30966699089376
15.135742
-29.647934
-1.8853607
33.3413446590247
17.287308
-31.785446
-2.5838013
36.274530358563915
15.852936
-29.647934
-2.5838013
33.71930570383141
15.852936
-30.360443
-1.8853607
34.301992784448764
15.852936
-31.072937
-3.2822266
35.03735276625772
16.57013
-31.785446
-1.8853607
35.894823505516605
15.852936
-30.360443
-1.1869202
34.27070114589502
16.57013
-31.072937
-1.8853607
35.26543808102878
18.004501
-31.072937
-3.980667
36.13219002842202
15.852936
-29.647934
-3.980667
33.85500339510857
15.852936
-31.072937
-1.8853607
34.93418931373408
16.57013
-31.785446
-3.980667
36.06562757235066
17.287308
-30.360443
-3.980667
35.16323715288899
15.852936
-31.072937
-3.2822266
35.03735276625772
18.004501
-30.360443
-3.980667
35.521321515768
17.287308
-30.360443
-2.5838013
35.03260723006407
18.004501
-30.360443
-1.1869202
35.317522458096136
17.287308
-29.647934
-2.5838013
34.416959476533876
18.004501
-30.360443
-3.2822266
35.449846972739174
15.852936
-30.360443
-3.980667
34.48068802503349
18.72168
-30.360443
-4.6791077
35.97432216830152
17.287308
-30.360443
-1.8853607
34.98802808640407
19.438873
-30.360443
-3.2822266
36.19943941641224
17.287308
-31.785446
-3.2822266
36.330959230838
18.004501
-32.49794
-3.980667
37.3647414197822
18.72168
-31.785446
-3.2822266
37.03496981580804
18.004501
-30.360443
-3.980667
35.521321515768
18.004501
-32.49794
-3.2822266
37.296799722379
17.287308
-30.360443
-2.5838013
35.03260723006407
15.852936
-32.49794
-3.980667
36.376879246988736
15.852936
-31.785446
-1.8853607
35.56943480550137
18.72168
-31.072937
-1.8853607
36.3260684901783
15.135742
-32.49794
-2.5838013
35.942771352526506
16.57013
-31.785446
-3.2822266
35.9952338560477
15.852936
-31.072937
-0.4884796
34.88669753701348
15.852936
-31.072937
-1.8853607
34.93418931373408
16.57013
-33.210434
-3.2822266
37.259566134815465
16.57013
-32.49794
-3.2822266
36.625924889665754
16.57013
-33.210434
-4.6791077
37.40850491845905
16.57013
-31.072937
-3.980667
35.43927568027015
15.135742
-33.210434
-2.5838013
36.58824547626259
16.57013
-31.785446
-3.2822266
35.9952338560477
13.70137
-32.49794
-1.1869202
35.2881345696574
15.135742
-32.49794
-1.8853607
35.89932245236757
14.418564
-33.210434
-2.5838013
36.297438316227115
14.418564
-31.785446
-2.5838013
34.998365963530176
15.135742
-31.785446
-2.5838013
35.2998767537243
15.135742
-32.49794
-1.1869202
35.86942431355621
14.418564
-33.922943
-0.4884796
36.863257862991944
15.852936
-31.785446
-1.8853607
35.56943480550137
13.70137
-33.210434
-1.1869202
35.9453659869739
14.418564
-32.49794
-1.1869202
35.57274127579993
15.135742
-34.635437
-1.1869202
37.816835366135216
13.70137
-33.922943
-3.2822266
36.73236615891784
14.418564
-33.210434
-1.1869202
36.22480940469183
14.418564
-33.210434
-1.8853607
36.25441446719799
13.70137
-33.210434
-2.5838013
36.018558381084084
12.984192
-33.922943
-1.8853607
36.3718285505331
15.852936
-32.49794
-3.980667
36.376879246988736
15.135742
-33.210434
-4.6791077
36.795620997740684
14.418564
-33.922943
-6.075989
37.357445514268804
13.70137
-33.210434
-5.377548
36.326002962216165
13.70137
-32.49794
-5.377548
35.67578445780397
14.418564
-34.635437
-5.377548
37.90021785784186
12.984192
-33.210434
-4.6791077
35.96409681565248
14.418564
-33.210434
-3.2822266
36.3538316305001
12.984192
-31.072937
-3.2822266
33.836219802274194
14.418564
-32.49794
-6.774414
36.19259328362296
12.984192
-31.785446
-3.980667
34.56514880220755
12.984192
-32.49794
-3.980667
35.22145688909851
14.418564
-31.785446
-6.075989
35.42777437640735
13.70137
-32.49794
-3.2822266
35.42056887203747
15.135742
-33.210434
-3.980667
36.71334069198314
14.418564
-31.785446
-3.2822266
35.05684906000003
13.70137
-33.210434
-3.2822266
36.07538764517992
14.418564
-33.922943
-4.6791077
37.155822905451174
13.70137
-33.922943
-5.377548
36.97852919051473
13.70137
-34.635437
-3.980667
37.459134634667215
15.135742
-33.210434
-5.377548
36.89094266063996
14.418564
-33.922943
-3.2822266
37.0058671578111
15.135742
-35.347946
-3.2822266
38.59198186739216
14.418564
-33.922943
-3.980667
37.07434201624488
15.852936
-33.210434
-4.6791077
37.09639575652869
15.135742
-33.210434
-3.2822266
36.644191257683495
16.57013
-33.922943
-6.075989
38.239415917185504
15.852936
-33.210434
-5.377548
37.19094653146448
16.57013
-32.49794
-6.774414
37.10226412134019
15.135742
-33.210434
-6.774414
37.12029609035921
15.135742
-33.922943
-4.6791077
37.43996333454652
15.852936
-33.922943
-3.980667
37.65537635137993
15.852936
-32.49794
-5.377548
36.55611589563366
15.852936
-31.785446
-6.075989
36.03536775852562
16.57013
-32.49794
-6.774414
37.10226412134019
15.852936
-32.49794
-6.075989
36.66536844440626
16.57013
-34.635437
-7.4728546
39.115549914544054
14.418564
-31.785446
-7.4728546
35.69388043609069
15.852936
-33.210434
-5.377548
37.19094653146448
15.852936
-31.785446
-7.4728546
36.29701961335807
12.984192
-34.635437
-6.075989
37.48493512503556
13.70137
-33.922943
-6.774414
37.207342723433804
13.70137
-34.635437
-6.075989
37.73935170339029
12.266998
-33.922943
-4.6791077
36.37498322057173
12.984192
-34.635437
-4.6791077
37.2840019546965
12.266998
-33.210434
-3.2822266
35.5553835970641
10.832626
-36.06044
-3.980667
37.86220906127903
12.266998
-36.772934
-5.377548
39.13624757208383
11.549805
-36.772934
-6.075989
39.02004880807269
9.398254
-34.635437
-6.774414
36.521683614305594
9.398254
-34.635437
-6.075989
36.39860267053101
7.246689
-35.347946
-5.377548
36.48163633993221
9.398254
-34.635437
-3.980667
36.10798217781112
7.246689
-35.347946
-5.377548
36.48163633993221
7.963867
-36.772934
-3.2822266
37.768306108284264
7.963867
-36.772934
-4.6791077
37.91524651072112
7.246689
-36.06044
-5.377548
37.172406994932075
7.963867
-38.197937
-4.6791077
39.29885059646306
7.963867
-36.06044
-5.377548
37.31884956966285
6.5294952
-36.772934
-4.6791077
37.64009800118834
6.5294952
-36.772934
-3.980667
37.55966769947935
6.5294952
-38.197937
-6.075989
39.225428963157945
6.5294952
-36.772934
-4.6791077
37.64009800118834
4.3779297
-36.772934
-3.980667
37.24594770061822
5.812317
-36.772934
-4.6791077
37.522337097387734
7.246689
-37.485443
-3.980667
38.386438708973934
