19.438873
-27.510437
-3.980667
33.91960602441547
18.72168
-28.222946
-5.377548
34.292183619913665
18.72168
-28.222946
-4.6791077
34.18961730760707
18.72168
-28.93544
-1.8853607
34.51543932442136
17.287308
-30.360443
-3.980667
35.16323715288899
17.287308
-28.93544
-5.377548
34.13251655714002
18.72168
-28.222946
-3.980667
34.10104971693504
18.72168
-27.510437
-5.377548
33.70820980418754
17.287308
-28.93544
-6.075989
34.249501022825136
19.438873
-28.93544
-6.075989
35.38427785246754
19.438873
-26.797943
-6.075989
33.65883411911073
20.156067
-28.222946
-5.377548
35.09586480716069
19.438873
-26.085434
-6.075989
33.09436968258347
19.438873
-26.797943
-6.774414
33.79189565434385
20.156067
-28.222946
-6.075989
35.20964868259214
19.438873
-26.085434
-4.6791077
32.866605317817466
20.156067
-26.797943
-6.075989
34.07806231367458
19.438873
-25.37294
-7.4728546
32.825285827368475
18.72168
-25.37294
-7.4728546
32.40572263312454
20.156067
-25.37294
-7.4728546
33.255023777548445
20.873245
-23.947937
-8.171295
32.801921657932255
20.873245
-25.37294
-8.171295
33.85629059843883
21.590439
-25.37294
-8.171295
34.303106637737635
19.438873
-23.947937
-8.869736
32.09432433152122
20.873245
-25.37294
-8.171295
33.85629059843883
19.438873
-26.797943
-7.4728546
33.93881284868587
20.156067
-24.660446
-6.774414
32.56220759225716
20.873245
-25.37294
-8.171295
33.85629059843883
20.873245
-25.37294
-6.774414
33.54655114538602
20.156067
-25.37294
-7.4728546
33.255023777548445
18.72168
-23.947937
-6.774414
31.143179735585267
21.590439
-24.660446
-6.774414
33.469050900258026
20.156067
-23.947937
-7.4728546
32.18096110765649
20.873245
-26.085434
-7.4728546
34.234276942465684
18.004501
-24.660446
-6.774414
31.27606725297316
22.307617
-24.660446
-6.075989
33.80362493274575
21.590439
-23.235443
-6.075989
32.294743217017924
20.156067
-23.947937
-6.075989
31.885550873274678
19.438873
-24.660446
-6.774414
32.123202618736116
20.873245
-23.947937
-6.075989
32.34368017806473
21.590439
-24.660446
-6.774414
33.469050900258026
21.590439
-25.37294
-5.377548
33.746867620843716
20.156067
-25.37294
-3.980667
32.6481056680313
20.873245
-25.37294
-4.6791077
33.18693171300169
20.156067
-24.660446
-4.6791077
32.191593717222005
22.307617
-26.085434
-3.2822266
34.47974453506181
20.156067
-26.085434
-4.6791077
33.295809975341676
19.438873
-25.37294
-5.377548
32.41255701944946
21.590439
-26.085434
-6.774414
34.53244306479687
22.307617
-25.37294
-4.6791077
34.107329659817076
20.156067
-25.37294
-4.6791077
32.74060389722046
19.438873
-26.797943
-3.980667
33.34434307110803
20.873245
-24.660446
-6.774414
33.010947521239075
20.156067
-26.797943
-6.075989
34.07806231367458
18.004501
-25.37294
-3.980667
31.365487773063364
18.72168
-26.085434
-3.2822266
32.27575317733209
19.438873
-23.235443
-6.075989
30.897787603784735
18.72168
-26.085434
-4.6791077
32.44757640939844
18.72168
-26.797943
-3.2822266
32.85428700800989
18.72168
-26.797943
-3.980667
32.9313954554104
20.156067
-26.085434
-3.980667
33.20485841063492
20.873245
-25.37294
-5.377548
33.292587197523225
19.438873
-25.37294
-6.774414
32.67336199389917
19.438873
-26.085434
-5.377548
32.97328723221932
20.873245
-26.085434
-4.6791077
33.73479294264028
20.156067
-27.510437
-6.075989
34.64114301033527
20.156067
-27.510437
-4.6791077
34.42361441644656
20.873245
-26.797943
-5.377548
34.39098882417729
18.72168
-27.510437
-5.377548
33.70820980418754
19.438873
-27.510437
-6.774414
34.35966632436752
21.590439
-26.797943
-5.377548
34.8309463583571
21.590439
-24.660446
-6.774414
33.469050900258026
21.590439
-26.085434
-5.377548
34.28578265955329
21.590439
-24.660446
-5.377548
33.214494376984725
19.438873
-23.947937
-5.377548
31.309606239476945
22.307617
-24.660446
-3.2822266
33.41467532901898
25.176376
-24.660446
-3.980667
35.465944960667905
23.02481
-25.37294
-3.2822266
34.41948648374475
23.742004
-23.947937
-2.5838013
33.821037074994095
22.307617
-24.660446
-3.2822266
33.41467532901898
23.742004
-25.37294
-3.2822266
34.90332281258297
24.459183
-25.37294
-2.5838013
35.337143986422944
23.02481
-25.37294
-2.5838013
34.35991856664172
23.742004
-25.37294
-1.8853607
34.799762032232344
24.459183
-24.660446
-2.5838013
34.82908709135494
24.459183
-23.947937
-3.2822266
34.387911282641355
25.176376
-24.660446
-2.5838013
35.33643409030897
25.893555
-24.660446
-2.5838013
35.85093855008366
26.610748
-25.37294
-1.1869202
36.7875900573354
25.176376
-26.797943
-1.1869202
36.78842956426229
25.176376
-23.947937
-1.1869202
34.76725944191694
25.176376
-23.235443
0.90838623
34.271867662646244
25.893555
-26.797943
0.90838623
37.275074142699566
25.893555
-25.37294
0.90838623
36.26413382867086
24.459183
-25.37294
0.20996094
35.24318071782646
26.610748
-25.37294
0.90838623
36.77965693236548
26.610748
-27.510437
-1.1869202
38.29314387934298
26.610748
-24.660446
0.90838623
36.2917997151216
25.893555
-25.37294
3.003708
36.37697656249245
25.893555
-25.37294
0.20996094
36.25336224978398
25.893555
-24.660446
1.6068268
35.79379385746833
23.02481
-26.085434
0.90838623
34.80541613294546
24.459183
-26.085434
0.90838623
35.770472926681265
25.176376
-26.085434
3.003708
36.37749333701231
25.893555
-25.37294
0.90838623
36.26413382867086
24.459183
-27.510437
1.6068268
36.84640708188181
23.742004
-27.510437
0.90838623
36.35013278270538
23.742004
-28.222946
1.6068268
36.916113534289636
23.742004
-26.085434
0.20996094
35.272889842094024
23.02481
-26.797943
-0.4884796
35.334266314394625
23.742004
-27.510437
0.90838623
36.35013278270538
23.02481
-30.360443
0.90838623
38.1146118019389
23.02481
-28.93544
1.6068268
37.013288431424364
23.742004
-26.797943
0.20996094
35.80302455635295
23.02481
-30.360443
0.90838623
38.1146118019389
22.307617
-30.360443
0.90838623
37.68569420684144
23.742004
-28.222946
-1.1869202
36.90022144613007
20.873245
-27.510437
0.20996094
34.53346995126612
22.307617
-28.222946
-0.4884796
35.97781366581181
22.307617
-28.93544
0.20996094
36.536743064345515
21.590439
-29.647934
0.90838623
36.68749500904992
21.590439
-29.647934
0.20996094
36.67684776680481
20.156067
-28.222946
-0.4884796
34.684872859410014
22.307617
-28.93544
0.20996094
36.536743064345515
21.590439
-28.222946
-0.4884796
35.537591507532554
23.742004
-28.222946
0.20996094
36.88172442660033
22.307617
-28.222946
-0.4884796
35.97781366581181
21.590439
-27.510437
0.20996094
34.9716350602751
20.873245
-28.93544
-1.8853607
35.728232419151034
20.873245
-28.93544
0.20996094
35.679070808388495
22.307617
-28.222946
-1.1869202
35.99407232014044
21.590439
-28.222946
0.90838623
35.54584304820766
23.02481
-28.222946
-1.1869202
36.44290503168535
22.307617
-28.93544
-0.4884796
36.539405767309965
23.02481
-27.510437
-0.4884796
35.87763526089843
22.307617
-27.510437
-0.4884796
35.42164065868668
23.02481
-27.510437
0.90838623
35.88580861239753
23.02481
-27.510437
-1.1869202
35.89393929244445
22.307617
-29.647934
1.6068268
37.137739160076435
22.307617
-28.222946
0.90838623
35.985964264188304
23.742004
-28.222946
0.90838623
36.8923125408177
23.02481
-26.797943
-1.1869202
35.350820952167254
24.459183
-28.222946
0.90838623
37.357885007928715
24.459183
-27.510437
0.20996094
36.81195285565376
23.02481
-26.085434
-1.1869202
34.81379913700259
23.02481
-27.510437
-0.4884796
35.87763526089843
23.02481
-28.222946
0.20996094
36.42417577728681
24.459183
-27.510437
-1.1869202
36.8304849159039
23.742004
-27.510437
-1.8853607
36.387656195989045
23.02481
-29.647934
-1.1869202
37.55729834772048
22.307617
-29.647934
-1.8853607
37.15083210604946
22.307617
-31.072937
-1.8853607
38.297673454038794
20.873245
-27.510437
0.20996094
34.53346995126612
20.156067
-28.222946
0.90838623
34.69332721324088
20.873245
-28.93544
-1.8853607
35.728232419151034
23.02481
-28.93544
-1.1869202
36.99743808434156
23.742004
-27.510437
-1.1869202
36.35815962730203
21.590439
-28.222946
-1.1869202
35.55405147338169
21.590439
-29.647934
-1.1869202
36.69544805835085
20.873245
-28.93544
-0.4884796
35.68179751397237
20.156067
-27.510437
0.20996094
34.10476878540961
20.873245
-29.647934
-0.4884796
36.261977749061586
21.590439
-28.222946
0.20996094
35.53485373655174
19.438873
-28.93544
-1.8853607
34.90965599989851
19.438873
-29.647934
-1.8853607
35.50245507575849
19.438873
-27.510437
-1.8853607
33.737939106534796
20.156067
-29.647934
-2.5838013
35.9436102142561
20.156067
-28.222946
-1.8853607
34.7326406027844
18.72168
-29.647934
-1.8853607
35.114894078336796
20.873245
-30.360443
-3.2822266
36.989483962717365
19.438873
-30.360443
-1.8853607
36.099597064276566
20.156067
-30.360443
-1.8853607
36.490795072182244
19.438873
-28.93544
-0.4884796
34.86213080209671
17.287308
-30.360443
-2.5838013
35.03260723006407
19.438873
-28.93544
-1.8853607
34.90965599989851
18.004501
-29.647934
-3.980667
34.914292381487556
18.72168
-29.647934
-2.5838013
35.15931236662273
20.156067
-29.647934
-4.6791077
36.15468341463523
19.438873
-28.93544
-2.5838013
34.95433509583879
19.438873
-29.647934
-4.6791077
35.75980696180158
18.72168
-29.647934
-5.377548
35.47420456406493
19.438873
-29.647934
-3.980667
35.67513775869075
19.438873
-29.647934
-2.5838013
35.54638907634906
18.72168
-31.785446
-2.5838013
36.9796152408239
18.004501
-30.360443
-2.5838013
35.39201328678813
20.156067
-30.360443
-3.2822266
36.58956997368752
18.72168
-30.360443
-5.377548
36.07181422177155
20.156067
-29.647934
-3.980667
36.07094111565084
19.438873
-28.93544
-3.980667
35.08525644379078
20.156067
-28.93544
-3.980667
35.48763779858329
20.873245
-28.93544
-3.2822266
35.829109640852785
18.004501
-30.360443
-3.2822266
35.449846972739174
21.590439
-29.647934
-3.980667
36.89163587930959
19.438873
-29.647934
-3.2822266
35.60397200124763
20.156067
-28.222946
-3.980667
34.90913148357461
18.004501
-28.222946
-5.377548
33.905969180864744
20.873245
-28.93544
-3.980667
35.899829101155724
21.590439
-28.222946
-3.980667
35.75650242711544
20.873245
-28.93544
-4.6791077
35.98396961614904
18.72168
-29.647934
-3.980667
35.289473272183095
22.307617
-28.222946
-3.980667
36.194062107422226
20.156067
-30.360443
-4.6791077
36.74122483721879
19.438873
-26.797943
-5.377548
33.539789511396016
22.307617
-26.797943
-4.6791077
35.18030080106088
20.873245
-27.510437
-6.774414
35.19103834341209
21.590439
-27.510437
-6.075989
35.49491222619535
21.590439
-28.93544
-6.075989
36.61044032540872
20.156067
-26.797943
-5.377548
33.96048729428989
20.156067
-30.360443
-4.6791077
36.74122483721879
20.156067
-29.647934
-5.377548
36.25169042394782
20.873245
-28.93544
-3.980667
35.899829101155724
19.438873
-27.510437
-5.377548
34.11175660203623
20.873245
-29.647934
-6.075989
36.764248739115594
19.438873
-29.647934
-5.377548
35.85788225378853
20.873245
-29.647934
-4.6791077
36.55935483267245
18.72168
-29.647934
-2.5838013
35.15931236662273
20.873245
-29.647934
-5.377548
36.65529090816904
18.72168
-31.072937
-3.980667
36.494854290001456
18.004501
-28.93544
-3.980667
34.31133130694126
18.72168
-30.360443
-2.5838013
35.76218446754372
18.004501
-29.647934
-3.980667
34.914292381487556
18.72168
-28.93544
-6.075989
34.99540811116778
17.287308
-30.360443
-4.6791077
35.2491359740074
17.287308
-31.072937
-4.6791077
35.864640817070786
16.57013
-30.360443
-5.377548
35.003480574704994
17.287308
-30.360443
-3.980667
35.16323715288899
18.004501
-31.785446
-4.6791077
36.82893872403959
16.57013
-32.49794
-4.6791077
36.77742984091092
16.57013
-30.360443
-3.2822266
34.74332676763716
15.852936
-31.072937
-4.6791077
35.19569661971297
15.135742
-32.49794
-4.6791077
36.153849450343806
15.852936
-31.072937
-3.980667
35.10966705486005
15.135742
-31.072937
-3.980667
34.79172124496717
15.135742
-31.072937
-4.6791077
34.878535047092356
15.852936
-31.072937
-4.6791077
35.19569661971297
16.57013
-32.49794
-6.075989
36.98111552229648
15.852936
-33.922943
-4.6791077
37.73560265860097
15.852936
-31.072937
-5.377548
35.29533944203009
16.57013
-30.360443
-5.377548
35.003480574704994
14.418564
-31.072937
-3.2822266
34.41214080190758
15.135742
-31.072937
-3.980667
34.79172124496717
16.57013
-31.072937
-3.980667
35.43927568027015
15.852936
-33.210434
-3.980667
37.01478405017717
15.135742
-32.49794
-6.075989
36.36102844596722
14.418564
-32.49794
-5.377548
35.957322997526354
14.418564
-31.072937
-5.377548
34.67477948064342
18.004501
-31.785446
-2.5838013
36.62175186908646
17.287308
-31.785446
-3.980667
36.400703708427805
15.852936
-31.072937
-5.377548
35.29533944203009
15.852936
-32.49794
-3.980667
36.376879246988736
16.57013
-31.072937
-3.980667
35.43927568027015
15.135742
-33.210434
-6.774414
37.12029609035921
16.57013
-33.210434
-5.377548
37.50226881157492
16.57013
-31.785446
-4.6791077
36.149382180491685
16.57013
-32.49794
-5.377548
36.8727985306835
15.135742
-32.49794
-4.6791077
36.153849450343806
17.287308
-31.785446
-5.377548
36.5798236203204
16.57013
-32.49794
-5.377548
36.8727985306835
15.852936
-31.785446
-3.980667
35.74179388444465
15.135742
-31.785446
-3.980667
35.429521257879
16.57013
-31.072937
-7.4728546
35.9991675386607
15.135742
-32.49794
-8.171295
36.76923723223838
15.135742
-31.785446
-6.075989
35.725661309156514
16.57013
-32.49794
-6.774414
37.10226412134019
15.135742
-31.785446
-5.377548
35.61352611280579
15.135742
-31.785446
-4.6791077
35.514776029228315
13.70137
-32.49794
-4.6791077
35.577207182386275
14.418564
-34.635437
-5.377548
37.90021785784186
13.70137
-33.210434
-7.4728546
36.69474115347201
15.135742
-33.210434
-6.075989
36.99920653446081
15.135742
-33.922943
-7.4728546
37.89063627577152
15.135742
-31.785446
-6.075989
35.725661309156514
14.418564
-32.49794
-5.377548
35.957322997526354
12.984192
-34.635437
-5.377548
37.37807816807952
12.984192
-35.347946
-5.377548
38.03924942832485
12.984192
-32.49794
-6.075989
35.51933170549085
12.984192
-33.210434
-4.6791077
35.96409681565248
12.266998
-34.635437
-1.8853607
36.791946657756334
12.984192
-34.635437
-3.2822266
37.13456381968321
11.549805
-33.922943
-2.5838013
35.928263079233666
14.418564
-33.922943
-3.2822266
37.0058671578111
13.70137
-35.347946
-5.377548
38.2899830599907
13.70137
-33.210434
-4.6791077
36.229194932121906
12.266998
-35.347946
-4.6791077
37.70743409378978
13.70137
-33.922943
-5.377548
36.97852919051473
11.549805
-35.347946
-4.6791077
37.48025196165809
10.832626
-36.06044
-6.075989
38.139464789297485
12.266998
-33.210434
-3.2822266
35.5553835970641
11.549805
-34.635437
-5.377548
36.90432824696007
11.549805
-36.06044
-4.6791077
38.15294666034575
11.549805
-34.635437
-5.377548
36.90432824696007
11.549805
-35.347946
-5.377548
37.57383681354121
10.115433
-36.06044
-4.6791077
37.74349495122057
12.984192
-36.06044
-5.377548
38.702229248818796
12.266998
-34.635437
-3.980667
36.95860490552234
11.549805
-34.635437
-4.6791077
36.80904124774408
12.266998
-33.922943
-2.5838013
36.16519579262291
12.984192
-33.922943
-3.980667
36.54040297813761
12.266998
-33.922943
-3.2822266
36.22179499441169
12.984192
-33.922943
-2.5838013
36.414713675522876
12.984192
-33.210434
-3.980667
35.879909697794325
12.266998
-33.922943
-3.980667
36.291749261410985
14.418564
-36.06044
-3.2822266
38.974651217169345
12.266998
-33.210434
-2.5838013
35.49772185416886
13.70137
-34.635437
-2.5838013
37.3365382680793
11.549805
-35.347946
-4.6791077
37.48025196165809
12.266998
-34.635437
-3.2822266
36.88991521712354
12.984192
-34.635437
-6.075989
37.48493512503556
12.266998
-34.635437
-5.377548
37.13503389237042
13.70137
-33.922943
-5.377548
36.97852919051473
12.984192
-34.635437
-3.2822266
37.13456381968321
12.266998
-35.347946
-3.2822266
37.559680699625396
12.984192
-35.347946
-3.2822266
37.79999470382734
14.418564
-34.635437
-3.980667
37.72736736172927
13.70137
-33.922943
-3.980667
36.80134991367504
14.418564
-34.635437
-3.980667
37.72736736172927
12.984192
-34.635437
-4.6791077
37.2840019546965
14.418564
-33.210434
-5.377548
36.60254050854513
14.418564
-32.49794
-3.980667
35.77508646423426
15.135742
-34.635437
-3.2822266
37.94044405277665
14.418564
-33.922943
-5.377548
37.25022283909856
14.418564
-33.210434
-3.980667
36.42353231160711
14.418564
-33.210434
-3.2822266
36.3538316305001
13.70137
-33.922943
-4.6791077
36.88343388721419
14.418564
-33.210434
-4.6791077
36.50646580947596
14.418564
-33.210434
-6.075989
36.71165489961941
14.418564
-36.06044
-3.980667
39.0396730177897
12.984192
-33.922943
-3.980667
36.54040297813761
